pspGenes	logFC	logCPM	F	PValue	FDR
A3GALT2	0	NA	NA	1	1
ABO	0.0232919328223197	3.71734020176884	0.00170458972512893	0.967367639745372	0.990467767625659
ACAP1	0.408997274081932	3.95663765094049	0.992495735715922	0.327876479818279	0.69085701343504
ACAP2	-0.203918129096534	5.49159631543442	1.7274242903411	0.199669551388835	0.582735804379736
ACAP3	0.228200939809358	6.14984405729369	0.801593906130995	0.378438863612164	0.726741427757143
AGAP1	0.111123767369519	5.32710563002423	0.165133524256626	0.68763954019892	0.889624294527006
AGAP2	-0.198288750647697	2.66541276611568	0.348752987412703	0.559674334380376	0.832077742572235
AGAP3	0.352302064381623	6.9531693579603	3.18702406785616	0.0853340001465928	0.439221673766483
AGR2	-2.38824891921487	3.26919408384622	2.96673053047464	0.0962987596251884	0.454502902393631
AGR3	0	NA	NA	1	1
AKAP10	-0.168947136602112	4.82258310267293	1.19887079908391	0.283107835087282	0.655664016226584
ALG1	-0.0196955262593788	4.8323176721604	0.0117081499941586	0.914624568787571	0.974166486216003
ALG10B	0.340324697079771	3.81774930082504	1.19001921737935	0.2848545536464	0.656759919433901
ALG11	-0.259385192546397	2.6566828143041	1.42191595579882	0.243343812143574	0.622678474932013
ALG12	0.000436284772316297	3.4269923715656	6.60770441253719e-06	0.997967683968779	0.999072463772901
ALG13	-0.0827367383152383	4.6091139049869	0.36999812402337	0.54802995224164	0.827833804538977
ALG14	0.0807858328234373	3.219382884824	0.130770897297673	0.720416226314742	0.901653297844224
ALG1L	1.15360701564913	-1.64923336290442	3.45409465026631	0.0739018925057492	0.418644120558622
ALG1L2	0.826301555670662	-1.26609843666778	2.07974847560097	0.160632552046117	0.541232013860135
ALG2	0.07076086119956	5.51371771197908	0.107181503860682	0.745871769397403	0.911433804745081
ALG3	0.221167179164631	5.90459387596529	1.21892473318938	0.279202298798611	0.653036648788898
ALG5	0.0449198559488827	5.05234097035451	0.0410209046358475	0.840998487437633	0.94872221068109
ALG6	-0.175913837233215	3.77017575174205	1.22927904478269	0.277213433040927	0.651206611329141
ALG8	-0.0460016899509138	5.33322775591689	0.0421786189942655	0.838802416172386	0.948251131934896
ALG9	-0.0305140344326003	2.66911528320881	0.0254733288105172	0.874367540365823	0.960554091916484
AMFR	-0.0141372470256996	6.77611328379319	0.0055267118146883	0.94128009455377	0.983302430741015
ANKFY1	-0.248627592517402	6.3269990708893	1.496012942596	0.231732776541994	0.613854123628704
AP1B1	0.0521962665642017	6.77968984900577	0.0975522095840469	0.757158834236518	0.915380341327428
AP1G1	-0.0248454821884943	6.43508544977513	0.0175048520683904	0.895712064176432	0.968425922203588
AP1M1	0.247112665462296	6.91876038264694	2.3237640046582	0.138906052150624	0.515197765068216
AP1S1	0.0617800825229743	5.86040903255488	0.0698085303174447	0.793598918228143	0.931488503133613
AP1S2	-0.245627491430893	4.21033915662346	0.759888793903676	0.390960535538942	0.735247688814734
AP3B1	-0.0597176837365822	5.94915964059664	0.0823231476524906	0.776338582572205	0.924005974487845
AP3B2	1.35937956478978	2.75296177690441	4.71895052801181	0.0386751080894867	0.345008830004207
AP3D1	0.0321218318182019	7.8288097227779	0.0538415120330709	0.818238212937859	0.939453442197525
AP3M1	-0.115951024824848	5.74887905604981	0.840403861591283	0.367304085275916	0.719046109911376
AP3M2	-0.227516563234968	4.20434634987166	1.47576933291568	0.234834111884886	0.616144783739958
AP3S1	0.274602942855961	6.79116649594605	0.559023161040842	0.46104238091594	0.776184479523971
AP3S2	0.330483488746388	5.12732958661726	2.13305576136325	0.15555991283642	0.534796002398578
APPL1	-0.0559646512628552	5.49616529798753	0.0904790745526693	0.765846521636402	0.919308398301964
APPL2	-0.201184686120421	5.20203179364702	1.18122262139379	0.286604522017915	0.658125226863621
ARAP1	0.367766359019308	7.57750447450151	3.02559490659137	0.0932184357252999	0.451016726350885
ARAP2	-0.166983229881198	5.29493316226809	0.12108563261889	0.73052720608909	0.904667770979402
ARAP3	-1.0505904352784	3.82009523682782	5.2091556921204	0.0304695491750798	0.316972297799104
ARF1	0.256037126321004	9.14063748948002	2.04200841806498	0.164343622603886	0.545925342450219
ARF3	0.0917180956511712	7.85050782236073	0.329685787991285	0.57054236532016	0.836734554050472
ARF4	-0.324152816317878	8.30387824039279	1.51554477441884	0.22878922375325	0.61159989677698
ARF5	0.423426821079042	7.03601911272382	3.98052541660047	0.0560920915052092	0.388052836573648
ARF6	-0.581670432237291	6.76474019564542	7.82670452596646	0.0093223533694406	0.236265248770727
ARFGAP1	-0.0686077578282702	6.89482639758591	0.0776416975450363	0.78261759450373	0.926635933527906
ARFGAP2	0.128721319736643	6.53339512801325	0.985357779450168	0.329591465697962	0.692274304271638
ARFGAP3	-0.582878598155944	5.35367212428695	4.25752883022357	0.0486969624714992	0.372413357470481
ARFGEF1	-0.226346307939187	5.66228003798805	1.93942247361208	0.174963562709645	0.557907211749484
ARFGEF2	-0.0850850276351139	5.67363061607214	0.176265675683774	0.677886047759692	0.886738630169826
ARFIP1	0.059411088870414	5.02207882784921	0.131292823688501	0.719883587012376	0.901420484407878
ARFIP2	-0.118399341535199	5.71756152071377	0.411637874922046	0.526486613536461	0.815424765821433
ARHGAP1	0.0845881929621288	7.42294505633867	0.338835895733543	0.565275544374199	0.833992291403165
ARHGAP24	-0.504679026630318	2.77055583874589	2.49561657093836	0.125674602448156	0.497890433183289
ARHGAP5	-0.233364203171676	6.26633299806104	1.03118867932586	0.31878975865096	0.684398645555288
ARHGDIA	0.0360321146677655	8.57957057254353	0.0335017240279215	0.856122447721917	0.954579168157122
ARHGEF1	0.192162333724898	6.89161618331629	1.27239413146468	0.269128043555424	0.643491749931574
ARHGEF11	0.142583617952114	6.09066691788642	0.807664497726955	0.376665213043612	0.724925315750628
ARHGEF2	0.00563972275913727	6.7940951261003	0.00102118221216179	0.974739529196552	0.992541767429001
ARHGEF6	0.0242317788159127	3.97918950042866	0.00766513161036099	0.930872402200598	0.980189819084413
ARHGEF7	-0.0268169159318295	5.69366467851963	0.0264385899960167	0.872030630097868	0.959996092618254
ASAP1	-0.524386141473023	6.49434375068864	3.07006318178093	0.0909662870118008	0.448251074734684
ASAP2	-0.943332794871169	4.88878029648985	5.7049698020676	0.0240835481812862	0.297419113014704
ASAP3	-0.0800654636872565	5.8692362876542	0.0737025218665804	0.788061401161262	0.928985102571743
ATF4	-0.210791165761467	7.86931681929087	0.788333574508991	0.382355693630105	0.729584959474179
ATF6	-0.149058970911392	6.183098035551	1.07729089619591	0.308404864126546	0.676315277182992
ATF6B	-0.0588158540304259	6.52295101483074	0.17109354811969	0.682371166849387	0.887711656605542
ATXN3	-0.0887578239207194	4.24017204304057	0.302538245966338	0.586765131381973	0.845689578460012
ATXN3L	0	NA	NA	1	1
B3GNTL1	0.254298229909443	3.12982115481754	1.43267591386978	0.241612701331645	0.621720257447496
B4GALNT1	-0.499449795662921	3.17921599686873	0.869346919871341	0.359304299931729	0.713480292159072
B4GALNT2	0	NA	NA	1	1
B4GALT1	0.155420698652	8.10232238030942	0.290019757962954	0.594569460724511	0.849049628274056
B4GALT3	-0.00654055056643565	5.4209240260602	0.00152404008515098	0.96914324216307	0.99071803157863
BAG1	0.168791971851682	6.33107781497496	0.297495305488889	0.589883214985332	0.847039087847937
BAG2	-0.188985904040454	4.64413722425635	0.370914660230956	0.547538037726243	0.827698685390636
BAK1	0.0414621745828375	4.85709503034692	0.0524180964229117	0.820613201157526	0.940833616494718
BAX	-0.22738850657007	6.24183479691716	1.17884663292158	0.287079626493264	0.65853213064493
BCAP31	0.174241877141787	8.03292540250252	0.700192972575927	0.409979538835088	0.747895005054473
BCL2	0.0122649377748324	3.17820485252742	0.00163113232551871	0.968078105260948	0.990474782039124
BET1	0.306016141434843	4.81786380950456	2.47946419459926	0.126853291480315	0.500017346182816
BET1L	0.154136416468651	6.51590480195193	1.26877939204988	0.269794020497151	0.64432130586727
BNIP1	-0.0433810149734758	3.42948950019704	0.0430037062095881	0.837256442297037	0.947882533528731
CALR	0.0488802257672319	10.4095054127434	0.0492528341683521	0.826019313049899	0.943866189944733
CANX	-0.1343943891436	9.89727679180376	0.41812786507256	0.523268986664445	0.813696771118425
CAPN1	0.223265835797136	7.962899890362	1.53918346870135	0.225289278721179	0.60834051106397
CAPN2	0.0197554722437376	8.98848182712766	0.00863135981920598	0.926656967193545	0.978651680768425
CKAP4	-0.348961662674137	8.49674527930225	2.22846918827074	0.14694853440332	0.524800248570872
CLTA	0.293149636608044	7.18514894580412	1.72439265045543	0.200052718886015	0.58332827821153
CLTB	0.614637370046657	7.2916140294945	4.5645481190357	0.0417469453212428	0.350779427979391
CLTC	-0.249933141952766	9.12907188149884	1.79935260820502	0.190836967687194	0.574977790915485
COG4	0.138457239830925	6.15844382567482	0.51084425090044	0.48083746583889	0.787728647748402
COG6	-0.399185817589438	4.085261997174	2.81311542320062	0.104904418113144	0.465703645105859
COPA	0.0717966934750095	8.15314402597505	0.184080749267683	0.671254265573508	0.884009958408595
COPB1	-0.149423632151746	7.4718780958362	0.925014124837608	0.344598516380949	0.701510758045282
COPB2	0.012920781961913	7.74044233109455	0.00454687856873393	0.946730076202918	0.985004480420537
COPE	0.310982631915826	7.27557016239634	2.43684125374485	0.13002628072207	0.504362030603544
COPZ1	0.270415185582822	7.65049735664367	2.84535135153875	0.103027406933654	0.463215878179672
COPZ2	0.289353945763784	5.12340696564055	0.497072858781842	0.486757523246033	0.791179814132339
CRYAA	0	NA	NA	1	1
CRYAB	0.226910167814137	6.17288202491612	0.243486369345335	0.625643187269186	0.864807282062145
CTBP1	0.0297466288867006	7.12654847587081	0.0225296477496215	0.881789450626488	0.962695556177028
CTSA	-0.207555519378053	7.45401701128371	0.958283527294776	0.336210105697263	0.695985868407882
CUL1	-0.0183251518978397	6.07444858339854	0.0134481854718993	0.908527548033362	0.972413092568178
CYTH1	-0.0290936226502564	6.22934220966601	0.0278644605126929	0.868657377279014	0.958778247991679
CYTH2	-0.233671034241013	6.19943320524326	1.65381840741408	0.209234083338333	0.593152867739698
CYTH3	-0.0429597529857608	6.92212567503695	0.0250554066388683	0.875393421698606	0.96087107689445
CYTH4	0.524153065025014	5.09881811585291	2.69319064859719	0.112243053864736	0.478657738203091
DAD1	-0.141918562071593	7.07398869828845	0.442727541457575	0.511388237757425	0.807792300577689
DDIT3	-0.123646082598013	5.03286728635703	0.125376245377803	0.72599366685088	0.902936340276676
DDOST	-0.00471080645579602	8.1636615254165	0.000741084116865124	0.978479885083587	0.993447984283965
DERL1	-0.114530215889928	6.44620211585175	0.545923646701091	0.466289590658199	0.779070191399515
DERL2	0.0509091856974804	5.8369355275223	0.0781663553134632	0.781903883657852	0.926418960386603
DERL3	1.11199400364818	3.80405565775619	2.60381374113835	0.118100760292361	0.486821658351988
DNAJA1	-0.106126198508765	7.83839751345208	0.238549948956695	0.629153259846701	0.866163064595161
DNAJA2	-0.0725821261708735	6.0975133240014	0.155318764811695	0.696563251364436	0.892767554760742
DNAJB1	-0.19379248237123	7.4270933690158	0.597047542909831	0.446341131959855	0.769228115949112
DNAJB11	0.0474973914957609	6.503402615121	0.0392776301177988	0.844367160854544	0.950205592239445
DNAJB12	0.121434728629986	6.2462407344621	0.54515978152849	0.466598584552592	0.779230994684279
DNAJB2	0.441001477531853	6.30921999599745	5.19216119877557	0.0307193606186686	0.317858375631433
DNAJB9	0.177398260159171	6.44041458391384	0.195388973724108	0.661948513488954	0.878836480055581
DNAJC1	-0.333907734025933	5.35999664598703	1.08926201821995	0.305783216330459	0.674460942655652
DNAJC10	-0.218776755712294	7.3658949124248	1.27122439371691	0.269343321081206	0.643725529573542
DNAJC3	0.157838173266537	6.83516747035083	0.313850277502519	0.579892823653038	0.842818747566276
DNAJC5	-0.0451601104008262	6.81869052589295	0.0626384014701962	0.804246123790718	0.935098862300061
DNAJC5B	1.00783210407936	-0.639317642536237	2.30838957286054	0.14016772608173	0.517083542759029
DNAJC5G	0	NA	NA	1	1
DNAJC6	-0.963240679345943	3.90772874539963	4.52583471152979	0.0425591004498454	0.353238758218471
DNMBP	-0.176826795029492	5.3243937225398	0.20514589183637	0.654175918172436	0.876555768915518
DOCK5	0.238488952861303	6.19392172998582	0.679809719023527	0.416793768808408	0.75156259866731
DOLK	-0.0810603543696959	4.22098365044771	0.21644679213895	0.645448296218505	0.873669468857475
DOLPP1	-0.130252809264918	4.07689048648428	0.288344839844996	0.595630161777096	0.849832334233744
DPAGT1	-0.20454657249576	5.66098767061436	0.59993234405116	0.44525655327655	0.768609481995906
DPM1	-0.230970429241556	5.01329959138294	2.03224497709438	0.165320352047176	0.547476455257773
DPM2	0.260436865151593	5.63230707768886	1.03133144207375	0.318756872819767	0.684398645555288
DPM3	0.519680399720325	3.84762396579021	2.1535983386328	0.153656256263847	0.532096105896706
DPP6	1.22653673771273	2.12078193126775	1.53567255920711	0.225804836499438	0.608889566570389
EDEM1	0.218991517714596	6.3223151636871	0.79252926964881	0.38110999989617	0.72920779045061
EDEM2	0.575999037706278	6.23827739066651	7.51835043383499	0.0106461416555509	0.242104103399919
EDEM3	-0.0641438333706517	5.780942449141	0.069996830830461	0.7933273828657	0.931488503133613
EEA1	-0.320350849744928	5.19003703679874	2.6900969787078	0.112440089854712	0.479014044466699
EIF2AK1	0.145751095963379	7.62259847427403	1.30885147297549	0.262528898013595	0.637714758405261
EIF2AK2	-0.189002821011513	6.53850429843077	0.662327002615333	0.422777160337133	0.75457265679727
EIF2AK3	-0.205027141689107	4.76016417512833	1.05015319102876	0.314461318779815	0.680428875490898
EIF2AK4	-0.317466296885503	5.74359005995851	1.7385063790758	0.198276541072429	0.581987575189727
EIF2S1	-0.874541020047009	6.27416961380125	17.733231580877	0.000247832449894022	0.10547533372887
ERLEC1	-0.015762676707053	6.31783269784061	0.0100116025488844	0.921028998483691	0.976934134536735
ERN1	0.358395729354255	6.02388141233052	0.735331863920339	0.398621353502722	0.740629386637752
ERO1A	-0.637214391108598	5.97481324342427	4.19352226734845	0.0503033789356035	0.374913452417947
ERO1B	0.869189734506508	4.01135378135054	5.82384412994967	0.0227820966429823	0.295828085583236
ERP27	0.00135014889012829	-0.650566935590237	1.30352213514711e-05	0.997145535394267	0.998953140977337
ERP29	-0.0428119155631604	7.62225747778025	0.0786996025225885	0.78118113604747	0.926320096951293
ERP44	0.248710554344747	6.53590767704692	1.48294356689	0.23372906022693	0.615174671277118
EVI5	-0.263039083069735	5.12288394921969	1.04208473392648	0.316293032071519	0.681686694081126
EVI5L	-0.161667599125955	4.5829688301256	0.657685244168389	0.424387982035313	0.75592852670402
EXOC1	-0.03852130229995	5.5212182491249	0.0506426499356995	0.823623715609721	0.942536314182076
EXOC2	-0.586805192052344	5.28989492078817	4.74161869929519	0.038245667426076	0.342746645694496
EXOC3	0.144752312278022	6.11604751560887	0.764520039381149	0.389540236036932	0.734392989857196
EXOC5	-0.668247103024605	5.41102330080933	17.8407868838373	0.000239513564187884	0.10547533372887
EXOC6	-0.211531544674936	3.53257193568358	1.19827093219821	0.283225763028463	0.655664016226584
EXOC6B	0.163028974294135	5.06208957195811	0.877180877288134	0.357181764430894	0.711974592355712
EXOC7	-0.174834828531999	6.40674954309703	0.46761294304998	0.499847395390423	0.800081267743226
FAM71B	0	NA	NA	1	1
FBXO2	1.07026453195056	7.77525896079857	2.25642300842178	0.144533582987091	0.522247663190732
FBXO6	0.244546976266425	4.40181451881662	0.502146507337223	0.484562196588923	0.790064325613558
FBXO8	0.0517199612340019	4.08160351018344	0.0622226726761719	0.804882936600535	0.935214012551943
FUT8	-0.885773006939077	4.8118618425129	4.67637473081154	0.039496258222076	0.346919959070235
GALNT1	-0.968976096695198	7.26476820390451	9.1914545221189	0.00527480816822002	0.194607471163655
GALNT10	-0.559058272571984	7.69179104023328	6.68379823225716	0.0153784133357128	0.268086104691089
GALNT11	0.00732700056258647	5.58326786566783	0.00135651968926387	0.970887619785761	0.991469520359189
GALNT12	0.749854872476979	5.5976907892079	1.78518411979007	0.19253838509099	0.576196024576601
GALNT13	-0.818341462584183	2.91962079755448	2.06895202787346	0.161683855270745	0.542210580184955
GALNT14	-0.612044460988626	3.19376159978238	0.792864471802484	0.381010734831383	0.72920779045061
GALNT15	-1.11260295635834	2.54474737283531	3.15946722890706	0.0866242215089339	0.442234766979789
GALNT16	-0.0742084364601828	3.51916559849893	0.0228995036934854	0.880830691433202	0.962131102493768
GALNT18	0.141677841745807	5.36127498339813	0.27441982257063	0.604606728712228	0.853845328218603
GALNT2	-0.347829538873818	7.42090243290721	1.48246115111417	0.233803160991038	0.615174671277118
GALNT3	-2.4468809666759	2.03618567514744	16.7378695405839	0.000341412517655614	0.112015573102232
GALNT5	-2.33272469840618	3.09866806430845	16.0164492282117	0.000432838658276154	0.113252232937594
GALNT6	-0.827555835567283	3.89230619654629	2.33860278433039	0.137701014992255	0.513473726514161
GALNT7	-0.891439930120183	5.02396838500658	7.09426526392135	0.012813526696061	0.256980961308602
GALNT8	1.01629431752472	0.457968982553537	2.10224418803249	0.158468168112215	0.538898972945425
GALNT9	0.676923235877058	6.62970711706418	1.78104199334959	0.193039289104216	0.576515343259089
GALNTL5	0	NA	NA	1	1
GALNTL6	0.689323430966826	-2.14805751400125	1.1682321063688	0.289214873039452	0.660719018364292
GANAB	-0.285858879736745	9.08871519041749	2.44585438824165	0.129347632858854	0.503378052604801
GBF1	-0.17349994241655	6.70752858991608	1.24597481408044	0.27404536165223	0.648908887178187
GBGT1	0.467129051512816	4.04387951875051	2.06782515025256	0.161794058632005	0.54226261010208
GGA1	0.156531325592906	5.24086250416248	1.01333793015751	0.322938471329718	0.687589292778576
GGA2	-0.011100337005374	6.55365280490659	0.00442485899037162	0.947448603183989	0.985037936662587
GGA3	0.260150264069488	6.14408666881054	0.845007621833412	0.366014681302649	0.718158328376814
GIT1	0.167946109259635	7.19320495331282	0.541146556060678	0.468227534629551	0.780379224382586
GIT2	-0.29211732041452	4.88315658371731	2.45044182358884	0.129003814565128	0.503142695701476
GLT1D1	0.0591548336176681	-0.21751901551513	0.0150858418984431	0.903145310021295	0.970670193013542
GLT6D1	0	NA	NA	1	1
GLT8D1	-0.0924801953005057	5.84269393915469	0.244452483015916	0.624961438460426	0.864405437859439
GLT8D2	-1.23743558948045	3.86270623583324	8.66488010469611	0.00654887581613642	0.208463814979255
GMCL1	-0.225713488832785	4.65998511318692	1.56819295603828	0.221085282039525	0.603657114038585
GOLGA4	-0.18351095785879	6.83632469102439	0.426929084196962	0.518961958400627	0.812201674644861
GOSR1	-0.0731015102398143	5.53677559120957	0.397044639900903	0.533855280337274	0.819375667586192
GOSR2	-0.26731830667821	4.50443746939674	2.7958074403598	0.105928491339763	0.467386856332796
GPAA1	0.397353625509702	6.97999764800599	3.71163931911486	0.0644970218964258	0.400087732699724
GPLD1	3.65094267022586	3.3050254362995	11.0978866287004	0.00248810104302097	0.167232331928724
GXYLT1	-0.0306133261712096	4.85964125675875	0.0145466269811032	0.904883164492527	0.971273544191519
GXYLT2	0.232642412023291	5.06795476407427	0.51411912123422	0.479447503021854	0.787468676019136
HAS1	-0.581231334057952	7.79635837383307	0.73617004985897	0.398356205929953	0.740515774096771
HAS2	-3.80189942390234	3.99427328310426	27.9298933675979	1.36945721943521e-05	0.100955323469328
HAS3	-1.07980014732729	1.58315822328945	4.9693083850729	0.0342139222740831	0.329773397431332
HERPUD1	0.336052325760183	7.46588983792784	1.3535414458912	0.254721821764106	0.631566630607787
HSP90AA1	-0.464557534440556	9.89748388033702	6.23458045173083	0.0188473406378111	0.28087478800693
HSP90AB1	-0.0081284898027861	10.3692846654985	0.00188853863167257	0.965653088412352	0.990467767625659
HSP90B1	-0.034268959638303	10.5316996391311	0.0167841981553175	0.89786865012164	0.968924755596118
HSPA1B	0.0835039085561736	6.78123363747104	0.0362620599883427	0.850383414804208	0.952574173888226
HSPA1L	0.738968890168203	1.5179667984228	6.78578470806121	0.0146924546993459	0.267225997984976
HSPA2	0.378761705534764	5.14425269633385	0.423186090460161	0.520785816097928	0.812319228331061
HSPA4L	-0.108494511224564	3.18201468797676	0.0871527065222605	0.770060787841895	0.920966318407887
HSPA5	0.263199234532405	10.1970083979256	0.93760753318431	0.34138931584402	0.699437158080956
HSPA6	-0.333835540695491	3.67267277121397	0.311074825030781	0.581563674328692	0.84374019549109
HSPA8	-0.474927995477882	10.2859063177071	3.43425018621534	0.0746887280198278	0.420571934273938
HSPBP1	0.218121968496686	5.56212291355907	0.648969828816579	0.427438210296085	0.757343516316589
HSPH1	-0.304991519512177	6.7217747359534	1.10586557939793	0.302196425305176	0.671515738918932
HYOU1	-0.50268982856494	8.14114321028228	1.74009130061836	0.198078294290958	0.581748990982966
IFT27	0.272756115331158	3.99255697815732	1.13718564667923	0.295582320217648	0.66653282273076
INPP5B	0.102940625957668	4.50141359613014	0.246810496703227	0.623304529685032	0.863917015688517
INPP5E	0.10518545017175	4.29343895705305	0.367819175170397	0.549202796706616	0.827896458064702
IQSEC1	0.0758241000843528	5.5994071391296	0.212101799096061	0.648770320639824	0.874602823724014
IQSEC2	0.321016953983589	4.55458623359724	4.77498086474261	0.0376232391860731	0.341085240375025
IQSEC3	0.405612577342562	2.57557247016663	0.454661533185489	0.505796058825147	0.804445806245607
JUN	-0.260237520623193	7.87926681677923	0.493801912814057	0.488181800001053	0.791777398826217
KDELR1	-0.200335376722576	8.02132016574748	1.26286608433631	0.270888111957678	0.645583531049731
KDELR2	-0.273572682889706	8.47959783543955	1.54571721551064	0.224333753577751	0.607217188241507
KDELR3	-0.109095611667473	5.84913917948193	0.0960578123903092	0.758964781636823	0.915772542909877
KIF20A	-0.804827441691048	4.9644760015878	2.82812220425425	0.104025746714617	0.464376949321118
KIF23	-0.855028879290134	4.79372433804067	3.4922010576444	0.0724171807360255	0.415756583041509
LARGE1	-0.57437025535212	4.92562950315798	1.77910083284785	0.193274580416504	0.576624763912416
LARGE2	0.528649210978788	1.31482088626771	0.635282885893315	0.432297522452489	0.760640241371917
LMAN1	-0.459816395923836	7.80118497672892	4.05723431864378	0.0539254005891492	0.382885740442942
LMAN1L	0	NA	NA	1	1
LMAN2	0.101158158619056	7.7445724376699	0.27147298553522	0.606543692429567	0.855282923019791
MAN1A1	-0.136892741107384	5.17856662507806	0.272404978170726	0.605929642619462	0.854962428362709
MAN1A2	-0.189929477367865	5.47543752270643	1.50797698857294	0.229924117764663	0.61234735623225
MAN1B1	0.205828910734147	7.12431251878665	0.981235808802255	0.330587452310653	0.692684293177509
MAN1C1	0.225028870340073	4.44404389698501	0.326485080435426	0.572407798706443	0.83776779508009
MAN2A2	-0.362270195625443	5.40347560793116	2.05538704242553	0.163016440422898	0.544163101042542
MAP2K7	0.157151288507728	5.53822372118712	0.820030058983151	0.37308947014401	0.72356372208732
MAP3K5	0.0877955369961706	4.62704848507045	0.0636003903279431	0.802781126546324	0.934824229652471
MARCH6	-0.210671386754978	6.97661220440906	2.00053120786354	0.168541406430877	0.551798717011505
MCF2L	-0.667732886140263	3.55014675806193	4.53351006428464	0.042396693234565	0.352331751003204
MGAT1	0.0632699385577597	7.74607020541979	0.101772771710944	0.752139176065344	0.91388756783065
MGAT2	-0.566293766309638	2.6348082420909	3.26311518585338	0.0818837614457425	0.433519503955482
MGAT3	-1.50488810081423	3.18728911074149	4.13613210447704	0.0517942908295374	0.378619322470207
MGAT4B	0.186430717226578	7.60560226957314	0.89637972261998	0.352054615062274	0.70755900259258
MGAT4C	0	NA	NA	1	1
MGAT5	-1.47799379735353	7.18641361926351	6.72249297214943	0.0151141086931175	0.267522413211363
MICAL1	0.118176254254595	5.62053409767943	0.193518581199529	0.663465028379057	0.879565318824638
MICALCL	-0.642495691778692	1.38024702372768	2.56047319286473	0.121068877798896	0.491358395105253
MICALL2	-0.232040471443309	4.99012399970411	0.400559783025084	0.532063098224497	0.818099956656339
MOGS	-0.0309862738536248	6.18722534150678	0.0635303570757684	0.802887378944703	0.934824229652471
MON1A	-0.0752312753641397	2.99376972877181	0.0486004688105213	0.827156033633403	0.944480942436756
MYO5B	0.0383138582237775	6.32150288255603	0.00357398059676154	0.952763855347411	0.986973151915563
NAPA	-0.0050466307886166	5.97267801310938	0.000614395250201314	0.98040504534185	0.993809836142395
NAPB	0.0381597674041928	3.68149723352219	0.0364243346087493	0.850053197010039	0.952509622895789
NAPG	-0.217353185214296	4.68055272409586	1.77999058111582	0.193166689025639	0.576515343259089
NCKIPSD	0.11701141026777	4.6021347001122	0.336233322908322	0.56676377069721	0.834622121776563
NDE1	-0.87694492389034	4.57261378734798	7.55436030205325	0.0104814590978619	0.241620637517759
NET1	0.149660864021116	6.47943352807779	0.133203360460912	0.71794402568787	0.900748721508343
NGLY1	-0.0278505459444057	5.1865312158578	0.0318401599594216	0.859695660743325	0.955711475816551
NPLOC4	-0.215800534287792	7.42463137754929	1.42540166656932	0.24278129473329	0.622520151916331
NSF	-0.456205703846493	5.48586824234107	3.44968792252169	0.0740758043082023	0.419151913171696
NSFL1C	0.205553191399253	6.32116250596678	0.947975958173579	0.338778323505486	0.698089399781489
OCRL	-0.317758319316026	5.55283171921809	3.48204949796181	0.0728093772801374	0.41660968411588
OPTN	0.33199889441772	7.45027279343109	1.74208382528315	0.197829408342249	0.581413566641252
OS9	-0.140418969352393	8.39657001513254	0.604148622823555	0.443678910790399	0.767712835203688
OSGIN2	0.312392167110133	5.2548926941374	0.433491050520805	0.515792023141637	0.809408605490051
P4HB	-0.229536415769548	10.706528675326	0.555502089109631	0.462443279660924	0.776455794069685
PAK1	0.244528672230984	5.74807966943743	1.15029166244503	0.29287187860217	0.664208493817404
PARK2	0.820870058947415	1.12566899886739	3.37740147409345	0.0769959449656494	0.424095881808304
PDIA2	0.430017169680763	7.04551256899105	0.226226020054039	0.638117952402034	0.870195651386801
PDIA3	0.0897595874314869	9.35901781271552	0.155153582611707	0.696716204739747	0.892767554760742
PDIA4	0.0177408886732463	8.68778704608585	0.00427258553339921	0.948359392023134	0.985511592600741
PDIA5	-0.363009857810846	5.46844292043503	3.01082176736592	0.0939807369810783	0.451538467764577
PDIA6	-0.280980601755158	7.99317387674257	1.03736863273364	0.317370404658817	0.683046754726003
PDILT	0	NA	NA	1	1
PGAP1	-0.959869850801589	3.34465335741458	5.66026209298338	0.0245940331381914	0.300053405691305
PICK1	0.263370438673028	4.39568427034908	2.07830975751836	0.160772173908445	0.541232013860135
PIGA	-0.307974951972698	2.94178542872016	2.07181543473262	0.16140423129949	0.541882134145051
PIGB	-0.12026570654348	3.82034273267032	0.258752528572365	0.615062394099092	0.859516154465342
PIGC	0.164373986353506	5.01683552542212	1.52490084798869	0.227395861901334	0.610387233768032
PIGF	0.159343412014997	3.68281657927177	0.894238579011338	0.352621241981121	0.707987212579161
PIGG	-0.0300559461844603	5.51648762999194	0.0233249376248522	0.879737610988309	0.962044069687073
PIGH	-0.274965145237848	3.62614847526353	2.13643392756031	0.15524494025839	0.534082325166986
PIGK	-0.482889874844793	4.88806665244098	7.9145167197028	0.00897903669482497	0.23260147792128
PIGL	0.324996122360506	3.20055074077813	1.47587201830564	0.234818248732352	0.616144783739958
PIGM	0.324207113046213	3.60813836938964	2.34248996788258	0.137387380973216	0.512925312384327
PIGN	-0.299137829541535	4.49304227848885	3.76383586154015	0.0627602716965829	0.39904621457447
PIGO	0.133201597421392	5.10429553283301	0.411417832750249	0.526596337170153	0.815424765821433
PIGP	0.511634782094678	3.77283912206927	4.91484145840757	0.035133566792407	0.332532022519
PIGQ	0.229056925459996	5.89733304498367	1.31475164825194	0.261480666941534	0.636765814190463
PIGS	-0.286326259121866	5.92697342146038	3.08595281060892	0.0901767034575622	0.447397884111771
PIGT	0.00389757982334353	7.24734562745465	0.000468158223187583	0.9828948204329	0.994592973526909
PIGU	0.0449583921611542	4.77355013646328	0.0635028031141626	0.802929200115678	0.934824229652471
PIGV	0.432297983381239	3.98424889344567	3.47500683270467	0.0730828789592683	0.416753186090108
PIGX	0.104156869002184	4.56305393794303	0.304358880089069	0.58564778293052	0.845534299085827
PIGZ	0.254494529706492	3.08577533585478	0.686937719254637	0.414391370087677	0.750259188448625
PIK3C3	-0.23761034451283	5.35574529065107	2.27500774525687	0.142954014122534	0.520110097059622
PIK3CA	-0.311673989846427	4.84558721060546	1.89718431548939	0.179575564386237	0.56318607329907
PLAA	-0.138025577950266	4.86845235943006	0.129702186109543	0.721510649463657	0.902187283843743
PLIN3	-0.444620063304538	6.85662251726801	4.68700894197853	0.0392893573065762	0.346573802021844
POMT1	0.178076044923448	5.12643545565021	1.25704664217743	0.271970480921577	0.646612418491248
POMT2	-0.510345298685285	4.51291407566427	8.7267214536441	0.00638321687127868	0.206180341948537
PPIA	0.0970900811296172	8.56702184000991	0.295760589950867	0.590963776046423	0.847489679553347
PRKCSH	-0.00504715381699003	8.7299988746676	0.00101155453580171	0.97485884687455	0.992541767429001
PSD	0.753048004668767	3.06113949503648	5.40377555958174	0.0277633897525727	0.31197953768868
PSD2	-1.68920679496462	-1.34101347343127	9.72935654480957	0.00424625691474389	0.186087009578957
PSD3	-0.735012275906532	3.96429700528464	3.35149961156244	0.0780739474235975	0.425892488335095
PSD4	0.244519309046223	5.53441041891584	0.505536231003808	0.48310480889419	0.789150809479528
QSOX2	-0.33599506211347	4.93830172951666	2.18816626349183	0.150515074025382	0.528832732445196
RAB10	-0.2427624344048	7.17610152108291	2.09223682610927	0.159426677631788	0.540250613122602
RAB11A	0.018997680827745	7.33735580265409	0.0113820916419889	0.915817032648159	0.974625502954117
RAB11B	0.176436213299761	6.99667598448555	0.960283056547316	0.335715037946693	0.695457784558199
RAB11FIP1	-0.148233100954633	6.34587343557066	0.152558071323053	0.699132063181673	0.893293453713319
RAB11FIP2	-0.160442158505866	4.57806247493899	0.628167452217738	0.434857857123752	0.761975151437516
RAB11FIP3	0.377074247223518	6.98450065359479	2.87044102401598	0.101593286908923	0.461230581875349
RAB11FIP4	0.570876433248678	5.48569018280593	1.77363687853478	0.193938761496592	0.577116737909465
RAB11FIP5	-0.385793152783085	6.11791442551019	2.562995250773	0.120893794197432	0.491358395105253
RAB12	-0.304253142182129	5.17118009822718	4.86926312137005	0.0359242306270512	0.336493676235962
RAB13	-0.0345431816058107	6.83321074450646	0.0236064254866946	0.879019979080407	0.961994745794856
RAB14	-0.101658238553535	6.92090110306941	0.352501105975869	0.557585488369376	0.831820882656624
RAB15	-0.318291985051445	4.45072406284145	1.44654070828521	0.239405049470689	0.620241080872785
RAB17	1.21901524982832	4.86907928826487	4.79990643907629	0.0371655540225366	0.341019290996129
RAB18	-0.0801227278461791	6.22458530751341	0.211521467408841	0.649217152180123	0.874791586070377
RAB19	0.017550657991035	-1.87490382407603	0.000613300880458072	0.980422500827685	0.993809836142395
RAB1A	-0.0425694307933956	7.61017902297904	0.0949797905575157	0.760277156760234	0.916432234701293
RAB1B	0.0565057295131861	7.48681601035034	0.11405950878473	0.738150515303378	0.90808214827855
RAB20	-0.00369430260596932	3.9658018345055	0.000188210234929408	0.989153891815581	0.996261958657124
RAB21	-0.3126928635127	5.99886859236078	3.80698448453845	0.0613643147652042	0.396235294728017
RAB22A	-0.0485781876318761	5.82275312120499	0.164626367664862	0.688092951598981	0.889624294527006
RAB23	-0.457944450022689	3.29620798052317	1.43765450010507	0.240817015497934	0.621720257447496
RAB24	0.213581492677313	3.78239319270337	1.05380347760135	0.313637352166256	0.6800147255174
RAB25	0	NA	NA	1	1
RAB26	-0.307352890524561	-0.0140699236076923	0.303063239619166	0.586442484296696	0.845689578460012
RAB27A	-0.376398806414919	4.82648703043807	2.39226015690734	0.133445092966601	0.507484578021166
RAB27B	0.308744617426277	4.67129633464183	0.152305461990947	0.699368454587878	0.893293453713319
RAB28	-0.0900709741861822	3.87113950254919	0.214030084378199	0.647290947519088	0.874602823724014
RAB29	0.289804712870829	5.43570030841584	1.99598838719171	0.169008954387902	0.552076170195748
RAB2A	0.0102716256402694	7.27130847512597	0.00430538906789965	0.948161824690358	0.98540873960271
RAB2B	-0.377236629737891	4.37171771817445	3.67317069459886	0.0658117191195159	0.402250123466289
RAB30	-0.288482835997742	4.09695941073737	1.38115369182865	0.250046805181699	0.628457918912243
RAB31	0.0364981051150866	7.45197975836922	0.0194865774766976	0.890004636275523	0.966203330716006
RAB32	-0.1871528747696	5.71185305633293	0.230443808180362	0.635016559687369	0.869055080127502
RAB33A	-0.336402884116947	0.139987700146505	0.608634667256762	0.442010046674755	0.766725124439573
RAB33B	-0.123101950127631	3.43292316852355	0.390542116440742	0.537200159855172	0.821661623893236
RAB34	-0.00693408671819658	7.35639341383808	0.00116821177198629	0.972982847191423	0.992539288564496
RAB35	-0.201696281518355	6.25679223718064	3.60043383681408	0.0683811217483703	0.408051114932162
RAB36	0.189879741881479	3.79305974233742	0.298124141257514	0.589492525944112	0.846795261463799
RAB37	0.446697249362116	2.50876215783478	1.21111144039546	0.280715484169041	0.654421673018875
RAB38	0.402485215995507	2.38599936335901	0.564799363540815	0.458759168586711	0.774802201880898
RAB39A	0.209487034553973	-0.903219675705683	0.223548908044742	0.640105001125564	0.870761640847392
RAB39B	0.308855530787962	-0.630465132683545	0.356188732712383	0.55554505064491	0.831082696637377
RAB3A	0.185553497479579	1.95766290473362	0.219749505151695	0.642950328734586	0.872440254943196
RAB3B	-2.46169448141733	3.2347215116207	9.04618589849838	0.00559695373880342	0.197669573317977
RAB3C	0.196841273219879	-0.841085164218005	0.0696725030884711	0.79379531820811	0.931488503133613
RAB3D	0.108033714439323	4.82520547136595	0.142779194041657	0.708453808754848	0.896668165589581
RAB3IL1	-0.107743378590617	4.44662616693592	0.167565046507292	0.685476939073048	0.888661429226702
RAB3IP	-0.44098483205041	3.62463409174983	2.15554512867617	0.153477292466758	0.53167869295249
RAB40A	1.00866226188749	2.98959679398328	4.02645189609602	0.0547833835436964	0.384776243500494
RAB40B	0.31090818970459	3.25960821371413	1.33389505724139	0.258116589810621	0.633666035819634
RAB40C	0.128366171439184	4.87640678720101	0.385252838554113	0.539949810462505	0.822975674492572
RAB41	0.324459017002898	-0.503852770683951	1.42011110316097	0.24363572689385	0.622944709748508
RAB42	0.0377387022442537	2.46234711127197	0.0122454759287627	0.912695552863055	0.973190448101105
RAB43	-0.242945966812656	1.18708057918614	0.935584626118092	0.341901994957435	0.699543259049631
RAB44	0	NA	NA	1	1
RAB4A	0.0231381710703403	4.94573339104937	0.0137494856232393	0.907513329905579	0.972335342859483
RAB4B	0.424613655609226	3.65335704152575	3.27109806242945	0.0815310992732412	0.432793526067209
RAB5A	-0.146591042246207	6.02788511369295	0.726526765909542	0.401422716952554	0.742340089812975
RAB5B	0.193582362185688	7.60472501132292	1.2862593802195	0.266593234442132	0.641198516151384
RAB5C	-0.0470030510808658	6.71124009294648	0.111342233650506	0.741169066865957	0.909038412705617
RAB6A	-0.0101154615576799	7.14527563479737	0.00342330795125027	0.953769069777966	0.986980816911377
RAB6B	0.813902668186277	4.9536024023705	3.93970336426293	0.057284865702217	0.389997049215033
RAB6C	0	NA	NA	1	1
RAB7A	0.076677050071595	8.11682006662348	0.275331510442859	0.604010173855091	0.853770795650296
RAB8A	-0.13066713259885	5.61505513691621	0.635295359433725	0.432293054827382	0.760640241371917
RAB8B	-0.146029379912652	5.34506440473007	0.171695175579462	0.681845384130853	0.887640142164513
RAB9A	0.407480804126183	4.53946209364987	3.95076664833797	0.0569588187367228	0.389832958483625
RAB9B	0.367437716125002	0.348030810625744	0.614179784313828	0.439960887683479	0.765903101403151
RABEP1	-0.303403462161828	6.09092830873244	3.2930464618901	0.080570360963905	0.430321431242118
RABGAP1	-0.0416106853362661	6.20286568360505	0.0323750385819454	0.858535098177795	0.955181510918646
RABGAP1L	0.486033927378869	5.60106540127865	1.85953936997797	0.183810651839607	0.566967030191345
RABGEF1	0.067502221585638	2.52848581605464	0.131289222549533	0.719887257945531	0.901420484407878
RAD23A	-0.0340593536015111	6.71519507750301	0.0518343315366686	0.821597044262014	0.941507148503282
RAD23B	-0.35900198551475	7.89631142268368	4.83204758605079	0.036584478543451	0.339323170453127
RALBP1	0.06631170684056	6.65215169812596	0.127222286838663	0.724070058423786	0.902914626300648
RASEF	-0.0306460562636384	1.42158324552792	0.00210088785998216	0.963774844078911	0.990336441940042
RBSN	-0.124453415786116	5.27637012073391	0.651621261332508	0.426506677802139	0.756877205857956
RBX1	0.06366095763	5.73082896722265	0.0779158438743115	0.782244339463092	0.926464527540077
REPIN1	0.309289383826364	6.3939584100787	2.62609234307958	0.116608049786945	0.484995229244288
RER1	-0.161393325464704	6.77637599336231	1.12971511482778	0.297142244678152	0.668000678027419
RFT1	0.0485689958645277	4.59383731131326	0.0615015710391581	0.805992911737651	0.935380562271514
RFWD2	0.0869764291803706	5.39605001838556	0.409552451809253	0.52752818348702	0.815946673575772
RNF185	-0.0800879114173647	4.56130036716993	0.283996555023007	0.598402618618255	0.850536546572546
RNF5	0.196013652388195	5.61795921112384	0.944242662205672	0.33971523346352	0.698693093970336
ROCK1	-0.406679041928842	6.07567493425539	3.57741612107457	0.0692176886986128	0.410580177894723
RPN1	-0.0840233668929264	8.79502649486925	0.190850632095093	0.665643485932018	0.880361889890844
RPN2	-0.21391607658523	8.59792045138208	0.938201282016403	0.341239041618659	0.699437158080956
RRBP1	0.0214631986596315	8.82481905955973	0.00774579827973169	0.930510577335071	0.980134097066948
RUFY1	0.195890392593469	6.23112533517153	2.95458878964592	0.0969485762449676	0.455094006241852
SAR1A	-0.128233720746163	7.57858873863653	0.578940456883269	0.453246188711669	0.771817965864728
SAR1B	-0.0725456966105419	5.46397388760957	0.139404852783499	0.711755262623712	0.898158756177772
SEC11A	0.00772080196340267	7.25146351139944	0.00175025489135458	0.966933686547868	0.990467767625659
SEC11C	0.160793158002793	5.51777556497253	0.283875638214189	0.598480105775873	0.850536546572546
SEC13	-0.0325104034573552	7.12812144911931	0.0211285155086573	0.885496624365997	0.964340001434324
SEC16A	-0.0386560318759248	6.94312772785569	0.0593936626941035	0.809277827873975	0.936214362671973
SEC16B	0	NA	NA	1	1
SEC23A	-0.723647734798697	6.54807972935409	10.8479102685773	0.00273843516877909	0.172043743425179
SEC23B	0.0302474603792135	6.04115550737258	0.0181576595265628	0.893797206231471	0.96801487077968
SEC24A	-0.343977414530253	5.15533272177282	2.27412277472737	0.143028765886118	0.520110097059622
SEC24B	0.0118559866109803	5.5255638805096	0.00298788711015875	0.956805903543283	0.988043883057905
SEC24C	-0.321032779979601	5.68297776376514	1.33878942805298	0.257265460903086	0.633092123916672
SEC24D	-0.35386841049863	6.33534237244562	2.35618289953798	0.136289259965238	0.51179215307822
SEC31A	-0.014315895099458	7.92044829255594	0.00784594128170022	0.930064024924375	0.980134097066948
SEC31B	0.530803067499449	3.23283615195411	2.69803251751669	0.111935478238302	0.478092816563122
SEC61A1	-0.068869771909537	9.39522518549988	0.167729870024484	0.685331012073788	0.888661429226702
SEC61A2	0.378827205665435	2.944369317809	2.29402368656882	0.141358872704604	0.517744099482529
SEC61B	0.246100142091662	6.66709832084946	1.71816494503248	0.200842675206093	0.584432503031332
SEC61G	0.180706661686817	6.37836148146507	0.691356486547012	0.412912661932721	0.749739655850277
SEC62	-0.0873398660283581	7.17632252712227	0.190195930614025	0.666180850097219	0.880525379529908
SEC63	-0.269010903516886	6.92208122691115	1.81416236711258	0.189078123867671	0.573970425332979
SEL1L	-0.293434718109734	6.95748938509538	1.95270713085992	0.173542680635143	0.557115694994649
SELENOS	0.0329537072707155	6.55023279887614	0.0184091553471921	0.893068878084968	0.967892647464207
SGSM1	0.288003424303703	0.388652259013981	0.534290893428978	0.47103199252727	0.782143313492686
SGSM3	0.15813959222942	5.50507547539398	0.749638028571467	0.394131576543398	0.737135924691884
SIL1	0.297740484008847	6.51415129520027	1.2491994636213	0.273438932020655	0.648476284724155
SKP1	-0.0492481217239054	7.90949707689956	0.090411179180985	0.76593168617544	0.919308398301964
SMCHD1	-0.543385830726303	5.75982097746478	10.0129364280983	0.00379348247209225	0.183289360090853
SNAP23	-0.0722866138211301	5.50883529323849	0.196887262017424	0.660739977692033	0.878235025132482
SNAP25	-2.01605533249819	1.07240910533169	9.83174218067731	0.00407635771235429	0.183677032806907
SNAP29	-0.402180871393252	5.28778288723278	3.45120381906393	0.0740159270263819	0.419051470742705
SNAP47	0.100867520753401	5.35037664313309	0.436013891219562	0.514582496994278	0.808795440988709
SPCS1	0.098953201479539	6.44370529803259	0.213354726134558	0.647808151737981	0.874602823724014
SPCS2	0.128904928533212	5.90399636937052	0.307773387576605	0.583564022835265	0.84492660457905
SPCS3	-0.125988321156236	7.43089170621843	0.293492074292191	0.592383092482021	0.847813943236444
SRP14	0.0597423939077705	7.73993875739164	0.132267255205972	0.718892362841963	0.900995330534825
SRP19	-0.199823329394657	4.43719121596502	0.943722218327917	0.339846130669128	0.698761800999178
SRP54	-0.28815634078752	5.82780800953671	1.99236848868415	0.169382631911757	0.552165731916172
SRP68	-0.0730912336557037	6.94784075656554	0.128297085009475	0.722957362997101	0.902675833866407
SRP72	-0.344850785093766	6.7831513448138	3.96209672111918	0.0566270682558258	0.388481214810225
SRP9	-0.0296884337247311	6.91583313016352	0.0314936153481969	0.860452965335747	0.956299186936746
SRPRA	-0.31128189472889	8.05129372792626	1.45874129312213	0.237483489583508	0.619194676864561
SRPRB	-0.148537669583311	6.74713833130983	0.380345061667638	0.542524769625084	0.825058853771503
SSR1	-0.0680202853093734	8.05837635397338	0.0983389157613812	0.756214230183099	0.915175635025364
SSR2	0.305204436116641	8.39216002897892	3.24025249716644	0.082903431098899	0.435878372545612
SSR3	-0.276905457522454	7.75498618657089	1.23306206149007	0.276491415903443	0.650904830126493
SSR4	0.414331638892427	7.75442802259572	2.44612916868711	0.12932700845246	0.503378052604801
STT3A	-0.20872017970479	7.86123903749957	0.652931506058022	0.42604750765564	0.756602264108627
STT3B	-0.00605409725883597	7.71873915493352	0.00103320971352457	0.974591258321445	0.992541767429001
STUB1	0.113142517991561	5.51121030990371	0.323745448356641	0.574014225893759	0.838535356792446
STX10	0.29952443271077	5.53136396758605	1.61677284181617	0.214262059056227	0.597249132763668
STX11	0.523188998387469	3.06397686867865	1.3981425871838	0.247224876113265	0.626007243257401
STX12	-0.100755509855409	5.55119659923578	0.354797061567196	0.556313391516517	0.831356938648021
STX16	-0.055273310466391	6.20389591484064	0.22804161478958	0.636778584526063	0.869675106116067
STX17	-0.184946325925873	3.53085447921488	0.473176862527207	0.497329105021596	0.798383163431345
STX18	-0.003956602677704	4.88629361221663	0.00036954110133867	0.984802572404769	0.995308467258973
STX19	0	NA	NA	1	1
STX1A	-1.48691164783771	2.67420629527277	9.26526862268143	0.00511888616131927	0.193687215553814
STX1B	0.374554438344241	1.96117940411309	1.14596609602333	0.293762777597079	0.665044431075772
STX2	-0.304508641359696	5.50393788522357	3.47801919735179	0.0729657515880261	0.416699685520139
STX3	0.225721807433625	5.11766858524686	0.402757116457195	0.530948416430708	0.817726383498558
STX4	0.117709063668854	6.20719676399421	0.425870094357736	0.519476808004288	0.812201674644861
STX5	-0.147894274877462	5.97737277125894	0.698671247885709	0.410482393016297	0.748400587340471
STX6	0.168996327539111	5.52770112522053	0.679163768470303	0.417012528126255	0.75156259866731
STX7	0.215822885152894	5.74909157817934	1.7577366814721	0.195887497007948	0.578646140010859
STX8	0.130869810679753	4.99557295261853	0.295047069537908	0.591409429764918	0.847621608033475
SURF4	-0.0764511115771836	8.4543805824008	0.164641361095629	0.688079535364895	0.889624294527006
SVIP	0.0562958120740702	4.37543839293171	0.0820257388610793	0.77673163696078	0.924005974487845
SYTL2	-0.829301014929821	2.85751223921539	3.75111002932457	0.0631787889598092	0.399917914844226
SYVN1	0.0224625072993439	6.75468805391434	0.00909893730126666	0.92470267351499	0.978336873883483
TBC1D1	0.238457643086368	6.71902098543593	0.955675278527657	0.336857410957518	0.696319435940911
TBC1D10A	-0.00177677699460342	4.16863534430426	5.89440658497432e-05	0.993930092719126	0.997439555846003
TBC1D10B	0.0429958940845063	6.43321198503322	0.0781359436054648	0.781945183001731	0.926418960386603
TBC1D10C	0.498239112757542	3.68440636603888	1.22761820078602	0.27753119708761	0.651425574098395
TBC1D12	-0.0254322560720768	3.57030766612257	0.0145330967497113	0.904927188496306	0.971273544191519
TBC1D13	0.272060700564372	5.55713063418301	2.08730793329896	0.15990131434046	0.541177587155805
TBC1D14	-0.499358366089539	3.82646012565161	5.08475848674528	0.0323515455709881	0.323109437316671
TBC1D15	-0.411410639666791	5.46339884456347	7.54886580866228	0.0105064060631199	0.241647339451758
TBC1D16	0.132668783039718	6.15847330307586	0.3599255667275	0.553492034857697	0.830058300939842
TBC1D17	0.220654340422021	5.62803733179185	1.4154878604188	0.244385518795264	0.623236285576533
TBC1D19	0.0391858305939317	2.38330954006901	0.0281710389456717	0.867943769440486	0.958629145388489
TBC1D2	-0.0987144907734712	6.44098307135912	0.0556779731435853	0.815222503739137	0.938468786921413
TBC1D20	-0.0279638111429259	5.52277655589651	0.0207410719476258	0.886543764298464	0.9646948705424
TBC1D21	0	NA	NA	1	1
TBC1D22A	0.436323632957451	5.58698278750216	7.31287787679655	0.0116415660742712	0.248241111519427
TBC1D22B	0.133568210412771	4.37976517329524	0.380433194291765	0.542478326055399	0.825058853771503
TBC1D23	-0.147213559882034	5.36425574373081	0.781056223905764	0.38453049097459	0.731242184521432
TBC1D24	0.0608174676040936	4.18168735789792	0.0773227201819053	0.783052784878335	0.926859446520404
TBC1D2B	0.50162865111273	7.49571858516255	2.11783613702505	0.156988438046949	0.537663104655545
TBC1D30	-0.239256498877019	1.76838967442547	0.623706834897105	0.436475046856191	0.763869727058754
TBC1D4	-0.22244669489087	4.14867013635529	0.606702080837129	0.442727770794722	0.7668803828087
TBC1D5	0.202223237107382	6.30757966847016	0.95673926441775	0.33659314633535	0.695985868407882
TBC1D7	0.0650005845296243	3.82222156925238	0.0583166954326867	0.810980054984839	0.937016021837291
TBC1D8	0.0163930509781059	3.93645178099978	0.00470064909411506	0.945838237999786	0.984856766032362
TBC1D9	0.842431408654191	7.00553010266123	2.67283452261953	0.113546931411481	0.48151606032944
TBC1D9B	0.0452718742732623	7.50682940198682	0.1198138719962	0.731888297563002	0.905085849026409
TMED10	-0.304004879675728	8.53909229496448	2.19626343085176	0.149790354545055	0.528570256061347
TMED2	-0.275479805147038	8.31575052879632	3.8048783254911	0.0614316361832447	0.396235294728017
TMED5	-0.131465423291443	6.26280602278877	0.206686805605618	0.65296895766196	0.876140129034151
TMED7	-0.219147637906554	6.78831551294264	1.21184453840122	0.280573049613529	0.654396344907522
TMED8	-0.470355820512679	4.60288946042103	5.14519143875325	0.0314216621092848	0.319241958214922
TMX1	-0.855128222468502	5.58750624192518	12.2044379801685	0.0016421785912238	0.158295752795837
TMX2	-0.0192985122193808	6.53422192915726	0.0135207372378214	0.908282284224003	0.972335342859483
TMX3	-0.498169222502108	5.95883419891855	7.4069013976722	0.0111739887378582	0.243490148893415
TMX4	0.0538315571591444	6.5341519229817	0.0273115747228177	0.869954587465859	0.959143614166432
TOR1A	-0.156445693594182	5.76074269909465	0.925839224335967	0.344386966685664	0.701431071069952
TRAM1	-0.110607801857081	8.78147136518652	0.152304232889373	0.699369605333458	0.893293453713319
TRAPPC1	0.251857712929708	6.59853592708239	1.27755138123969	0.268181568819586	0.642827989357308
TRAPPC2	0.56458136808766	3.6174205650721	9.1049774465164	0.00546407343298037	0.196537098149689
TRAPPC3	-0.0409371497925281	5.9777456493549	0.0553592097473589	0.815742142794553	0.938553538254846
TRAPPC4	-0.130158083545855	5.58303017716567	0.409271573726917	0.527668756080718	0.815946673575772
TRAPPC5	0.328563523473958	0.621450274169638	1.55472335804165	0.223024954899337	0.605993099934761
TRAPPC6A	0.539357959299971	4.13807412538173	6.66109711553654	0.0155358272573105	0.268086104691089
TRAPPC6B	-0.433759751937346	4.54551223856904	8.86988850395254	0.00601692858092766	0.202352516027679
TRAPPC9	0.436157892060645	5.16060944753518	5.27768500705203	0.0294847527956987	0.314270842480506
TUSC3	-0.306889425985143	5.93556032300672	1.10122145942001	0.303193960785329	0.672468656613615
TXNDC12	-0.157928508699034	6.39389959286368	1.11113711611171	0.301069444915826	0.671506375697669
TXNDC5	-0.299073467558458	3.12699429492587	0.742674997908363	0.396307369812371	0.739013508521615
UBA1	-0.0119832919047727	8.64628131010039	0.00651331517730224	0.936264847482856	0.981845040431375
UBA5	0.0468290317434068	5.35995408767606	0.0834376771167093	0.774872437937611	0.923504038836726
UBA7	0.126394932438691	5.99398663692395	0.125757282962024	0.725595314676741	0.902936340276676
UBE2D1	-0.225215337817556	4.55456039379037	0.932280740894119	0.342741634543809	0.700302435991483
UBE2D2	-0.237748898771345	6.39518490438949	2.886970067123	0.100661062177198	0.459948017220612
UBE2D3	-0.148218921053868	7.89537558515163	0.621656248249462	0.437221653930196	0.76431797049144
UBE2D4	0.138766679298845	4.08427853845174	0.499076496384786	0.485888555265455	0.790634507577236
UBE2E1	-0.135922021578366	5.97931944844698	0.679111327248562	0.417030295710598	0.75156259866731
UBE2E2	-0.0421673263902204	5.20442554829606	0.0375005765603424	0.847882179790459	0.951362921827939
UBE2E3	-0.129001865996507	5.66876952019741	0.32767737321937	0.571711486047044	0.837384967599642
UBE2G1	-0.299973890532783	5.55009413233126	5.2535732622976	0.0298271773888141	0.314807264801303
UBE2G2	-0.0910536718539435	6.48286885637593	0.196373502839811	0.661153756835081	0.878380613827352
UBE2J1	-0.139447572583141	6.22083124420354	0.451861699586843	0.507098339510605	0.805444154575286
UBE2J2	-0.0319503521397076	5.75778905431031	0.0232029506228731	0.880049984575755	0.962126460136933
UBE4B	-0.116235894890563	5.74334815721091	0.359863242998559	0.553526155754277	0.830058300939842
UBQLN1	-0.252534284681005	7.11715603893853	2.09194515966441	0.159454717278508	0.540250613122602
UBQLN2	0.0517665479366957	6.03705722648875	0.111121016761173	0.741416611576302	0.909064679360935
UBQLN3	0	NA	NA	1	1
UBQLN4	-0.108371325355605	5.16591788640461	0.40763646289096	0.52848844950472	0.81642314386109
UBQLNL	0.581675852931457	-0.241834178105587	3.657578379089	0.0663531942465141	0.403452567094865
UBXN2A	-0.0578766984469782	5.07239534110229	0.100600668338281	0.753521493793685	0.914223972864941
UBXN6	0.327667926865436	7.65902767146125	3.28246628933757	0.0810318635960136	0.431281146667387
UFD1L	-0.451460540821414	5.49627904836042	3.52164883987282	0.071292967086033	0.413929967639094
UGCG	-1.15748668382195	6.27392307312781	10.6393478537073	0.00296821386227938	0.177764493942616
UGGT1	-0.170763275858474	6.88861018428574	0.928921654366821	0.343598258664719	0.701136131353807
UGGT2	-0.424926926747934	4.50089065910732	3.2805510516306	0.0811157268441069	0.431464654905647
USE1	0.225830677272527	4.56475121998648	1.45387093266243	0.238248208326517	0.619386134393479
USO1	0.0268752046467538	6.70900551732416	0.00873859876962114	0.92620411962885	0.97838117022491
USP6	-1.15502356686313	0.530695132945517	5.95300290343832	0.0214551742366776	0.29271471398541
USP6NL	0.147717448587306	4.28526913790687	0.422609386689106	0.521067854468235	0.812369325652028
VAMP1	-0.0168728065879881	3.14729175707811	0.00284054380129958	0.957883323107807	0.988559965867566
VAMP2	0.240512028456812	5.90351725664034	1.00706524409269	0.324413831527482	0.688405990221508
VAMP3	-0.123248765453164	6.85428971044553	0.426429066991963	0.519204937669737	0.812201674644861
VAMP4	-0.0181711104627418	3.96071505068401	0.0127708664975804	0.910850405476899	0.973063889650588
VAMP5	0.239376768271103	5.63617135153725	0.396254899346791	0.534259460471342	0.819387293098778
VAMP7	-0.232897053087656	5.50503250421427	1.75276990744528	0.196501138760809	0.579628868341508
VAMP8	0.61904632151471	6.8137413976253	4.63840719446912	0.0402449090103858	0.348024934727523
VCP	0.186825193908961	8.66634875985025	1.29540945179169	0.264937382831865	0.639653315539971
VPS45	0.112832270833291	5.21466962289057	0.659938213611503	0.423604957714372	0.755347567650127
VTI1A	-0.337449801749261	4.10432976968013	4.41920506506419	0.0448885787709988	0.360440882741745
VTI1B	-0.367013032283174	6.24476727618472	4.55663213798807	0.0419115976593175	0.35108683597142
WAS	0.434711829386079	4.35485499436572	1.64889976737589	0.209893178796432	0.593410407868996
WDR38	0	NA	NA	1	1
WFS1	-0.0493347159138362	5.20280514332686	0.0468824407484457	0.830188527956136	0.945231356005047
YKT6	0.1146900635983	7.22557073453345	0.300395448900643	0.588085852720773	0.846290635796005
YOD1	-0.312555442018611	3.30000730997618	0.883893503332085	0.355377175524002	0.710527590380419
YWHAQ	-0.401972417814722	8.09267528563041	4.80871936658786	0.0370052129983159	0.34046969925185
