pspGenes	logFC	logCPM	F	PValue	FDR
A3GALT2	0	NA	NA	1	1
ABO	-0.0897175436468124	3.66098383720704	0.0314594007908227	0.859866203814811	0.946716385790506
ACAP1	0.521092383509891	4.16419524488418	2.02372901292577	0.160464477918165	0.478456690840653
ACAP2	-0.305989822249463	5.40094328251069	3.12555213373104	0.0825797339455712	0.36441012735363
ACAP3	-0.0114540350716121	6.02350752786415	0.00175832532176177	0.966703345748137	0.988886257467355
AGAP1	0.199014204890468	5.45004428184023	0.336335734128959	0.564303076201383	0.795799561130663
AGAP2	0.128828296439447	2.91823201434917	0.149096619748186	0.700878990352354	0.872333367162375
AGAP3	0.255339149801806	6.96721508705634	1.91704844166725	0.171733396617762	0.491603400304114
AGR2	-0.989485905689057	3.53633071925242	0.716185644854984	0.401038357894601	0.692388436466621
AGR3	2.14159459949839	1.68337410341438	2.31334643788761	0.133954633292582	0.445096381577527
AKAP10	-0.229465178228134	4.77032123639239	2.11964120767711	0.151064063264512	0.466966526984457
ALG1	-0.220692626762815	4.69835198190234	1.67429399780816	0.201052356302307	0.520843418456437
ALG10B	-0.022390061144959	3.60911455847019	0.00884186958115613	0.925423592133556	0.971764353616496
ALG11	-0.346966267995451	2.5636897936939	2.95329502313562	0.091286526881037	0.379107773289559
ALG12	-0.0538556114643346	3.41456328025738	0.0854876659811912	0.77108613867457	0.904814586062714
ALG13	-0.0243933124636843	4.66862278639341	0.0459748783268023	0.8310086857902	0.934204110147357
ALG14	-0.0806035403918087	3.13264133379375	0.165166518576632	0.686009262012709	0.864853629546279
ALG1L	1.46521110275175	-1.20096092731057	5.53095675498573	0.0222644296840956	0.233907038495252
ALG1L2	1.02871556900634	-0.94360043201694	4.3504022357596	0.0416181542414959	0.291249913767898
ALG2	-0.184253957782075	5.34907965153699	0.770234432608856	0.383934446878885	0.68184764690985
ALG3	0.140903111581254	5.91386437301174	0.444414268000014	0.507766237334592	0.762828327628974
ALG5	0.0213866829203777	5.07088034524448	0.0109131879251256	0.917176646094602	0.968813019611845
ALG6	-0.219882146812679	3.72868552523129	2.01829330337738	0.161017319344564	0.479158766606702
ALG8	-0.195805681804851	5.23448664518698	1.46497209377369	0.231279028701861	0.550162277729237
ALG9	0.0210064530118489	2.73008881560069	0.0152262942433656	0.902240969523515	0.962463924470235
AMFR	0.0596642907229139	6.86531020210854	0.100374012574471	0.752571971779384	0.895366929381531
ANKFY1	-0.471578197851353	6.13471227316414	5.81236147885993	0.0192570700196512	0.223225401135049
AP1B1	0.0609255662789145	6.83054940535487	0.132922381238379	0.71680894065016	0.87901961715295
AP1G1	-0.0653139214222902	6.42738058918207	0.178933345029455	0.673928910867002	0.858561775174062
AP1M1	0.116673417294328	6.89061946306891	0.826737235110639	0.367156156945436	0.66913072027896
AP1S1	0.0105744544675469	5.86088821195977	0.00275359751021062	0.958339172192449	0.985408592605299
AP1S2	0.0550757822329468	4.43143963475011	0.0457033351043822	0.831500773617603	0.934314107340688
AP3B1	-0.0569950964345393	5.96987060315458	0.119158267926587	0.73125632217054	0.88604234347957
AP3B2	0.922078121508959	2.60396951433878	2.34117219127671	0.131684683843	0.44186269822323
AP3D1	-0.121661198232821	7.74213727287077	0.554409660072461	0.459668149008474	0.733383465016619
AP3M1	-0.222683532191461	5.67144803394238	2.339107306709	0.131851610571678	0.441950747579622
AP3M2	-0.0946305863813554	4.29012389042191	0.377167476081952	0.541636742853686	0.783404024741796
AP3S1	0.329198351188259	6.92065930714901	0.861645211886134	0.357305120676764	0.661288963946225
AP3S2	0.0988535477318362	5.02515743545351	0.253069596455274	0.616915980945907	0.826702866457043
APPL1	-0.104217751986438	5.47643117447462	0.330894732648028	0.56746157713523	0.797523554601385
APPL2	-0.150210480488111	5.23333353433037	0.750566275733689	0.390033362237317	0.686297176588049
ARAP1	0.108710534802533	7.45948229205261	0.512761781239168	0.476953111291086	0.744183557826783
ARAP2	-0.394108079536831	5.11659555806787	1.08677054533015	0.301715421342277	0.614667815015942
ARAP3	-0.776499444693711	3.79706502284209	4.82778544971109	0.0322035610476825	0.26365937942365
ARF1	0.0614282843538646	9.05994418346526	0.247343650875459	0.620919750146117	0.828844601344471
ARF3	-0.102705387467581	7.74125139126829	0.627848424342992	0.431525384480879	0.715397061270423
ARF4	-0.504094123569449	8.12734888628833	6.7492230231105	0.0119917879587407	0.196218229850897
ARF5	0.356847836391032	7.08948929571254	4.63880792405665	0.035622895661392	0.275569888136412
ARF6	-0.56189500741441	6.68708809767724	8.25116963273264	0.00576163037713852	0.15718360777887
ARFGAP1	-0.11808530185637	6.86583324255719	0.503970754957493	0.480737861837948	0.747103322754747
ARFGAP2	0.000230048186391547	6.48508596078667	3.97700849765097e-06	0.998415987881218	0.99929852654283
ARFGAP3	-0.487086975575677	5.3308617870748	3.92922213745697	0.0524221648874176	0.313315477973201
ARFGEF1	-0.281720635922232	5.60250181173861	3.61956759228625	0.0623059487675778	0.335360989177884
ARFGEF2	-0.310698360620106	5.50942112186403	2.37303423070134	0.129139328075932	0.437732259183887
ARFIP1	-0.237375227604693	4.82456008994955	1.47077264711331	0.230369527967476	0.54917833423384
ARFIP2	-0.169392246218755	5.68373593645622	1.02489677056179	0.315761121114814	0.627381269252637
ARHGAP1	-0.00604385858618631	7.39442528540761	0.00140217500470813	0.970264288808501	0.989948886135139
ARHGAP24	-0.135063888830053	2.97630860173009	0.145941978612897	0.703905309430962	0.873459706157455
ARHGAP5	-0.521564202558879	6.02822265716483	6.58708223960626	0.0130034888426991	0.200734157008701
ARHGDIA	-0.21663309664889	8.41378586040761	2.1136241929998	0.151634633689183	0.467782879097264
ARHGEF1	0.126834731243219	6.90412302520627	0.571032700144278	0.453049632272917	0.72867627645259
ARHGEF11	0.00515208562378927	6.03625338344992	0.000704031460869488	0.978927081364117	0.9930025838554
ARHGEF2	0.0287179241321897	6.84582631732026	0.024555848982719	0.876048504442471	0.952204891029752
ARHGEF6	0.282741432198067	4.23099069229503	1.12272468855137	0.293930052909284	0.607432698835879
ARHGEF7	-0.0762877505831513	5.67398259556944	0.171003472495936	0.680817808014193	0.862571959977445
ASAP1	-0.552984201091572	6.39597457500511	4.50634803686931	0.0382518192414007	0.281799186252687
ASAP2	-1.22924797218669	4.51858336038826	11.5978151219688	0.00123485967733714	0.100592202348838
ASAP3	0.0371012654542836	5.97664532828837	0.0160370259788187	0.899685875316361	0.961692029001659
ATF4	-0.0338738145440343	7.99651692106717	0.0245131462177005	0.876155433425515	0.952205054566678
ATF6	-0.0732340693599273	6.24661000193788	0.236016111748624	0.629014250158021	0.834217150564903
ATF6B	-0.14439014347709	6.47335846326502	0.936068718055805	0.337495423252254	0.645135591708496
ATXN3	-0.176664144269468	4.18041928806876	1.87240347593716	0.176723598962526	0.497166936035155
ATXN3L	0	NA	NA	1	1
B3GNTL1	0.272729407645224	3.22037121656333	1.97904692508643	0.165075602792681	0.484110606169783
B4GALNT1	0.078314103644939	3.56037758797864	0.0206036652271916	0.886384703518308	0.956042484086284
B4GALNT2	0	NA	NA	1	1
B4GALT1	-0.187452544378459	7.88377206973196	0.863535830744051	0.356782205069521	0.660948449086079
B4GALT3	-0.0558417609422287	5.40940169917949	0.148954508827148	0.701014524049033	0.872406160994362
BAG1	-0.144812939515972	6.13832491694624	0.326070661195641	0.570291076499094	0.799381760237589
BAG2	-0.23380088228143	4.60173012587371	0.612879456625271	0.437039194249779	0.718759640810939
BAK1	-0.151395144745441	4.7418784910937	0.576842260490273	0.450772239686018	0.727397226416711
BAX	0.0583214464291261	6.45940912248656	0.0463584865054092	0.830316100327153	0.933923008331795
BCAP31	0.236953665882475	8.15106891270416	1.41982972353797	0.238510734171935	0.559373869724278
BCL2	0.370748269348773	3.51066717972107	1.77052032630588	0.188768312108998	0.509193952699763
BET1	0.292585891108309	4.89190488252118	1.90505784990179	0.17305715723935	0.493521267200896
BET1L	-0.0318344009600126	6.42093207997342	0.0582573300806063	0.810162857861565	0.924698759091426
BNIP1	-0.00382394831488779	3.48463999371594	0.000360055210010293	0.984929122078606	0.99527107383234
CALR	0.0492072590529838	10.4527870879529	0.0646064198610222	0.800299075904809	0.918998675165575
CANX	-0.274995219844408	9.78988656046875	1.84065525269985	0.180376537031351	0.500805710511552
CAPN1	-0.000212413627134437	7.8523792975697	1.815641416333e-06	0.99892972485451	0.999591823121172
CAPN2	-0.153995844394272	8.88217528470162	0.486085384030918	0.488594026575426	0.752041463921187
CKAP4	-0.37815656158529	8.43041910021252	3.37129911533894	0.0717092525325686	0.346620271418794
CLTA	0.162043040106432	7.16316791101571	0.579630834304126	0.449685528611121	0.726987294662591
CLTB	0.413404206778009	7.25939701826562	1.755742747696	0.190595227375829	0.511190769601521
CLTC	-0.424372461787185	8.97279833282394	5.56032542123885	0.0219283411944631	0.232703474550052
COG4	0.248486957755874	6.30775946121004	1.7270798036701	0.194199275710169	0.514342885026736
COG6	-0.182319823722184	4.19314087601906	0.530115447476583	0.469624387291208	0.739885478961785
COPA	0.0315579729440131	8.16351449305842	0.0365328473001954	0.849118001824415	0.941727130090391
COPB1	-0.222828341830595	7.4147201017766	1.87996441387981	0.175866569508893	0.496351517551185
COPB2	-0.214845366473362	7.58934505861261	2.32191233387562	0.133251110611218	0.444157293332593
COPE	0.27791233528184	7.34007628677775	1.58234232165982	0.213699446919342	0.533624178513113
COPZ1	0.198200147094584	7.67130793826969	2.18000174502586	0.145475764473286	0.460954828915912
COPZ2	0.40640004671768	5.29410037465778	1.32955976399077	0.253833956027505	0.573453556687186
CRYAA	0	NA	NA	1	1
CRYAB	0.527561737906908	6.50485922487158	1.35657008013597	0.249123311925512	0.568657981351964
CTBP1	-0.0563270729360935	7.09332413541532	0.145075906879691	0.70474271357049	0.87374656585215
CTSA	-0.193797187641682	7.45653289638309	0.885498449638539	0.350784988220124	0.655814153655819
CUL1	0.0244463528758769	6.13645384751182	0.0262569418505802	0.87186390637725	0.950748823217372
CYTH1	-0.231621673168687	6.0905005513288	1.22430068597821	0.273299460039044	0.589273041601714
CYTH2	-0.265438385976489	6.1577994447347	2.2693855916699	0.137632877250664	0.449694724890858
CYTH3	-0.231253754411193	6.79228874147017	0.719783039461402	0.399865679208366	0.691707009862012
CYTH4	0.483999937884829	5.1975851047081	2.69044003140663	0.106617889220389	0.405133635081103
DAD1	-0.236030129690324	7.00144334883018	1.25997053416399	0.26649753429701	0.584683507236008
DDIT3	-0.174258374275885	5.00257323432404	0.527550083490722	0.470696123762844	0.740543588907417
DDOST	-0.0589831319021099	8.1505955846231	0.108475559671778	0.743128287935558	0.891171531910011
DERL1	-0.205803138050973	6.37887830832041	2.29967205653799	0.135086560346724	0.446470296249761
DERL2	-0.16228647695157	5.70562999809602	1.12196202589538	0.294092453356008	0.607499562045076
DERL3	1.26071261737939	4.15888490951462	3.65960102888445	0.0609204905751009	0.33267553160447
DNAJA1	-0.234251431883868	7.74364873709903	1.53427695543989	0.22069397166587	0.53861792028724
DNAJA2	0.0392897339172516	6.20615333622063	0.0687579170581391	0.794126404123319	0.916043832631142
DNAJB1	-0.0229024077529485	7.55824847549746	0.00689400885898534	0.934126809709815	0.974914932198331
DNAJB11	-0.0946366836333835	6.42988603688827	0.255160600839232	0.615468064704212	0.825862710434541
DNAJB12	-0.0571366167632252	6.15663856464604	0.152109668114725	0.698022731863867	0.871106172735388
DNAJB2	0.238998752303075	6.24796020114846	1.6059862775617	0.210357717271362	0.530131129000218
DNAJB9	-0.219025150285906	6.18028971890331	0.449247283449967	0.505476866063138	0.761865498094232
DNAJC1	-0.34131813911443	5.31479651580749	2.09239761870717	0.153667532827148	0.470190189800541
DNAJC10	-0.422907833410908	7.18937469194461	4.37720092159751	0.0410175996071042	0.290123901504973
DNAJC3	-0.211383133118177	6.5923419797138	0.81051102847263	0.371865803329174	0.67253536860827
DNAJC5	-0.227218630716083	6.69438871337042	2.65230137172183	0.109073770493622	0.408788592237602
DNAJC5B	1.18095396988632	-0.295127227448189	2.4504952811148	0.123182065056841	0.429496696732445
DNAJC5G	0	NA	NA	1	1
DNAJC6	-1.06034343334239	3.67041302119524	4.98151562729647	0.0296821885585861	0.255874701978584
DNMBP	-0.239338172376184	5.26933789202214	0.452011960058584	0.504175290073141	0.761208208162652
DOCK5	-0.136670688840757	5.96102508023962	0.327879312225856	0.569226987847054	0.798631706014769
DOLK	-0.0253355867870019	4.27902095953058	0.0260774270282237	0.872298806651384	0.950903955686302
DOLPP1	-0.250375527242631	3.9872552083971	2.19520867988987	0.14410580614112	0.459411968407558
DPAGT1	-0.290043229633243	5.58123622787911	2.01039418301725	0.161824671831696	0.480442436726806
DPM1	-0.128006399192869	5.08006002077114	0.860322082891699	0.357671713888667	0.661574196708686
DPM2	0.343642209314139	5.78115089618834	2.32688694062215	0.132844486027823	0.443386360633471
DPM3	1.00985838910049	4.40452613825903	5.76968026965325	0.0196838452377815	0.225591254510668
DPP6	2.39742545373545	3.43205249243568	6.20011155721012	0.0158021377965949	0.210466255086191
EDEM1	0.0127396046047015	6.22463538624818	0.0022466077424875	0.962366151134886	0.987565017743888
EDEM2	0.240251101437902	6.08808283286567	1.2587548719921	0.266725779711393	0.58475141301863
EDEM3	-0.378673746528451	5.54621828732709	3.54366122183318	0.0650286426530289	0.338333233085025
EEA1	-0.345898085961877	5.13604126772319	3.2011730904355	0.0790520635726094	0.358401007340403
EIF2AK1	0.125630011475029	7.66581969180653	0.73417828418731	0.395223186770229	0.689528112636862
EIF2AK2	-0.477011243425602	6.30920240408539	6.85520898778952	0.0113757902738527	0.192119388887022
EIF2AK3	-0.437911779269212	4.56337207316788	5.16755783711362	0.0269107346158205	0.247575989263626
EIF2AK4	-0.110878494669023	5.86962170381699	0.227163920896076	0.635509182161866	0.837456298440244
EIF2S1	-0.817342468685046	6.15494294676216	15.0253958937956	0.000283303511901354	0.0599597320609165
ERLEC1	-0.294516340485643	6.1219574667391	4.84022884390033	0.031991152273668	0.263518905161035
ERN1	-0.0447727286239207	5.78272561261499	0.0163745243752684	0.898641609003682	0.96134148412761
ERO1A	-0.601081786158631	5.89510320988221	4.54195008127334	0.0375252681045643	0.27957219590584
ERO1B	0.440371425598088	3.81530682430606	2.73166243406624	0.104033190462709	0.401625576409565
ERP27	0.635745487714004	-0.11692497483101	1.96138534131915	0.166940881086197	0.485931001680979
ERP29	-0.0578598931729121	7.63556061536088	0.139452245323061	0.710251246892679	0.876116218807789
ERP44	0.110715123600739	6.49986320400229	0.419235659186925	0.519992650203324	0.768451680795124
EVI5	-0.522756979211872	4.89629732730659	6.7163756214787	0.0121897947737906	0.197148540619367
EVI5L	-0.19727848201461	4.5547188524176	1.17262097745837	0.283553656988015	0.597901996621972
EXOC1	-0.165344660924652	5.44278150111597	0.815302761232893	0.370466143016753	0.671151026167086
EXOC2	-0.667597603661613	5.13969919443877	9.11607929106483	0.00382609140849103	0.143617648788217
EXOC3	0.166104429576345	6.19402503974929	1.26153622079371	0.266203935839839	0.584379054965976
EXOC5	-0.720269682444415	5.26144380224226	14.7790010620895	0.000313965543434442	0.0640546278974448
EXOC6	-0.138846424426401	3.58307764964811	0.504413739736108	0.480545957254272	0.746991945456851
EXOC6B	0.00928908042877776	4.99797445723762	0.00206400669119028	0.963926854567235	0.987946706569837
EXOC7	-0.383070276069805	6.23718012879207	4.58952002399151	0.0365776196667881	0.276792496352001
FAM71B	0	NA	NA	1	1
FBXO2	0.219613340658705	7.24275883163531	0.121450235740939	0.72878768361171	0.884793698140752
FBXO6	-0.301973715309439	4.04080728598005	0.978517560762389	0.326865549483922	0.636967320679193
FBXO8	-0.31780818406047	3.82777649363821	3.29719590041177	0.074810742076291	0.35134053609699
FUT8	-0.764945383551336	4.73131339110907	6.4694644156203	0.0137938071493556	0.202556311206572
GALNT1	-0.85959206129076	7.16587265416263	9.97817013061823	0.00256517340023128	0.12874602142719
GALNT10	-0.922213613742103	7.33555124831411	14.6724011719016	0.000328284913893638	0.0644347694154744
GALNT11	0.0377090968018886	5.63913735322508	0.0360487650120603	0.850108728468034	0.942288286767202
GALNT12	0.19261683389157	5.27970343046173	0.162603841267634	0.68832240399502	0.865889854509012
GALNT13	-0.42545147827047	3.06701361175763	0.60603588758556	0.439596419604166	0.720548676777355
GALNT14	0.0128746157602514	3.57456211769829	0.000345519851713611	0.985236423610181	0.995301068344389
GALNT15	-0.482133063413092	2.77022871491389	0.776682933527596	0.381964796898209	0.680296876960821
GALNT16	-0.335581118480815	3.32369581764016	0.661673527310378	0.419451773964026	0.705516244226458
GALNT18	0.0758678050899411	5.36537962398738	0.0650394505497373	0.799645518563884	0.91848974837348
GALNT2	-0.547357927206318	7.2257924290178	6.69283808817414	0.0123338094650629	0.197577443936944
GALNT3	-1.48576655364123	1.99886199011628	6.38264480233298	0.0144097941513728	0.205024742375095
GALNT5	-0.857181303784139	3.44402670585777	2.13926642664729	0.149220297780467	0.465268189940309
GALNT6	-0.879646127059038	3.70316677687901	4.10716584582325	0.0475256021666023	0.302883130258083
GALNT7	-0.833527542730229	4.89413293277626	7.58673786857458	0.00793918296824075	0.173286310132538
GALNT8	0.785213528110965	0.452030149129076	1.72655661730746	0.194265813763069	0.514362635154737
GALNT9	0.252290914769041	6.41634474185662	0.24777147542526	0.620618606709349	0.828735713635233
GALNTL5	0	NA	NA	1	1
GALNTL6	1.19045278972361	-1.63466342848273	5.55467454263567	0.0219925853670623	0.233057598606688
GANAB	-0.246284774387711	9.09068496279313	2.41387679683003	0.125958315578663	0.43358625084925
GBF1	-0.347939361453927	6.56778086484295	7.91450770637925	0.00677315690252099	0.16433583799755
GBGT1	0.557030623995785	4.23588561583937	3.26899771305375	0.0760295740559064	0.353797402704619
GGA1	0.222692521013079	5.3562942561853	2.22577784323874	0.141396672787654	0.456265182665891
GGA2	0.0333889733801842	6.61920986228601	0.0388375795432744	0.844491960351568	0.939703221379776
GGA3	-0.118257083338068	5.91134041664574	0.336246507416957	0.564354595475286	0.795799561130663
GIT1	0.139140836644343	7.23264473065285	0.431169348011398	0.514133932166134	0.765403994229307
GIT2	-0.322774382606865	4.83154033495563	3.69950091628333	0.0595731336307327	0.329981384695089
GLT1D1	0.520553140217049	0.20429516742124	0.710881452457565	0.402776689224976	0.693583046419487
GLT6D1	0	NA	NA	1	1
GLT8D1	-0.044244838061477	5.88930302211467	0.0614924541351166	0.805069183118562	0.921858558977749
GLT8D2	-0.175511151472769	4.37202246512812	0.183567562338441	0.669986204470908	0.856477989638621
GMCL1	-0.279956812571159	4.59948328944235	2.89550237574891	0.0944330583192566	0.384462281336074
GOLGA4	-0.59869826659622	6.51085739324252	8.88245285894139	0.00426984992811232	0.146768462744459
GOSR1	-0.199100688007233	5.45084845550952	1.72539324035082	0.194413868055185	0.514547663971417
GOSR2	-0.29275192551861	4.45599942409848	3.871429641951	0.0541284852333888	0.317809928752941
GPAA1	0.448437600536263	7.12740529226511	3.39156923573877	0.0708857568793365	0.345579489181933
GPLD1	1.47071789887772	1.60800050867125	4.93539081465947	0.0304156615990935	0.257802332539169
GXYLT1	-0.385512353499319	4.60065260925779	4.05566093079341	0.0488896662226054	0.305710338708376
GXYLT2	0.209383239720204	5.11542563993276	0.365343662577393	0.54802071642543	0.787068888663307
HAS1	-0.760591746760896	7.56988159735779	1.34891323295871	0.250447472418911	0.569828236612852
HAS2	-1.54541801299806	4.13310624847776	4.91307545309571	0.0307774814769645	0.259280543692707
HAS3	-0.428745089527093	1.83618422567195	0.728329063511288	0.397099985796721	0.690703043894431
HERPUD1	-0.0874370416604754	7.21054044489304	0.155387289893108	0.694952513573369	0.869291051649593
HSP90AA1	-0.381986790648351	9.89648774015398	3.32460486603645	0.073646663063641	0.350148393872979
HSP90AB1	-0.141948782436488	10.2932784511662	0.824437648763615	0.367818458232876	0.669780863134903
HSP90B1	-0.261233776433353	10.3744210593016	2.01845403843644	0.161000939841871	0.479158766606702
HSPA1B	0.379015837837396	7.08111322494467	0.763288106942494	0.38607257865662	0.683256945943087
HSPA1L	0.467942991233287	1.441729332109	3.38410145515386	0.0711879255076791	0.346085856423402
HSPA2	0.44412531572569	5.29746575573458	0.713923136154	0.401778488328285	0.692869408642809
HSPA4L	-0.29695517950906	3.04123975668992	0.822517483610978	0.368372777075298	0.669951745094692
HSPA5	-0.154761162550511	9.93441250626611	0.798102816098207	0.3755253513838	0.675093046553746
HSPA6	0.332951578047969	4.18187488570001	0.295430652370418	0.58894168586169	0.811470554982947
HSPA8	-0.515185161010277	10.1856850664118	7.20307873672589	0.00957858157207389	0.183778995492866
HSPBP1	0.184849101170261	5.6102504573717	0.709531380340488	0.403220921579578	0.693860989506671
HSPH1	-0.129810724734623	6.82615159869554	0.348364791536392	0.557440000191877	0.792055856716353
HYOU1	-0.761697602383591	7.86959615259304	6.98459151578991	0.0106688854270873	0.188608570945995
IFT27	0.381426314123531	4.16279155737128	2.17007796698811	0.146377885143488	0.462132104692519
INPP5B	0.15031208119834	4.58872524522245	0.736665714105606	0.394428994411377	0.688790793294265
INPP5E	0.0664211436693824	4.31136184312451	0.181889196571995	0.671407246067075	0.857179899262371
IQSEC1	0.100718100838774	5.66386948580971	0.222099315879089	0.639295443733154	0.839609540540788
IQSEC2	0.409796100918928	4.72076698733229	5.15127747355816	0.0271418160783961	0.247985067978738
IQSEC3	0.789134582899191	2.99994959801167	1.51475651547252	0.22361418122799	0.542198729142848
JUN	0.261054555216767	8.28092253327101	0.361385642560699	0.550189387923104	0.788581574614342
KDELR1	-0.185429572381335	8.02326062809149	1.29789534274117	0.259499705010241	0.579351631864582
KDELR2	-0.142985340307225	8.55469507556688	0.769542527729275	0.384146653110878	0.681880538607737
KDELR3	-0.288123421015711	5.70797441796396	1.1952920904587	0.278995482602681	0.593130117918393
KIF20A	-0.798343142683915	4.82671647162607	4.0779435620963	0.0482943814746592	0.304107446676802
KIF23	-0.621013502740396	4.80937067774607	2.73698705885645	0.103704498123919	0.401520270903449
LARGE1	-1.02289481449447	4.50453744486332	8.87546230395954	0.00428393331599787	0.146768462744459
LARGE2	0.435514780110093	1.35922190386792	0.692225920870691	0.408980051278042	0.698319761638048
LMAN1	-0.42741218177471	7.75651931639956	5.86158131902108	0.0187771194650316	0.221558324584272
LMAN1L	0	NA	NA	1	1
LMAN2	0.0916176409852469	7.78907055983674	0.163851758443175	0.687193364915884	0.865238571215674
MAN1A1	0.376562892865901	5.60432460443464	1.24809905522384	0.268737127582623	0.586746819978994
MAN1A2	-0.316093468949768	5.36607842069867	3.60534556732833	0.0628064146598623	0.336079679865918
MAN1B1	0.094419474652746	7.1011282930117	0.195347088250221	0.660223473926723	0.850160367853959
MAN1C1	-0.108299583346531	4.24542646543456	0.101119733248314	0.751685509631593	0.89530526018031
MAN2A2	-0.328080778839571	5.38523885242346	1.75539178362074	0.190638871833277	0.511190769601521
MAP2K7	0.00475439898859538	5.47482711052482	0.00151416904684628	0.969100165701895	0.98971093820536
MAP3K5	-0.00937587601528048	4.5971310025026	0.00105378897489737	0.974220189997005	0.991425444779228
MARCH6	-0.259732087220679	6.9249205549016	2.91869577245231	0.0931559718516629	0.382180186785044
MCF2L	-0.508365509623512	3.54448324601307	2.47980063267256	0.121010370915947	0.425685838891699
MGAT1	0.00281032795113676	7.74239034186959	0.000225228387733495	0.9880800207069	0.996011294438703
MGAT2	-0.77696807663375	2.39385175422674	7.97539321907094	0.00657721503392282	0.161846753098061
MGAT3	-1.31989089318643	2.99600810925204	5.25978351032861	0.025640846903222	0.24510874587183
MGAT4B	-0.225613627497894	7.34001076049687	1.3948641692398	0.242630482678615	0.563087713746661
MGAT4C	3.19301183589601	1.61645538416032	6.9209012803384	0.0110108722006207	0.190636247595762
MGAT5	-1.82487891169481	6.66706561141448	27.4958243439857	2.54395476400638e-06	0.0041150285418349
MICAL1	0.277181248637837	5.80492688153335	1.58246502874615	0.213681938479404	0.533624178513113
MICALCL	-0.436209115020845	1.42703340963721	0.930568340159014	0.338907057224158	0.646271976910535
MICALL2	-0.0563184737081472	5.11541964212918	0.023761645663873	0.878053070701177	0.952636891635071
MOGS	-0.110623041213796	6.14598574178645	0.635210892798453	0.428852626671019	0.713038326392267
MON1A	-0.0541548476268254	3.02509820298724	0.0383059693028063	0.845546074768168	0.939778293808564
MYO5B	-0.638101965588547	5.83332822387391	1.60814235547949	0.21005614929225	0.529902145134487
NAPA	-0.154421734238409	5.88469480474887	1.26233020453212	0.266055204542796	0.584289620845787
NAPB	0.00125648437483238	3.68851392578801	5.73662437997282e-05	0.993984045908862	0.997953008522411
NAPG	-0.141191946402307	4.72748508871828	0.887209995533838	0.350323518624051	0.655630570553235
NCKIPSD	0.11633098555396	4.65359429706887	0.294325051576258	0.589637852613848	0.811815010701901
NDE1	-0.621179029397551	4.58941783453653	7.51168558109152	0.00823487189613613	0.17511451004624
NET1	-0.245424409789029	6.21849783339467	0.495167876676811	0.484577941473079	0.749419658717431
NGLY1	-0.288688095624068	5.00483518913978	3.08000089147286	0.0847887122252683	0.368122158177421
NPLOC4	-0.440748171016059	7.23635806788013	9.20942147081094	0.00366258734695849	0.141877587937981
NSF	-0.433549514200484	5.43466332017212	4.17047623809202	0.0459051993062424	0.299972350058227
NSFL1C	0.104903939223485	6.31085646400775	0.464471697542689	0.498380460858934	0.758575708732203
OCRL	-0.290574324301791	5.53980535675891	3.49771325451805	0.0667400056229025	0.340542109357585
OPTN	0.139363229913781	7.38968548019255	0.250170940998893	0.618935637786904	0.827794841683591
OS9	-0.125931903413357	8.41231710084887	1.03247944786659	0.313993823818092	0.6257912477768
OSGIN2	0.246863416726934	5.29629084687862	0.576425670697684	0.450934941872771	0.727397226416711
P4HB	-0.498639463724559	10.4783569118712	3.82528788890605	0.0555342883102248	0.320854349910611
PAK1	0.137841935949525	5.73601498854155	0.684784984625237	0.411494017624397	0.700143397213077
PARK2	0.801072397613731	1.27502305078924	4.66267397697667	0.0351702803920338	0.27425337803408
PDIA2	0.374651591807973	7.10151021364636	0.194283535730358	0.661090249763901	0.850703094737957
PDIA3	-0.0617827236167119	9.28333615417056	0.105586257164597	0.746449996070229	0.892851798485708
PDIA4	-0.203850529489734	8.54178003722785	0.702411998889215	0.405575540714936	0.695546048485844
PDIA5	-0.336374974367733	5.44055166024272	2.57512583821128	0.114241142613435	0.415314942356046
PDIA6	-0.432538217155267	7.84815044622722	3.86675916310446	0.0542690006062792	0.318090443204224
PDILT	0	NA	NA	1	1
PGAP1	0.0748492880416154	3.94706723933007	0.0350323061814376	0.852211709803264	0.943294971430795
PICK1	0.319883173179279	4.52410757400454	2.74839598647857	0.103004139598091	0.400634438385842
PIGA	0.0598101919372811	3.20303246011673	0.0330269586648516	0.856455357320774	0.945460102936142
PIGB	-0.202857837531976	3.76025653381657	0.92444528670184	0.340488005995857	0.647460967603746
PIGC	0.103493621908256	5.0279128859911	0.359986020821787	0.55096014904269	0.789125118536292
PIGF	-0.167191807743891	3.47835636862698	0.739321492874882	0.393583622615312	0.688377807172042
PIGG	-0.176944788597957	5.42226005879829	1.01649339645504	0.317735224321311	0.629330367488021
PIGH	-0.452065902228435	3.46511831205094	7.58539303977247	0.0079443815397298	0.173286310132538
PIGK	-0.527372313465282	4.78257762398847	11.2617260535468	0.00143422868084335	0.11002191333974
PIGL	0.208158294625183	3.19176287276518	1.0190367124673	0.317136019840456	0.628664417481352
PIGM	0.200446623922573	3.59262626142958	0.95058201352735	0.33380896110678	0.641826942878598
PIGN	-0.204279590987546	4.53630073896019	1.58465381484103	0.213369924349565	0.533271747800492
PIGO	-0.0562179417412324	5.00749966967871	0.0958450672914893	0.758035250867915	0.898626723088248
PIGP	0.328117834703113	3.73866341516443	2.84748838118494	0.0971394859571299	0.389108670791793
PIGQ	0.0879204618099661	5.85267548926357	0.17003080051466	0.681675627061569	0.863079566740391
PIGS	-0.310838235315691	5.88089199737578	2.21754823694016	0.14212018742152	0.457196232627595
PIGT	0.150719844442871	7.40124948202151	0.797273438892	0.375771785791016	0.675317527627517
PIGU	0.088887041034367	4.85183738271269	0.247088082468658	0.621099798836158	0.828987213086795
PIGV	0.103602499057187	3.81797648230111	0.274025375837255	0.602731783272395	0.81855855855992
PIGX	0.00304143201115518	4.53264780920563	0.000255346328098074	0.987308103372739	0.995794740523718
PIGZ	0.227984302687552	3.14086305728203	0.445445495629475	0.507276240663679	0.762669611372974
PIK3C3	-0.188107381132038	5.37932349400724	1.34038664931773	0.251932433556629	0.571205274702862
PIK3CA	-0.529214284000127	4.6446670622385	9.43819541281926	0.00329211309638536	0.137051253151371
PLAA	-0.138882256753326	4.87138541340179	0.226377910818496	0.636093374726707	0.837920004035187
PLIN3	-0.546470901950196	6.71815540400288	7.83616999070729	0.00703435711764407	0.16602565787576
POMT1	0.228502506070552	5.23312314883582	2.14756077969932	0.14844889774622	0.464525872372656
POMT2	-0.574366841543044	4.38782421326962	9.65607825467588	0.00297572242014329	0.131615695439033
PPIA	0.0109210130305053	8.54827206556381	0.00527867904033998	0.942342695855592	0.978598279925975
PRKCSH	0.177538710591408	8.91111127544404	1.13562670268176	0.291200334159779	0.605224189370627
PSD	0.753723012713119	3.22075173167006	5.08711161489626	0.0280734938875136	0.249902650383897
PSD2	0.793929930360283	0.0514874811203378	1.31503373753589	0.256413572271488	0.576122805601757
PSD3	0.14389013173867	4.51067037272014	0.124577420590282	0.725461298100177	0.883332420771556
PSD4	-0.0791385499805589	5.34482041905959	0.112859538097173	0.738180725277811	0.888386457609829
QSOX2	-0.343742375001068	4.89090691126354	3.15777751094333	0.0810555503026806	0.36233398976599
RAB10	-0.328653890104287	7.09052490321303	3.7022304729761	0.0594821592602833	0.329901953017694
RAB11A	-0.110119897585706	7.26743636064697	0.625119739172375	0.432522468718464	0.715949406227494
RAB11B	0.152569565760969	7.04216079371244	0.97624355234653	0.32742341362658	0.637439325667252
RAB11FIP1	0.0424380365310491	6.5030897567522	0.0108154755345741	0.917546898824215	0.968925653860932
RAB11FIP2	-0.222765048296615	4.52766805200719	1.2695493070167	0.264707729549574	0.583129498383236
RAB11FIP3	-0.173380836621704	6.63001309511061	0.596044413355057	0.443371965742801	0.72287776427438
RAB11FIP4	0.117668017660052	5.23361618206846	0.115192222285579	0.73559174041141	0.887491238857581
RAB11FIP5	-0.334044899522543	6.10863274757106	1.79732138354675	0.185507879549487	0.506024023160406
RAB12	-0.0859377618799049	5.31372997040554	0.351354428374794	0.555759168360938	0.791550352651526
RAB13	-0.013485834833107	6.87268069014331	0.00632908351257644	0.936877414379266	0.976100751105671
RAB14	-0.182774977987388	6.86586168267092	1.59424191738633	0.212009628079009	0.532048315325793
RAB15	-0.475723286797986	4.29366861126674	2.11511105921434	0.151493407741827	0.467626260849248
RAB17	0.769763673547925	4.6917564135806	2.0520677874412	0.15761787694165	0.474559669789028
RAB18	-0.281208693483878	6.07927761173013	3.02894917289113	0.0873427605443613	0.37262593917579
RAB19	-0.48204838590386	-2.18931310396495	0.716156863879077	0.401047760336067	0.692388436466621
RAB1A	-0.186187511893906	7.51658338756242	1.6987068734574	0.197847430466903	0.517732021071583
RAB1B	-0.0802656614135883	7.41704786577995	0.454934866805529	0.502805510774003	0.760471087757167
RAB20	0.386302765432215	4.32607925388449	1.37541086965088	0.245902094243089	0.566203120949164
RAB21	-0.25493049908924	6.01180140720138	2.18368193604308	0.145142850401275	0.460415322900585
RAB22A	-0.0613615370846318	5.83367637346759	0.254597474278672	0.61585726535373	0.826128635896255
RAB23	-0.133905536084817	3.4791035659338	0.117439892809544	0.733124666211181	0.886829826986721
RAB24	0.0215534497283299	3.69366054484464	0.0131507404706657	0.909115984381108	0.965241764125684
RAB25	3.72528664240401	0.444050420939212	7.19411920954287	0.00962089320178422	0.183815233990228
RAB26	0.432006276216837	0.534385774832353	0.517699021278374	0.474849032564863	0.74294812708746
RAB27A	-0.149039011045242	4.95349914043024	0.315753681665985	0.576437030709032	0.803223787683776
RAB27B	0.218852408182379	4.68206178499686	0.132218628589794	0.717526529450028	0.879613803168156
RAB28	-0.133466203210718	3.84848155196646	0.691794806903257	0.40912507982896	0.698319761638048
RAB29	0.12073578995684	5.38347553532013	0.230243263816234	0.633232405953399	0.836423443380171
RAB2A	-0.0449931865515783	7.25601346076939	0.121620289314474	0.728605567979314	0.884767785255155
RAB2B	-0.459693558437759	4.26117116193305	5.41887629857926	0.0235984955167254	0.237916461102528
RAB30	-0.400667579450281	3.9784550212969	3.04636586530587	0.0864619400921156	0.370984236077425
RAB31	0.0922787555342821	7.53581028275213	0.13337453473461	0.716349034540317	0.878693545455532
RAB32	-0.268429327399801	5.64735435476883	0.885870942560584	0.350684484474513	0.655734525258841
RAB33A	0.962202592187219	1.16345423816717	3.76740792590291	0.0573543180914726	0.324472468545282
RAB33B	-0.355911231823687	3.25163574345191	4.15936518510084	0.0461851897300962	0.30035235536074
RAB34	-0.155119118071156	7.26643683292052	0.559279579749439	0.457713262031042	0.732480183198223
RAB35	-0.153001569401462	6.28615180099147	1.4578303293999	0.232404909925897	0.551277007455941
RAB36	0.403291740651744	4.03591687362241	1.09254342576967	0.300447330083671	0.614135334891213
RAB37	0.375091963868546	2.56232431285613	0.955943478164256	0.332460971969406	0.640594841420844
RAB38	1.23613754139688	3.22327744230512	5.60298553717761	0.02144975911327	0.231595347790036
RAB39A	0.198066993888549	-0.840071350035333	0.20356620392191	0.653618610365483	0.846288107935484
RAB39B	0.709003854551212	-0.212462364257643	1.95050657548074	0.168102106203632	0.487631537619983
RAB3A	0.0496330760117602	1.90842097603157	0.0219024132310977	0.88288429354791	0.954996069530282
RAB3B	-0.921382171674416	3.59302932474043	1.56632804817058	0.21599947636595	0.535076556240954
RAB3C	0.00940687338705017	-0.920786647664785	0.000204100338100561	0.988652835369189	0.99610824191526
RAB3D	-0.304129242622482	4.54464134269828	1.41694447644369	0.238982389567456	0.559671080992153
RAB3IL1	0.296638302807684	4.78647074898526	1.14612378296537	0.289003714888729	0.603536124500095
RAB3IP	-0.21327613774492	3.74583335527084	0.542105892198719	0.464667350632664	0.737004275786164
RAB40A	0.325448701197145	2.58675908959851	0.460254595170871	0.500328895166933	0.759548749434684
RAB40B	0.0413861372313914	3.12102040816489	0.0319766567777916	0.858731201178506	0.946363656717527
RAB40C	-0.0172325566462483	4.81137052329493	0.00949524436310972	0.922725820992574	0.970897578840436
RAB41	0.652544264048578	-0.14977036296352	3.88292709865275	0.0537842609774573	0.316857017194458
RAB42	-0.152103568894165	2.35479880931224	0.264363566355871	0.609182846122631	0.821750937174953
RAB43	-0.292805566550384	1.13179239821285	1.24323707440701	0.269661267233076	0.587865715995402
RAB44	0.376111535534871	-2.06211116620018	0.913893816019519	0.343236144614921	0.649258747991104
RAB4A	0.0356304324109792	4.99191985092134	0.034727966426374	0.852847498484744	0.943552906868216
RAB4B	0.458091210674589	3.79255239103111	2.6842949698283	0.107009346959751	0.405782597329291
RAB5A	-0.285349628282125	5.92094095284586	3.97184991917708	0.0512011312897481	0.310203045083931
RAB5B	0.00033111268740459	7.51506902992764	5.11513558965591e-06	0.998203576483259	0.999218414579848
RAB5C	-0.0696563949838208	6.71782491645899	0.212300239604591	0.646773976658755	0.843663583630791
RAB6A	-0.174382583051898	7.04037881374678	1.34980426724138	0.250292926428255	0.569828236612852
RAB6B	0.150514057216753	4.55572301422402	0.164753722271155	0.686380441505957	0.864953631154609
RAB6C	0.57497798198941	-2.4152976927236	0.835124334678411	0.364754808130623	0.667033090366725
RAB7A	-0.0983437664307971	8.02220407053079	0.518876679883933	0.474349411164608	0.742594660313702
RAB8A	-0.24234022654465	5.53364993066359	2.96412949092998	0.0907097578100622	0.378403873929811
RAB8B	-0.163919413123156	5.33557780885754	0.446956478974624	0.506559767139891	0.762263957447671
RAB9A	0.266335379299466	4.52978932783528	1.76644695961665	0.189269800653233	0.509595042871611
RAB9B	0.997475679680082	0.9801497086508	4.3512975300903	0.0415979380273781	0.291198424905102
RABEP1	-0.400682191979685	5.98415705526051	7.76419763293252	0.00728370241115536	0.16887096001168
RABGAP1	-0.281805091455711	6.03518278275219	2.21628550303808	0.142231579051857	0.457278431350105
RABGAP1L	0.0441050750488412	5.35322375876331	0.0267727725702397	0.870622659469617	0.950327708582236
RABGEF1	0.453192668700002	2.89566212657674	4.28333954316045	0.043163106770962	0.294397312073017
RAD23A	0.0801193899002927	6.83659340071972	0.23415499283658	0.630367110898142	0.83489797645675
RAD23B	-0.342878079382829	7.86607477357478	4.25911487197537	0.0437363485661104	0.295217093778878
RALBP1	-0.208131495417705	6.47562943715685	1.67609096977651	0.200814333401955	0.520843418456437
RASEF	0.989224440094243	2.31132467026277	1.40535150568647	0.240889212484543	0.561659507218339
RBSN	-0.349002214925393	5.10448971532001	7.57407806162947	0.0079882632466205	0.173448387162925
RBX1	-0.0163700906029086	5.71106923231214	0.00829473903967894	0.927761114198603	0.972667954861765
REPIN1	0.204440517515687	6.39629989214368	1.77571485276421	0.188131087283441	0.508843732548759
RER1	-0.268472787509689	6.69025824329191	2.21545520207449	0.142304878589181	0.457337329165476
RFT1	-0.00250070142613231	4.59025326380252	0.00019385297030669	0.988941340687085	0.99610824191526
RFWD2	0.0646347817156939	5.42665480367753	0.184911776271699	0.668853630627198	0.855513093430304
RNF185	-0.103496598291906	4.55701379196921	0.564582074974605	0.455599807862687	0.730857352756138
RNF5	0.00742929675721061	5.53322597185378	0.00183257783458494	0.96600799939567	0.988739295587027
ROCK1	-0.487762023125093	5.9599304600224	5.46242250150275	0.0230703020240623	0.235432056766254
RPN1	-0.136993378712608	8.76839381235821	0.554626882982455	0.459580666303877	0.733365864258119
RPN2	-0.214927278708543	8.58309185020397	1.60971311860247	0.209836778160771	0.529902145134487
RRBP1	0.00647435055263986	8.84530511272399	0.00139404755789864	0.970350551934319	0.989973423569188
RUFY1	0.0766016951418761	6.20111834264566	0.322477979385336	0.572416462822774	0.800577026746822
SAR1A	-0.298454867591959	7.44850907701453	3.62836934694011	0.0619984087971461	0.334666489849715
SAR1B	-0.19286634806367	5.38404353458602	0.95778025101762	0.33200086672371	0.640393130574177
SEC11A	-0.0861402667262315	7.20812475727761	0.396389323899876	0.531547654690514	0.777209976187368
SEC11C	-0.220643414370572	5.26886051323128	0.665436944264919	0.418140248723963	0.704291861108432
SEC13	-0.0420829531908043	7.14434870357761	0.0499243074836289	0.824016835168016	0.930661076715121
SEC16A	-0.120383371627422	6.89666684779626	0.88901559937918	0.349837599507334	0.655455724256618
SEC16B	-0.331283707042216	-2.11315855356928	0.671313112929533	0.416104776660011	0.702753185929329
SEC23A	-0.715610887841265	6.42618722807874	11.1693662910825	0.00149471929346852	0.110754629570513
SEC23B	-0.0149925079728508	6.04299587322284	0.00523384038699569	0.942587660695507	0.978609602502654
SEC24A	-0.272095526639545	5.16841790324633	1.92853290957442	0.170476666762918	0.490610572564879
SEC24B	-0.247021226035132	5.34954187362197	1.59609505429113	0.211747931818174	0.531839932522014
SEC24C	-0.430657360672632	5.56253620961541	2.13307334934071	0.149799299935786	0.466118637970792
SEC24D	-0.392876371484288	6.25678204022601	3.00615857873787	0.0885104708606819	0.374936049964647
SEC31A	-0.187993428338577	7.80718746563759	1.56185305504288	0.216647565631517	0.535576730656005
SEC31B	0.571737265061148	3.38728118379986	4.90524053818233	0.0309056102804445	0.259294281882316
SEC61A1	-0.197394261438401	9.30840759633154	1.35091545225627	0.250100363527326	0.569828236612852
SEC61A2	0.211313691273984	2.90876179520947	1.1932986685157	0.279392473533794	0.593672961597135
SEC61B	0.22014597465299	6.72086190184568	1.12554555448588	0.293330396140234	0.60703282015825
SEC61G	0.223614068807848	6.47672177937957	0.920698383662036	0.341460424011816	0.648173743685798
SEC62	-0.166267454600635	7.12665101668926	1.32853049405279	0.254015662815797	0.573562717436136
SEC63	-0.189877969062792	6.95731372615639	0.954624181165879	0.332791985390413	0.640905459745836
SEL1L	-0.575663471963347	6.71175069228842	10.6525893078126	0.0018861888931097	0.11823254107142
SELENOS	-0.327950487626996	6.29982192325106	3.07365804256504	0.0851014747514374	0.368914241428226
SGSM1	-0.062464128746576	0.183998025632754	0.0247370530543607	0.875595820857376	0.952076395517294
SGSM3	0.115596823947876	5.52949276537453	0.588222480025924	0.446363211707242	0.725247092228667
SIL1	0.164054026843972	6.48859327489596	0.317445308925835	0.575420289904108	0.802350094524256
SKP1	-0.0458549101330362	7.93451231045779	0.0742564710104884	0.786250311111375	0.911865051438763
SMCHD1	-0.372240711727739	5.80568777317959	3.22025147017472	0.07818865224867	0.357267760706147
SNAP23	-0.00562315451727968	5.58091262647926	0.000834920244025415	0.977052176090553	0.992542518001707
SNAP25	0.271730974759594	2.20204382361716	0.192113769445565	0.662867415561709	0.851707401084751
SNAP29	-0.394499282747636	5.24184780594954	4.53704589949866	0.0376244602860647	0.27957219590584
SNAP47	0.0868808397846574	5.39070452979975	0.378470357938982	0.540941759633148	0.783119967725586
SPCS1	-0.00150055885263927	6.41191496160393	6.49341826468301e-05	0.993599521578579	0.997917986769048
SPCS2	-0.0664994312564155	5.79869661025525	0.135126435623578	0.714575407557928	0.877728857337099
SPCS3	-0.408373021317116	7.21201941997356	4.09297265635652	0.0478973236729475	0.303776397535208
SRP14	0.0533419446206431	7.77823249334992	0.128380699049869	0.721478536396943	0.881452467374038
SRP19	-0.21265520303093	4.4176213553174	1.39540735637791	0.242539910858492	0.563087713746661
SRP54	-0.484828788257133	5.6494541923936	8.48807673058811	0.00514602436331686	0.153705519271261
SRP68	-0.371984453614705	6.72632684657862	5.88327416310107	0.0185696485095585	0.221156062950827
SRP72	-0.283895513165197	6.78976319441496	2.82593301991928	0.0983826451680289	0.391009719634114
SRP9	-0.177024220337035	6.82269311437091	1.79972480657407	0.185218780627787	0.505470070056598
SRPRA	-0.449565558700813	7.90780198030776	5.5747057305795	0.0217657548963018	0.232085212699102
SRPRB	-0.335234740020136	6.59953713553733	2.31087210721286	0.134158643316568	0.445096381577527
SSR1	-0.193074427813639	7.97537728336075	1.04117139699976	0.311984139975362	0.624442231260073
SSR2	0.238633342718518	8.4236917918323	1.74457763618606	0.191989538708912	0.512469954455683
SSR3	-0.413141409768283	7.62255082730623	4.58585242288653	0.0366497566268496	0.276841357095275
SSR4	0.346898079242771	7.80425091655161	1.59420310012014	0.212015113967684	0.532048315325793
STT3A	-0.310586447301078	7.76768877098851	2.17907048950748	0.145560146610383	0.461028682536887
STT3B	-0.177697999928529	7.61104716730887	0.992773805975143	0.32339719764826	0.633847563047475
STUB1	0.0234984190003297	5.49186421402393	0.0189026913359462	0.891144252226484	0.957784832512677
STX10	0.315121094062687	5.634083496678	2.42030675171428	0.125465707546964	0.432333599073119
STX11	0.634571851643644	3.29054582922662	1.70843830754872	0.196586998540129	0.516127602760545
STX12	-0.0312262365428461	5.6163541250201	0.0252837436174272	0.874240285990189	0.951507492432575
STX16	-0.171846390824402	6.12591341516552	1.94727296707109	0.168449094185228	0.488215522297838
STX17	-0.395332219960265	3.36001166170617	4.52793124125265	0.0378095658654723	0.279872310887955
STX18	-0.136439130636686	4.81065092283032	0.779787786333585	0.381021623047884	0.679460683460333
STX19	-0.0791526333031529	-2.56874665731062	0.0311617718786247	0.86052365201455	0.946726516883089
STX1A	-0.909795378492659	2.73264690235303	5.4196768937077	0.0235886689439637	0.237916461102528
STX1B	0.975731365857067	2.57780950505978	5.14406630673035	0.0272448489415835	0.247985067978738
STX2	-0.419037128008383	5.38251785230444	4.26722657667893	0.0435434841487126	0.294939394263738
STX3	0.0318263083759869	5.03678166415806	0.0129686128557287	0.909744731592644	0.965280750975255
STX4	0.184485216182705	6.31697470904761	1.34111755677828	0.251804709490336	0.571168985625229
STX5	-0.120824172448445	6.00000281229173	0.607275001429792	0.439131681277972	0.720099641869728
STX6	0.13791822194403	5.56656887726556	0.744201280298158	0.392037194658318	0.687294644202422
STX7	0.156179388537329	5.77030537422107	0.938312206671541	0.33692195160063	0.644662523710633
STX8	0.170188434068487	5.08738627907727	0.614369905004267	0.436485321481799	0.718308741390656
SURF4	-0.13776914236244	8.417025443646	0.97681773509235	0.327282432842171	0.63734095572653
SVIP	0.0869237216792953	4.44240237523594	0.224905955634933	0.63719075037817	0.838358222929587
SYTL2	-0.0561932620516185	3.28021328627544	0.0245524180952386	0.876057091963476	0.952204891029752
SYVN1	-0.275137208141039	6.54939682960176	2.11893470371693	0.15113092917423	0.467032304239018
TBC1D1	0.151115388553452	6.72478492836271	0.323715826621897	0.5716824004003	0.799846758894426
TBC1D10A	-0.0540803105876095	4.15550301040243	0.0738954257696324	0.786757662808559	0.912097575097912
TBC1D10B	-0.00849385447886991	6.42902004178357	0.00480047581948596	0.945011856206663	0.980050912313128
TBC1D10C	0.493606399813446	3.8075871907842	1.49213404414865	0.227057865297714	0.546028715889564
TBC1D12	-0.220429343257641	3.4422319608617	1.14930080652539	0.288343133848544	0.602826681050048
TBC1D13	0.0201552092662292	5.42927967835023	0.0169163173405133	0.896987851374365	0.960563595065739
TBC1D14	-0.317259853067637	3.89140124594386	1.18474197677162	0.281104819728086	0.595395135239661
TBC1D15	-0.313699590772869	5.48373436098056	5.5289803876982	0.0222872434162481	0.233907038495252
TBC1D16	-0.0837826196764945	6.03274864950182	0.107726090779288	0.743985160343775	0.891774093110948
TBC1D17	0.306362297506704	5.77447217355689	4.03074806721349	0.0495646718870389	0.306730781936625
TBC1D19	0.0240272968666101	2.40639721521629	0.0117614192054103	0.914030488373468	0.96715888420267
TBC1D2	-0.43908515459711	6.18847543655867	0.902010871659545	0.346367674083166	0.652646966239445
TBC1D20	-0.0448839863210616	5.53245477254363	0.138204970316469	0.7114901076891	0.876455795133588
TBC1D21	0	NA	NA	1	1
TBC1D22A	0.26485232898644	5.55320298556044	2.44200339255383	0.123819622933028	0.430394348571197
TBC1D22B	-0.0472736769458988	4.28912355617667	0.0815387291281545	0.776287742170274	0.907111053105677
TBC1D23	-0.224942828796936	5.30363524130264	2.77223228884887	0.101557979579802	0.397593742620118
TBC1D24	-0.192344559898793	4.01709739771489	0.868914091552961	0.355300484863259	0.659789649873994
TBC1D2B	-0.0589113459597196	7.14830516659277	0.0406010664638834	0.84104789098661	0.938535592473964
TBC1D30	0.0173900527453535	1.9526807914834	0.00351766739265758	0.95291866443827	0.983317360657073
TBC1D4	0.112116030681818	4.39777997046479	0.137612838823838	0.712080476843103	0.876589925346416
TBC1D5	0.16465179802773	6.3463264860947	0.599844716267703	0.441929977204751	0.722467803654618
TBC1D7	-0.0830487001196124	3.74527975112945	0.160271211693433	0.690446434256704	0.866732258879008
TBC1D8	-0.0815909972051687	3.88874652790499	0.105060539612574	0.747059785052315	0.893093233182374
TBC1D9	-0.124930312965297	6.36012099941734	0.113943121574376	0.736974407959847	0.887885853782399
TBC1D9B	-0.137999009894528	7.39822845145522	0.887755663779736	0.350176571444966	0.655552339328309
TMED10	-0.523431769665856	8.33901343536933	10.6873896394654	0.00185672432283365	0.118109885642664
TMED2	-0.301349224854729	8.26979161573807	4.32939956114264	0.0420954671606036	0.291973644508125
TMED5	-0.325521219713108	6.11323237435824	1.99957531467183	0.162938132205634	0.481395556676945
TMED7	-0.393559809968244	6.63791601918138	5.29761402877467	0.0251386334489604	0.243057891885316
TMED8	-0.549037638494966	4.47449885229721	10.5748659725423	0.00195377701840354	0.1189396162096
TMX1	-0.835836976467541	5.44522295651874	12.3879437505337	0.000872007310936809	0.0942199999826969
TMX2	-0.224280816869974	6.3983754743646	2.30717314678085	0.134464289273722	0.445500327534713
TMX3	-0.497149952688522	5.882525259316	10.2546883257206	0.00226011520438899	0.125755697588681
TMX4	0.287109399186544	6.76944124620843	0.827519726599032	0.366931176527557	0.668882188170576
TOR1A	-0.151184036486747	5.76392651362278	1.21561304885625	0.274989574968183	0.590117694522821
TRAM1	-0.190325769903779	8.728014517048	0.62738752645599	0.43169355203987	0.715518713276359
TRAPPC1	0.147042788102676	6.59126436906228	0.5371404965178	0.466709772020867	0.738514845253895
TRAPPC2	0.499368859140047	3.69226395309971	9.37730720698281	0.00338670261348779	0.137129300462801
TRAPPC3	-0.171940938382553	5.89683216325599	1.25080969643769	0.268223653610931	0.586085764152176
TRAPPC4	-0.356144041210366	5.4067408466539	4.61891607337932	0.0360049363091783	0.276201367968073
TRAPPC5	0.407153041706809	0.774381088260594	2.08482393101767	0.154400522816692	0.471297242176413
TRAPPC6A	0.889752459879323	4.57230191417787	6.29427101858463	0.0150668825593307	0.206921704040346
TRAPPC6B	-0.472117996503608	4.45714784948654	7.2505568741574	0.00935762324794218	0.183229918512118
TRAPPC9	0.390957726349086	5.23176790046071	4.62891945666208	0.0358122636124056	0.275945737246185
TUSC3	0.0818511747424517	6.20922804709655	0.125708435723624	0.724269827605172	0.882721272849497
TXNDC12	-0.130681896163988	6.41436067376587	0.763692888889856	0.385947512434647	0.683199200077778
TXNDC5	-0.45076767278445	2.97634385383217	2.00575489926862	0.162301047018362	0.480998778553607
UBA1	-0.0298691889310241	8.66034627864079	0.0611126358535242	0.80565971485899	0.922127442086436
UBA5	-0.157906402268497	5.23295438947153	1.2159643109908	0.274920980494873	0.590117694522821
UBA7	0.109533736446218	6.03543252442262	0.205147118002676	0.652366703446914	0.845599495322579
UBE2D1	-0.295051576581258	4.48468430997537	2.42347763995402	0.125223589853164	0.432075372457331
UBE2D2	-0.177319217193169	6.42663452280458	1.56145960126991	0.216704660546455	0.535576730656005
UBE2D3	-0.262824105723784	7.80471542077711	2.45870891507499	0.122568949796785	0.428480462657918
UBE2D4	0.282334714017687	4.26262012435572	2.50879101116604	0.118904725333952	0.423183468475983
UBE2E1	-0.22586799477437	5.91399708625915	2.58343159177096	0.113671945015408	0.414468752379501
UBE2E2	0.00353919413785206	5.26547952493518	0.000266681577436924	0.987029479928021	0.995668064209376
UBE2E3	-0.0188978207865817	5.7614144716764	0.010273835280374	0.919630672283939	0.969731616899892
UBE2G1	-0.357010689418363	5.47570087470225	4.9352899139189	0.0304172872811566	0.257802332539169
UBE2G2	-0.136022251979041	6.45566068269186	1.09533998294806	0.29983554351653	0.613592691621259
UBE2J1	-0.0831580577867839	6.26538458154637	0.254543048139359	0.615894910255475	0.82613019828499
UBE2J2	-0.156263778942288	5.68225299024964	0.639734316768663	0.427223072336016	0.711650878714338
UBE4B	-0.250757407743121	5.64057946221358	1.78250821279621	0.187301590130072	0.50754496049401
UBQLN1	-0.254615508821655	7.09448963227408	2.30408833380381	0.134719798646584	0.445837287761294
UBQLN2	-0.143996498804997	5.91954238968967	1.22977512430368	0.272241267109931	0.589034536856604
UBQLN3	0	NA	NA	1	1
UBQLN4	-0.00413500666578537	5.261240880997	0.000499331247622977	0.982252462111135	0.994576572543846
UBQLNL	0.310597014862974	-0.338627846063917	0.973316643516623	0.328143341708092	0.637933828258171
UBXN2A	-0.392406669704187	4.82700743857279	5.34137804207542	0.0245707454530545	0.241614499258376
UBXN6	0.205323348221879	7.64938907266307	1.21951568378411	0.274228696997706	0.589590387159619
UFD1L	-0.258957539273743	5.5834764098079	1.5788481027735	0.214198750994627	0.533878746479582
UGCG	-0.644956987072432	6.40953178951743	4.33455545983671	0.0419777468520308	0.291415648322348
UGGT1	-0.353939258814348	6.74050538565073	4.41021438736335	0.040290619425669	0.287501702899056
UGGT2	-0.324798826371632	4.51433829723342	2.46235221085681	0.122298104124309	0.428116530900191
USE1	0.380307353338875	4.76954802091797	2.19101231693521	0.144482353627273	0.459861529943352
USO1	-0.286851294602325	6.49131164505347	1.93100648751177	0.170207403372737	0.490378597560705
USP6	-0.095607590891936	1.0561544762828	0.0245680852145124	0.876017882126115	0.952204891029752
USP6NL	-0.0746237307362025	4.16599407123435	0.124701169421193	0.725330638436127	0.88329950731472
VAMP1	0.0699982172083919	3.24641376527935	0.0774044032803069	0.781881868133871	0.909845166525853
VAMP2	0.245844542389	5.98376374056609	1.14394842183497	0.289457158682253	0.603763340613851
VAMP3	-0.231469438859369	6.7747362448309	1.97435795387602	0.165568424262245	0.484232923215445
VAMP4	0.0691735638083288	4.05540786954702	0.115680490096908	0.735053538759989	0.887491238857581
VAMP5	0.333825633730475	5.79424611264233	0.6140643754773	0.4365987721477	0.718443234563059
VAMP7	-0.155997758300929	5.55001112700499	0.886007009991242	0.350647781544076	0.655734525258841
VAMP8	0.339123883143399	6.71933867220895	1.26549705645524	0.265463029439425	0.583431265982648
VCP	-0.0555166269870204	8.53421609499741	0.157046087779249	0.693412954639482	0.868386317025146
VPS45	0.0556468392908935	5.22232548729395	0.115607607242368	0.735133794460665	0.887491238857581
VTI1A	-0.412524356260892	4.01099302492824	6.78917336215699	0.0117555449521862	0.194558174189331
VTI1B	-0.473232632317795	6.11900516613982	10.861113670302	0.00171667658892062	0.11467804729409
WAS	0.496950217042632	4.52677863673438	2.61673567885494	0.111421578050449	0.411489409088466
WDR38	0	NA	NA	1	1
WFS1	0.375415220647167	5.57798552262228	2.06335240393108	0.156500757303439	0.473703055648911
YKT6	-0.0244088646561291	7.16304162341538	0.0277140824691288	0.868388842069895	0.949657160022596
YOD1	-0.293498196537934	3.28126947128374	0.970156544552154	0.328923029786582	0.638285426953464
YWHAQ	-0.47344964947795	7.9879756072852	9.64908735849352	0.00298536218855196	0.131615695439033
