pspGenes	logFC	logCPM	F	PValue	FDR
A3GALT2	0	NA	NA	1	1
ABO	-0.108284316145387	3.6763968987236	0.0757074599283108	0.784124093908477	0.970504296987811
ACAP1	0.134579704860982	4.22776046922164	0.189473330910706	0.664880318382612	0.94943113117919
ACAP2	-0.0894055072345608	5.36972102639724	0.341706987872025	0.560985586566422	0.923076244928801
ACAP3	-0.233682021089102	6.09025590229412	1.11435221362226	0.295270308316165	0.801274176669187
AGAP1	0.0979051594118957	5.458001099596	0.118565832994808	0.731770747150535	0.961639861785935
AGAP2	0.342117208548384	2.87103382996836	1.67447401129453	0.200502448515872	0.722228631183411
AGAP3	-0.0913492778265686	7.0380541572972	0.359429884550952	0.551027126645631	0.919368024072831
AGR2	1.40075821957505	3.03957485292491	1.60155397358299	0.210460334942947	0.731395094283662
AGR3	1.45313273868211	1.68571751298599	1.82426406268546	0.181759289614422	0.702535372662253
AKAP10	-0.050696891195478	4.74213757817328	0.140926676766355	0.708654150680984	0.958306890555162
ALG1	-0.194124967130096	4.71009506015006	1.91809185920439	0.171074589617299	0.69294578067238
ALG10B	-0.36153643028918	3.71155617155215	3.35877375693951	0.071693353052406	0.521305900047171
ALG11	-0.0782433033728966	2.51866920626303	0.202166603850459	0.654559625011778	0.947057337346941
ALG12	-0.0449828637121058	3.42026330166113	0.0872192108000784	0.768738109163466	0.967980678669762
ALG13	0.0663932843450288	4.6515624212672	0.442195366944126	0.508552685608616	0.902809246815938
ALG14	-0.158213891013308	3.16431872350271	0.875911789208592	0.35298723115758	0.835585306069584
ALG1L	0.323939831510407	-1.09572368422684	0.389284595664186	0.534984972641318	0.910608484251826
ALG1L2	0.212545262877331	-0.860003452634754	0.331381498315733	0.566948835095158	0.924606822077275
ALG2	-0.254542074682306	5.38803764454341	2.10420646165992	0.151979848477404	0.668631130388795
ALG3	-0.0712632936592416	5.95934547290854	0.165505819816785	0.685550684582844	0.953798404453963
ALG5	-0.0203585975389658	5.08429212423168	0.0132829286882301	0.908621475608535	0.987841464579626
ALG6	-0.0398912073448653	3.69695163600878	0.101430810855868	0.751199200647148	0.965269210527676
ALG8	-0.141275817343409	5.23639290047853	1.47501979270896	0.229201654882743	0.747922679631255
ALG9	0.0550985698379167	2.72302625009073	0.172257762260667	0.67955847162351	0.952442369398682
AMFR	0.0795322589177545	6.85650099519671	0.297395954584357	0.587493513772186	0.929864366824844
ANKFY1	-0.214091360962991	6.09960575372945	1.57870828326441	0.213702171587706	0.733918865943061
AP1B1	0.0200398655823502	6.84182254340492	0.021592901123395	0.883656270569008	0.983316312400348
AP1G1	-0.0337492268115692	6.42736603480582	0.0689062399687087	0.793813996275408	0.972535505808469
AP1M1	-0.121507246776343	6.94653567528723	1.28944609401398	0.260559410132402	0.776066291029409
AP1S1	-0.0434851303214397	5.87581131830925	0.0725220338234187	0.788601630401964	0.971454984478435
AP1S2	0.312082194721589	4.37561399122346	2.02949677696472	0.159330411956312	0.676570620433185
AP3B1	0.00888444797099919	5.95904680234819	0.00392960384694541	0.950219554536585	0.992865450052579
AP3B2	-0.422021462622153	2.85948040932701	0.90723436250151	0.34458075023203	0.83085006417246
AP3D1	-0.143639011684748	7.76035572545244	1.13583406102821	0.290703733235208	0.798724863500415
AP3M1	-0.0991022073141382	5.65552575700986	0.662943628350298	0.41866659384264	0.868015032370739
AP3M2	0.140360435828296	4.23998420257027	1.46828332069909	0.230255402541067	0.748649806054658
AP3S1	0.0592866021929363	6.95975851236864	0.0428311191442778	0.836727816812632	0.978963356550239
AP3S2	-0.229111996650931	5.1075383660106	2.35315418695097	0.130162403886489	0.636735434961852
APPL1	-0.0362099997329592	5.47081877483866	0.061484504577175	0.804991500551306	0.974798600010145
APPL2	0.0630547372658942	5.19114204376931	0.177818917995699	0.674725829640519	0.951731076407748
ARAP1	-0.250373232023932	7.55543082871782	4.00891802819418	0.0496784957441342	0.469440185436092
ARAP2	-0.21812294659105	5.09905092501258	0.575711775198723	0.450898523793638	0.879514519139072
ARAP3	0.283339784091077	3.5624459586566	0.971772686332289	0.328103904323085	0.820924569411497
ARF1	-0.182266074275118	9.1251560400361	2.4334135968162	0.123909478129324	0.629596674147268
ARF3	-0.187572706849611	7.77532945565962	3.68799679734756	0.0594489744176563	0.493196077244174
ARF4	-0.175332154444193	8.07263855136137	0.964070936911522	0.330013218047961	0.822577208483686
ARF5	-0.0585301882897604	7.16820679011532	0.159802484587362	0.690724502657273	0.955522163955061
ARF6	0.0308861466012102	6.56516562606233	0.0327076682748669	0.857078393567169	0.981066232590874
ARFGAP1	-0.0458205195320908	6.86142661885921	0.0880185964517577	0.767711795801825	0.967833420531141
ARFGAP2	-0.11852646517323	6.52165545149583	1.49244438134236	0.226503341465528	0.747166361557327
ARFGAP3	0.109886127489848	5.21112367835963	0.270763684443854	0.60468963537676	0.93346775946078
ARFGEF1	-0.0451839469870945	5.56166947162273	0.140090946869044	0.709479021360351	0.958306890555162
ARFGEF2	-0.213865710665521	5.50909612022689	1.44507660003288	0.233931388485663	0.751643305691037
ARFIP1	-0.287999899134001	4.86534730968083	3.21918168960183	0.0776992345824521	0.538321697295191
ARFIP2	-0.0431213236273602	5.66715590109172	0.0892868955065718	0.766093819917288	0.967015863707897
ARHGAP1	-0.082341967005727	7.41960706865439	0.401047488080105	0.528898618535215	0.909799908822083
ARHGAP24	0.383648029992839	2.8739523844878	1.66091757890091	0.202310079845621	0.723123872767091
ARHGAP5	-0.278645616224636	5.99853937597587	2.22795411505635	0.140649628843539	0.654437814875932
ARHGDIA	-0.246952312599771	8.44360956565032	3.85528818830895	0.0541183752667689	0.479591716468163
ARHGEF1	-0.0539707693023809	6.94966354575005	0.137487748498812	0.712066544386723	0.958505934364638
ARHGEF11	-0.126800149752213	6.07466092789601	0.636630213859499	0.428006180442234	0.871483440854259
ARHGEF2	0.0360027815960393	6.84612305708998	0.0576694777150827	0.811017353854909	0.976302599917341
ARHGEF6	0.277076894962201	4.22293409592639	1.52241207484468	0.221952965411007	0.743400485474315
ARHGEF7	-0.0421612478530354	5.6761873007651	0.0818968576018524	0.775705643643916	0.968640417061585
ASAP1	-0.0115414513673272	6.28414171583794	0.00267477357948855	0.958920971215153	0.993417410055078
ASAP2	-0.272532755488458	4.28009058274176	0.65426283861233	0.421713272633853	0.868440048078848
ASAP3	0.120734730353176	5.95527955657927	0.302221422267481	0.584485610443438	0.928868840112437
ATF4	0.185148948557697	7.95084279272348	1.03126789819613	0.313842663577695	0.812417395211723
ATF6	0.0869178242945747	6.21349965761295	0.51848337719834	0.47421922888773	0.889492449070204
ATF6B	-0.0747341161142587	6.4703298603573	0.363940870215959	0.548545885189901	0.918426898491959
ATXN3	-0.0789804291578841	4.17522566157648	0.432288922095726	0.513323147085208	0.904953733926705
ATXN3L	0	NA	NA	1	1
B3GNTL1	0.0236476614972673	3.26352508158018	0.025084653832735	0.874675622984802	0.982308284933704
B4GALNT1	0.578776746058139	3.44204170699331	1.5621011319493	0.216096771635242	0.737010809097155
B4GALNT2	0	NA	NA	1	1
B4GALT1	-0.33051775415434	7.9472720981031	3.35528544998648	0.0718370592637226	0.521652738402187
B4GALT3	-0.0373375122889351	5.41423932348171	0.096107834598477	0.757600233781281	0.966031552045082
BAG1	-0.308705414425389	6.20112946751051	2.24966247716276	0.138763844099036	0.650959073526539
BAG2	-0.0304307708287451	4.56655600291392	0.014351303520918	0.905034805385253	0.987047586799694
BAK1	-0.17990556702353	4.76670742221645	1.10310501392721	0.297698506226113	0.802961867445385
BAX	0.297349222937347	6.40158938175025	1.83815211973192	0.180129205003809	0.700759841649736
BCAP31	0.0675128383520881	8.17577526261944	0.16589952740843	0.685197392168373	0.953798404453963
BCL2	0.375066370837037	3.49105237957536	2.60610058941809	0.111576713675309	0.610479834649957
BET1	-0.0104237756327106	4.94507256645725	0.00366639226173731	0.951913495502652	0.992865450052579
BET1L	-0.18020391349409	6.46843306693158	2.72091465245162	0.104144208974207	0.59376283437657
BNIP1	0.0498436900507154	3.47584949995376	0.085111730502791	0.771468640333395	0.967980678669762
CALR	0.00889354779909719	10.4609224060368	0.00302165705598503	0.956341004958227	0.993193064112413
CANX	-0.131791750758683	9.77146836693715	0.634166424594424	0.428896865118225	0.871619332971314
CAPN1	-0.215933568572337	7.91456048508135	3.51214076612681	0.0656765562951611	0.508115460841704
CAPN2	-0.164823655656947	8.90148737679264	0.834506802547544	0.364542785040036	0.839699448848147
CKAP4	-0.0243026755748333	8.36201715847806	0.017879340195001	0.894065940461417	0.985343260508677
CLTA	-0.120346905374113	7.2301587056094	0.440375118130694	0.50942340769398	0.903286570784382
CLTB	-0.194438454237838	7.38343692851413	0.561097188243873	0.456676226526842	0.880695577862876
CLTC	-0.167315589123965	8.93275292194642	1.20185105225709	0.277229639332232	0.78851154297447
COG4	0.116512189775378	6.32421098076977	0.638503087076746	0.427331007085678	0.8712080521661
COG6	0.218288211509021	4.10831889176958	1.2178738061514	0.274081029289088	0.786056275429834
COPA	-0.0334928639358094	8.17975433874086	0.0557213797276618	0.81417592736892	0.976894560831793
COPB1	-0.0657176313105547	7.38981486607512	0.22879455941451	0.634116418889288	0.943006890683671
COPB2	-0.221855850951743	7.61043196427275	2.99391935505933	0.0885970153356728	0.56526151613551
COPE	-0.023760945757295	7.39731966292661	0.0163154829006587	0.89877807554105	0.986423655974596
COPZ1	-0.0660785668012543	7.72497015486176	0.412569177786582	0.523057443828965	0.907833506336163
COPZ2	0.110616230947504	5.3394183641278	0.138122702449212	0.71143285539282	0.958306890555162
CRYAA	0	NA	NA	1	1
CRYAB	0.31503739976985	6.51379746767728	0.8033774498745	0.373583246120199	0.845438882668041
CTBP1	-0.076793414300596	7.10759762813567	0.404318929966729	0.527228191696139	0.90950319546905
CTSA	0.0258454636820807	7.4169102513031	0.0223041124860816	0.881769968279555	0.982890375704557
CUL1	0.0504302790128971	6.13040685741358	0.15706787295051	0.693243334262596	0.955904426499238
CYTH1	-0.189182473166314	6.10764969994317	1.2506993922649	0.267771654578959	0.781437674826911
CYTH2	-0.0201941003377026	6.11622720277756	0.0185261648209799	0.89217854745489	0.984887867904474
CYTH3	-0.17851782214521	6.79999969062464	0.646454735574988	0.424482432011368	0.869692795751798
CYTH4	-0.0262877587751041	5.29033885805702	0.0127257463018302	0.910550120526524	0.988130745369763
DAD1	-0.0883310935153391	6.98414171989901	0.232869754607047	0.631118610844763	0.942284140806117
DDIT3	-0.0351429836595874	4.98159558026087	0.0295811747724374	0.864009129820714	0.981066232590874
DDOST	-0.0482803705811221	8.15362065555338	0.110999566888662	0.740143030396721	0.963772533330553
DERL1	-0.0852324640931143	6.36641705809024	0.570228963852665	0.453052419837503	0.879637026649863
DERL2	-0.204367112245143	5.73528855910218	2.84271413823243	0.0968603886212718	0.580895056924592
DERL3	0.162160550289151	4.29175019400011	0.102930744456029	0.749429078073023	0.964769368127269
DNAJA1	-0.121512783214565	7.73469429000014	0.619948923412664	0.434092581486258	0.874117951215378
DNAJA2	0.11872761250096	6.18568712741682	1.04550340882719	0.310553351574536	0.810457199555387
DNAJB1	0.185464343172021	7.51195756417065	0.681015463353083	0.412429312543715	0.86534967658596
DNAJB11	-0.131873962140012	6.45207909425695	0.568478738024544	0.453743422228698	0.879844414144973
DNAJB12	-0.167566169168516	6.19592162669387	1.83503018253465	0.180494126495749	0.700949411391721
DNAJB2	-0.19001302689648	6.34765930233153	1.38736133130542	0.243392506677137	0.761090554143247
DNAJB9	-0.39297726691396	6.25486474159417	2.38975599360785	0.127267305896744	0.632806284969639
DNAJC1	-0.00123583447232075	5.2498977762224	3.76185318046918e-05	0.995126157089633	0.999307369929441
DNAJC10	-0.199604293189974	7.15789817060904	1.60689445796218	0.20971110962932	0.730777818932762
DNAJC3	-0.365876758044667	6.66065516548482	3.76591060217822	0.056898416010858	0.486592362046727
DNAJC5	-0.17101690926201	6.70077125925269	1.813361549787	0.183051179909001	0.704089166064947
DNAJC5B	0.213601950355491	-0.158418799961152	0.122124488467764	0.727936359573936	0.960583900664789
DNAJC5G	0	NA	NA	1	1
DNAJC6	-0.0850182143194721	3.42416202958408	0.0549201105620867	0.815491994436518	0.976894560831793
DNMBP	-0.0503486421325542	5.23966322233297	0.025838732906923	0.872822044431261	0.982308284933704
DOCK5	-0.370521740173958	6.04492220537485	3.2342692663991	0.0770241280551646	0.537075032168134
DOLK	0.0603116618095426	4.26147556756399	0.191716740666651	0.663026774951312	0.949155074399966
DOLPP1	-0.112849745344188	3.97178083464469	0.517189159914799	0.474769094731135	0.889613889549659
DPAGT1	-0.080035030346228	5.546398944356	0.308212300347567	0.580794582819362	0.928372546778692
DPM1	0.11157929120031	5.02912225323214	0.946749004701265	0.334362675582266	0.825424624160037
DPM2	0.0877793749436631	5.81961943543126	0.214277643756092	0.645070164619568	0.944780572443333
DPM3	0.499473876717904	4.43168886347467	2.06716876092451	0.155573585070377	0.672882845357129
DPP6	1.16684237124593	3.43306136771821	2.32026576482011	0.132827979029482	0.641957593112465
EDEM1	-0.19940051011559	6.28686413771454	0.73500288347506	0.394597486386544	0.854734181869895
EDEM2	-0.330761823314323	6.22523563592796	3.9380501981989	0.0516753888689713	0.474689480131127
EDEM3	-0.304642198478693	5.56057464722621	2.91703074657957	0.0926964696202778	0.572206567457142
EEA1	-0.0133465585112836	5.07127270223288	0.00615671436642876	0.937713319054385	0.991411059997376
EIF2AK1	-0.0125861053975651	7.69169159255292	0.01132400305422	0.915600271266974	0.98871582039094
EIF2AK2	-0.27881669629624	6.29105377058309	2.69298117438307	0.105899896613856	0.59860295266724
EIF2AK3	-0.224856501705988	4.54028986460074	1.988279486872	0.163562305894721	0.682446372876919
EIF2AK4	0.212716892796747	5.79940260816071	1.16637960454948	0.284366826336883	0.79431578696152
EIF2S1	0.0669380990162633	5.9527579146479	0.141679231014434	0.707913763409295	0.958139104118671
ERLEC1	-0.270876681538903	6.14470688285027	5.09187822471671	0.0276056696619804	0.380427878828025
ERN1	-0.402447239825575	5.89365483653432	2.09039810515651	0.153308299347472	0.670153374500794
ERO1A	0.0445615684414378	5.75550544491624	0.0403424412893994	0.841475810485071	0.979181194030046
ERO1B	-0.414749010598825	4.01278368126797	3.13148688704075	0.0817548396461792	0.549141942631074
ERP27	0.655020419245008	-0.141549453659336	3.01685582285862	0.0874134269620343	0.562416643455552
ERP29	-0.00418756718645385	7.62918317839343	0.00121125774075789	0.972349527071298	0.994588923762335
ERP44	-0.133607540877782	6.55847262143541	0.879820003789485	0.351922963811733	0.83501022876465
EVI5	-0.25668987115242	4.86093439835842	1.98721603555297	0.163673215109505	0.682778053203452
EVI5L	-0.024626095308157	4.52691263714089	0.0272784247852932	0.869358733894198	0.982006002075893
EXOC1	-0.120180472914302	5.44490639542705	0.636068884823378	0.428208857699464	0.871539447751707
EXOC2	-0.0584235968878363	5.01477191934575	0.115202894516497	0.735453958474398	0.962603772900605
EXOC3	0.0291202187364609	6.21908183891391	0.0505785589741657	0.822805733301757	0.978328125585666
EXOC5	-0.0381394868791016	5.11572192294437	0.060078970404165	0.807187837995835	0.974988487574588
EXOC6	0.0891964376048212	3.53860549084284	0.349603263374083	0.556506520359568	0.921953861841211
EXOC6B	-0.145036510766802	5.04113295990124	0.885667290225198	0.350338935723191	0.834255913482262
EXOC7	-0.203273758062549	6.2177113555258	2.0289715841343	0.159383527036804	0.676570620433185
FAM71B	0	NA	NA	1	1
FBXO2	-0.851928236967644	7.5563226312189	3.23462275841495	0.0770083884840035	0.537075032168134
FBXO6	-0.530037261698642	4.14757224099884	5.03678597219119	0.0284261315863982	0.38590971978584
FBXO8	-0.363087539840365	3.87250725238166	5.50957524647654	0.0221497412699417	0.356729759639636
FUT8	0.133118289728626	4.53184642170013	0.307343211585128	0.581327105264654	0.928372546778692
GALNT1	0.130320284162155	6.93254756683774	0.39689739683646	0.531031518803219	0.909799908822083
GALNT10	-0.362343878042481	7.22333520148655	2.94135366038135	0.0913772804241985	0.570468483331198
GALNT11	0.0381958957814705	5.63832934367956	0.0653706320492517	0.79905426078735	0.973900288505983
GALNT12	-0.559710766452454	5.48308555698025	2.47093355190419	0.121103948337357	0.626026287549327
GALNT13	0.40991887043847	2.88541689684973	0.853304940823661	0.359232024225955	0.838413894943106
GALNT14	0.630071702077453	3.44437040979582	1.11905433936968	0.294262804738585	0.800922359020351
GALNT15	0.646028844112533	2.54326354766262	1.70055706483001	0.197078659194887	0.718058452124143
GALNT16	-0.260431173759677	3.33263762003949	0.579820309859964	0.449295096989293	0.879074739908896
GALNT18	-0.0620212775484781	5.3946461916025	0.0642386626237903	0.800763826202026	0.974038265932538
GALNT2	-0.191252231577333	7.16312384990301	0.960104173456925	0.331002462030479	0.822783086423426
GALNT3	0.990218073106301	1.41576284279479	3.58271656193859	0.0630955222678464	0.500824172699476
GALNT5	1.49298859141014	2.99217268167584	9.55964765218822	0.00298914723779051	0.175584124503078
GALNT6	-0.0375705321983118	3.51769264939344	0.0109450983706129	0.917018988621429	0.988848100195963
GALNT7	0.0622724863358712	4.68591718935365	0.0663538388239305	0.79758212989999	0.973496369026707
GALNT8	-0.227903662574631	0.634988871556868	0.223907322863089	0.637755263088171	0.943006890683671
GALNT9	-0.42408147753858	6.58225825690988	1.13936868104014	0.289961158867213	0.798435875216596
GALNTL5	0	NA	NA	1	1
GALNTL6	0.507743262475686	-1.58509535889993	1.4163822160252	0.238577191712892	0.754398867340776
GANAB	0.045362029961892	9.03109920308377	0.124939861947671	0.724947102863093	0.960047885422589
GBF1	-0.165212992500862	6.54623438826655	2.60111110321529	0.11191298067028	0.611207215738969
GBGT1	0.100443767048506	4.3041517396299	0.188189902100359	0.665946597507562	0.949827236187364
GGA1	0.0784938403966981	5.38320055157272	0.392934956933111	0.533082604633129	0.909930637173401
GGA2	0.0589281119547589	6.61595245590689	0.175892297027009	0.676389853253118	0.951731076407748
GGA3	-0.373980873644788	5.99968022001548	5.38302352804601	0.0236698406184923	0.367720025734318
GIT1	-0.0162949472750379	7.26423565557118	0.00798682472818588	0.929079256743009	0.990184524391061
GIT2	-0.0176579718608492	4.77565048331312	0.0133089769687114	0.908532324055399	0.987841464579626
GLT1D1	0.484490294564157	0.190001624988963	0.906691653570408	0.344724044512863	0.83085006417246
GLT6D1	0	NA	NA	1	1
GLT8D1	0.0536143179606847	5.87237517486628	0.126278869531466	0.723538703551967	0.959918824502408
GLT8D2	1.06539152595367	4.13655279674364	9.59428997915909	0.00294083687906439	0.175121464932479
GMCL1	-0.0461770162430222	4.55933509001224	0.111626924756907	0.739436967651431	0.963772533330553
GOLGA4	-0.406806883231964	6.50317704262887	4.80347250682447	0.0322013574091195	0.398926878889421
GOSR1	-0.116047103765365	5.447813916988	0.863218922690523	0.356474664729836	0.836947214350033
GOSR2	-0.0202462765179505	4.40763328011262	0.0263526096416997	0.871574758958411	0.982308284933704
GPAA1	0.0604041046405488	7.18708162352984	0.0972787085569666	0.756175820716889	0.966031552045082
GPLD1	-2.17182998022643	2.73706432235877	15.5856662690186	0.000205501723909913	0.0972023967416069
GXYLT1	-0.3476057851284	4.62509170420574	3.84072618511524	0.0545610586544839	0.48037890583691
GXYLT2	-0.023507845116138	5.15951092362833	0.00716532258463234	0.932816219481798	0.990627333283572
HAS1	-0.177758177688291	7.44099167926808	0.118837498809693	0.731475775599696	0.961639861785935
HAS2	2.28197982540581	3.37949181113009	13.3977853846698	0.000525361670945053	0.109296512546113
HAS3	0.669966133007796	1.61838352784886	2.17790306808463	0.14511082546577	0.661043529799421
HERPUD1	-0.417323683748484	7.3210063389545	5.59047746682666	0.0212326788287348	0.350831418935424
HSP90AA1	0.0899193172365406	9.79527361694429	0.292281145648115	0.590716630755391	0.930780690915083
HSP90AB1	-0.120559448172364	10.3022924330244	0.765375080187431	0.385058064487205	0.850802520097761
HSP90B1	-0.220174742889204	10.3841536555584	1.88604807551931	0.174638296038961	0.695287553497431
HSPA1B	0.319467584830185	7.07247849350382	0.89633939788008	0.347473160999886	0.832265999688287
HSPA1L	-0.262013351164206	1.59303612762191	1.68642781568952	0.198924563661641	0.720043135254753
HSPA2	0.0732139021448315	5.35114827061438	0.0296786781910799	0.863787432265028	0.981066232590874
HSPA4L	-0.182101894283799	3.03319076856532	0.394034744542516	0.53251187475286	0.909930637173401
HSPA5	-0.414966087936612	10.0297655517797	6.03093499162825	0.0168994098635721	0.324734082123529
HSPA6	0.692375528920724	4.10288256593298	1.77748307951315	0.187380045359523	0.7075256959423
HSPA8	-0.0300452537819659	10.0879376572344	0.0303077646346017	0.86236598442136	0.981066232590874
HSPBP1	-0.0224399385565065	5.65061623102454	0.0123569024761023	0.911850465816377	0.988130745369763
HSPH1	0.184031322930358	6.75933778710709	0.931850623473944	0.338166055617399	0.827199248701909
HYOU1	-0.258078486478645	7.76811850670689	1.37599208945234	0.245311801557061	0.76294760025667
IFT27	0.114308229677648	4.20347293242476	0.280546643969454	0.598251567777749	0.931741465910993
INPP5B	0.05408600375203	4.60689027206086	0.119917935542273	0.730306374550801	0.961502225859408
INPP5E	-0.0321635690251742	4.33504290164303	0.063988831009435	0.801143293288611	0.974038265932538
IQSEC1	0.034992785566339	5.67970918634125	0.0425357224326021	0.837283726131294	0.979106881558293
IQSEC2	0.0962296544634008	4.76552307563567	0.494391556469046	0.484630194190273	0.894154836854559
IQSEC3	0.389563888168924	3.02738821317438	0.589268631191361	0.445641618629655	0.877352856581968
JUN	0.540010422557058	8.21128026951896	2.22344034243816	0.141045420891438	0.654679355639992
KDELR1	0.0216990772760775	7.98401152342773	0.0229392274823423	0.880111324862195	0.982890375704557
KDELR2	0.133625797259457	8.49556911608151	0.777937144927887	0.381209761013698	0.848715805696374
KDELR3	-0.182293046306448	5.70575710346946	0.527497359885534	0.470418267079876	0.887506129923093
KIF20A	0.0131369493240126	4.63881239254905	0.00152711955649092	0.968954577812728	0.994519793508633
KIF23	0.242934441230349	4.61165700018793	0.552868620855087	0.459981362476585	0.882322128013409
LARGE1	-0.440444631667214	4.39208950108351	2.29923602554285	0.134565089418036	0.644903561943021
LARGE2	-0.0735761348497035	1.45555887105609	0.0255765434338908	0.873463338142041	0.982308284933704
LMAN1	0.0377471617350327	7.65970569199466	0.0564937690835848	0.812916725470284	0.976784234440855
LMAN1L	0	NA	NA	1	1
LMAN2	-0.00114100028933658	7.80885666654432	4.01985450524048e-05	0.99496179790821	0.999307369929441
MAN1A1	0.531667662084365	5.55628247192106	3.67257501596094	0.0599684446447074	0.494631565809514
MAN1A2	-0.11628185616417	5.33970830038609	0.7416390447547	0.392484107749187	0.85354456362609
MAN1B1	-0.108270383053768	7.15044250561632	0.37065394311349	0.544892062468429	0.915861853398924
MAN1C1	-0.323450862381977	4.32439517760741	1.43320077458727	0.235840493189599	0.752692777388388
MAN2A2	0.0441694976729336	5.31110628637614	0.0476636588807562	0.827903109113634	0.978639350288329
MAP2K7	-0.139433795214687	5.51816437859297	1.50038200664834	0.2252870542265	0.746844616716947
MAP3K5	-0.0777082658507713	4.62673067692339	0.0881878769632802	0.767495112374885	0.96772865187421
MARCH6	-0.0393819700721442	6.88634601391526	0.0961976303404354	0.757490657680497	0.966031552045082
MCF2L	0.169200969523452	3.40825775635631	0.406878381376053	0.525927935310172	0.908915215174244
MGAT1	-0.0475924718272263	7.76310804932429	0.0909822421668249	0.763950510288206	0.966570726633002
MGAT2	-0.200966579909478	2.27740016598985	0.629551914422911	0.430572705986227	0.87172590871108
MGAT3	0.213596075297118	2.60226596714396	0.199317370367547	0.656841688655304	0.947057337346941
MGAT4B	-0.400320516676388	7.41502777952375	6.41070800871479	0.0139149231941479	0.297452977986223
MGAT4C	2.45419230660056	1.51670676637405	6.69100017566726	0.0120725756899087	0.283478225649642
MGAT5	-0.328982554774076	6.21790926776436	1.45040724419184	0.23308065324512	0.75134108586705
MICAL1	0.17379321618232	5.81979109135671	0.899223574428831	0.346704224791759	0.831799273829792
MICALCL	0.231188259140594	1.29425396071039	0.358712580816345	0.551423629865263	0.919631765768233
MICALL2	0.189646129841486	5.06345768255819	0.353529575757497	0.554304791506069	0.920600150622333
MOGS	-0.0723688698678153	6.14836834430967	0.443213519492994	0.508066778506218	0.902445518474512
MON1A	0.0321152224820534	3.01288456612611	0.0201948979682457	0.887458981685344	0.983621398848954
MYO5B	-0.6765617916614	5.90286973745137	3.10474640820798	0.0830376202094776	0.550834616159209
NAPA	-0.137921142777051	5.89738826842596	1.0910523835588	0.30032963030651	0.805091690194813
NAPB	-0.0248980830781234	3.70004348855344	0.0330032184511555	0.856441270351024	0.981066232590874
NAPG	0.0871611490981054	4.68212534639221	0.458172974316276	0.501019153713325	0.900193269903909
NCKIPSD	0.0064590716011703	4.67531456552093	0.00139502910570688	0.970326935560375	0.994519793508633
NDE1	0.260830774511281	4.39217630683284	2.05091670148734	0.157181553919817	0.674469113953763
NET1	-0.390222847162074	6.29102281046177	1.77105270672279	0.188168668535226	0.708350792487725
NGLY1	-0.25253802235901	5.02169656799724	3.60419989942237	0.0623320299039943	0.499571187399169
NPLOC4	-0.216417408638025	7.20681893265391	3.34525294900867	0.0722521310361118	0.523230711772272
NSF	0.0297502477833782	5.33846314250865	0.0360159557977463	0.850108010959226	0.979851993968475
NSFL1C	-0.0893186163497868	6.35678346492314	0.452279663443365	0.503775303059066	0.901212870778628
OCRL	0.0358818000378383	5.47464293895315	0.0797677369251386	0.778561489321931	0.969723993505879
OPTN	-0.179518201829687	7.46738917828746	0.769732433300554	0.383716914932143	0.85011355471097
OS9	0.021560464252176	8.38508935848819	0.0368207435487	0.848463120618534	0.979408216962851
OSGIN2	-0.0558416292357442	5.35441450319516	0.0352511748097874	0.851688879889023	0.980550846637486
P4HB	-0.269136267917197	10.4491146782774	2.23602940575514	0.139944721009596	0.652476113729213
PAK1	-0.0961214105010253	5.7912051091283	0.53518462039272	0.467215836504243	0.886156644609759
PARK2	-0.0132646905262295	1.3999595334009	0.0019576059455296	0.964852695025398	0.993662867942064
PDIA2	-0.0540024924133286	7.1739468990658	0.00622353437437445	0.937376934668327	0.991368122625894
PDIA3	-0.148194148929496	9.31388858305497	0.839179932257548	0.3632123283	0.839699448848147
PDIA4	-0.218698796618215	8.56325331169672	1.24501398989463	0.268851107022328	0.782433042316988
PDIA5	0.0349373829923647	5.37041271218096	0.0356259865201332	0.850911914692719	0.980423026768359
PDIA6	-0.146554557394178	7.79931154416629	0.660517796068163	0.419514627686319	0.868015032370739
PDILT	0	NA	NA	1	1
PGAP1	1.05058590801424	3.75476091131918	10.4173802078941	0.00200377748509254	0.164379568091118
PICK1	0.0668099476253183	4.5664601802138	0.169899580667008	0.681635413162971	0.952673661532322
PIGA	0.388688792472562	3.13623929547389	2.00136012441741	0.162205248689089	0.68059597972584
PIGB	-0.0753667244298046	3.7425953231642	0.198638960725283	0.657387940781004	0.947144150144803
PIGC	-0.0550024506208822	5.06397258049927	0.168018574746312	0.683304234369377	0.952960358687374
PIGF	-0.319578512494357	3.53932680235669	4.26881061490711	0.0430402761687565	0.444003800069285
PIGG	-0.142034306827684	5.4300758768931	1.02085038275284	0.316279139954864	0.814675673765009
PIGH	-0.167815496884422	3.42215304350251	1.41468803757221	0.238855037814181	0.75450865324798
PIGK	-0.0370701137635798	4.68316103071574	0.0865331334392458	0.76962303864649	0.967980678669762
PIGL	-0.10771394404936	3.26204224682139	0.331003760265387	0.567169331849247	0.924745555769807
PIGM	-0.116974939601267	3.66135965031197	0.517766855025714	0.474523523873743	0.889492449070204
PIGN	0.101217284985794	4.47148871588478	0.607976317551109	0.43854352069224	0.875951819052618
PIGO	-0.180101715443344	5.05020002761554	1.36518404791651	0.24715384638925	0.765845693958363
PIGP	-0.17882628972454	3.84733431263859	1.41531908844197	0.238751498400112	0.754398867340776
PIGQ	-0.131340192343598	5.90823153862311	0.575567641593511	0.450954938445922	0.879514519139072
PIGS	-0.0148114940508075	5.82687508642837	0.00784660347415731	0.929702908385859	0.990184524391061
PIGT	0.154666558639222	7.39077214257431	1.23321614054192	0.271108799376276	0.783736238289322
PIGU	0.0553582235507108	4.85506609586131	0.151155196896662	0.698777666652658	0.957162363118789
PIGV	-0.324135207146838	3.93225176768681	3.88908740179511	0.0531058532105448	0.476716565340998
PIGX	-0.092532893650437	4.55985802596744	0.359032231334199	0.551246870318955	0.919514053919444
PIGZ	-0.018636874132425	3.18694726988023	0.00563000215327245	0.940431909453984	0.992056842210984
PIK3C3	0.0580308021703903	5.32935671963297	0.175866874141089	0.676411882654876	0.951731076407748
PIK3CA	-0.204762759006036	4.59381254749613	1.66637865679549	0.201579550122143	0.722884063983923
PLAA	0.00979044920205456	4.84691014182016	0.00128435313335035	0.971527793166742	0.994588923762335
PLIN3	-0.0928699922712394	6.62955627283768	0.316636778465222	0.575683008502273	0.926787700564472
POMT1	0.0549470003916692	5.26118532679849	0.187987939230411	0.666114783222346	0.949827236187364
POMT2	-0.0554388900102025	4.2823745050795	0.134283747970888	0.715289861421052	0.959039729491653
PPIA	-0.0781922362470266	8.57376496121862	0.399895876159463	0.529488920308403	0.909799908822083
PRKCSH	0.191358979981381	8.89642667396375	2.08251277232623	0.154072949654712	0.671020817047837
PSD	0.00722029460174065	3.33419170416922	0.000693488544560619	0.979076130207491	0.996359360763226
PSD2	2.49050867396498	-0.166371503672911	16.1090076363731	0.000164991092703259	0.0969166596976384
PSD3	0.885985009360613	4.35533625935841	7.09976046897815	0.00983369152573024	0.261278058215429
PSD4	-0.30975422150849	5.42444095251205	2.1015721868084	0.152232250316197	0.669001693978397
QSOX2	0.00141834596600648	4.8251934064053	7.04729552894179e-05	0.99332917678167	0.99898275545661
RAB10	-0.0744547450793877	7.04812517117596	0.25634095347352	0.614456828358928	0.937098247577458
RAB11A	-0.121833898620461	7.28252496835559	0.984176869126694	0.325059999325447	0.819826437426967
RAB11B	-0.0139777790160473	7.07749354480271	0.0104704875567941	0.918831559877986	0.989440872139332
RAB11FIP1	0.202387431561219	6.46055479489187	0.375104838447225	0.542494497344325	0.914707168757298
RAB11FIP2	-0.0523440735670793	4.50150029557221	0.0926600649032855	0.761850725100659	0.966258759622385
RAB11FIP3	-0.543917930660656	6.76358698036483	9.88912106467808	0.0025612800448157	0.169241444343058
RAB11FIP4	-0.446360242901762	5.38806956518519	2.82390052818909	0.0979473170749731	0.583229312139032
RAB11FIP5	0.0627632284662777	6.0262585234456	0.0898278471816348	0.765407538084125	0.966570726633002
RAB12	0.231833111664462	5.24520060470008	3.90345886090044	0.052681579480044	0.47606503667694
RAB13	0.0309343023119037	6.86589839592779	0.042812508779167	0.836762780649387	0.978963356550239
RAB14	-0.0722446627746317	6.85453110648157	0.388143223542062	0.535582343767156	0.910753983212219
RAB15	-0.149547971407969	4.24090086399301	0.289903151158255	0.592227591948266	0.931251422988134
RAB17	-0.443274948111371	4.93420554476526	1.2365134884728	0.270475382570348	0.783616140610562
RAB18	-0.192053605654897	6.08055757703094	2.2092054918086	0.142302016244285	0.657201874426963
RAB19	-0.490932084463786	-2.14124358641144	1.10302142241936	0.297716650491415	0.802961867445385
RAB1A	-0.135515919859978	7.52107910388886	1.26063991865418	0.265897489044813	0.779548410508857
RAB1B	-0.127790441964547	7.44064282272146	1.83991869109459	0.179923097483745	0.700759841649736
RAB20	0.405280056087243	4.30213426541931	2.14232255604821	0.148381394459072	0.664404551447749
RAB21	0.0721458660390064	5.94736747391352	0.287111356298987	0.594011740659902	0.931597828959565
RAB22A	-0.00349627036486299	5.82491173670923	0.00127975488715074	0.971578784890199	0.994588923762335
RAB23	0.336409684684172	3.37891130402839	0.942916935112082	0.335335377651287	0.826043935087451
RAB24	-0.182876507595302	3.7548269232144	1.28774174484627	0.260871454567863	0.776150608292668
RAB25	2.0723253392569	0.438240019406647	4.23055735948098	0.04395402191393	0.446279644126988
RAB26	0.752515765576831	0.444125252604037	2.14174077771811	0.148435573906257	0.664404551447749
RAB27A	0.240740222424617	4.87795429994068	1.12633338038787	0.29271196430098	0.800246250098058
RAB27B	-0.0914359427010918	4.74090729346192	0.0303595201235927	0.862249720450075	0.981066232590874
RAB28	-0.0326802910482357	3.8373785953298	0.0552808245719303	0.814898283314811	0.976894560831793
RAB29	-0.157171687264951	5.44907099115681	0.606176635442729	0.43921867796268	0.875987361169166
RAB2A	-0.0492554346760508	7.26281596851253	0.218255925320471	0.642024323933762	0.944136983697543
RAB2B	-0.0703718967119826	4.19137292233539	0.161611448740452	0.689072011047973	0.954988575695626
RAB30	-0.103388003882088	3.92959640590537	0.282686679019412	0.596862476998049	0.931597828959565
RAB31	0.0628386995188286	7.54101143104459	0.10757743541721	0.74403411551082	0.964484713425175
RAB32	-0.0701611811927965	5.61651398045076	0.0918227254179513	0.762896028995534	0.966443518821774
RAB33A	1.30783661836346	1.06277715239183	9.94800372201281	0.00249181641683345	0.169241444343058
RAB33B	-0.226834192854857	3.24867820453455	2.49157668958343	0.119591125997016	0.623756547256816
RAB34	-0.13732246573457	7.27936220746087	0.680142827912958	0.4127272820231	0.86534967658596
RAB35	0.0590462726051444	6.24425261759807	0.335799929906962	0.564382049582568	0.924290427412389
RAB36	0.214094044629501	4.04640407661274	0.589819049438566	0.445430222386033	0.877352856581968
RAB37	-0.0486009972720586	2.65480241436115	0.0253048709835188	0.874131394112307	0.982308284933704
RAB38	0.847392376092856	3.21301920320479	3.75307619555683	0.0573102247524748	0.48750701556567
RAB39A	0.0152000391545875	-0.799312556931797	0.00198524244607178	0.964605634131228	0.993662867942064
RAB39B	0.424617202551419	-0.190206346933128	1.01999959563686	0.316479234271451	0.814675673765009
RAB3A	-0.126418038533642	1.9545388747393	0.256806188169548	0.614136417973064	0.936973494171862
RAB3B	1.55894454034	3.09425777571619	5.78974426212107	0.0191417789219059	0.34016528861125
RAB3C	-0.167143005598548	-0.8690211664495	0.0959776543153147	0.757759190208779	0.966031552045082
RAB3D	-0.40419830319582	4.60568421477476	3.60023335975768	0.0624722327274529	0.499731875634325
RAB3IL1	0.418691577398014	4.74485519287572	3.4993459659271	0.0661567322026152	0.510363616557182
RAB3IP	0.245510985725003	3.64636817309437	1.17286656754208	0.283044084734275	0.792742285775093
RAB40A	-0.681716095786634	2.85662129744308	3.39810394948132	0.0700947532330092	0.518250601056423
RAB40B	-0.265700940439936	3.20756761257852	2.49700494650865	0.119196881242709	0.623663499259099
RAB40C	-0.13601971140395	4.84786347067757	0.965986163652752	0.329537022666541	0.822511466187346
RAB41	0.330958516291261	-0.130634733404298	1.66098726821066	0.202300737485584	0.723123872767091
RAB42	-0.173698925430571	2.37968738998062	0.626139414951537	0.431818481154202	0.872532842031544
RAB43	-0.0346767107974861	1.08946268020019	0.0234040159545051	0.878912340577172	0.982890375704557
RAB44	0.509909119718632	-2.09410261158168	2.43457159095438	0.123821794365549	0.629596674147268
RAB4A	0.0248446651844897	4.99461977086581	0.0224335413561022	0.881430016027549	0.982890375704557
RAB4B	0.0492030638744498	3.86118445154438	0.0451920461567012	0.832354875311322	0.97886750077338
RAB5A	-0.127842381113055	5.902582143592	0.986757010795528	0.324431625962828	0.819607014123781
RAB5B	-0.182173276543771	7.56744162797997	2.86702470811021	0.0954757642689611	0.576889146683792
RAB5C	-0.0104847240697947	6.71213971354794	0.00780997522065466	0.929866740490444	0.990184524391061
RAB6A	-0.156173392400019	7.05283286006329	1.7337373530484	0.192823734594127	0.713332944284043
RAB6B	-0.647688712906137	4.78759016674023	4.5800962021983	0.0363230481632413	0.415935262792353
RAB6C	0	NA	NA	1	1
RAB7A	-0.163671375075902	8.05276916001575	2.16206334364762	0.146556441607955	0.662491202559753
RAB8A	-0.102930382878029	5.51633982352213	0.783878023563473	0.379409024968922	0.847838345535117
RAB8B	-0.00251270745414778	5.31148742868947	0.000117436281501763	0.991388756286261	0.998839494216737
RAB9A	-0.131850901021556	4.61294709371429	0.7034843069831	0.404866144557096	0.860799185729739
RAB9B	0.635556245999106	0.980356332991398	2.51276951539775	0.118060242972464	0.62142734382646
RABEP1	-0.0867570033975192	5.92971793397569	0.509863872548091	0.477901197629587	0.890721604431991
RABGAP1	-0.231419435591681	6.04889915552496	2.01912105164856	0.160383582573059	0.678166689424682
RABGAP1L	-0.420666129931836	5.49227881048889	3.19887603338382	0.0786181522106921	0.540381695176212
RABGEF1	0.395479175326464	2.87792411317212	5.12688049353354	0.0270975704287206	0.379574755261282
RAD23A	0.124284543488552	6.82098948687328	0.879001097000584	0.352145596286672	0.835264912113338
RAD23B	0.0220248694833433	7.79125297592823	0.0263698888583732	0.87153303665594	0.982308284933704
RALBP1	-0.265955001322424	6.51337178580636	3.59494968485373	0.0626595269235257	0.500140891557481
RASEF	1.06256736895477	2.26984274409019	2.16060649127389	0.146690233178992	0.66268250424282
RBSN	-0.216898685343471	5.09855657344099	3.84341359840975	0.054479066284105	0.480250638703896
RBX1	-0.0702906346066056	5.73255789984512	0.196781442503058	0.658889361798847	0.947432037495478
REPIN1	-0.0948014143877136	6.46008047621255	0.633158073541154	0.429262211850835	0.871654515242936
RER1	-0.0989455316689281	6.6667338838561	0.4597164077855	0.500301611630293	0.900167210585442
RFT1	-0.047288020190014	4.60308946834656	0.12177550477575	0.72830958599754	0.960613502182983
RFWD2	-0.0128637262826613	5.44404087467833	0.0116598688759646	0.914362648006971	0.988432233228848
RNF185	-0.0127149208395141	4.54753957696947	0.0106719234309584	0.918057293785957	0.989146203804481
RNF5	-0.177468134936412	5.58606396873346	1.51698664355796	0.222768440044982	0.744109161122911
ROCK1	-0.0685698053454013	5.88052623055714	0.126043416151614	0.723785746665587	0.959977498641582
RPN1	-0.0457510415281799	8.75558856655851	0.0927879255497382	0.761691563883261	0.966258759622385
RPN2	0.00276563037545165	8.54194502638991	0.000400804960672048	0.984092188534838	0.996753771846353
RRBP1	-0.00950824175347549	8.85316830594072	0.00362496482244319	0.952185602387903	0.992865450052579
RUFY1	-0.109955186779523	6.24836552648891	1.00981968598304	0.318886559036731	0.816815612740639
SAR1A	-0.161132547878844	7.43621186852218	1.54978223309371	0.217894108463859	0.739036973460518
SAR1B	-0.111547663065738	5.38207905028623	0.437203580303966	0.51094675136708	0.904013536341088
SEC11A	-0.0861237395510254	7.21874235464307	0.569096795726088	0.45349921748174	0.879795768343136
SEC11C	-0.377997648197924	5.33934638613659	3.56727434226234	0.0636506326374469	0.501932250318458
SEC13	-0.00573438846974947	7.14197095272319	0.00114224722362156	0.973148446793893	0.995040046485379
SEC16A	-0.0769589131175778	6.89812600486106	0.541861874124588	0.464462761482389	0.885059816477443
SEC16B	0.456251288382658	-2.24957109875674	1.52706855081389	0.221255971837951	0.74270582470774
SEC23A	0.0157241712362153	6.26622117056373	0.00657508798357948	0.935636341230308	0.991329715974834
SEC23B	-0.0363611274458561	6.05236631653728	0.0423656286316527	0.837604740869408	0.979106881558293
SEC24A	0.0833985507973891	5.09892744225835	0.209413990551605	0.648840972615706	0.946552420998696
SEC24B	-0.252907969793754	5.37558219005312	2.29033435754698	0.135308204231564	0.646250919237263
SEC24C	-0.100946582524083	5.50131985707569	0.14671842891505	0.703013069195161	0.957888026846281
SEC24D	-0.0357961003640829	6.19163110066756	0.0334693516154484	0.855442381311088	0.981066232590874
SEC31A	-0.168191593677156	7.82108190110166	1.6647253995094	0.201800372011666	0.722964191973978
SEC31B	0.0444950979392892	3.47177924598458	0.040848624343981	0.840497991802614	0.979181194030046
SEC61A1	-0.122679924746531	9.30485358097325	0.856134864441386	0.358441917286972	0.838136568565131
SEC61A2	-0.151796850883247	2.98904761608442	0.871330887399599	0.354240370930769	0.836127304714307
SEC61B	-0.0229830489393245	6.76816993741633	0.0176008893107812	0.894889135632036	0.985922972889996
SEC61G	0.0442650760266688	6.50638314014154	0.052626396083945	0.819316397569152	0.977709470420466
SEC62	-0.0684111099120389	7.11679553152373	0.258711397564649	0.612828089518495	0.936973494171862
SEC63	0.089656630465195	6.90090085352463	0.314265590657047	0.577112587822817	0.927248613550304
SEL1L	-0.272008608973669	6.66956901047614	2.95084129256867	0.0908683777509671	0.568981078086868
SELENOS	-0.353558473111021	6.34091428951273	4.58102717336559	0.0363047386074828	0.415935262792353
SGSM1	-0.343556198347259	0.279896236916571	1.24444421324574	0.268959591526872	0.782539191732936
SGSM3	-0.0356415868385424	5.56639315144127	0.066160339802584	0.797870926653133	0.973607698606433
SIL1	-0.128512669432727	6.55675706399613	0.307985705361174	0.580933330867718	0.928372546778692
SKP1	0.0112358668384394	7.92634480285707	0.00625037265615392	0.937242337544651	0.991329715974834
SMCHD1	0.184606617668782	5.68875574435957	1.00346233144859	0.32040234224843	0.817785309737235
SNAP23	0.0773144072323523	5.56349041721749	0.217588417644196	0.642533001888762	0.944336695897125
SNAP25	2.29309907791985	1.91218260647388	19.4352321271297	4.25672599950062e-05	0.0580165536533207
SNAP29	0.0152089817630718	5.15985651268164	0.0108640569053009	0.917325637073295	0.988848100195963
SNAP47	-0.00339310584662659	5.40952519368475	0.000821892237226008	0.977221749856697	0.996244547651646
SPCS1	-0.0928512380520883	6.43869328602318	0.326850525493481	0.569604833367457	0.924854722187943
SPCS2	-0.189680910332516	5.84018048093858	1.78733222448333	0.186179736557637	0.706783081003276
SPCS3	-0.280773602204568	7.2096898043687	2.95685987241821	0.0905471839601179	0.568701490954045
SRP14	0.000928964731689848	7.79103077507874	5.16207047855538e-05	0.994290717388205	0.999307369929441
SRP19	-0.00206737927529752	4.38192041775464	0.000182943616496619	0.989252225484748	0.998075074908994
SRP54	-0.187597730360267	5.60430679320185	1.54548415705065	0.218525473543896	0.739326376401469
SRP68	-0.294880301131887	6.73683041488713	6.02851947955553	0.016920431224979	0.324734082123529
SRP72	0.0662026469115313	6.71750709910414	0.221235367565116	0.63976533567344	0.943897454966929
SRP9	-0.137090493766551	6.82740754303637	1.39715483645614	0.241754153566476	0.758822133999831
SRPRA	-0.134380653754354	7.85206498897565	0.952394299091199	0.332936682778677	0.823963318550646
SRPRB	-0.182114406868246	6.58422872908196	0.923909575694408	0.340217417812415	0.827912986102905
SSR1	-0.115912312277132	7.97107696346224	0.516382350843481	0.475112408406843	0.889669739536501
SSR2	-0.0607075166716581	8.48354926793037	0.154994662174578	0.695169946103937	0.956567756532332
SSR3	-0.127785972037755	7.57554617417122	0.676009114190399	0.414143162567219	0.866101142372628
SSR4	-0.0641679901177594	7.88319679053365	0.0798086234050892	0.778506261549371	0.969723993505879
STT3A	-0.0986797989230945	7.73234654495662	0.397291720483399	0.530828189474932	0.909799908822083
STT3B	-0.163064736047079	7.62423869162923	1.08860829470623	0.300866889889994	0.805216098600055
STUB1	-0.0808195525492986	5.52098094363092	0.305417265414655	0.58251072873834	0.928582087311067
STX10	0.0253383789739794	5.68433523174979	0.0210527884967737	0.885110085902374	0.983514623621116
STX11	0.134100510999653	3.36877717805595	0.132411304015434	0.717193863000355	0.959039729491653
STX12	0.0823093332326655	5.59992041820286	0.249354735811599	0.619312888364244	0.938404508135116
STX16	-0.111388876824734	6.12707967576905	1.33036645479749	0.253206456287842	0.772413626976411
STX17	-0.201818689889212	3.33820798391866	1.42146318038358	0.237746304750169	0.754327324180695
STX18	-0.124063324271535	4.82352560379512	0.905229618893393	0.345110480649202	0.83085006417246
STX19	0	NA	NA	1	1
STX1A	0.584985459727008	2.39244840232505	4.13774645547013	0.0462592514665604	0.454314763386455
STX1B	0.607079868971445	2.57889003098705	3.42091505570435	0.0691855395967042	0.516720961508171
STX2	-0.107104060425873	5.3267829609295	0.452007279482792	0.503903321544763	0.901212870778628
STX3	-0.177191694141972	5.0936917077223	0.537781942310188	0.46614181304173	0.885652365012602
STX4	0.0760919743916537	6.33212248265558	0.335439852422095	0.564590379756267	0.924290427412389
STX5	0.0342844057750744	5.97231590332778	0.07300272041549	0.787919284149725	0.971232961893195
STX6	-0.0154050400684044	5.59936144324046	0.0108988554255495	0.9171938236405	0.988848100195963
STX7	-0.0470166071504536	5.81650493970039	0.127297002598985	0.722473435079446	0.959918824502408
STX8	0.0492858120395768	5.10943974534827	0.0660249562608191	0.798073254282872	0.973677231887586
SURF4	-0.0593466879390981	8.41047745121088	0.219090881748674	0.641389376052949	0.944108550174293
SVIP	0.042226869504689	4.44817001269879	0.0698928825639884	0.792377444624783	0.97208347362004
SYTL2	0.786019315546274	3.11503443537237	5.69023290498042	0.0201571576627527	0.345352063631224
SYVN1	-0.291199747136023	6.57971666401139	4.87379862137619	0.0310098681978287	0.396023339621914
TBC1D1	-0.0782260382331094	6.77193649341015	0.134643393851481	0.714925883411039	0.959039729491653
TBC1D10A	-0.0454800780459691	4.16478673177031	0.070920504455969	0.79089272559345	0.971913519057336
TBC1D10B	-0.0448690252619838	6.44183718959205	0.239136429623341	0.626571334033994	0.941108348360131
TBC1D10C	0.0219037251558049	3.89989340582139	0.00415982794880251	0.948784059493528	0.992865450052579
TBC1D12	-0.180579218249796	3.45590462166629	1.12700520974074	0.292569363619316	0.800138737750373
TBC1D13	-0.246298275660464	5.50529678654068	3.22205230094501	0.0775702856712236	0.538279570527159
TBC1D14	0.194691672975899	3.78328182575133	0.628700039697624	0.430883176374747	0.87172590871108
TBC1D15	0.108611307951644	5.39622152725343	1.14178659549668	0.289454604836605	0.797980382760651
TBC1D16	-0.212264434106616	6.07951159321438	1.09029451489816	0.300496090447931	0.805101335033942
TBC1D17	0.0967786456689657	5.80518965872289	0.559887492425428	0.457159736665801	0.881069530145306
TBC1D19	-0.00841785395600865	2.41713456662253	0.00238083681561036	0.961241846023992	0.993662867942064
TBC1D2	-0.338811028509062	6.19348070243034	0.821103291335654	0.368397063576733	0.842471512602887
TBC1D20	-0.00574744293705129	5.53137170343266	0.00242151296568959	0.960912429529958	0.993662867942064
TBC1D21	0	NA	NA	1	1
TBC1D22A	-0.163331656683682	5.64741926388567	1.40875490968673	0.239831235847938	0.755543133775776
TBC1D22B	-0.168751778887135	4.32988004110145	1.42007184233539	0.237973473178712	0.754330575135619
TBC1D23	-0.0669972786676235	5.28081543939029	0.318713627375721	0.574436678310844	0.926405279995078
TBC1D24	-0.243577316426332	4.05384834534677	2.24653597312944	0.139033643825274	0.651069199897288
TBC1D2B	-0.556663538050483	7.30701631317935	4.99653702750697	0.0290420025430398	0.390351814020054
TBC1D30	0.271038369896224	1.89850821151346	1.15939887729497	0.285799167793646	0.796083059364896
TBC1D4	0.343198032883043	4.34743491846183	1.87425956094102	0.175971247540636	0.696514131132433
TBC1D5	-0.0267281055777818	6.38650197670177	0.0233827308278222	0.878966980706289	0.982890375704557
TBC1D7	-0.138703340438794	3.77188502032653	0.533141389869206	0.468063559555492	0.886695750083169
TBC1D8	-0.0850857663262706	3.90413850843942	0.179716405602394	0.67309733527168	0.951362260830767
TBC1D9	-0.967469913028609	6.66128552530098	9.61301234301219	0.00291506818409919	0.175121464932479
TBC1D9B	-0.175040734694303	7.42316924462107	2.35128918853413	0.130311917489202	0.636735434961852
TMED10	-0.213123698821194	8.28968596659477	2.40672957101389	0.125949676945665	0.631450963681589
TMED2	-0.0181429646316227	8.21499966179672	0.023618904736621	0.878362127463462	0.982696784721314
TMED5	-0.188093989307365	6.10201766263536	0.811885820958764	0.371081069139611	0.844289660401105
TMED7	-0.166425581818036	6.605483124762	1.20043549779448	0.277510028076174	0.788646524556001
TMED8	-0.0669359706071759	4.38052623326694	0.197083642565287	0.658644517790641	0.947392499431808
TMX1	0.0287249346905987	5.24732232682023	0.0225062336651516	0.881239525330239	0.982890375704557
TMX2	-0.196690293666445	6.4108527442596	2.3047773368516	0.134104856069144	0.643668227284322
TMX3	0.00900625602625178	5.77960871361225	0.00483931230895063	0.944765637869487	0.992764914679599
TMX4	0.23846793210914	6.75778752647786	0.92370616954945	0.340270185386519	0.827912986102905
TOR1A	0.0104289169234575	5.73551449761255	0.00781349103605918	0.929850998053711	0.990184524391061
TRAM1	-0.070507398625219	8.70970523742948	0.127032830774938	0.722749373659014	0.959918824502408
TRAPPC1	-0.0951823662978776	6.64765598811372	0.290118673204746	0.592090321001709	0.931251422988134
TRAPPC2	-0.0570754494004935	3.79186488499154	0.168239614745382	0.68310756322685	0.952960358687374
TRAPPC3	-0.12199367609953	5.90096654619609	0.883539818494316	0.350914123541679	0.834255913482262
TRAPPC4	-0.219998116482426	5.40093533031695	3.11172391963373	0.082700765369473	0.550834616159209
TRAPPC5	0.0835882559148012	0.821863331035499	0.130679851339907	0.718968133772561	0.959039729491653
TRAPPC6A	0.355819279468724	4.61663949378542	1.75470448008014	0.19019144868932	0.711099422985321
TRAPPC6B	-0.0250549448739095	4.37290835490437	0.026471381448769	0.871288256042448	0.982308284933704
TRAPPC9	-0.0376692426014006	5.30930829077027	0.0772300474634128	0.782019711710266	0.970504296987811
TUSC3	0.392878637217609	6.12909133483796	3.69502037580346	0.0592140190008721	0.493196077244174
TXNDC12	0.0320145179145185	6.38283938980658	0.0653968952509376	0.799014784634484	0.973900288505983
TXNDC5	-0.140352653179201	2.92891322283499	0.229599412615774	0.633521756436489	0.943006890683671
UBA1	-0.0127661439435483	8.66040764686381	0.0143127572324435	0.905161807148214	0.987047586799694
UBA5	-0.198680559842457	5.2601214480624	2.76841450567095	0.101233131158988	0.588144346533438
UBA7	-0.0102833709256588	6.06286927651145	0.00210201511122882	0.96358027271887	0.993662867942064
UBE2D1	-0.054947515794455	4.44714492159407	0.137578583768274	0.711975788007783	0.958503578825642
UBE2D2	0.0705105523504389	6.37887756503912	0.371733161820294	0.544308907604386	0.915861853398924
UBE2D3	-0.108016065022197	7.78774298855373	0.589499956971966	0.445552755396051	0.877352856581968
UBE2D4	0.155795726833109	4.27397725143216	1.1919911549061	0.279190230365723	0.7900608134809
UBE2E1	-0.0772767643293255	5.8953554873414	0.45137600684583	0.504200231142206	0.90133071742891
UBE2E2	0.0571474028964285	5.25640310713121	0.106550266014505	0.745215412212655	0.964487069269748
UBE2E3	0.117602662108017	5.72993785379468	0.561567388848366	0.456488509505447	0.880695577862876
UBE2G1	-0.0467136699494482	5.41883631962828	0.130385375086372	0.719271214784532	0.959039729491653
UBE2G2	-0.0361927173047225	6.44447336877902	0.0905666919433972	0.764473831029515	0.966570726633002
UBE2J1	0.0647846679648517	6.23867349155187	0.210297152583965	0.648152333641342	0.946130889875809
UBE2J2	-0.114682545403018	5.68646311086243	0.458325266571977	0.500948274516143	0.900193269903909
UBE4B	-0.127462851585006	5.62840640728508	0.681467139459313	0.41227520981259	0.865320078229535
UBQLN1	0.00374468812072888	7.04419305278095	0.000785332616506631	0.977733988698917	0.996359360763226
UBQLN2	-0.187853670965299	5.94723159660934	3.21333208955039	0.0779627330883871	0.538602047343613
UBQLN3	0	NA	NA	1	1
UBQLN4	0.117626538678591	5.23225235370169	0.63342747540263	0.429164555302869	0.871654515242936
UBQLNL	-0.264717072598743	-0.211818082978308	1.05452113578684	0.308493266429214	0.809641031970356
UBXN2A	-0.327632089759083	4.84186251050193	5.34745516302998	0.0241168087078689	0.36905123177692
UBXN6	-0.113581459666356	7.71890687422456	0.525193719189916	0.471384903802762	0.888371987542511
UFD1L	0.199981193192226	5.48552322898672	1.10584414071337	0.297104753087888	0.802844051176446
UGCG	0.533716327887714	6.15071308015731	4.93204336635124	0.0300588051682015	0.392016613100738
UGGT1	-0.174436616451539	6.71810145582798	1.59446039148403	0.211460514662768	0.732206744222518
UGGT2	0.106293312395073	4.42669710896704	0.38182675782742	0.538910522496794	0.912001010705919
USE1	0.16298308798321	4.79577057059241	0.604907629961797	0.439695720786593	0.875987361169166
USO1	-0.30877519767992	6.5259209350118	2.90372155866027	0.0934272766343473	0.574454821555594
USP6	1.0694227980096	0.841820666017459	4.73655009378981	0.0333808358490694	0.403727927848455
USP6NL	-0.206872593953523	4.21704284531971	1.29662452077585	0.259250285534026	0.775687136084379
VAMP1	0.103748335800564	3.24220133960971	0.22502795978929	0.636916602205317	0.943006890683671
VAMP2	0.0162076978589537	6.03033750221678	0.00744195196484145	0.931534833479064	0.990362376893507
VAMP3	-0.100784688622368	6.76016162382681	0.528267787731878	0.470095706949497	0.887282683008282
VAMP4	0.096598643228003	4.04803636506157	0.337111300493565	0.563624591821472	0.924290427412389
VAMP5	0.109581960248794	5.83413855558465	0.107400538074636	0.744237109281235	0.964484713425175
VAMP7	0.0837168699227546	5.5006577809964	0.344920064500705	0.559154669534192	0.922790607163278
VAMP8	-0.26532536026575	6.85734656639751	1.29123554982676	0.260232290138498	0.776066291029409
VCP	-0.235832225264659	8.59334529276479	4.03383059864238	0.0489965220330643	0.466239233741953
VPS45	-0.0467264216351632	5.24725444928461	0.140217608514526	0.709353825145411	0.958306890555162
VTI1A	-0.0628616126081883	3.94778469787184	0.228709298015345	0.634179489352859	0.943006890683671
VTI1B	-0.0976978814799781	6.05029524635118	0.59210019858136	0.444555786249112	0.877067953683855
WAS	0.0793727657871955	4.59515235508387	0.114554585533943	0.736170890845169	0.962603772900605
WDR38	0	NA	NA	1	1
WFS1	0.433606401051128	5.54068894747331	4.21103611394277	0.0444283751605763	0.447781170118034
YKT6	-0.133378858083343	7.1979137858837	0.94430467404278	0.334982681644283	0.826043935087451
YOD1	0.0402893769334543	3.22333824271106	0.0247842279716726	0.87542203984975	0.982308284933704
YWHAQ	-0.0588529804495771	7.90645442664811	0.249745463972678	0.6190390590981	0.938367887469804
