pspGenes	logFC	logCPM	F	PValue	FDR
A3GALT2	0	NA	NA	1	1
ABO	0.210506413582744	3.82917657485348	0.230267876580593	0.634459633774179	0.959277143825796
ACAP1	-0.137343178456459	4.02284257528397	0.138926004344892	0.711711035353767	0.972024191303245
ACAP2	-0.0262554796569043	5.38558175508732	0.0196076226016525	0.889481318350236	0.991845057848018
ACAP3	-0.320056794320066	6.07193857598392	1.86083399178258	0.181670444035796	0.833724470657031
AGAP1	0.190170793082421	5.45241730250166	0.624886548266425	0.434826327892545	0.923486019744079
AGAP2	-0.0134089778952229	2.56708657380828	0.00270645110014921	0.958820488473693	0.997486322266559
AGAP3	-0.30494459210681	6.92257356408149	3.39245418520625	0.0744090187167205	0.74437583135748
AGR2	0	NA	NA	1	1
AGR3	0	NA	NA	1	1
AKAP10	-0.0513733258634947	4.72018086623637	0.107817859268359	0.744696460880173	0.976773693934773
ALG1	-0.0581246600523673	4.7840732397276	0.15067776310282	0.700356980962926	0.970526540833234
ALG10B	-0.209945086839447	3.83546261517681	0.814645733399574	0.373227569513581	0.91082769579114
ALG11	-0.111478526132455	2.48849049370905	0.287186859480998	0.595587642553933	0.955365571596082
ALG12	0.169793444065184	3.50118314439593	0.928938080717077	0.342080604275546	0.904802096386912
ALG13	0.139769335086148	4.63746877496514	1.62483010950436	0.211235313562242	0.855185647461229
ALG14	0.0292665250281971	3.25204781230652	0.0245363130132257	0.876473060729183	0.990746557501076
ALG1L	0.85792695637241	-0.9001643875585	1.32993092274387	0.257021444356812	0.872056783876102
ALG1L2	-0.307830103839061	-1.16444898041376	0.405158448951713	0.528784982913874	0.948152286905658
ALG2	0.000840676761388781	5.53108882312215	1.65468341116541e-05	0.9967786415248	0.999889495471135
ALG3	-0.283356275641041	5.83775852926617	2.36185389083295	0.133774930810378	0.799317656903045
ALG5	-0.0480452543957449	5.03530220580882	0.0647360292851743	0.800724594972082	0.983652667674756
ALG6	0.219977645874571	3.80241049085422	2.76105978065348	0.105963716077064	0.775888983982018
ALG8	-0.0653980114003622	5.27135449367137	0.2214957967656	0.640968238038991	0.959866356583085
ALG9	0.10708667791271	2.70005979955308	0.4737952353522	0.496009922274956	0.94215659610387
AMFR	0.159370004194085	6.84194832459341	1.03785270181444	0.315660082583666	0.896274228775603
ANKFY1	-0.0354991817623253	6.20202340852341	0.0310417601386307	0.861213482374272	0.988656755902275
AP1B1	0.243079455156471	6.91357369354365	2.22850926086888	0.14489148356642	0.811409208476528
AP1G1	0.0546013642816856	6.44418414127061	0.142761621462715	0.707946640422283	0.971248260955924
AP1M1	-0.100008010480969	6.94737671436941	0.38795894876543	0.53761328011475	0.948982049917645
AP1S1	-0.0977917656164802	5.82240344449624	0.239746903416782	0.627596476171244	0.957673150173551
AP1S2	0.356342099969273	4.28603719620858	2.02815978458494	0.163703696309043	0.820461078112557
AP3B1	0.0037864744721514	5.91633754942967	0.000426839617204871	0.983639997243153	0.999881117405788
AP3B2	0.649036291768681	3.4852936911411	0.841058971347956	0.365683156287385	0.910150896565576
AP3D1	-0.116207108026846	7.77113063984864	0.744213365282335	0.394479950522991	0.918707984863976
AP3M1	-0.0715169752984369	5.65740642276885	0.242666656681521	0.625516530812037	0.957673150173551
AP3M2	0.260867004894274	4.23574690642275	2.20949870070094	0.146562912862663	0.811900493117143
AP3S1	-0.132642798779745	6.81115978028429	0.218315089561604	0.643367285123446	0.960794417186993
AP3S2	-0.32481144937461	5.08274180136923	3.66408135303138	0.0642159376914461	0.715147954414127
APPL1	0.0165772017889243	5.47200425322395	0.00724612792625943	0.932671970165022	0.994744404200509
APPL2	0.094202660837753	5.15737943006856	0.353566635195934	0.556116631473215	0.950723953177974
ARAP1	-0.0300335243600138	7.68354176119701	0.0303099083101935	0.862842132569711	0.989142911807604
ARAP2	-0.189233016923436	5.13596508007118	0.369195889803146	0.547561066487987	0.948982049917645
ARAP3	0.45959612767262	3.55438054966685	1.30426388453609	0.26157466587836	0.872933748435296
ARF1	-0.376130751637984	9.04361949370082	5.65235510373094	0.0233207750955905	0.571360539433402
ARF3	-0.238809417490687	7.75880807245202	4.64420885488445	0.0384763811037117	0.635220221882474
ARF4	0.0887064751530445	8.20417852112818	0.127381499253399	0.72341252951287	0.974546403162877
ARF5	-0.243130198059243	7.05211549475498	1.79499459961816	0.18938304058894	0.844430768406895
ARF6	0.161991543770411	6.58483102008657	0.931723323426772	0.3413678030224	0.904802096386912
ARFGAP1	-0.0171906747095019	6.84309929751264	0.00876486288762019	0.925970914633951	0.994744404200509
ARFGAP2	-0.105559545406337	6.51887603246089	0.780877808700995	0.383203098642084	0.915429594997929
ARFGAP3	0.176363697731608	5.17567265708068	0.576193909040985	0.453143546170615	0.928925623148926
ARFGEF1	0.0936172288432829	5.60838367910453	0.468730933045288	0.498305421982989	0.943251210682417
ARFGEF2	-0.000180662817756897	5.62920318461048	8.41719324776544e-07	0.999273448473464	0.999889495471135
ARFIP1	-0.18832763253619	4.94360415292075	1.64140213443529	0.208976272302982	0.854783279390461
ARFIP2	-0.0562935371388988	5.63234080174142	0.122685461800692	0.728344030551243	0.975842602172877
ARHGAP1	0.329747294174523	7.61612164328286	4.82212659669934	0.0351605214732651	0.626125633699413
ARHGAP24	0.795647194311818	2.99509469362376	4.61971653325248	0.0389591666914011	0.635220221882474
ARHGAP5	0.0566017852513798	6.19527362276052	0.0805985633328696	0.778244206622608	0.97991057512338
ARHGDIA	-0.363092086019924	8.41250239666916	5.6808937505459	0.0230002065438201	0.571206454989043
ARHGEF1	-0.0326637573013744	6.93472900743025	0.0435699690556313	0.835926251376102	0.986459731407288
ARHGEF11	-0.100257701880477	6.08360049897338	0.433107078867683	0.514988792985695	0.947248124231054
ARHGEF2	-0.155534403383427	6.70742593237093	0.650958930940986	0.425490473539684	0.920712944417696
ARHGEF6	0.450544916029041	4.2192396950561	2.43113792155449	0.128393034610746	0.796241743214673
ARHGEF7	0.00319371518323163	5.67252358962459	0.000604860661813873	0.980525540604502	0.99902968459704
ASAP1	0.239940887376153	6.38108972456268	0.620062658658338	0.436588508866328	0.924538072241043
ASAP2	-0.16661182104677	4.35929408739846	0.190069303874188	0.665669936135092	0.96459948701261
ASAP3	0.240439015126114	5.95418179031742	1.4147467391083	0.242675087428842	0.870342342729211
ATF4	0.132435318065948	7.83703591395965	0.471896037873289	0.4968686369019	0.942596208053142
ATF6	0.125913887487701	6.17745990227057	0.593790774689207	0.446385427818523	0.926674101042642
ATF6B	0.0469864457346339	6.51201914379195	0.155185976254758	0.696137155406964	0.969822382937032
ATXN3	0.0613407319988581	4.22768695750398	0.200374115249079	0.657315141072437	0.963033571878694
ATXN3L	0	NA	NA	1	1
B3GNTL1	-0.240068893236099	3.09621000265977	1.99675698965116	0.166907929366213	0.822295046202288
B4GALNT1	0.0511396786541402	2.97342175804807	0.0103015794468545	0.919764358490882	0.994744404200509
B4GALNT2	0	NA	NA	1	1
B4GALT1	-0.128017001620331	8.08133859584813	0.279728450448107	0.600384265906375	0.955365571596082
B4GALT3	-0.0985076263868192	5.35693449167448	0.492052058097284	0.487882941005353	0.940752661577106
BAG1	-0.455446555301427	6.17547620208737	3.43559079275692	0.0726755364411884	0.740010891880862
BAG2	0.191577075583508	4.65292042830995	0.45264770170688	0.505718724180084	0.946040686720848
BAK1	-0.0272131724967131	4.8442713958544	0.0212754962724934	0.884909593802716	0.991845057848018
BAX	0.175147779993121	6.22657168298682	0.782185534412794	0.382809625752724	0.915429594997929
BCAP31	-0.0434747134987001	8.06323845737774	0.0558089453534751	0.814692955217866	0.985698716797529
BCL2	0.383253596684452	3.37523138875887	1.93541414739891	0.173385387830929	0.827454482293826
BET1	0.0868360091482059	4.96073251346268	0.20561250432997	0.653166977848447	0.962182716009411
BET1L	-0.139848391406505	6.49226091787278	1.33047001359688	0.25692690254175	0.872056783876102
BNIP1	0.131264244126246	3.4649842641257	0.542338858590296	0.466617405909269	0.933559051411704
CALR	0.181657535029765	10.5096374914814	0.967830999506696	0.332310045044271	0.901859079987308
CANX	0.11707721714348	9.89278154326994	0.449506457272187	0.507189063704152	0.946040686720848
CAPN1	-0.234879329633029	7.9216940273313	3.47068982897524	0.0712984611879507	0.736644690907253
CAPN2	-0.28969741378419	8.84849402018662	2.66713994820288	0.11185336605455	0.7831489829167
CKAP4	0.188894644370295	8.43613436145789	0.912431419143388	0.346347726936618	0.906142854328553
CLTA	-0.180961164742109	7.18989431333122	1.00171537211014	0.324107461857436	0.900685930941071
CLTB	-0.0276572732023641	7.47147544161515	0.0087959024572571	0.925840343134294	0.994744404200509
CLTC	0.0302136245565269	9.03432625416428	0.0279629274298144	0.868206522412715	0.989267963561771
COG4	0.0630229129611737	6.23138490232846	0.231313184338552	0.633694306792741	0.95920689836287
COG6	0.436961721490261	4.1402944744258	3.65424338046778	0.0645566114385178	0.716240957235158
COPA	-0.00415861493581519	8.16596308290455	0.000485220773998095	0.982557193921659	0.999266822397239
COPB1	0.0436042011963767	7.42387499780758	0.0951519791026342	0.759646790797348	0.977073887276342
COPB2	-0.0850573789655218	7.69218534449495	0.260335959245763	0.613252254879251	0.956064516595211
COPE	-0.167223375351587	7.29306300729413	0.748584925457075	0.393110000219435	0.918707984863976
COPZ1	-0.223418022674944	7.63038256480165	3.28600240287813	0.0788892637043673	0.746012223132053
COPZ2	0.305813255716108	5.37016738313479	0.662050322946224	0.421612381719372	0.920712944417696
CRYAA	0	NA	NA	1	1
CRYAB	0.32086218978095	6.40637676466218	0.576960336470583	0.45284580477329	0.928925623148926
CTBP1	-0.081190177310892	7.08618528176684	0.238810810754408	0.628266658871743	0.957673150173551
CTSA	0.387305679237573	7.56367352276904	4.01925332318904	0.0531620065946014	0.686091179205084
CUL1	-0.0930616925811977	6.00948981664809	0.52399463973262	0.474193377531771	0.935211380510752
CYTH1	-0.246360568822039	6.08918784126874	2.52165488288789	0.121735859388271	0.795353319626597
CYTH2	-0.140894520245231	6.02245706971399	0.908774600610289	0.347303064595373	0.906388466803827
CYTH3	-0.363358956216568	6.72359236544256	3.34144146815021	0.0765192474115283	0.746012223132053
CYTH4	0.180864267521927	5.36002935253757	0.414237666286367	0.524230881371446	0.948152286905658
DAD1	0.209851807497983	7.11489219524303	1.11837176128647	0.297874624903327	0.886965662807563
DDIT3	-0.15851411890705	4.89440086615488	0.331099767257198	0.56887716570968	0.95373476041359
DDOST	0.158046990355607	8.23370987100711	1.07777466808146	0.306669572343645	0.893470030160095
DERL1	0.0430311689647009	6.40993272378882	0.102428354815926	0.750932600954366	0.977073887276342
DERL2	-0.181417506799584	5.75582273389481	1.31047742939681	0.260463002862042	0.872933748435296
DERL3	-0.050933622517156	4.09639086340761	0.00808444434299316	0.928894111114797	0.994744404200509
DNAJA1	0.0455949677583394	7.80866722406116	0.0812515701420417	0.777372336146799	0.9797907509217
DNAJA2	0.0892099819136232	6.10537592794606	0.515099151488976	0.477940597616216	0.935728824605192
DNAJB1	-0.104633753935442	7.28592643794771	0.285116742885873	0.596910831877135	0.955365571596082
DNAJB11	-0.122617074182413	6.44758174765406	0.345487986085294	0.560640304439972	0.953215463246775
DNAJB12	0.0789738454541783	6.31839641662874	0.164927919467109	0.687255286455162	0.967868110398281
DNAJB2	-0.281817887097025	6.31330832691819	2.21883855571197	0.145738930505253	0.811900493117143
DNAJB9	0.0941278702056387	6.54586095599746	0.0849445226543137	0.772511659193194	0.978878365730368
DNAJC1	0.25103874509736	5.33779965977204	1.05538335253578	0.311669137669223	0.893470030160095
DNAJC10	0.062854663449627	7.29622928962317	0.131807061611851	0.71885828314762	0.973325851484608
DNAJC3	-0.0547921571831196	6.85663174643393	0.0669569402898756	0.797411598393254	0.982885740192974
DNAJC5	-0.0803326782778818	6.74715492477557	0.246522361881492	0.622793638768004	0.956079714957901
DNAJC5B	-0.27076941430951	-0.475000160465776	0.203784435640398	0.654607254494336	0.962344097921047
DNAJC5G	0	NA	NA	1	1
DNAJC6	-0.199099442974195	3.3590107321575	0.30232029394915	0.586097574133707	0.955110687108878
DNMBP	-0.199169768080088	5.15042112967897	0.370687126717723	0.546757823432363	0.948982049917645
DOCK5	-0.0808978443312418	6.2339306902689	0.0930965024155611	0.762174337291441	0.977073887276342
DOLK	-0.00505112953481457	4.17407059986835	0.000957333587519031	0.975501295833961	0.998951548225081
DOLPP1	-0.0263495959168943	4.00103369521083	0.0157571932320533	0.90085999536004	0.993666099244998
DPAGT1	0.0498026313687096	5.59126697521232	0.101604118586135	0.751902191709115	0.977073887276342
DPM1	0.113509596820156	4.9656300743039	0.787064693906329	0.381346740703301	0.915181530356118
DPM2	-0.180631520033408	5.62394264179288	0.772872789760777	0.385624563947663	0.916141409670072
DPM3	-0.0575172830522097	3.98012750366385	0.0315570496428534	0.860078621484206	0.988656755902275
DPP6	0.805620535335302	2.92601744329195	0.718689828795454	0.402621361734589	0.91975191582319
EDEM1	-0.0286456555474441	6.37970826962861	0.0149493514662726	0.903421431206046	0.993773794502768
EDEM2	-0.0462168980340281	6.40100982553799	0.0571793177384177	0.81247540664688	0.985548895812233
EDEM3	0.10386004997949	5.79816203888477	0.246117928106809	0.623077993395647	0.956079714957901
EEA1	0.28026824820693	5.19439792035057	2.15634087592176	0.151358250076827	0.813732018107885
EIF2AK1	-0.053776433116603	7.63832449393295	0.168053070463309	0.684471156591488	0.967036686989591
EIF2AK2	-0.0135191224666141	6.45037002755935	0.00417405491151799	0.948872940010874	0.996349481982925
EIF2AK3	-0.0617629428596888	4.63557218352356	0.168386368226064	0.68417602411234	0.967036686989591
EIF2AK4	0.000546397230397282	5.60069232349954	7.05056594782353e-06	0.997897217775134	0.999889495471135
EIF2S1	0.156488553961538	5.94403553986352	0.863277141274922	0.359504228295062	0.90866536883768
ERLEC1	-0.0785015703227365	6.260375278277	0.252826447835926	0.618398591373002	0.956079714957901
ERN1	-0.504867403406918	5.91567663287474	2.73683149925786	0.10744829797679	0.778511017238696
ERO1A	0.206780682924555	5.78942673291336	1.03451255010113	0.316428284691818	0.89715173096095
ERO1B	-0.539125536348816	4.02982466611776	3.05040473015272	0.0899289112741658	0.752375934613335
ERP27	0.0758148393778744	-0.618560132697548	0.0517983421711486	0.821353516633435	0.985973706156434
ERP29	-0.0648096135000783	7.56191510973768	0.224084166669006	0.639031506156191	0.959277143825796
ERP44	0.0224821325166686	6.62912669632483	0.0150583121541549	0.903071915045025	0.993773794502768
EVI5	0.015272459320301	5.01653631481201	0.00491093085193856	0.944550357328336	0.99603712997561
EVI5L	0.117849204657163	4.56563798610077	0.523909488124986	0.474229016326783	0.935211380510752
EXOC1	-0.087959793509662	5.45341969586588	0.32789238132882	0.570745895455219	0.95373476041359
EXOC2	-0.0532916996280876	4.99455243520102	0.0934881273193684	0.761690428401672	0.977073887276342
EXOC3	-0.0352880116994269	6.13963941939625	0.0507878372155375	0.823074211181899	0.986151711906963
EXOC5	0.245604512226811	5.2345638257436	2.68111484146982	0.110953674755463	0.782897728008289
EXOC6	-0.0826667189461293	3.3960861523127	0.265898122539371	0.609500702490636	0.955452252910164
EXOC6B	-0.288864563118476	4.97304709384073	3.63155835865953	0.0653498805340238	0.716807661780354
EXOC7	-0.178154947567598	6.2436802957586	1.03300745777035	0.316775265961989	0.89715173096095
FAM71B	0	NA	NA	1	1
FBXO2	-0.368161222697521	7.92639181421954	0.323953567012589	0.573057538020438	0.953912235758999
FBXO6	-0.19197275601285	4.38712173106063	0.389228738658593	0.536952243087832	0.948982049917645
FBXO8	-0.139628233122811	4.02589836736909	0.61386704649265	0.438868213921024	0.924821455601211
FUT8	0.260071635467458	4.52458872640789	0.956812256050064	0.335038656407549	0.902499832417495
GALNT1	0.357478832984953	6.98865197598962	2.38065831823815	0.132288709425444	0.799215051267092
GALNT10	0.360794656752912	7.63308337962596	2.13320968717053	0.153502440762036	0.814929585334444
GALNT11	0.218100946878147	5.68728854808972	1.54139929834707	0.223076656493541	0.860033388642016
GALNT12	-0.600537054281779	5.57037364749609	2.06833871960915	0.159709878888344	0.818356657497418
GALNT13	0.502894245993468	2.81322304702194	0.877732327889915	0.355563307038374	0.90728285882256
GALNT14	0.544731265038926	3.22254234688439	0.954658285195528	0.335575650242194	0.902499832417495
GALNT15	0.774273501929335	2.44101617479683	1.78317115703547	0.190809643541678	0.844430768406895
GALNT16	-0.376136643725954	3.30733810020055	0.93213386738239	0.341262910501372	0.904802096386912
GALNT18	0.454548869683711	5.653558389719	2.74007012911867	0.107248478925757	0.778511017238696
GALNT2	0.0586629903616116	7.29196026154797	0.0517142247209964	0.821496074262298	0.985973706156434
GALNT3	0.441917033856707	0.836395604042735	1.2957170187377	0.263113738487832	0.872933748435296
GALNT5	2.52597686690371	3.4898345929046	16.0975945545801	0.00032086080639168	0.222163493696399
GALNT6	-0.350940999240709	3.34028631716488	0.938098959181768	0.339743874853274	0.903477557561179
GALNT7	0.507354353577295	4.87947983718091	3.1126003963829	0.0868537175648783	0.751170389262033
GALNT8	-0.287476719099144	0.631797754773051	0.266717354476303	0.608952373028144	0.955365571596082
GALNT9	-0.228716638252899	6.73700758984177	0.217371382368322	0.64408318700667	0.960794417186993
GALNTL5	0	NA	NA	1	1
GALNTL6	0.494062741838528	-1.72141079940208	0.836384506519031	0.367002346279319	0.910150896565576
GANAB	0.0862366463234679	9.00579939700773	0.329209493018156	0.569977031279724	0.95373476041359
GBF1	-0.0316683235351307	6.61310777895544	0.0393333429174285	0.843994562631849	0.987194223013008
GBGT1	-0.162165897511372	4.11523431360189	0.433379182366715	0.514857649952163	0.947248124231054
GGA1	-0.0298270610761933	5.27104397914396	0.0504279728718073	0.823691335516688	0.986151711906963
GGA2	-0.00624981064558854	6.53433823325515	0.00199678711826905	0.964624721258539	0.997710832380035
GGA3	-0.30591529459458	6.08614550214509	1.659352596182	0.206562688775869	0.853308322814778
GIT1	-0.255207263145569	7.11887716619756	1.49616779498728	0.229840552887674	0.863624380011529
GIT2	0.147721774221437	4.83010654173057	0.599977160945712	0.444047517490104	0.925965869355377
GLT1D1	0.777001066576441	0.228339486484497	1.84209035920436	0.1838269174449	0.838294417675086
GLT6D1	0	NA	NA	1	1
GLT8D1	-0.00100736564182942	5.79216489961996	3.7835907911209e-05	0.995128843392474	0.999889495471135
GLT8D2	1.54007606838565	4.21025083498746	11.6325268360036	0.00171394430166938	0.308755049427095
GMCL1	-0.10118325272507	4.50967550541968	0.432395916842446	0.515331825117213	0.947248124231054
GOLGA4	-0.0114506355433237	6.75231666601867	0.00236209300901333	0.961527070320828	0.997510793328313
GOSR1	-0.0489256772134564	5.47297498756653	0.19664470050377	0.660308377632704	0.963623196007352
GOSR2	-0.0266946308688029	4.36974876500661	0.0513522306385524	0.822110959650538	0.986151711906963
GPAA1	-0.0244799436123103	7.09336463441914	0.0209873355906927	0.885686021484889	0.991845057848018
GPLD1	-0.270363541213326	3.80691012712739	0.0822288650784373	0.776074551021496	0.979322841735188
GXYLT1	-0.273323860912801	4.71130443845361	1.52018445609554	0.22621782366978	0.861516963483034
GXYLT2	0.508938345259602	5.41707411329189	3.31207294418085	0.0777646104271727	0.746012223132053
HAS1	-0.681077526596309	7.23541597644207	1.96641114303141	0.170075502707545	0.82525000068033
HAS2	1.5323467261923	2.36812584967741	9.49783028509844	0.00410905365651478	0.347948827002932
HAS3	1.19253173334089	1.76735296180498	5.83608349115833	0.0213389149790638	0.552523433961924
HERPUD1	0.1884555288261	7.67275321099437	0.66320880119297	0.421210448453047	0.920712944417696
HSP90AA1	0.168851467331722	9.7791992131687	1.1363228580324	0.294092396935736	0.886316009122532
HSP90AB1	-0.153213381652037	10.2790527526569	1.01116823547798	0.321868468688777	0.899613724522812
HSP90B1	0.0800591274639064	10.5478060494302	0.144777973997893	0.70599094308159	0.970759060595474
HSPA1B	-0.0112639687592534	6.79087145840904	0.00127189422675568	0.971763327575805	0.998951548225081
HSPA1L	-0.21980383827046	1.64171833070215	0.881170394695915	0.354634957252812	0.90728285882256
HSPA2	-0.455320417790058	5.04752790696688	0.891175625089482	0.351952644949853	0.90728285882256
HSPA4L	0.138922435027293	3.2032431086415	0.147617729237343	0.703262961508239	0.970526540833234
HSPA5	-0.155908976942667	10.2089587403459	0.408102900011382	0.527300209080526	0.948152286905658
HSPA6	-0.402355255440268	3.3417850069008	0.764190451254585	0.388276247892784	0.917595715850941
HSPA8	0.204068083525789	10.1787968253604	0.845041689066151	0.364564510365067	0.909858708703194
HSPBP1	-0.336981037382102	5.46717569054408	2.16478215675733	0.150584573478022	0.813732018107885
HSPH1	0.0431251994581691	6.6057872069515	0.0286149872890501	0.866693606864927	0.989267963561771
HYOU1	0.112903820896796	7.97451949626841	0.204488678696043	0.654051482401325	0.96231475519341
IFT27	-0.0596497591796564	4.04552597193033	0.0842730767581891	0.773386758118596	0.978878365730368
INPP5B	-0.0457291732724744	4.51042817510111	0.0593623030879718	0.809000234367383	0.984995127728477
INPP5E	-0.150539351435349	4.2486914048174	1.00195894951276	0.32404950304386	0.900685930941071
IQSEC1	0.072809054696105	5.65305684558751	0.292349266133748	0.592314575502762	0.955337441093689
IQSEC2	0.0302496449933209	4.67317135638352	0.0568931569197877	0.812936131833699	0.9856238554788
IQSEC3	0.0511007052723807	2.72962274571242	0.00871952893280221	0.926162036993459	0.994744404200509
JUN	0.434056914123414	7.99346297442058	1.14408417549439	0.292476763512983	0.886316009122532
KDELR1	0.140211812390755	7.99906259294869	0.852267403977429	0.362547379680521	0.90979519857285
KDELR2	0.286538115853356	8.5040642989767	2.37980305634928	0.132355887073569	0.799215051267092
KDELR3	0.313264830411507	5.95139031641403	0.899915087188446	0.349632901572641	0.907110742539899
KIF20A	0.361117305507725	4.77364637477088	0.795965783157014	0.378698811106951	0.914357585119704
KIF23	0.177199323030296	4.4774650856153	0.202220212779615	0.655845867305857	0.962921480930106
LARGE1	-0.15541912542327	4.58966341691843	0.229304589000227	0.635166811930164	0.959277143825796
LARGE2	-0.00808548629707132	1.47887272857488	0.000224707470183515	0.988129340825873	0.999889495471135
LMAN1	0.45014651616455	7.84044655771474	5.60907364528359	0.0238162749664669	0.572544273383381
LMAN1L	0	NA	NA	1	1
LMAN2	0.178471643629366	7.86206794057523	1.15181928390714	0.290878208198781	0.885547933848151
MAN1A1	0.800035185294335	5.56611217573172	7.56306451290612	0.00955357662682419	0.448106289576074
MAN1A2	0.105349431046177	5.44393666183532	0.379673678821382	0.541963901223698	0.948982049917645
MAN1B1	0.0440164511485597	7.21230155555457	0.0445254068846123	0.834164052274769	0.986459731407288
MAN1C1	1.00837333297588	5.11027765574382	6.3153372683312	0.016980432586156	0.522879969663455
MAN2A2	0.0986162269870031	5.29438393478137	0.268277733678565	0.607910935421176	0.955365571596082
MAP2K7	-0.223325869301303	5.47669302671686	2.30863619069219	0.138087658998653	0.804705105649026
MAP3K5	0.180375519197703	4.73533096188201	0.274633536213876	0.603708372241285	0.955365571596082
MARCH6	0.149783693695587	6.9581439001459	1.09048555837322	0.303879130621934	0.890426521789039
MCF2L	0.528969802727999	3.53199693288417	2.62879626665582	0.114365275283195	0.786047233555658
MGAT1	0.178973093932077	7.84777454424155	1.32436651788021	0.257999889378235	0.872056783876102
MGAT2	-0.0212572079892373	2.37680301341829	0.00498330859639992	0.944143934416434	0.99603712997561
MGAT3	-0.43598535556617	2.20338568017243	0.724867034344196	0.400628244021235	0.91975191582319
MGAT4B	0.0015537330404404	7.66045003931216	6.7403528910585e-05	0.993498416787086	0.999889495471135
MGAT4C	0	NA	NA	1	1
MGAT5	-0.179788759753965	6.33064268279576	0.259923216297825	0.613532657627438	0.956064516595211
MICAL1	0.0765814147641708	5.68826474800275	0.102527742574355	0.750815977748618	0.977073887276342
MICALCL	-0.413935516927056	0.902882129007374	1.60583794376791	0.213861310283757	0.855185647461229
MICALL2	0.127329554624548	4.9425088272347	0.135935578403315	0.714687330554286	0.972292485471954
MOGS	0.0503366827559569	6.18854573402206	0.188744777118109	0.666763320629052	0.96459948701261
MON1A	-0.100761547772233	2.8986176484922	0.146779151633419	0.70406536844594	0.970526540833234
MYO5B	-0.364075653430329	6.16579721228772	0.775809088311477	0.384733769646887	0.915549771405602
NAPA	0.0517683779368222	5.98540154378038	0.0812501467750992	0.777374232438154	0.9797907509217
NAPB	0.391881393760727	3.8915930343497	2.55792664505291	0.119180904041669	0.792337999842727
NAPG	0.057280471562195	4.61044915894461	0.179248181462681	0.674739909800933	0.965002734565552
NCKIPSD	-0.110377603141694	4.57972793399052	0.374102350543796	0.544926593759022	0.948982049917645
NDE1	0.266004110323687	4.2959927428442	1.19464823915314	0.282231647207279	0.881599518705472
NET1	-0.135846431249538	6.46337883424339	0.154587095507565	0.696693603289118	0.969886144424569
NGLY1	-0.0386453865612271	5.14725488437519	0.0978648434048163	0.756356338046836	0.977073887276342
NPLOC4	-0.316863289159588	7.17628682600651	4.8717722803226	0.0342922263022839	0.626125633699413
NSF	0.01406055402146	5.28771199975519	0.0108067050699121	0.917827883503535	0.994744404200509
NSFL1C	-0.0256237196762274	6.37001161046991	0.0206456941583094	0.886613638370561	0.991845057848018
OCRL	0.24349680594404	5.53905079003427	2.32905402143265	0.136414108209203	0.801584104588505
OPTN	0.010731489436249	7.56394208001571	0.00370840990754544	0.951805186766066	0.996945503344332
OS9	0.100611308831936	8.38207394085161	0.408221763251642	0.527240430203744	0.948152286905658
OSGIN2	-0.239889310343961	5.23530974988594	0.376377461767482	0.543713083641707	0.948982049917645
P4HB	0.0292569845184551	10.6187433735472	0.0281840535437872	0.867691448950959	0.989267963561771
PAK1	-0.00472423591790348	5.82258787179812	0.000942776733007912	0.975688207611633	0.998951548225081
PARK2	-0.000447130225461998	1.3784406984254	1.20759037813524e-06	0.999129752939027	0.999889495471135
PDIA2	-0.237928499484942	7.06808522949814	0.0842992998305261	0.773352510503935	0.978878365730368
PDIA3	0.0607407699670996	9.41295550679592	0.0955262399659053	0.759189809346768	0.977073887276342
PDIA4	0.0888712697532652	8.72873074883631	0.185174258418667	0.669733734675933	0.965002734565552
PDIA5	0.490778865811208	5.56993736041993	4.32859321631816	0.0452386762205579	0.662869981904211
PDIA6	0.253500793935733	8.00129861385613	1.61251724277917	0.212933224025455	0.855185647461229
PDILT	0	NA	NA	1	1
PGAP1	0.374986854144218	3.08429514879143	1.77138464590953	0.192244763625534	0.844430768406895
PICK1	0.00445739749614222	4.48083691636249	0.000592459791895357	0.980726166374176	0.99902968459704
PIGA	0.0845802673450518	2.84674464103513	0.222430070445243	0.640267578939273	0.959419131975943
PIGB	-0.117528500049814	3.70673553939068	0.368714929908157	0.547820607901953	0.949014370492776
PIGC	-0.0278723698641515	5.05350488827519	0.0502909636896847	0.823926898483417	0.986151711906963
PIGF	-0.169178313427005	3.64874104233968	0.990748796935026	0.326731633815381	0.901040807308558
PIGG	-0.028632952034229	5.48261733205474	0.0340998071237951	0.854613784802425	0.987673956580213
PIGH	0.0126965109914491	3.5120313405752	0.00440454370143093	0.947482380787802	0.996349481982925
PIGK	0.337984906859746	4.84948948504286	6.50551295455349	0.0155276662776624	0.513295026159055
PIGL	-0.410248485185458	3.11425322127579	3.23295339426287	0.0812347790119447	0.747906260918946
PIGM	-0.157597186105431	3.63569395123017	0.711926436588383	0.404820628023974	0.91975191582319
PIGN	0.313786261196521	4.52614846655968	3.70902427562839	0.0626849521665927	0.713928382104897
PIGO	-0.0809754208638705	5.10544351174895	0.229659550128345	0.634906011311051	0.959277143825796
PIGP	-0.107649624368247	3.88645586552616	0.374567961530182	0.544677829677803	0.948982049917645
PIGQ	-0.187238839442167	5.87628033271969	1.12743612827599	0.295956806406816	0.886316009122532
PIGS	0.132139302763828	5.86802946836085	0.628566854614801	0.433489348361176	0.923036271017489
PIGT	0.182007629152878	7.3304927041984	1.51788210216644	0.226562019356144	0.862078195965509
PIGU	0.0919670696541207	4.82279955590888	0.362389132959065	0.551256057208416	0.949014370492776
PIGV	-0.159112681505208	4.05107701537071	0.845527673698533	0.364428343020536	0.909858708703194
PIGX	-0.168344001743638	4.50679720443879	0.88434211294458	0.353781548209773	0.90728285882256
PIGZ	-0.223223085976651	3.05866882859729	1.05892123463424	0.310871960714895	0.893470030160095
PIK3C3	0.0985137877953306	5.30213526034823	0.493597824158466	0.487205251237102	0.940752661577106
PIK3CA	-0.199289748765573	4.61087985756602	1.00663340488869	0.322939950569048	0.900219443900103
PLAA	0.260747221211631	4.93964985533916	0.770255461782576	0.386421131088934	0.916291501118812
PLIN3	0.00434031393889354	6.65846163232296	0.00063662870820747	0.980020782181631	0.99902968459704
POMT1	0.015857084127954	5.18861298453254	0.00999681206411507	0.920956007023387	0.994744404200509
POMT2	0.270970782163329	4.42627931026435	2.52991547193539	0.121148470970076	0.795057719070114
PPIA	-0.0621723742616937	8.55941434793078	0.186047637494022	0.66900401660638	0.965002734565552
PRKCSH	0.24649695025337	8.84384436614339	2.41170059715543	0.129877080253578	0.798288394045507
PSD	-0.40916656533612	3.10397036264357	1.03753109886553	0.315733938551171	0.896328612348203
PSD2	2.28842519273331	-0.74871471894756	15.1618159201269	0.000449011785646083	0.232273057765351
PSD3	0.836273129551863	4.09831653283416	5.14997643272687	0.0298414514921775	0.601251144700033
PSD4	-0.153968878247466	5.53719973953371	0.308259760864937	0.582457759793785	0.954516863771707
QSOX2	0.0548299095173203	4.81482025503617	0.056083343197456	0.814246635352151	0.985698716797529
RAB10	0.0826889454865593	7.11029662597136	0.304469756535352	0.584774975084713	0.954516863771707
RAB11A	-0.185513428780577	7.24510767013449	1.56584384675079	0.219524102946305	0.857617835645446
RAB11B	-0.154147073725372	6.97364116920186	0.801894897554495	0.376949742817917	0.913341850510649
RAB11FIP1	-0.140796067340976	6.20978893008749	0.192120529417528	0.663985615608933	0.964544344671892
RAB11FIP2	-0.0871227136564442	4.46391131724042	0.193890256378516	0.662541067194798	0.964186308820266
RAB11FIP3	-0.166250873039553	7.02741895429513	0.576305075840281	0.453100340703247	0.928925623148926
RAB11FIP4	-0.195245516164602	5.57562985196122	0.249129981142018	0.620967218031404	0.956079714957901
RAB11FIP5	-0.0859595485316991	5.90054785005878	0.150256876835774	0.700754646940514	0.970526540833234
RAB12	0.232582985049973	5.15674035583486	3.10232291010122	0.0873535598934255	0.751170389262033
RAB13	-0.0462334608721921	6.78191163225425	0.0672035450061374	0.797047374168516	0.982885740192974
RAB14	-0.0469092336808406	6.84884613550298	0.0787424408926004	0.78074351828102	0.980281566785264
RAB15	0.38309788140311	4.51215222918321	2.21693764829891	0.145906190969274	0.811900493117143
RAB17	-0.312469723898732	5.06474043669108	0.400126969582456	0.531339889008949	0.948152286905658
RAB18	-0.00251106704053349	6.18102749220962	0.000344994416289979	0.985291677417516	0.999889495471135
RAB19	0	NA	NA	1	1
RAB1A	-0.0273178007893224	7.56757497699365	0.0454102776593234	0.83254955901113	0.986459731407288
RAB1B	-0.0955930058539802	7.4494644047066	0.608510275857796	0.440854345832099	0.925134992987977
RAB20	0.340566336180797	4.13416646192061	1.59533979232405	0.215330121992178	0.855185647461229
RAB21	0.0434372696879898	5.88030368219081	0.140267216753796	0.710388044016314	0.972024191303245
RAB22A	0.050313624461004	5.8172554727698	0.183099370996071	0.671475573017572	0.965002734565552
RAB23	0.908650829969477	3.61132696346542	5.05751902224848	0.0312461301089719	0.606615816990621
RAB24	-0.0433009703633984	3.82476229553182	0.0391911025868653	0.844273118304425	0.987280260781318
RAB25	0	NA	NA	1	1
RAB26	-0.644192938463587	-0.431750153524133	2.08694441566923	0.157899640720138	0.817321962695284
RAB27A	0.197545642473421	4.75846832962553	0.64917649393808	0.426118809353272	0.920998343996936
RAB27B	-0.656306614365436	4.48516930583009	0.955304486409613	0.335414425238977	0.902499832417495
RAB28	0.235280684018434	3.94687355201271	2.58425579907719	0.117365039824951	0.788026922959631
RAB29	-0.027571859171897	5.5161434320558	0.0163344601146476	0.899070303732572	0.993013830664113
RAB2A	0.0771421988344426	7.30256115461477	0.210132942328004	0.649638454002255	0.961433379122102
RAB2B	0.164816252604812	4.28961245763831	0.869638849880739	0.357762276319187	0.90728285882256
RAB30	0.144939527146148	4.04541817446382	0.578916837543327	0.452087162558936	0.928811741188424
RAB31	0.219470000066226	7.56841792140931	1.25426372929085	0.270745847606294	0.876160630920924
RAB32	-0.124030331428716	5.55965125369623	0.215835321964329	0.645252524849723	0.960794417186993
RAB33A	0.394894289843144	0.199523279663003	1.40795762474881	0.243785496962971	0.870342342729211
RAB33B	0.052800809029352	3.40221121422661	0.0975313594781084	0.756758096846609	0.977073887276342
RAB34	-0.270226297129208	7.21107513294594	2.10761857684149	0.155916553761591	0.817321962695284
RAB35	-0.0832328189792908	6.12295793155729	0.581420562487597	0.451119292395512	0.928811741188424
RAB36	0.258357435763763	3.98477619209253	0.921081004770119	0.344102559300148	0.905030020818877
RAB37	-0.264785185445585	2.53110202767246	0.687477401630785	0.412922926686221	0.920687038615449
RAB38	0.3669147788226	2.7213422180469	0.552558442255645	0.462482436855572	0.932125572477918
RAB39A	0.393347135265268	-0.644365446753283	1.06930481225287	0.308548010304435	0.893470030160095
RAB39B	-0.018984662136582	-0.544056585778325	0.00187086089611934	0.965757605861804	0.99773086135886
RAB3A	-0.436137970142201	1.81724259430926	2.22500010051233	0.145198322255348	0.811900493117143
RAB3B	0.988569830166798	2.34909839781916	2.16525909818881	0.150540999110766	0.813732018107885
RAB3C	1.54294542389291	0.138496586260411	3.72961928711335	0.0619970256657587	0.712743466396308
RAB3D	-0.421958406415935	4.65899061091063	2.93511725584515	0.0959616220934589	0.763724801358342
RAB3IL1	0.455547532366423	4.63362263416154	4.4768404553512	0.0419118769612786	0.642165778413057
RAB3IP	0.0304646271342509	3.44331566648497	0.0127125918956004	0.910905059181981	0.9943707819304
RAB40A	-0.654822148194806	2.99937300021231	2.27249465108348	0.141109183805783	0.80888224040588
RAB40B	-0.309776865263039	3.21558055427548	2.42129826653233	0.129141819842854	0.797530387854977
RAB40C	-0.251055108761231	4.79059376231687	2.59064537315589	0.1169291883277	0.786970105135144
RAB41	-0.130591892045722	-0.46422393215837	0.262004318721651	0.61212169114178	0.956064516595211
RAB42	0.0113264904457047	2.47097719149487	0.0022782380739564	0.96221559707467	0.997510793328313
RAB43	0.0189851687046634	1.08941163794767	0.0063772370056807	0.936828106066764	0.995253485840913
RAB44	0	NA	NA	1	1
RAB4A	-0.172559371492529	4.85651671886456	1.01052745422136	0.322019578161757	0.899642778676959
RAB4B	-0.170274218045093	3.7035484582673	0.656686953919453	0.423480875009256	0.920712944417696
RAB5A	-0.0779842018073334	5.91955301682441	0.307494469197396	0.582924147095272	0.954516863771707
RAB5B	-0.370248691730865	7.49081790853937	10.5509388119794	0.00265134564893316	0.320695872903247
RAB5C	-0.0333551991939504	6.664058596767	0.0971879316480889	0.757172625960105	0.977073887276342
RAB6A	-0.0694253477734775	7.09698643096375	0.250646945788211	0.619910221513742	0.956079714957901
RAB6B	-0.604898031947761	4.92779044839053	3.55358231939481	0.068160876835008	0.726999170041422
RAB6C	0	NA	NA	1	1
RAB7A	-0.115606342655693	8.07698715861325	0.97216846320284	0.331244313331607	0.901040807308558
RAB8A	-0.0181819689510272	5.54526222231909	0.0205232873570565	0.886947899786633	0.991845057848018
RAB8B	0.177985398447884	5.37063592754679	0.29188805129071	0.592605463054288	0.955337441093689
RAB9A	-0.183213362304822	4.58441434837698	1.19201019385551	0.282754427384652	0.882204300238902
RAB9B	0.256411648677883	0.588680249328712	0.438539841010762	0.512381586032699	0.946622032535359
RABEP1	-0.0608179537691339	5.92798278373934	0.148149264006874	0.702755711569776	0.970526540833234
RABGAP1	-0.227057478118954	6.06874308809879	0.905878478102304	0.348062282366698	0.906766427276782
RABGAP1L	-0.528926572577618	5.51507182138571	3.99796807622971	0.053761262595442	0.687539716268047
RABGEF1	0.0383376502914819	2.56274322913605	0.0413796069509984	0.84004387213569	0.986459731407288
RAD23A	-0.0397801862618857	6.67075815995605	0.0965850860445977	0.757902233620873	0.977073887276342
RAD23B	0.132717741902162	7.80769696910624	0.694759322971382	0.410484393946245	0.920377128444276
RALBP1	-0.239176952325608	6.55470297477585	2.40599956020622	0.130316128739182	0.798325109942921
RASEF	-0.223938161073886	1.29126629708799	0.130881683936359	0.71980331785717	0.973411545904696
RBSN	-0.0942565313656468	5.1717489032529	0.476274869956127	0.494892594291881	0.942155887775233
RBX1	-0.0158706767544019	5.73220010856831	0.00717370097209383	0.933008463886813	0.994744404200509
REPIN1	-0.134473302831007	6.42777824666541	0.873940899836072	0.35659104486221	0.90728285882256
RER1	-0.0520095157706762	6.6748376591885	0.109186735360776	0.743140239623916	0.976570225701903
RFT1	-0.239268516713972	4.48689612715032	2.95824897521166	0.0947152146254858	0.763724801358342
RFWD2	-0.0380274116016903	5.39865310918089	0.0964249582644836	0.758096452400918	0.977073887276342
RNF185	0.0826190215278619	4.55819988610424	0.31503224437879	0.578363283993876	0.954250254151715
RNF5	-0.185625789316873	5.58961029856564	0.993085786586754	0.326169998333817	0.900703782484518
ROCK1	0.115179317132157	5.95716136973415	0.307466025264203	0.582941496210204	0.954516863771707
RPN1	0.121784859076475	8.81230560336653	0.632945098600831	0.431907135388555	0.922263256022854
RPN2	0.215573142495603	8.61257219966828	1.76060506158675	0.193568751035182	0.844430768406895
RRBP1	0.285541910928438	8.96765042929668	2.3845918183157	0.131980257955217	0.799215051267092
RUFY1	0.0833652885236285	6.33325261508156	0.47510582482924	0.49541882963687	0.942155887775233
SAR1A	-0.0490839177177497	7.49126549240054	0.10794414336849	0.744552435489537	0.976773693934773
SAR1B	0.0828847593309142	5.46453048635477	0.239598161551755	0.627702856900482	0.957673150173551
SEC11A	0.0355763403770702	7.26148510001395	0.0708990157525751	0.791672735009625	0.982885740192974
SEC11C	0.124516848082596	5.63122100606804	0.233761790906964	0.631909883926963	0.959003277773342
SEC13	0.0965340167490497	7.15092400205444	0.290770470326188	0.593311558942953	0.955365571596082
SEC16A	0.0274821096962689	6.93025548710342	0.0332829667173291	0.856345622034342	0.98796289906114
SEC16B	0	NA	NA	1	1
SEC23A	0.489227551812683	6.47892942708656	4.76819830345709	0.0361311589306195	0.630451188711696
SEC23B	0.137637273386952	6.1126880824129	0.533139571163038	0.470391517855806	0.934373374140757
SEC24A	0.308062207860482	5.16325294761063	1.87609206465238	0.17993742981227	0.832385453680142
SEC24B	-0.0482241688797084	5.5002820468183	0.0722463530383846	0.789750663266899	0.98228099238013
SEC24C	-0.102169526144557	5.49355792113142	0.136323325611979	0.714299322692345	0.972292485471954
SEC24D	0.49141694571117	6.44350464275301	4.23013844806739	0.0476088382543589	0.67420258044076
SEC31A	0.191874243409067	8.00457956031028	1.5243171639339	0.225601625319892	0.861209682742893
SEC31B	-0.257280083016293	3.27800275452385	0.901304730139857	0.349266017802804	0.907110742539899
SEC61A1	0.18431923436445	9.4507028651262	1.86112239894215	0.18163750109213	0.833724470657031
SEC61A2	0.0235246091018549	3.07572874294034	0.0115379582419439	0.915103872302243	0.994379615840645
SEC61B	-0.0127593670327099	6.73815302388784	0.00481857309254861	0.945073370707627	0.996093631804114
SEC61G	-0.0312666432273501	6.41631890909271	0.0257636606503851	0.873447809473293	0.990420302094742
SEC62	-0.0400124906035402	7.11064712783253	0.0567763650866288	0.813124521625088	0.985626161149486
SEC63	0.318269508521938	6.96734355714112	3.22394403287053	0.081640880370652	0.747906260918946
SEL1L	0.243426426937849	6.95588183720919	1.60551065728596	0.213906914563717	0.855185647461229
SELENOS	-0.212418557923702	6.44726971791412	1.35877218681677	0.252025114522576	0.871387710266728
SGSM1	-0.509396821027722	0.259166104081407	2.61196878446642	0.115488094701752	0.786047233555658
SGSM3	0.156216979168949	5.63000884238285	0.788590540025831	0.380890923380068	0.914889960033109
SIL1	0.0114730313648474	6.61567942071646	0.00262835962013344	0.959418386419088	0.997486322266559
SKP1	0.0218420749145564	7.89108155587466	0.0191979769014974	0.890634231916069	0.991845057848018
SMCHD1	0.130915546863104	5.58447128209519	0.568368240445731	0.456201718921708	0.929143020106676
SNAP23	0.00229129425573712	5.47112461448945	0.000162133744567767	0.989916589398792	0.999889495471135
SNAP25	4.01727608054745	3.02285710494328	24.5991196784181	2.02916572396655e-05	0.148350651573133
SNAP29	0.224463568387707	5.22561265321379	1.59417898357506	0.215493295175358	0.855185647461229
SNAP47	-0.179971912599128	5.29014771507447	1.22262917656465	0.276763469768616	0.878547770263039
SPCS1	-0.250689635355848	6.3475843014395	1.94926747438273	0.171896694266422	0.825859834986295
SPCS2	0.038272980468638	5.96140907245874	0.0413474440915071	0.840105171078592	0.986459731407288
SPCS3	0.0418944819314586	7.39455154486644	0.0505195961198937	0.823533993369982	0.986151711906963
SRP14	0.0692446123280834	7.78720883383279	0.149514776590338	0.701457374185409	0.970526540833234
SRP19	-0.0673600529263306	4.31052607243019	0.175387329289115	0.678054371099545	0.96566366152417
SRP54	0.00698928266529269	5.70399831264521	0.00177164857280065	0.966677348055933	0.997850667134288
SRP68	-0.252903081092867	6.79010865587477	3.22754129335423	0.0814784580678931	0.747906260918946
SRP72	0.133613905808569	6.70094745513376	0.98647050861277	0.327763235185966	0.901040807308558
SRP9	-0.222363924161535	6.78525152864513	2.36377188344635	0.133622453782978	0.799317656903045
SRPRA	0.127155100056064	7.97907791747082	0.691032694644693	0.411729623863315	0.920377128444276
SRPRB	0.0160194315743279	6.68213915471832	0.00708501122870889	0.933422853434465	0.994744404200509
SSR1	0.303205752047027	8.18015511341324	2.94601378536264	0.0953721744905758	0.763724801358342
SSR2	-0.115182357668946	8.43288336052088	0.595299744711747	0.445813375535457	0.926674101042642
SSR3	0.0960603617866687	7.67787949418584	0.28285826220064	0.598361514259103	0.955365571596082
SSR4	-0.140012745207913	7.81751712318674	0.382440371484323	0.540503826707367	0.948982049917645
STT3A	0.150598169805363	7.84459023612743	0.798413876162445	0.377975212832545	0.913778335243995
STT3B	0.0662799053315224	7.73992306515827	0.139910617505307	0.710739090376153	0.972024191303245
STUB1	-0.261314596966544	5.4157874770721	2.51066899393767	0.122522144413639	0.795353319626597
STX10	-0.114774821369188	5.567231505679	0.316345249692022	0.577576211778494	0.954229074699253
STX11	-0.0834436573584223	3.19475192165797	0.0686307243322906	0.794953392298533	0.982885740192974
STX12	0.254214029844402	5.63268160522895	2.46049992439163	0.126188391498572	0.795807984239837
STX16	-0.0606139990710898	6.14189007741027	0.437028581560152	0.513104494927497	0.946802294996134
STX17	0.0306035820175856	3.46824643260316	0.0154771470851523	0.901740219996155	0.993768851035713
STX18	-0.0263043540798958	4.8612300588898	0.0298273590758886	0.863927105720036	0.989267963561771
STX19	0	NA	NA	1	1
STX1A	0.887329240670759	2.41161337438879	6.24774773471987	0.0175317279677646	0.52445513903567
STX1B	-0.132461525203305	2.01853165276428	0.215842105177643	0.645247349922771	0.960794417186993
STX2	-0.0105154477424722	5.36138493222179	0.00796976080280301	0.929398867894259	0.994744404200509
STX3	-0.267134289785722	5.062071596072	0.885650076996406	0.353430457066552	0.90728285882256
STX4	-0.0247048831027785	6.22586073524123	0.0287294722385815	0.866429815502695	0.989267963561771
STX5	-0.0457933642595231	5.88476358027032	0.102782719229855	0.750517069465518	0.977073887276342
STX6	-0.114383863872423	5.52069107462748	0.418215881588017	0.522257732238854	0.948152286905658
STX7	0.0797884858953359	5.85506386671073	0.264386062978207	0.610515583640242	0.95562025018059
STX8	-0.129749485393448	4.9664425468327	0.35897302537641	0.553128406052719	0.949823926329745
SURF4	0.00809734436351921	8.41721590860093	0.00214726566157658	0.963316931078842	0.997656982272179
SVIP	0.0037818938317285	4.38660237483988	0.000396026183090177	0.984241486112028	0.999889495471135
SYTL2	1.46257376836208	3.37342763784401	10.2992059883693	0.00294042516804164	0.320695872903247
SYVN1	-0.157090669293728	6.67576503187972	1.26078638791917	0.269526198129291	0.875797488429965
TBC1D1	0.214345010125887	6.9066312599247	0.982899823054961	0.328627624848347	0.901040807308558
TBC1D10A	-0.00808013931871645	4.15182773353289	0.00157930428095674	0.968537153590175	0.99845104897943
TBC1D10B	-0.14181361225025	6.36761070745155	1.74979018525373	0.194908208392966	0.844514794373831
TBC1D10C	-0.288843417053168	3.70824706569507	0.608788590010531	0.440750807663567	0.925134992987977
TBC1D12	0.0551242458774465	3.58024654420938	0.0607540825322331	0.806819895298724	0.984995127728477
TBC1D13	-0.188876668037722	5.55278422006266	0.855921771590014	0.361533257769929	0.90979519857285
TBC1D14	0.202594708910631	3.70990258080663	0.58012995038899	0.451617793000944	0.928811741188424
TBC1D15	0.0907102788107704	5.3265402360268	0.601482581764712	0.443481529815835	0.925947606151765
TBC1D16	-0.0811138015619018	6.15447985797959	0.102578583565194	0.75075634425953	0.977073887276342
TBC1D17	-0.0494225215607306	5.67213968730671	0.0937179129422697	0.761407012189852	0.977073887276342
TBC1D19	0.333401385704848	2.56196638876179	3.68908837473511	0.0633589845822169	0.715147954414127
TBC1D2	-0.378561734101191	6.21760247124115	1.26321690987328	0.269073537453849	0.875797488429965
TBC1D20	0.190190940202794	5.59568138586297	1.41162252750975	0.243185280912079	0.870342342729211
TBC1D21	0	NA	NA	1	1
TBC1D22A	-0.17315062305355	5.64357841401326	1.23112157709953	0.275131137870202	0.878352461315559
TBC1D22B	-0.15539903482824	4.34079563400244	0.832033225919469	0.368236441421274	0.910150896565576
TBC1D23	0.0483568838878732	5.3185215491821	0.0820565670531889	0.776302742286252	0.979322841735188
TBC1D24	-0.178646204702536	4.10524659798284	1.58743314160445	0.216444573958931	0.85520522090556
TBC1D2B	-0.397618264675126	7.47782772046138	2.02285545696781	0.164239763225363	0.821028795667991
TBC1D30	0.30822512579243	1.82625646042109	1.25215659105346	0.271141377264339	0.876160630920924
TBC1D4	0.383073236277586	4.25438866669206	2.3872150697173	0.131775016715067	0.799215051267092
TBC1D5	0.0417866723530301	6.39469472662986	0.0568362894775932	0.813027835648786	0.985626161149486
TBC1D7	0.0628105987540979	3.86244669678218	0.0818908207274522	0.776522501761034	0.979322841735188
TBC1D8	-0.00768248101130012	3.9260559770733	0.00147904348186689	0.969551700142328	0.998451384916086
TBC1D9	-0.787331204655307	6.93307092894938	3.98998937709454	0.0539878203751496	0.688576361080516
TBC1D9B	0.169230904428315	7.60046049381522	2.26529689804849	0.14172013051511	0.809186111894891
TMED10	0.176503529990922	8.49760361696484	1.01500141831411	0.320966531665044	0.899123501891312
TMED2	0.11115476522812	8.24745259083683	0.687476366594831	0.412923274847688	0.920687038615449
TMED5	0.161342353030001	6.28719230923304	0.376896823289667	0.543436775403367	0.948982049917645
TMED7	0.11274610500064	6.7462112020582	0.322391323783304	0.573979581305062	0.953912235758999
TMED8	0.0483289558723374	4.41996574265342	0.0856345506405729	0.771616251360111	0.978878365730368
TMX1	0.478125361950196	5.44565336156697	6.85092328471591	0.0132217970737121	0.489257149953684
TMX2	-0.207456435467805	6.41713630429965	1.59895735580706	0.214822582981466	0.855185647461229
TMX3	0.344806421994827	5.9183582683863	4.117287611006	0.0504959748780992	0.681066301104418
TMX4	0.0458081438084163	6.56841753322233	0.0444465939342578	0.834308661354765	0.986459731407288
TOR1A	0.0302038803164335	5.70417963677042	0.0340427182987912	0.854734120170124	0.987673956580213
TRAM1	0.243512997312882	8.85476898751065	0.902355102393798	0.348989063037845	0.907033469004172
TRAPPC1	-0.311129995818648	6.52772158751588	2.602848445236	0.116101953364835	0.786881602061449
TRAPPC2	-0.176497304372078	3.71031981201689	1.06356771097747	0.309829140791753	0.893470030160095
TRAPPC3	-0.0806807167510146	5.91127263442457	0.364597921753152	0.550051854628022	0.949014370492776
TRAPPC4	-0.176716639082764	5.43506532541888	1.4094726807103	0.243537143669855	0.870342342729211
TRAPPC5	-0.0661678474944185	0.692567957567091	0.08200680249567	0.77636869873905	0.979322841735188
TRAPPC6A	-0.0657463877472558	4.27743378943004	0.116815937379756	0.734659656803768	0.976570225701903
TRAPPC6B	0.229822463746992	4.47343472891924	2.76171580861924	0.105923845962062	0.775888983982018
TRAPPC9	-0.151378929754663	5.22642586040509	1.34839970631394	0.253807633746081	0.872056783876102
TUSC3	0.121516681661888	5.85898756790919	0.15593139786821	0.695446285453649	0.9697487644519
TXNDC12	0.0675268008604037	6.35346757044648	0.296712657878541	0.589577233689211	0.955337441093689
TXNDC5	0.235778678818586	3.11471908745017	0.404440179338291	0.529148334809341	0.948152286905658
UBA1	0.0465561867542011	8.65415437222068	0.121045730079369	0.730090981374579	0.976166295012969
UBA5	-0.159494706740838	5.28963547770718	1.50127156705244	0.229064672093945	0.863069263822918
UBA7	0.0180988042563635	6.04031382570931	0.00391407923055926	0.950488519013741	0.996762528846356
UBE2D1	0.0239847083566558	4.46170538245111	0.0250728983562809	0.875141116196588	0.990741436915833
UBE2D2	0.0215342881954977	6.29839910992933	0.0361919853590176	0.850273614071464	0.987673956580213
UBE2D3	0.021848147255784	7.84007860522707	0.0235044084626522	0.87907716007892	0.991315709635423
UBE2D4	0.0107472563378171	4.12758878140817	0.00528736977394127	0.94246811000729	0.99603712997561
UBE2E1	-0.00381587784799785	5.91180893975557	0.00103285405615653	0.974553660595602	0.998951548225081
UBE2E2	0.0368858557950671	5.19423154324346	0.0519567815802916	0.82108533295001	0.985973706156434
UBE2E3	0.0372096057357291	5.62234599446204	0.0518227674276657	0.821312144895656	0.985973706156434
UBE2G1	-0.151212349902115	5.34260106088834	1.27981698609444	0.266007995005077	0.874223485966556
UBE2G2	0.0307081932958409	6.44924116743994	0.0327286214284198	0.857533477256548	0.987978065149593
UBE2J1	0.314634694508602	6.31722797132847	4.29982136646314	0.0459175458762646	0.667098628712474
UBE2J2	-0.113097172676316	5.67746268159197	0.293896093194194	0.591341164220426	0.955337441093689
UBE4B	-0.0436568038626979	5.66480055716288	0.0694139296435251	0.793814156189517	0.982885740192974
UBQLN1	-0.050987927794044	6.98058420015732	0.10586594668752	0.746934609645209	0.977073887276342
UBQLN2	-0.0951804467332237	5.99865890774043	0.617716393072978	0.437449642972592	0.924538072241043
UBQLN3	0	NA	NA	1	1
UBQLN4	-0.0245432382759795	5.09786139483127	0.0248822356885878	0.875612700980578	0.990741436915833
UBQLNL	-0.0464279854979733	-0.081064356797929	0.0207033654062025	0.886456503784375	0.991845057848018
UBXN2A	-0.22974606777967	4.92982606829517	2.4530070538801	0.1267467920798	0.796189715041594
UBXN6	-0.193877687744019	7.67075468371467	1.07597291654422	0.307067879666983	0.893470030160095
UFD1L	0.107156333557483	5.34482781186945	0.267740838194226	0.608268837149403	0.955365571596082
UGCG	0.440174128704207	5.93806179025587	2.2829448697424	0.140227643965503	0.807343419027615
UGGT1	0.144840035087079	6.88407259859722	1.02827230620537	0.317870257055817	0.897282935647728
UGGT2	0.157714174596332	4.39138560114874	0.415493162599202	0.523606718839878	0.948152286905658
USE1	-0.0180575990040126	4.62595470774627	0.00806830765024227	0.928964914332072	0.994744404200509
USO1	0.0244683599189503	6.72477409350594	0.0126487796185551	0.911127979882702	0.9943707819304
USP6	1.29747215274482	0.745582875489279	5.93011351268302	0.0203961799039748	0.54265434850486
USP6NL	-0.186459652182739	4.24243144554089	1.12455933133432	0.296563697350069	0.886341386045789
VAMP1	-0.0709287394915622	3.09376624040438	0.0823106081873223	0.77596638123974	0.979322841735188
VAMP2	-0.263229851139083	5.85702532778671	1.62714760491734	0.210917602061967	0.855185647461229
VAMP3	-0.0308748641197888	6.78048851961597	0.0387884504742282	0.845064513615848	0.987302784338053
VAMP4	0.0978429598404635	3.98951023177391	0.446302179275898	0.508696639218728	0.946276587300007
VAMP5	0.26254923966157	5.84710923380498	0.557223770548342	0.460614569649108	0.931228620859069
VAMP7	0.147023906244844	5.47363003226887	0.935825426328025	0.340321733222267	0.903967904142094
VAMP8	-0.395497130816003	6.82525737394409	3.30501553807764	0.0780672664526031	0.746012223132053
VCP	-0.0931183227044794	8.67856659873808	0.560643436609711	0.459253183607954	0.93107851346247
VPS45	-0.0075167844749392	5.24195521155192	0.00321918559311906	0.955092808291031	0.997486322266559
VTI1A	-0.0967385610126245	3.90820289142421	0.423936259775756	0.519443812814	0.947579680312429
VTI1B	0.0786607445563438	6.1224003663316	0.28504357434721	0.59695771354883	0.955365571596082
WAS	0.144037053980118	4.5678013300914	0.261719850142654	0.612314138063077	0.956064516595211
WDR38	0	NA	NA	1	1
WFS1	0.36957193721767	5.37060229670767	2.86312785734649	0.0999617623128024	0.764082867776215
YKT6	-0.116191260611665	7.19638034516504	0.451832086515518	0.506099776580938	0.946040686720848
YOD1	-0.354893725481826	2.99438045604255	1.38234432328008	0.248032973075428	0.870882565307087
YWHAQ	-0.0486991865672948	7.88880392052268	0.122865713575134	0.728152795918117	0.975842602172877
