pspGenes	logFC	logCPM	F	PValue	FDR
A3GALT2	0	NA	NA	1	1
ABO	0.313392919719754	3.73351382223438	0.634473504246077	0.428788536545719	0.896601217741698
ACAP1	-0.272128421916492	4.17924437085817	0.796509896207544	0.375623623995211	0.877354932545287
ACAP2	0.0639545707427809	5.3523709141292	0.151389569265878	0.698557181022568	0.955671834529878
ACAP3	-0.0931401936855538	5.99453657082067	0.163297998045987	0.687542313173853	0.954474978682991
AGAP1	0.0918314523653155	5.50260752421164	0.112502595361202	0.738456182220546	0.966325615722267
AGAP2	-0.357057781753837	2.8504215556899	1.83845720641367	0.180098179574521	0.758852180241381
AGAP3	-0.218709179203373	6.9480412762429	2.20445458400689	0.142728999151801	0.730450454883579
AGR2	-2.93562310031968	2.90956583894606	6.17834451153722	0.0156701419318745	0.452801972692221
AGR3	-3.85799933672579	1.51395107056531	10.2121554579283	0.00220442237972518	0.266000321896999
AKAP10	-0.000940445028995611	4.71912631841865	4.56896832339095e-05	0.994628724290239	0.998837447046834
ALG1	0.131032835048667	4.68491981611523	0.902766000493212	0.345766440244133	0.865913840990946
ALG10B	0.150756111493435	3.64322315769089	0.694024019775042	0.408028191501232	0.889183867308045
ALG11	-0.0320147832472063	2.4809056041452	0.0319831111446534	0.858653576524901	0.98351835016939
ALG12	0.212216246156002	3.45878038531845	1.7427546827732	0.191690912164083	0.769590948245771
ALG13	0.0706832526444779	4.67914551996692	0.589787342027692	0.445445118227524	0.898908078973864
ALG14	0.17888493065003	3.16290132091956	1.22750023163709	0.272215294302342	0.831094860447239
ALG1L	0.502470054019927	-0.887684841565536	0.836186814062571	0.364066999692913	0.871973573037003
ALG1L2	-0.519271661084529	-0.924209384543375	1.74755860792233	0.191088262642834	0.768366579830005
ALG2	0.250281791153048	5.37878232980072	1.92542819265328	0.170275376914326	0.752462514772995
ALG3	-0.216774849161329	5.87598091956838	1.5185366173267	0.222539437789423	0.800801454727888
ALG5	-0.0340596447537114	5.06204310176212	0.0409160516010909	0.84036883572216	0.980332767273036
ALG6	0.253392136727761	3.75002199008334	4.2133056397139	0.0443769402036762	0.575976624915346
ALG8	0.0747773325388516	5.21003556893769	0.463092846135573	0.498740400614373	0.912474879490443
ALG9	0.048294160522628	2.74143871973577	0.125152860318616	0.724723621205948	0.962957993322578
AMFR	0.0761083772021803	6.89071221551593	0.259566355112419	0.612244646217508	0.937703836522251
ANKFY1	0.178267367237451	6.07977555439263	1.05929000494251	0.3074148523488	0.848141152728944
AP1B1	0.217353239523102	6.89622824661013	2.39261563136301	0.127048977991487	0.71188397108491
AP1G1	0.0869298163783719	6.43335561966338	0.528255140781939	0.470103553874559	0.904774061993225
AP1M1	0.0128628337020321	6.90823916328094	0.0126460669477244	0.91082973372961	0.991189636875855
AP1S1	-0.0564041334888405	5.8401333928801	0.116196741525001	0.734360351432189	0.965432927601265
AP1S2	0.0392786671775561	4.44772881478689	0.0337165418088134	0.854916148536877	0.982764158317132
AP3B1	-0.00988835499012676	5.95001624848057	0.0050634380206273	0.943503421701072	0.994759618638452
AP3B2	1.08311034394799	3.10446419207739	4.31305462176076	0.0420128542715517	0.570677222132241
AP3D1	0.0258083485460768	7.71845763744788	0.0351068610266365	0.851989747199172	0.982612424302404
AP3M1	0.0261320069896663	5.62771058052353	0.039228980295011	0.843650061509151	0.980884443787453
AP3M2	0.117853275984209	4.29858323096639	0.767473463540783	0.384414518614687	0.879275886370113
AP3S1	-0.204301237540819	6.91922186879649	0.551331350191335	0.460605696065732	0.902739442386212
AP3S2	-0.101567234357197	5.01060812336877	0.452604132163515	0.503625213613609	0.913441320445448
APPL1	0.0544486997138473	5.46754247860796	0.109682714005313	0.74163338634176	0.966371926969986
APPL2	0.0285470206764215	5.20691327530626	0.0400307571205423	0.842081697857573	0.980816222037115
ARAP1	0.215017276790562	7.53580124716913	3.15105356822919	0.0808346815118718	0.654748180674696
ARAP2	0.0328840744228557	5.03841000479015	0.0143683621502639	0.9049790184992	0.990864343720081
ARAP3	0.174400648406406	3.66522271508946	0.31964211042821	0.573883132331628	0.929965700971389
ARF1	-0.19660843966991	9.01531565555968	3.33373413450335	0.0727364702117292	0.647397116819857
ARF3	-0.0570827587079827	7.69982713425767	0.362443057547904	0.549369459037597	0.925513425892678
ARF4	0.261729047142078	8.08844943890289	2.20798949773591	0.142414686575254	0.730241470059602
ARF5	-0.193966784817647	7.09312179143987	2.03390576348069	0.158890004682659	0.741691048653715
ARF6	0.126459612867329	6.59537664677002	0.624640446898629	0.432370261613102	0.897435842186284
ARFGAP1	0.0204326028685634	6.84329530563608	0.0255399344333243	0.873553634326044	0.986797642944306
ARFGAP2	0.00900547667170877	6.48219937412301	0.00851245564183806	0.92678950165492	0.992672914981374
ARFGAP3	0.0632463119914312	5.24192452595718	0.0951527978388368	0.758770106977084	0.969215076288752
ARFGEF1	0.138321271457584	5.57905740388359	1.30028614180933	0.258589801239569	0.822492704137145
ARFGEF2	0.215416801729438	5.5014386951389	1.51472626002533	0.22311360491653	0.800943094348368
ARFIP1	0.0983997229216825	4.80072349364474	0.364282575109032	0.548360847663094	0.925096130736074
ARFIP2	-0.0167597864818512	5.64050151226169	0.0144960143846193	0.90455991570341	0.990779977081508
ARHGAP1	0.407552691763249	7.5081502417247	8.74871516725251	0.00439410903615926	0.325462987657837
ARHGAP24	0.409909263014323	3.07377243147922	1.63430738952763	0.205920036059414	0.785253851189651
ARHGAP5	0.336623884537007	6.00982114740691	3.9280035878257	0.0519696411982856	0.601967895518284
ARHGDIA	-0.120956044389048	8.33241856264876	1.08246455823627	0.302226751001349	0.846436534527488
ARHGEF1	0.0171700684423414	6.92748091526611	0.014929411252702	0.903150800338202	0.990389437367909
ARHGEF11	0.0233535449429364	6.03760834883337	0.0209869583108425	0.885289016012047	0.987858243027329
ARHGEF2	-0.195550654547645	6.79632964391415	1.36620411653619	0.246983432897607	0.814524985815362
ARHGEF6	0.171378589287903	4.32508505540525	0.5321384249459	0.468483163072354	0.904774061993225
ARHGEF7	0.0423120241296787	5.66694523668598	0.0822502754859883	0.775236394068341	0.972023347228023
ASAP1	0.249477414174812	6.3400252709158	1.09410732854722	0.299663646910227	0.843847869535381
ASAP2	0.105828523216087	4.2196867855724	0.101105526165869	0.751585980875385	0.968126749328172
ASAP3	0.113242665406145	6.00996363760287	0.269521529278628	0.60551937814521	0.937497664384455
ATF4	-0.0587313270638723	7.97029157367621	0.112704717459453	0.738230159413289	0.966218800887616
ATF6	0.0353081778469513	6.23717398290917	0.0649708946256269	0.799656940740896	0.975169408486915
ATF6B	0.119992386426515	6.473401507126	0.983460718473756	0.325238299274619	0.857050504010459
ATXN3	0.139072125167337	4.18201361078813	1.63764149524521	0.205464077007966	0.78494486682903
ATXN3L	0	NA	NA	1	1
B3GNTL1	-0.268453341260238	3.19439269185518	3.07640928041889	0.0844259808319582	0.655962587598158
B4GALNT1	-0.537797600715318	3.43494860971579	1.30359442608206	0.257991202575053	0.822345310335452
B4GALNT2	0	NA	NA	1	1
B4GALT1	0.198475488865111	7.89862765292657	1.37933597927732	0.244749546587143	0.81390872271207
B4GALT3	-0.0647517790504989	5.37708632674471	0.296602590606202	0.587992909337338	0.93388949783945
BAG1	-0.151610311416426	6.06546346919254	0.553570372386221	0.459700626866633	0.902143917245437
BAG2	0.22371739296875	4.6106040742509	0.789937333552132	0.377588113192857	0.877735033967318
BAK1	0.146670147812898	4.74641455985581	0.718223899163472	0.400018796628308	0.885046671019544
BAX	-0.129008963071526	6.4288837994389	0.334315776771605	0.565243658320123	0.929664890527267
BCAP31	-0.119387853351989	8.15394894086617	0.540353747851051	0.465084862291222	0.903581039346274
BCL2	0.00648917656359417	3.57222105746128	0.000793718163816357	0.977615545834307	0.996705616327821
BET1	0.0952289048471741	4.96101709906343	0.287133364774099	0.593999423705776	0.935519933426236
BET1L	0.0355756941284504	6.41863661124579	0.105070371900012	0.746929531913421	0.967922642168108
BNIP1	0.0749595752406512	3.49807394587728	0.210613077874528	0.647907919274596	0.944809673215269
CALR	0.168732360451692	10.5009521130587	1.20341361484771	0.276924510936302	0.832500167822012
CANX	0.249153539824661	9.79834209744825	2.30992756432123	0.133683465575378	0.718549153322288
CAPN1	-0.0220307202989995	7.84004299606618	0.0354714286798114	0.851232364688914	0.982531324788816
CAPN2	-0.123813421560009	8.81505374748894	0.467252976817798	0.49682537889903	0.912474879490443
CKAP4	0.205645739734054	8.40387280634899	1.4654556853231	0.230703772070187	0.805945933700043
CLTA	-0.0659802490013378	7.16828752104953	0.153421778684927	0.696642834805641	0.955671834529878
CLTB	0.159802591500332	7.36535544129888	0.367035208870217	0.546858060916041	0.924980125411565
CLTC	0.197147953786659	8.93242443726884	1.59266187381462	0.211719424457697	0.789993520731803
COG4	-0.0584479568328564	6.32986926098854	0.177281740052885	0.675190078238142	0.950748800373005
COG6	0.215504672352142	4.21372815540107	1.01384979995322	0.31793426760539	0.852522671022655
COPA	0.024472759856916	8.16953008636798	0.0255608664350777	0.87350227536136	0.986797642944306
COPB1	0.107651671758713	7.39289251221931	0.637062398391955	0.427853077721813	0.896516197990056
COPB2	0.13639065972925	7.57667762651254	1.32693582178811	0.253816940420265	0.818656499566704
COPE	-0.151626630451583	7.34138999695315	0.674652279933453	0.414612430233785	0.892098351080977
COPZ1	-0.161299287901868	7.65818322756918	2.4598896662044	0.121926949547984	0.703799091971474
COPZ2	0.183902118067754	5.40788928064792	0.391562966625639	0.533798304827148	0.922696337554859
CRYAA	0	NA	NA	1	1
CRYAB	0.00304181070780973	6.58517781130916	6.76184664365627e-05	0.993465694771374	0.998837447046834
CTBP1	-0.00939247608817773	7.07546110170361	0.00591467099297356	0.938947686665267	0.994614881189474
CTSA	0.358834946261089	7.5153647324095	4.44983467385597	0.0389893388395443	0.56357059186411
CUL1	-0.146782155731253	6.09590202835622	1.49869262918784	0.225549568517664	0.802116137889954
CYTH1	-0.060233918193973	6.02687458755576	0.117814098838225	0.732590035095434	0.965133229457009
CYTH2	-0.12463852474818	6.06757318295625	0.741809694429555	0.392433077927164	0.881604560550265
CYTH3	-0.184485227263412	6.69327915211783	0.734772183346723	0.394674336307203	0.882453794439799
CYTH4	0.199258926079187	5.32428443464784	0.723355022057204	0.398350355770084	0.883888052501461
DAD1	0.290237306932777	7.03307225347728	2.66868049187601	0.107459047334454	0.689866808595243
DDIT3	-0.125271647836108	4.9298855860187	0.4293444874003	0.514758452616555	0.916721730920496
DDOST	0.202669621302603	8.18933606341516	1.97019462081898	0.165465068520215	0.747457085539091
DERL1	0.124374357788127	6.36756974836783	1.18441189984205	0.280713362860787	0.833710629243674
DERL2	0.0191181086303337	5.6737199562114	0.0219499721851518	0.882705777078665	0.987463520078548
DERL3	-0.225900732205659	4.26191203666604	0.205979307401709	0.651537475307093	0.945690746371529
DNAJA1	0.163945424074223	7.73690206113538	1.27601749131565	0.263034906401818	0.823148540693218
DNAJA2	-0.0346580569482504	6.19922045291736	0.103455847583123	0.748813765740725	0.968126749328172
DNAJB1	-0.293422311106922	7.47534468895603	1.77893295269053	0.18720732752685	0.766005174090104
DNAJB11	0.0060717325200202	6.40678316541016	0.00147850340216701	0.969452607301463	0.996039057873261
DNAJB12	0.239931081514984	6.20842175098359	2.78676886364626	0.100137478522342	0.680160240892864
DNAJB2	-0.0952191043879732	6.25958844694227	0.337127806877278	0.563617036766543	0.929664890527267
DNAJB9	0.490053456676747	6.28001020838312	3.5659357857484	0.0637034020209807	0.623016441230737
DNAJC1	0.242368964622135	5.30876202224407	1.73532643380042	0.192627245155968	0.769963758774245
DNAJC10	0.258177726480742	7.16809960383601	2.32261665648082	0.132640136494599	0.717783002995584
DNAJC3	0.311287017320837	6.63512960856387	2.93611874450004	0.0916641089228416	0.668585560750343
DNAJC5	0.0868818246097851	6.66700903571634	0.52058166663986	0.473332491834936	0.905021366423528
DNAJC5B	-0.49041171610113	-0.244490339247275	0.67457136598708	0.414640264132609	0.892098351080977
DNAJC5G	0	NA	NA	1	1
DNAJC6	-0.105792820257739	3.36485084191869	0.0691230429378871	0.793498207244574	0.974068376502814
DNMBP	-0.144260074824932	5.18127711679963	0.238067312890584	0.627343453912372	0.940402444540359
DOCK5	0.290207295124941	6.00998118499505	2.04526265699847	0.157750167055712	0.740913723902885
DOLK	-0.0718615588072117	4.24967218993534	0.279792022058581	0.598744778089989	0.936636506876813
DOLPP1	0.0816314353452245	3.95255168658195	0.326839831551298	0.5696130623657	0.929706572357708
DPAGT1	0.126200630092566	5.55083546080311	0.812435251324023	0.370923564085753	0.874951284531818
DPM1	-0.00243210230827526	5.04866371232312	0.000497410034990412	0.982278829037116	0.996781554278336
DPM2	-0.276912664988201	5.76247651766577	2.43083954524514	0.124109395493491	0.707981650509657
DPM3	-0.566208106949067	4.40664565053547	2.85249639799758	0.0963052604025517	0.6754004665343
DPP6	-0.36304436290788	3.57556538418677	0.239286545130105	0.626464930586607	0.940289412738985
EDEM1	0.170698619623563	6.26719274839117	0.581229693763158	0.448749831484383	0.899910495813367
EDEM2	0.281332150722933	6.20261166042443	2.61892165701913	0.110722590917965	0.693564046567358
EDEM3	0.410492035280137	5.58498660748021	5.96796315336531	0.0174593621148219	0.467070109843197
EEA1	0.294482050482315	5.14351188100464	3.11191548654448	0.0826961559585862	0.655962587598158
EIF2AK1	-0.0432609751632113	7.66893779110124	0.120675571800032	0.729490973785502	0.964912445092245
EIF2AK2	0.264474791583415	6.27816988166464	2.85335193336291	0.0962564705375586	0.6754004665343
EIF2AK3	0.162491004438944	4.51213076225587	1.11881353499199	0.294318121040287	0.839159796800092
EIF2AK4	-0.218137466610063	5.78824629987886	1.27116891758568	0.263934517041106	0.823402853046763
EIF2S1	0.0861321336726115	5.98151830932349	0.243303784715815	0.623589823774964	0.939618084829321
ERLEC1	0.189997006485558	6.11008606678033	2.44456224070261	0.123072974080868	0.706731156242532
ERN1	-0.102080398897139	5.74294732475456	0.143995036305886	0.705650623420934	0.957995589068015
ERO1A	0.158365353614812	5.79921227561764	0.555479358710887	0.458931215111532	0.902090172009987
ERO1B	-0.1185507088515	3.85363496924557	0.28242626784029	0.597032921905361	0.936475834588691
ERP27	-0.572805220905701	-0.145100821857697	2.40686154317664	0.125944248956483	0.709598006425432
ERP29	-0.065688810133875	7.60192381509284	0.260185236540033	0.611821844295491	0.937703836522251
ERP44	0.154258345087684	6.5555824402688	1.18110641648223	0.281379241415489	0.833961318918435
EVI5	0.271008394091164	4.85590432688404	2.59267161435044	0.11248911353646	0.695555175858151
EVI5L	0.137889662571718	4.5479040406855	0.889649188140341	0.349269294459133	0.867634971040621
EXOC1	0.0280124871958325	5.41269232530297	0.0339548733987188	0.854410124134699	0.982764158317132
EXOC2	0.00524834819391636	4.98939973859886	0.000983844790554215	0.975079160951457	0.996588933111749
EXOC3	-0.0718091370544125	6.19866027802911	0.320656907396204	0.573277266688426	0.929744973516583
EXOC5	0.284111042079423	5.17429132645368	3.1473831717603	0.0810072685418395	0.654748180674696
EXOC6	-0.171105069847083	3.5067272254317	1.16191233730717	0.28528626924989	0.834999166557206
EXOC6B	-0.147539137162441	4.95572190936913	0.777684495912992	0.381289792391177	0.878986709630699
EXOC7	0.0224971326521937	6.15854153195917	0.0303187663437176	0.862341791970565	0.984062751158839
FAM71B	0	NA	NA	1	1
FBXO2	0.48400594281182	7.41497313315176	0.867454891441257	0.355308879443019	0.869057513230283
FBXO6	0.337011005797077	4.07177826751489	1.72580956060097	0.193834829758085	0.771173136017586
FBXO8	0.221255363923426	3.82127281882946	2.30968288401235	0.13370367576888	0.718549153322288
FUT8	0.12096956874244	4.58688592017879	0.298328950129721	0.586911307018547	0.933487472128136
GALNT1	0.224860938546881	7.02104083955737	1.09781814459936	0.298852713034382	0.842981435108382
GALNT10	0.719207719078337	7.33530799075554	10.6895737329799	0.00176825917135797	0.255004051095967
GALNT11	0.17665931065707	5.69079723577208	1.17532426923113	0.282548927578597	0.834387720849405
GALNT12	-0.0426166112093551	5.29594388285054	0.013646650706451	0.907384878846888	0.990913543869628
GALNT13	0.0932983042650263	2.9964454132706	0.0388750095676563	0.844347768710539	0.981074848839688
GALNT14	-0.0855083892450288	3.55361525680579	0.0240230151547539	0.877334790322662	0.987228317179945
GALNT15	0.12824079638182	2.70863258212219	0.0721070419332378	0.789193510335666	0.973899143995126
GALNT16	-0.120808901634577	3.22043350300245	0.129051265695487	0.720650325224547	0.961927269957689
GALNT18	0.520102471946421	5.52928723997675	4.37828654732022	0.0405405360824481	0.565754360092798
GALNT2	0.245933106541079	7.16928911503475	1.75724371001402	0.189880115722384	0.767215061978828
GALNT3	-0.545462365506212	1.4700693976079	1.18065423685954	0.281470489302892	0.833961318918435
GALNT5	1.04011480817959	3.60372954953967	4.03798907204583	0.0488877894094509	0.595339286681669
GALNT6	-0.31543965736891	3.41532937273814	0.860378477733996	0.357265006028448	0.869057513230283
GALNT7	0.445308432808337	4.8246624723506	3.06701488010667	0.0848903417567966	0.655962587598158
GALNT8	-0.0637543580987121	0.546361341828499	0.0196395579632812	0.889007167634469	0.988713998080092
GALNT9	0.191366682174441	6.50613376483397	0.200829573049885	0.655629539588105	0.947126764897875
GALNTL5	0	NA	NA	1	1
GALNTL6	-0.0336608258394064	-1.49735187595238	0.00747271964375321	0.931394067400299	0.993282966011795
GANAB	0.0391177776665147	9.04470664738034	0.0945243132866638	0.759542843263587	0.969215076288752
GBF1	0.132983574446587	6.52734680476113	1.32101346379117	0.254867989302488	0.819672919074135
GBGT1	-0.266890472162688	4.25490511473846	1.28525665156245	0.261331360472103	0.822899741393971
GGA1	-0.111880740728584	5.36281346907844	0.829343502573893	0.366024066411476	0.872032092922055
GGA2	-0.0641200032023894	6.60410639495703	0.216887516743625	0.643069678490187	0.943926551971666
GGA3	0.065575780259176	5.90111654381974	0.150847805022016	0.699070024308495	0.955671834529878
GIT1	-0.24468437794476	7.1903507959645	1.8489740860802	0.17887555217486	0.758346401645083
GIT2	0.164225591212176	4.80680997258869	1.1702077139109	0.283589193497139	0.834387720849405
GLT1D1	0.285479826281696	0.365263980036159	0.293925535538919	0.589678263699079	0.934762602483158
GLT6D1	0	NA	NA	1	1
GLT8D1	-0.0600800634895173	5.86156340377963	0.159649392682242	0.690866133926451	0.954474978682991
GLT8D2	0.468716572460209	4.4795935031845	1.65745273415058	0.202779685980736	0.7834871666159
GMCL1	-0.0561873038830409	4.52394199831499	0.16689254048377	0.684309800352093	0.954164583415973
GOLGA4	0.39973303230979	6.49083492892	5.76880684721009	0.0193537122345289	0.479461248713425
GOSR1	0.0662841806845615	5.42458340458506	0.273737071280232	0.602719115540543	0.937284202333535
GOSR2	-0.0108086443371616	4.38873671943152	0.00849331300811101	0.926871628291976	0.992672914981374
GPAA1	-0.0887108074032411	7.17026102934676	0.219703351621947	0.640926095301187	0.942900057511056
GPLD1	1.92413530466965	2.5772065048308	12.2755551787723	0.000862624166080646	0.212829710973282
GXYLT1	0.076187593914381	4.53531031278914	0.218502976192051	0.641837829998142	0.943412796897708
GXYLT2	0.526486886223811	5.30835521600753	3.73742426256348	0.0578211379510962	0.612512992748069
HAS1	-0.505758931706589	7.27010321588976	0.877776889695429	0.35248217290692	0.868864084540822
HAS2	-0.743288674398513	3.53869133999279	1.45739563734918	0.231975392053911	0.806046934317213
HAS3	0.522508372680755	1.90496455714079	1.43422929178083	0.235678647765221	0.808232451730862
HERPUD1	0.603276963158176	7.37628064831844	12.0024195319681	0.000974631516810076	0.213423482989058
HSP90AA1	0.0749770495972177	9.83005292588708	0.194422275290914	0.660809998179526	0.947587386089284
HSP90AB1	-0.0340853449653929	10.2501343322373	0.0737167651703166	0.786910963284046	0.97367762076688
HSP90B1	0.299653094866652	10.4009756435883	4.26948063924672	0.0430284130571824	0.572371215259682
HSPA1B	-0.330745711590862	7.05808920421533	1.01559895500486	0.317520560503753	0.852408454301563
HSPA1L	0.0386573562633547	1.52311831936529	0.037020062234973	0.848059213351031	0.981781103597934
HSPA2	-0.536928149969947	5.23922638295346	1.58344311069871	0.213029755900395	0.790557996814435
HSPA4L	0.320113379145054	3.06652182731838	1.23189858880874	0.271366426578991	0.830150511288275
HSPA5	0.258765908795954	9.97154185624007	2.86694833490325	0.0954847780883615	0.674651696188241
HSPA6	-1.09378049493129	4.01657913402566	4.84393990780956	0.0315134249516606	0.53445197955402
HSPA8	0.231238973668008	10.1347898369969	2.01896882344557	0.160403770839137	0.744504606130663
HSPBP1	-0.322996964139211	5.5554691741751	3.20105873278831	0.0785233840339552	0.654748180674696
HSPH1	-0.142725934961723	6.75817728482593	0.573439888722727	0.451791731272656	0.900529839537131
HYOU1	0.37195710035724	7.79513882718085	3.12895812586435	0.0818798157761832	0.65552017218462
IFT27	-0.182976231862429	4.17531167741753	0.801261288189374	0.374212526591936	0.877087897353821
INPP5B	-0.101166093002315	4.58569389705329	0.460429385563522	0.499973102148937	0.912684573090389
INPP5E	-0.124677014884799	4.28570594530053	0.943047423491633	0.335305713870349	0.861250628260463
IQSEC1	0.0344539647400124	5.68702744592088	0.0413705931994983	0.83949688736863	0.98033137054754
IQSEC2	-0.070401870830638	4.76296473535275	0.246893458241405	0.621045642630086	0.939413472913237
IQSEC3	-0.333491562350704	3.03286009033866	0.413743828573723	0.52247064749748	0.919791508661326
JUN	-0.104917541392446	8.29680589667896	0.076255016986456	0.7833655657067	0.972820862422704
KDELR1	0.111854302842221	8.01093289561103	0.707201940274362	0.403637642655697	0.887295426313749
KDELR2	0.147255443583636	8.56042231637459	1.20571842142254	0.276469411162584	0.832295225125227
KDELR3	0.484089256320995	5.78927467483614	4.28666546133755	0.0426247655330108	0.572371215259682
KIF20A	0.333748673917511	4.7262488856091	1.0157628481551	0.317481833567822	0.852408454301563
KIF23	-0.0746244274949035	4.63987989448953	0.0541889149137905	0.816702558136304	0.976705005970866
LARGE1	0.287339890425839	4.33098336951144	1.06087089570412	0.30705722716166	0.848141152728944
LARGE2	0.0717539923102142	1.44592872998297	0.0305336905985267	0.861859743313902	0.984034568817135
LMAN1	0.413559161094783	7.78338810263134	8.29293795439364	0.0054725464514624	0.340877173698248
LMAN1L	0	NA	NA	1	1
LMAN2	0.173672565854345	7.84731652053097	0.935659715435454	0.337191567678729	0.861250628260463
MAN1A1	0.269400295401509	5.7438475977996	0.896768514462004	0.347362038906009	0.866650324644658
MAN1A2	0.222758552547769	5.36129024006533	2.15169140574935	0.147516753600194	0.735276184512085
MAN1B1	0.146220546057306	7.15157511320897	0.640910508268073	0.426468367867345	0.896516197990056
MAN1C1	1.33549998704976	4.70899695472413	20.9218154669483	2.3757785322999e-05	0.0325645709885868
MAN2A2	0.054433619837679	5.32778502204505	0.0778268879155597	0.781201787699753	0.972820862422704
MAP2K7	-0.0863515957580092	5.44843464596172	0.707569964435402	0.403516031469363	0.887295426313749
MAP3K5	0.250047483043188	4.66436854322059	0.934075272063843	0.337597906308295	0.861339426803682
MARCH6	0.187500289399998	6.92024231414064	2.07023320967967	0.15527722888946	0.740056234689621
MCF2L	0.359548607339938	3.54094041118028	1.54088146868334	0.219208416356036	0.798266077960886
MGAT1	0.220143960568549	7.79975977336362	2.27984307318627	0.13619480125875	0.721776099345469
MGAT2	0.180783285084581	2.25920619522583	0.538839413038454	0.465708265570194	0.90386982548182
MGAT3	-0.650761324669648	2.4977630396845	1.85250945648272	0.178466753367393	0.758346401645083
MGAT4B	0.395752507837304	7.40443991184497	5.93650581710086	0.0177449909849777	0.470128994099884
MGAT4C	-1.07533256371305	1.65387557259236	1.47281873096417	0.229549596016503	0.804151765540702
MGAT5	0.150540699712535	6.15047225182215	0.36221911401656	0.549492486423387	0.925634851499569
MICAL1	-0.104528020643815	5.82368688405096	0.314373870198598	0.577049040153838	0.930387968191173
MICALCL	-0.637606548179314	1.19335115047399	2.73579245057167	0.10322717029026	0.685627652426159
MICALL2	-0.0715371553768763	5.0789776584319	0.0525649513646296	0.81942074879401	0.976763166059178
MOGS	0.119169153794503	6.15065220508761	1.07178806705194	0.30460247638588	0.847383905345019
MON1A	-0.137606746446547	2.97417253987081	0.396954463589698	0.531004247211262	0.922345263762116
MYO5B	0.310582991269479	5.77639826927158	0.710674299018769	0.402492373061587	0.887083792485956
NAPA	0.187778856507595	5.90175223355333	2.47251562501489	0.12099199930365	0.703455784994218
NAPB	0.419977545349807	3.80827601006585	5.9986308230007	0.0171855941335617	0.46495883095744
NAPG	-0.0304578756923933	4.68684727562486	0.0619038347320818	0.804342184370796	0.975420247110092
NCKIPSD	-0.120927991647143	4.63638814467532	0.469827077558814	0.495646721111131	0.912474879490443
NDE1	0.000432908976113378	4.44568631145823	5.78700184314938e-06	0.998088395177206	0.99971473661047
NET1	0.250661007451502	6.24105017733136	0.759314125199809	0.386937970005639	0.879338472149027
NGLY1	0.211233379581451	4.9994888525015	2.67283424682568	0.107191542676611	0.689555975642094
NPLOC4	-0.103338988085183	7.10899213485096	0.787647581108862	0.378275947608288	0.877735033967318
NSF	-0.0169893652014424	5.33120465274385	0.0130873087005157	0.909294191079679	0.99104262731856
NSFL1C	0.0594639417677836	6.33839726896996	0.225615413412809	0.636479548307924	0.941857913721483
OCRL	0.205531716128286	5.53319783033724	2.38763335450555	0.127437938251146	0.712160989512174
OPTN	0.185365340855349	7.45931527803927	0.797335513907739	0.375377883841894	0.877157291398336
OS9	0.0744394636083347	8.40211124813222	0.511717338661964	0.477108002701426	0.905919967438377
OSGIN2	-0.195410868338088	5.27934432895368	0.549693128892703	0.461269719115336	0.902739442386212
P4HB	0.294362144890378	10.4481513897305	2.79214101427782	0.0998179446944545	0.679292647314799
PAK1	0.08915832704391	5.78025643365258	0.570721182967621	0.452861060212311	0.900858376548956
PARK2	0.0126517627290471	1.39359264325621	0.0016918762235426	0.967323797027136	0.996039057873261
PDIA2	-0.194946491457258	7.1089141776824	0.0757694903548369	0.784038773687087	0.972874324367529
PDIA3	0.203920121642291	9.32124466779182	1.72852301568208	0.193489604840546	0.77068649528122
PDIA4	0.306775862061085	8.58011174909463	2.69757668592428	0.105613524706133	0.687697031319319
PDIA5	0.449387296981828	5.50148769231273	5.39062192628205	0.0235786680092512	0.490869096146705
PDIA6	0.399920114455192	7.86717698416775	5.86758237579758	0.0183882840993619	0.477310741896855
PDILT	0	NA	NA	1	1
PGAP1	-0.677385070979993	3.80731919671417	4.72393463164935	0.0336119620898216	0.539417269523854
PICK1	-0.0677152608861169	4.55640573290928	0.166867607148446	0.684332081730912	0.954164583415973
PIGA	-0.302010451816089	3.13971540503458	1.27217618394323	0.263747307738838	0.823402853046763
PIGB	-0.0446827104113568	3.70343563620534	0.0680518536524058	0.795067707519137	0.974484874834972
PIGC	0.0222752738012604	5.04739264614653	0.0249369865605045	0.875042410375654	0.986887793291897
PIGF	0.146380864750311	3.48035132178548	0.772305935259437	0.382931140793109	0.879275886370113
PIGG	0.109435645318201	5.41351843421846	0.617670682180962	0.434936943051403	0.897793099453466
PIGH	0.17765624753199	3.41591928260981	1.38833531420933	0.24323315379715	0.81390872271207
PIGK	0.370155163566136	4.77211617840655	8.79652498360818	0.00429467581727961	0.322128585238432
PIGL	-0.304607622624579	3.14936781476581	3.08211114635719	0.0841455124624081	0.655962587598158
PIGM	-0.0424377250264244	3.61102515628718	0.0628955036764602	0.802814065057037	0.975382885308846
PIGN	0.21146475057257	4.54917952064232	2.17773034843431	0.145131225312515	0.732756216648581
PIGO	0.0968456131011746	5.01845159675804	0.447359081105937	0.506098958905594	0.913753097642596
PIGP	0.0656733618294307	3.80785443957439	0.196117800203092	0.659429281157667	0.947587386089284
PIGQ	-0.0617641676790823	5.84718322841035	0.124011757670663	0.725929417738296	0.963187850394171
PIGS	0.143927016407611	5.8519608702087	0.654076775005437	0.421781829274452	0.894418295653326
PIGT	0.0228360801088682	7.42750159817755	0.0294411093242909	0.864328784581132	0.984649048047148
PIGU	0.0319750522642123	4.86924455238937	0.0493776725723553	0.8248872564637	0.977859925341937
PIGV	0.164253795577631	3.87597798689049	1.21228656870205	0.275177723996191	0.832242173775718
PIGX	-0.0774122609529527	4.50499751497693	0.227740854482403	0.634898463163872	0.941857913721483
PIGZ	-0.211757484061749	3.12320551858557	0.657002339210093	0.420751082258161	0.893323706644558
PIK3C3	0.0373964302971758	5.34786410901042	0.077425376720905	0.781752235037344	0.972820862422704
PIK3CA	0.00449101667272422	4.52994322462306	0.000876201304822054	0.976481521062186	0.996705616327821
PLAA	0.249547100951017	4.90929167277508	1.22287992704054	0.273110645785955	0.831402163637562
PLIN3	0.0926671965636042	6.61842981785255	0.328160601347269	0.568836312204762	0.929706572357708
POMT1	-0.0471368889577892	5.25435545686981	0.122629493747299	0.727398442468004	0.963797235241685
POMT2	0.322074489909029	4.34959908691709	4.05922454741649	0.0483158954989072	0.593416210030572
PPIA	0.00900119465398954	8.54449916696162	0.00587753676247461	0.939139259104825	0.994614881189474
PRKCSH	0.0466121526879242	8.94876795607474	0.109440714909215	0.74190815624889	0.966371926969986
PSD	-0.41484209373151	3.22954272496412	1.65230551279518	0.203473050470943	0.783749645196241
PSD2	-0.23228270564788	0.114424467824448	0.168196738644657	0.683147022091904	0.953743031568424
PSD3	-0.0564923691642366	4.52064609185956	0.0277689378619269	0.868200803689343	0.985430157976724
PSD4	0.152359147826166	5.36892578828674	0.645259058224097	0.424911783712473	0.895875536431418
QSOX2	0.0513366797287	4.82950139102298	0.0817440093848616	0.775910205516283	0.972023347228023
RAB10	0.157711360364993	7.0604784703723	1.24888429289271	0.268119699942522	0.82734130630215
RAB11A	-0.0667245377744642	7.22244356553473	0.347808971695812	0.557520269829423	0.928248443749943
RAB11B	-0.147921861869921	7.02661991088625	1.18706726655729	0.280179914125768	0.832735538966248
RAB11FIP1	-0.340876176112137	6.42172983505012	1.03815123847075	0.312250129579096	0.851487000816039
RAB11FIP2	-0.0326292415313282	4.47172679773431	0.0349097532933696	0.852400931677891	0.982612424302404
RAB11FIP3	0.375637926421557	6.70071663932628	3.78710176070328	0.0562297752797248	0.60793253482583
RAB11FIP4	0.245289346322524	5.3186049400647	0.695030235733985	0.407690455195118	0.889031379163719
RAB11FIP5	-0.153287196772658	5.99390543667593	0.515201028141353	0.47561833964802	0.905441763214471
RAB12	-0.00290791978121055	5.29284018587237	0.00055381382398711	0.981301236388968	0.996781554278336
RAB13	-0.0828405218540123	6.84339489477311	0.373340847100556	0.543444438986253	0.924558035374411
RAB14	0.0236294813073869	6.83231210005413	0.0330381295665401	0.856366761225603	0.982818812951136
RAB15	0.52571828693616	4.34624251174788	3.68092481598932	0.0596909117948198	0.61639410303497
RAB17	0.128113764510011	4.83296603421414	0.0899766086273555	0.765220144505869	0.971036809257004
RAB18	0.187729676386141	6.07043828725859	2.14282147442285	0.148339666426414	0.73556721833932
RAB19	-0.0598177785544649	-2.28512123165099	0.0164414858715118	0.898390515000448	0.990024108431308
RAB1A	0.104824158185218	7.50259800834624	0.758069817429573	0.387324899381085	0.879338472149027
RAB1B	0.0292175349194543	7.4034617172262	0.109212395972937	0.742167703078793	0.966448715202991
RAB20	-0.071182007970431	4.36635779455912	0.0682772294639214	0.794736396825238	0.974484874834972
RAB21	-0.029696068854734	5.94888066733282	0.0478258083399916	0.827615998421767	0.977884229851579
RAB22A	0.0523965736891502	5.83012942672873	0.249254842789171	0.619384589762101	0.939413472913237
RAB23	0.572737384883073	3.62342546124726	2.83288266055517	0.0974314057069654	0.675656691334767
RAB24	0.133270234607988	3.73030446256423	0.595925711040066	0.443098103571874	0.898229722456721
RAB25	-3.07319403397356	0.348561803562882	8.81036748386907	0.00426632887560514	0.322128585238432
RAB26	-1.40097768409895	0.336819818042005	7.82625533941081	0.00686860392241686	0.361281929986835
RAB27A	-0.0458820247630733	4.91153229521425	0.0386633258465241	0.844766594425095	0.98115298737004
RAB27B	-0.565821162050179	4.58012140956418	1.24529248843581	0.268802119302723	0.828099284182808
RAB28	0.263377314770462	3.89456272097315	4.52680646182567	0.0373916122210235	0.555795049641644
RAB29	0.128017426605992	5.4343394246645	0.359311271859379	0.551094695763261	0.926132974727159
RAB2A	0.124632780286863	7.27615421937395	1.02227794279354	0.315947441176842	0.852255477853343
RAB2B	0.233607826848315	4.22637425560127	1.96243902525894	0.166286932558278	0.748463051547965
RAB30	0.247797989426604	3.96448274871913	1.812883781474	0.183112614909666	0.760864992392259
RAB31	0.152318463010073	7.5902730471357	0.620622696882118	0.433846978178512	0.897793099453466
RAB32	-0.0664801680515082	5.56880085016791	0.101805284773745	0.750756928492213	0.968126749328172
RAB33A	-0.919796313842836	1.10464826420273	5.80808580846905	0.0189635065874527	0.477636622559222
RAB33B	0.277363288838823	3.25511899809903	3.62394398976295	0.0616436100031741	0.62208483523672
RAB34	-0.141792387732605	7.19532095622652	0.643642012743933	0.425489601069908	0.896150228627808
RAB35	-0.147862685611661	6.21231526476525	1.85044248580693	0.178705625503677	0.758346401645083
RAB36	0.0318019219627322	4.10555102759976	0.0116879752880435	0.914260228539536	0.991330621321252
RAB37	-0.208449048158914	2.5742220099082	0.478625756437457	0.491653523883233	0.912108789949603
RAB38	-0.473491010697037	3.2784820871812	1.26545860454765	0.264999013339803	0.824256322594994
RAB39A	0.377665763376489	-0.705459147636743	1.18384085980461	0.28082825213678	0.833830926988071
RAB39B	-0.451880350732391	-0.211587609954641	1.2486466035939	0.268164791316968	0.82734130630215
RAB3A	-0.307087948811365	1.83928825885031	1.38815740961278	0.243263017529922	0.81390872271207
RAB3B	-0.581913077276898	3.21790075605453	0.81960021963449	0.368836132724812	0.873622153668752
RAB3C	1.72940105896746	-0.272426999948403	9.29285184231661	0.00339130266464545	0.298983833300888
RAB3D	-0.026252803618435	4.4725153843719	0.0148906016347286	0.903276129542121	0.990419989773878
RAB3IL1	0.034340314907097	4.84077266646348	0.0250805518103618	0.874686264883863	0.986797642944306
RAB3IP	-0.217015757404709	3.64382763621727	0.775514966284884	0.381950638848575	0.879186303950717
RAB40A	0.017448887251262	2.64635294423104	0.0019962694171502	0.964507672306462	0.99570265751673
RAB40B	-0.0473885751344203	3.11200933061501	0.0707912335354988	0.791079686320947	0.974068376502814
RAB40C	-0.119229670992877	4.77118253730814	0.750802257104003	0.389596039514179	0.880706255212371
RAB41	-0.469068438504843	-0.165945483299742	3.01147624323203	0.0876940997238478	0.661381830365005
RAB42	0.180744629997022	2.3689759474715	0.67826094736341	0.413373911846523	0.891529650123333
RAB43	0.0522167300549658	1.08338229142261	0.0537760939437295	0.817389420867609	0.976705005970866
RAB44	-0.235529599912646	-2.05776182897892	0.59470650758193	0.44356272610215	0.898430092419349
RAB4A	-0.200747422242608	4.94281838127839	1.58315474414444	0.213070901714782	0.790557996814435
RAB4B	-0.224366358459426	3.80504573835242	0.990245378426553	0.323588261605305	0.856044954331219
RAB5A	0.0461420776941692	5.87077518444811	0.156779432756322	0.693511763539872	0.954745454903648
RAB5B	-0.191875728786626	7.46093272165818	3.16380253053217	0.0802383569515362	0.654748180674696
RAB5C	-0.0288484921234773	6.69154206462923	0.0600814056526046	0.807184765999861	0.975755271700509
RAB6A	0.0870603565218322	7.02475757806152	0.52233830287162	0.472590120238652	0.904774061993225
RAB6B	0.041964238201278	4.58797604970972	0.0207656253476507	0.885891237741434	0.987918661357515
RAB6C	0	NA	NA	1	1
RAB7A	0.0462484729070396	8.009965131676	0.181460627739524	0.671610698354583	0.95005724483673
RAB8A	0.0801260154212232	5.50077565450911	0.546081249491761	0.462739175183337	0.902739442386212
RAB8B	0.182132155446509	5.3492673439	0.689090329237046	0.409690218976816	0.889739125205858
RAB9A	-0.0526670585124705	4.55544776356309	0.111227330726951	0.739887488463311	0.966371926969986
RAB9B	-0.392578848758492	1.02254517560097	1.13728039911167	0.290403438273928	0.836576338966207
RABEP1	0.0271233739273693	5.90291563959413	0.0457687137637706	0.831305684209882	0.978302668577302
RABGAP1	-0.00056777412367848	5.9747230658898	1.01133866061203e-05	0.997472918236889	0.999482520369598
RABGAP1L	-0.10853044915229	5.33087310046062	0.272560049686891	0.603498193963559	0.937284202333535
RABGEF1	-0.358477000911934	2.8752571356143	3.76593886612394	0.0569017974088468	0.609782950797284
RAD23A	-0.171160852307469	6.80118152115798	1.65715121895387	0.202820223692958	0.783504202791883
RAD23B	0.108273856678575	7.81910445810783	0.573932472977361	0.451598414506113	0.900529839537131
RALBP1	0.0243669902305875	6.43639025226029	0.0346397526538708	0.852966133144393	0.982612424302404
RASEF	-1.27142179613328	2.21690403475753	3.32646923869349	0.0730408951277824	0.647397116819857
RBSN	0.119025241542269	5.06188461856272	1.20161641527512	0.277280045943001	0.832567552326076
RBX1	0.0462280647697761	5.71480877084287	0.101189723533838	0.751486059335763	0.968126749328172
REPIN1	-0.0423539968224528	6.41349209262907	0.135940288766826	0.713619110328093	0.959817971750845
RER1	0.0404592528539291	6.64193686091549	0.0665158449237427	0.797341480337912	0.974574130906875
RFT1	-0.195907868540503	4.53318417374347	2.06221107605097	0.156066754973375	0.740240410305895
RFWD2	-0.0307122380286525	5.42485986000152	0.0623493132480508	0.803654123097274	0.975420247110092
RNF185	0.0919461934726626	4.55795791009439	0.562458997296633	0.456135541643742	0.900924832409609
RNF5	-0.0124440857429686	5.52639267768283	0.00698693339427726	0.933656049706262	0.993709390928815
ROCK1	0.184945552869039	5.90371006248214	1.0266113021118	0.314932339547621	0.851933379608139
RPN1	0.164104950249432	8.7792351812162	1.30228429692949	0.258228047663634	0.822345310335452
RPN2	0.208910175254627	8.59193993982752	2.71717497585491	0.104382085233174	0.685827156647993
RRBP1	0.288777718914043	8.92252273152634	4.87923417104925	0.0309232915831128	0.531900156014111
RUFY1	0.18773756628012	6.26201940943774	2.6462786228476	0.108914741057578	0.692700871020283
SAR1A	0.108323399157735	7.41238917135819	0.673821994419785	0.414898176511881	0.892098351080977
SAR1B	0.190876234100159	5.39397850291383	1.38314304113924	0.244106624880451	0.81390872271207
SEC11A	0.117497314394479	7.21840542040183	1.34533659086703	0.250585787642211	0.817166914266714
SEC11C	0.499832505519603	5.37098087840896	5.16358074519548	0.0265788573742703	0.514472176161876
SEC13	0.0928670261317857	7.15482722408309	0.390182846226097	0.534517845179015	0.922731107624374
SEC16A	0.0994749148695453	6.89497058689887	0.7772816349591	0.381412381144367	0.878986709630699
SEC16B	-0.208944958969051	-2.21270951886235	0.394411546993406	0.53231874585548	0.922696337554859
SEC23A	0.468577121295247	6.39970356067005	5.94363503748087	0.0176798268912192	0.470128994099884
SEC23B	0.172722122503266	6.08183680806404	1.08027778369923	0.302711363188512	0.846561005689518
SEC24A	0.225261746902712	5.17302716571539	1.6415805133794	0.204926957795434	0.784544555723167
SEC24B	0.203517044925365	5.35412855633039	1.64335719632207	0.2046852447833	0.784446654417661
SEC24C	0.00156300583497179	5.46603208418409	3.62049040092275e-05	0.995218625403565	0.998921271822053
SEC24D	0.522729747593624	6.33036487953214	6.70396285794898	0.0119961711543449	0.420221867815047
SEC31A	0.355930773549546	7.86955973852209	7.56481638995645	0.00780996993785529	0.37408707532693
SEC31B	-0.306529079702582	3.39924765765862	2.11691737356035	0.150773452302079	0.737044437657377
SEC61A1	0.303058588505058	9.34927073327739	5.15759858827083	0.026663215980912	0.514732439007393
SEC61A2	0.172877948068183	2.98752186247153	1.1652924126162	0.284593193609442	0.834524402418323
SEC61B	0.00349883868032031	6.75355249864463	0.000402831268755872	0.984052093233994	0.997062678854648
SEC61G	-0.0824335653360146	6.4856923801353	0.188517974638796	0.665675031067812	0.948321394615149
SEC62	0.0273928442743412	7.09718203015073	0.0514321321819697	0.821343145579484	0.977380220693749
SEC63	0.225547753310193	6.98058379792695	1.92686409961721	0.170118562792068	0.752462514772995
SEL1L	0.516753594606264	6.73872992115828	11.5486688112967	0.00119541530326739	0.236376655442225
SELENOS	0.13472319831467	6.2650060072691	0.85085374524541	0.35992169605755	0.870504695673273
SGSM1	-0.168747688326952	0.132346508251078	0.274779134391788	0.602031150050494	0.937284202333535
SGSM3	0.186013624287836	5.59722666856004	1.95570766473898	0.167004128614538	0.749176760771456
SIL1	0.135463962443407	6.54850524620988	0.344905625088714	0.559164864682425	0.928997794562027
SKP1	0.00457081450414998	7.9225646725053	0.00101007064525887	0.9747493064571	0.996522353327066
SMCHD1	-0.0528946025965093	5.71181888105236	0.0852766044887717	0.771254618902234	0.971767674401123
SNAP23	-0.0780421193706514	5.55364605300793	0.206633073061324	0.651022417819083	0.945489140351364
SNAP25	1.73320327646497	2.93708818455938	10.6348893860645	0.00181328630590723	0.255085547248954
SNAP29	0.204218463853317	5.21206879708176	1.84123228076104	0.179774611089746	0.758852180241381
SNAP47	-0.180522936682336	5.35515835855478	1.93127123632293	0.169638319404546	0.752197931857745
SPCS1	-0.1629543227828	6.36401341402825	1.13071897243496	0.291786564961136	0.837698647144852
SPCS2	0.227611362216219	5.84437481074485	2.49041949683125	0.119680117938728	0.703225647121892
SPCS3	0.321039848126603	7.21318183133158	3.96379964874687	0.050944096764586	0.600456840345966
SRP14	0.0610783516343119	7.79962178984408	0.195727923304538	0.659746134675322	0.947587386089284
SRP19	-0.0707174550673166	4.35221848038324	0.24103965128788	0.625206582210455	0.940200496756039
SRP54	0.191385911479826	5.59480082728375	1.99545475966872	0.162820938320824	0.744504606130663
SRP68	0.0389559156411904	6.65366425672932	0.120338736651332	0.729853621461278	0.964912445092245
SRP72	0.0641264634807271	6.74346709739635	0.23478651971522	0.629721387741765	0.940778827627741
SRP9	-0.0879924895754482	6.75904098041018	0.628600709972591	0.430922223354168	0.897196838952002
SRPRA	0.260754335925124	7.88100544489682	4.11842817791592	0.0467593817458132	0.586234101546625
SRPRB	0.195045411430677	6.57699354344452	1.23483690715801	0.270801219342909	0.830150511288275
SSR1	0.417613222467681	8.05563290830635	7.74135610480975	0.00716048402682084	0.367751651339742
SSR2	-0.0616387861064755	8.44304335586262	0.177128501324866	0.67532227540136	0.950748800373005
SSR3	0.222742742331384	7.59238311245749	2.30360477114448	0.134206840756979	0.718549153322288
SSR4	-0.0861307839919305	7.83384959447048	0.153313511568547	0.696744452151922	0.955671834529878
STT3A	0.247984295339164	7.76796012844678	2.68086847027808	0.106676253281503	0.689188508104034
STT3B	0.227422473986334	7.63504040396787	2.24143375171571	0.139479968651884	0.727055484169648
STUB1	-0.187807961404702	5.44249550285382	1.82307137082013	0.181904670922286	0.7599369546103
STX10	-0.152738466106889	5.64237334325459	0.848990143944067	0.360444727149152	0.870504695673273
STX11	-0.214243617414306	3.33548994792984	0.349512033294989	0.556559885708161	0.92788290792385
STX12	0.170845629601502	5.65566879603625	1.06761363543447	0.305538044320343	0.847462137574104
STX16	0.0476085575596863	6.10132885758987	0.227082811803399	0.635386998467529	0.941857913721483
STX17	0.235225398847012	3.34002860971245	2.04050700417034	0.158226308744859	0.740913723902885
STX18	0.0922523736316056	4.80526401244236	0.614358248529266	0.436165023940306	0.897793099453466
STX19	0	NA	NA	1	1
STX1A	0.303064081144987	2.59903614564721	0.971291944841124	0.32822622117496	0.859122762571172
STX1B	-0.737334332962723	2.54353897224973	4.90379094454767	0.030519681046053	0.528296164116733
STX2	0.0919407961277016	5.31425779612909	0.326649166548469	0.569725365655779	0.929706572357708
STX3	-0.0852609927338646	5.01113669687643	0.148662063709546	0.701149935769391	0.955878106887514
STX4	-0.107138896683431	6.31551374827541	0.727136285720983	0.397127361239041	0.883154148114927
STX5	-0.0855049162815142	5.94878819170309	0.472079862151207	0.494619089382247	0.912378926227326
STX6	-0.100299956460425	5.55957557468699	0.568996646178084	0.453541440896837	0.900858376548956
STX7	0.1244552486556	5.82903541318165	0.812828093306421	0.370808681456495	0.874951284531818
STX8	-0.18828205446167	5.06435562316366	1.06005134152655	0.307242556133001	0.848141152728944
SURF4	0.0616050463606081	8.40136138275565	0.247950117815312	0.620301140686315	0.939413472913237
SVIP	-0.0373359136891011	4.44160078818652	0.0553706491564099	0.814751481492955	0.976705005970866
SYTL2	0.686042652506118	3.4851955655373	4.46378248830391	0.0386944555201924	0.56357059186411
SYVN1	0.133875491706008	6.52473796006538	1.03545559085482	0.312873952471326	0.851487000816039
TBC1D1	0.290070667712841	6.82630968309801	1.88489770229111	0.174772461813339	0.75516586195704
TBC1D10A	0.0298919496343346	4.14936206395669	0.0319641491065959	0.858695031489536	0.98351835016939
TBC1D10B	-0.10432373322934	6.39462932842149	1.33175927675212	0.252964927488547	0.818022247028219
TBC1D10C	-0.309928958441689	3.81248834384702	0.920137304919113	0.341201319650592	0.862649475991093
TBC1D12	0.238874565975347	3.46255433668561	1.65168261176674	0.203557152465677	0.783749645196241
TBC1D13	0.0508276910498688	5.44003342608919	0.118606584808859	0.731727564715344	0.965133229457009
TBC1D14	0.00761499056925665	3.8255667362284	0.000827402663861164	0.977145626053736	0.996705616327821
TBC1D15	-0.018989457606577	5.41106606077513	0.031104254862376	0.860588459768033	0.983704860241385
TBC1D16	0.127780429476901	6.04628483244351	0.306199935103874	0.582030997295413	0.931572564143109
TBC1D17	-0.150303664002413	5.7829306367528	1.41668700423346	0.238531481792408	0.811096431528964
TBC1D19	0.336355507490396	2.5047610651399	3.949436306693	0.0513529392396949	0.600739382163125
TBC1D2	-0.0455836989432506	6.07307550677097	0.0145763966613423	0.904296967987441	0.990779977081508
TBC1D20	0.194009436430526	5.57339986118236	3.76338150286211	0.0569835961329273	0.609782950797284
TBC1D21	0	NA	NA	1	1
TBC1D22A	-0.0129385939869647	5.58924137643191	0.00822065983704289	0.92805167132115	0.992672914981374
TBC1D22B	0.0118656564655165	4.27767658923284	0.00818034851839857	0.9282278036977	0.992672914981374
TBC1D23	0.115566749771062	5.28636013400936	0.838159470134163	0.363505585877143	0.871167339035984
TBC1D24	0.0631556071868271	3.9910618264067	0.168486569283691	0.682889336105472	0.95373256689538
TBC1D2B	0.156909870306334	7.17513302687454	0.450923611164979	0.504415524768741	0.913586778019995
TBC1D30	0.0419516291631995	1.96538660379638	0.0292126021859015	0.864851107609619	0.984689346962875
TBC1D4	0.035243146174401	4.42986104534287	0.0203911515551839	0.886917649177274	0.987918661357515
TBC1D5	0.0648363372886918	6.38979355822793	0.145429398918867	0.704258584216174	0.957657982383627
TBC1D7	0.194647248600964	3.77699886515984	1.37163299210887	0.246056851689532	0.814524985815362
TBC1D8	0.077194543147266	3.89122748431651	0.142313932568204	0.70729227390875	0.958339971059143
TBC1D9	0.18080020974898	6.38109689079006	0.391755409409971	0.533698113346261	0.922696337554859
TBC1D9B	0.340093069254419	7.46403896320569	8.54987609003888	0.00483426251150749	0.335805938644666
TMED10	0.387165530395454	8.33517345575093	8.47168883501409	0.0050197876828066	0.338676781869643
TMED2	0.126040613853004	8.23712437798646	1.03563860314611	0.312831547752441	0.851487000816039
TMED5	0.352178389663599	6.14246332676152	3.20455754202009	0.0783644171601367	0.654748180674696
TMED7	0.277026475141565	6.63027567366818	3.20004748241615	0.07856939601124	0.654748180674696
TMED8	0.114139422802216	4.38506109745208	0.679038171780706	0.413107888371272	0.891529650123333
TMX1	0.446671685215199	5.37597642583901	5.63901542977773	0.0207049256853861	0.487484874629384
TMX2	-0.0116260750500372	6.34469979357073	0.00777250320025034	0.930035013525538	0.992853530678509
TMX3	0.335637267441245	5.86842096146046	6.16166949632639	0.0158046036365612	0.453738590569111
TMX4	-0.194118157557431	6.76247120950003	0.704942566961422	0.404385425792438	0.887295426313749
TOR1A	0.0134333303933861	5.73247100138795	0.0117242373554298	0.914127853808042	0.991330621321252
TRAM1	0.312876371771686	8.77414826897174	2.39923899278593	0.126533990214064	0.711255593934296
TRAPPC1	-0.224040666008512	6.55446823271545	1.82220061531925	0.182007547390973	0.76014506175409
TRAPPC2	-0.120862346296701	3.73594438919753	0.767714628789582	0.384340294491643	0.879275886370113
TRAPPC3	0.0366763699605131	5.86687637213569	0.094424926482723	0.759665299211323	0.969215076288752
TRAPPC4	0.039957156926531	5.33910346124037	0.0968338717010423	0.756716843014612	0.96877104773937
TRAPPC5	-0.155753712091852	0.794643057367965	0.470641420661601	0.495274831309382	0.912474879490443
TRAPPC6A	-0.429557344897308	4.59123389087816	2.42408181181177	0.124623420637571	0.708194052140855
TRAPPC6B	0.253980564632086	4.42635848904619	2.91135506253092	0.0930120261778707	0.671503272530908
TRAPPC9	-0.117205663401692	5.26062930407538	0.763451020474201	0.385655569133029	0.879275886370113
TUSC3	-0.276432425170011	6.14971669713445	1.54617927384299	0.218427581071603	0.79771773623989
TXNDC12	0.0282286205089296	6.38939550862439	0.0562375765615152	0.813334104812233	0.976705005970866
TXNDC5	0.373702711470524	2.98741281499295	1.60679383233254	0.209729618936082	0.786876639433659
UBA1	0.0531391010545117	8.66201571866822	0.279180874884538	0.599143407194693	0.936636506876813
UBA5	0.0379562079911399	5.2063125484785	0.109507551124725	0.741832235557601	0.966371926969986
UBA7	0.0208638325240176	6.0557296526259	0.0116759935562003	0.914304013529391	0.991330621321252
UBE2D1	0.0781810685281073	4.44241454402541	0.315376185229235	0.576444024342655	0.930024673859634
UBE2D2	-0.0548196206552473	6.37244316236453	0.23220304077494	0.631608419420475	0.941412253945167
UBE2D3	0.124741852229856	7.78357516879244	0.900373539213577	0.346401729878845	0.866442002049359
UBE2D4	-0.146532225786279	4.26589862899708	1.17250779067781	0.28312094712443	0.834387720849405
UBE2E1	0.0694383643645945	5.8834389685817	0.420865978708224	0.518924551849676	0.918465593411029
UBE2E2	-0.025139696532373	5.25569966722123	0.0222920247946806	0.881802221848743	0.987394780258092
UBE2E3	-0.0879719185541236	5.72901129277404	0.387358989263883	0.535995637617164	0.923040016192279
UBE2G1	-0.106306898712165	5.36832963684371	0.581196106934424	0.448762877623438	0.899910495813367
UBE2G2	0.0640348940038506	6.44220697246128	0.346970408294389	0.557994317466586	0.928638655376687
UBE2J1	0.246342979601869	6.31482081601836	3.88011847488274	0.0533767278212466	0.603697803673888
UBE2J2	-0.00538830031259654	5.64469176837353	0.000967511472271098	0.975286820242983	0.996705616327821
UBE4B	0.0818748164301783	5.60784354419205	0.277620114472213	0.600163979600183	0.936790969806722
UBQLN1	-0.0574348839691843	7.02200785819818	0.166047275700056	0.685066249078387	0.954286474439119
UBQLN2	0.0891654950505317	5.91028161162136	0.764978747046497	0.38518353797912	0.879275886370113
UBQLN3	0	NA	NA	1	1
UBQLN4	-0.146001234662798	5.21645719252572	0.899456995672226	0.346645532574636	0.866468154465629
UBQLNL	0.21204302679138	-0.232167743204312	0.594236558380535	0.443742020947448	0.89843420026241
UBXN2A	0.0943189208574216	4.76507656745756	0.476958269274467	0.49240610290297	0.912108789949603
UBXN6	-0.0849006726652013	7.65766221178114	0.270516469673973	0.604855965681652	0.937477178086525
UFD1L	-0.101934563114867	5.49834923834346	0.347533039805675	0.557676171360821	0.928366050573598
UGCG	-0.0952938865934639	6.23654018528323	0.135129900510783	0.71443556496271	0.9598858606031
UGGT1	0.319882224808569	6.75226987066351	5.77718340115279	0.0192697880553613	0.478846475297179
UGGT2	0.0510774577827408	4.45799350383784	0.0694620059821837	0.793004274173812	0.974068376502814
USE1	-0.188337143604061	4.77885650066104	0.759487466359323	0.386884112252716	0.879338472149027
USO1	0.332666601684605	6.52569231150913	4.40101294217444	0.0400407331997554	0.565086003856574
USP6	0.235779695417676	1.11011791220371	0.198492963568184	0.657507093977585	0.947587386089284
USP6NL	0.0214792744966275	4.1550034432193	0.0165944754696	0.897921505568224	0.990024108431308
VAMP1	-0.177155696146596	3.2130946509782	0.786523775175678	0.378614190591429	0.877735033967318
VAMP2	-0.283116387927823	5.9551709039478	2.22016232800535	0.141338391405851	0.728222518251101
VAMP3	0.0650422936216546	6.74146185431476	0.235001395248918	0.629565017411014	0.940778827627741
VAMP4	-0.00315594641741858	4.06404987694798	0.000352649065366264	0.985078339288193	0.997439016045186
VAMP5	0.144085643340065	5.8875541481023	0.174379205358918	0.677705603822788	0.951453366240242
VAMP7	0.0575010382041074	5.52971177702539	0.175978831431308	0.676316239071573	0.950998328243048
VAMP8	-0.134427750883069	6.73624991120358	0.337379868199413	0.563471676191665	0.929664890527267
VCP	0.138175670056022	8.55558462705713	1.66977179415752	0.201131718219873	0.781138629562326
VPS45	0.033481107737553	5.23556040507118	0.0615221468145149	0.804933814334682	0.975497542786889
VTI1A	-0.0352367639843869	3.91070140493926	0.0670810675075467	0.796501545283266	0.97454134659157
VTI1B	0.171441410896273	6.06046160802721	2.08168872230297	0.154157812247792	0.739251380644772
WAS	0.0571034494308562	4.61648579064088	0.0568172585325681	0.812392790892255	0.976705005970866
WDR38	0	NA	NA	1	1
WFS1	-0.062483329257869	5.6170666231069	0.0849245437642241	0.771713844386407	0.971767674401123
YKT6	0.0119181422449782	7.15333644736301	0.01001072594877	0.920627757274852	0.992258465770005
YOD1	-0.391673963811404	3.12738949541309	2.21862904152531	0.141473445356772	0.728222518251101
YWHAQ	0.00788433866348868	7.88277249812226	0.00437747357256877	0.94746344529027	0.994759618638452
