pspGenes	logFC	logCPM	F	PValue	FDR
A3GALT2	0	NA	NA	1	1
ABO	-0.779921246470432	3.72356620223787	3.05263933407302	0.0843333815127425	0.341141483202086
ACAP1	-0.733447774263919	4.15825772201804	5.25771679288379	0.0243991167429518	0.184969930846136
ACAP2	-0.0142561167122616	5.4081883239889	0.00863527438399322	0.926187872202932	0.973915444341779
ACAP3	0.341769125914856	6.02520244647244	2.47475674366693	0.119521005578607	0.403436124129892
AGAP1	0.19378905127875	5.46359517032673	0.544579697305758	0.462638297786262	0.739043079484466
AGAP2	-0.15156557384865	2.76370894670059	0.326006033898513	0.569575009288468	0.807426655293885
AGAP3	0.340485995894217	6.94468744337019	5.62091861595556	0.0200826133664009	0.165961263275328
AGR2	0.970776487543685	3.05472543619568	0.904411937853129	0.344383810252775	0.653527164903841
AGR3	-3.1662877063235	1.29161269994705	5.80274077456364	0.0182320668290636	0.15781312129448
AKAP10	-0.305598290117967	4.75553499802581	5.19634118937518	0.0252206953702081	0.187901320085135
ALG1	0.117668685956575	4.74493394345231	0.713336388858045	0.400785025055858	0.697203023226981
ALG10B	-0.213046182997564	3.71144913976652	1.01118706934325	0.317563723339535	0.634411733227622
ALG11	-0.0740087005553768	2.55303348720845	0.178037045636926	0.674164929939902	0.866250309385422
ALG12	0.124520266285697	3.46733615745639	0.751828431643859	0.388417022790412	0.687994800822133
ALG13	0.0206629641853725	4.66264877921983	0.0481758440986605	0.82681143617366	0.933699917586021
ALG14	0.205584047040333	3.18336613468837	1.58283564050742	0.211907635233677	0.532210408237334
ALG1L	-0.588387203801925	-1.10441795809944	0.989862900113038	0.32268983782554	0.638722239676523
ALG1L2	-0.0454353401541171	-1.0022657305897	0.0113857687851167	0.91528318564851	0.969817923948867
ALG2	-0.0721125808919861	5.43736049882541	0.151187423198465	0.698406543720894	0.877175414037359
ALG3	0.256583011176717	5.90463171124556	2.42820237132738	0.123003802840501	0.408474234156487
ALG5	0.167526332636209	5.06192558405573	1.06164851138269	0.305855691773681	0.62461737715216
ALG6	0.106860584131703	3.75360634333061	0.765935544906352	0.384022367981872	0.685233643138936
ALG8	0.000478291711326529	5.26663011805489	1.31961446936e-05	0.997110355184949	0.999210135236795
ALG9	0.153761354517706	2.71785079545802	1.35005892815811	0.248623735702985	0.571364168784415
AMFR	0.160883779064588	6.86511604086055	1.18726297555152	0.279060030826869	0.599934084320948
ANKFY1	-0.465090052020777	6.142467276318	7.0149083892195	0.00968646078598404	0.112847268156714
AP1B1	0.231354255475245	6.87873615929715	2.81616017109023	0.0971100876214189	0.367490137791177
AP1G1	-0.0487086790465628	6.44307881858857	0.14255824175389	0.706722096394657	0.881000837968859
AP1M1	-0.0055418855498249	6.89972254535164	0.0021606797730811	0.963037713421941	0.98707099892713
AP1S1	0.310565609947525	5.83989712804229	4.06361851474653	0.0470766535770702	0.256012172979737
AP1S2	0.22883827266161	4.38699168325351	1.07836289277438	0.302103017889569	0.621243194390378
AP3B1	0.275178579206974	5.95012717148603	3.71855393447221	0.0572563633604106	0.283907014326084
AP3B2	-0.210514613909172	3.04381929863521	0.142490817130433	0.706788191323202	0.881035132693198
AP3D1	0.00511007856810768	7.76539550208906	0.00151566935218607	0.969039133759977	0.989282643674942
AP3M1	-0.0939011024181135	5.67657237742865	0.538447476402584	0.465160507926159	0.740848836972025
AP3M2	0.139715579900893	4.2759496443268	1.03141871631139	0.312799728358859	0.630902684131345
AP3S1	-0.335650031607228	6.87652824917175	1.32813431020952	0.252471268944462	0.575055257364374
AP3S2	-0.191770973266742	5.04570511738251	1.33344921763411	0.251531795364897	0.574462594055017
APPL1	0.0936346489595754	5.48264461476178	0.348521850895245	0.556567398893572	0.799085763728359
APPL2	-0.203463518823825	5.19217205926432	2.07317554530637	0.153699219938083	0.455019835092205
ARAP1	-0.174489606989789	7.54155812089751	1.47934385221849	0.227351371761959	0.548999706304207
ARAP2	-0.558987036694089	5.16674820333307	3.22631713031509	0.0761301289249078	0.324199060774216
ARAP3	0.233811929879204	3.71690846792584	0.485228326980108	0.488024846845713	0.755855708136716
ARF1	-0.0333275200734561	9.07166416071532	0.0793592268272396	0.778874226741532	0.91347501694955
ARF3	0.0416006366550598	7.75928133683261	0.160525771537432	0.689710308458866	0.87312400343914
ARF4	0.368124155398513	8.18853528110425	3.95944126344739	0.0499271375988673	0.264272996926904
ARF5	0.261913573300428	7.06683094196963	3.35707766532386	0.0705309794442998	0.313327701290105
ARF6	-0.0586132724393978	6.64683901227754	0.109278745433633	0.741806207961764	0.895899362300129
ARFGAP1	0.392693431362451	6.84964364913587	7.99695735556277	0.00588123173349013	0.0852216068841875
ARFGAP2	0.0626709696220687	6.49623639842513	0.408784610112605	0.524361292324859	0.779661766552441
ARFGAP3	0.188751786180951	5.29206305936047	0.776058989823696	0.380912561031285	0.682658929329594
ARFGEF1	0.0389426572804558	5.62216272021931	0.0968596564897082	0.756417551777726	0.90434255077714
ARFGEF2	0.041024755022689	5.57052761067949	0.0556089378347729	0.814161242329649	0.928390656464498
ARFIP1	-0.211292342339223	4.88619603263352	1.85170280654628	0.17729742264167	0.487466507959048
ARFIP2	0.273644122543813	5.66119228258294	4.07541250313299	0.0467651499282668	0.2553558682594
ARHGAP1	-0.202215951039173	7.46836021403485	1.98388715201819	0.162745232071555	0.467849002785079
ARHGAP24	0.0922844229200119	2.98735177305564	0.0854344053687419	0.770798652721627	0.910509119304211
ARHGAP5	-0.178490558932312	6.0945972989562	0.884752439437398	0.349653827189083	0.658156586016285
ARHGDIA	-0.207225035610042	8.41104389948475	2.39983261877593	0.125182267534172	0.411756251350516
ARHGEF1	-0.12252460030808	6.92869037381385	0.757691555608745	0.386581797135627	0.686888861239974
ARHGEF11	-0.218462666680692	6.06292185645561	2.07693134859389	0.153331626593372	0.454520882984949
ARHGEF2	-0.247399944134713	6.81068926736558	2.3207415148831	0.131489593930283	0.422016509046073
ARHGEF6	-0.287052555446448	4.2414281893919	1.40824864639106	0.238758943128137	0.559965253429321
ARHGEF7	-0.304642976881395	5.65631866658792	5.08080366360233	0.0268478713349225	0.19387425160374
ASAP1	0.116043380336467	6.40132356863282	0.223230936298026	0.637838576989636	0.846656331439254
ASAP2	-0.105581620126501	4.43862776232452	0.0897754525578482	0.76521763207893	0.907715811317749
ASAP3	0.694441053432524	5.93358712878445	12.2716287255436	0.000746094663484384	0.0228982870241968
ATF4	0.461773445446918	7.94914824742557	7.50127411447624	0.00755524046034639	0.0985182863636754
ATF6	-0.0909662483336304	6.23560422582745	0.450212812060998	0.504111228385326	0.767494051803609
ATF6B	-0.0657949233637973	6.50320363029926	0.315077966745765	0.576104801570604	0.811372172889852
ATXN3	-0.0667651359527647	4.18599510353507	0.35153331173495	0.554870906408463	0.798407100443055
ATXN3L	0	NA	NA	1	1
B3GNTL1	-0.142097893734825	3.18292505762814	0.802495231180812	0.372959046926863	0.677063434174247
B4GALNT1	0.802610194906586	3.34250815628115	3.44566903065058	0.0669936345434856	0.306990297243819
B4GALNT2	0	NA	NA	1	1
B4GALT1	0.182690392574167	7.96920658350219	0.921742670675474	0.339827754269208	0.650866208772278
B4GALT3	-0.03115151946746	5.40940044370911	0.0660023255805607	0.797889562839886	0.921906300979225
BAG1	0.104927464901558	6.15709528621199	0.237036822663835	0.627647640165046	0.84066789157254
BAG2	-0.201834540529259	4.60907093543432	0.578840712981803	0.448939724352659	0.731332643637627
BAK1	-0.15844765279939	4.80324744160761	0.927475453570303	0.338338744577864	0.649594458394934
BAX	-0.216404600287329	6.32753301477571	1.12625468554699	0.291677592098513	0.611996987510862
BCAP31	0.459183940759761	8.12511955386131	10.1416248718887	0.00204703196456562	0.0452487201150932
BCL2	0.0287691000932719	3.48606410477796	0.0143337934532575	0.904993476573997	0.965095322440251
BET1	0.485869499734372	4.94810221662962	9.37644136358793	0.00296836588770253	0.0570800993511683
BET1L	0.160249319809154	6.45720174218323	2.49906246996085	0.117746882459271	0.401408228437592
BNIP1	0.260823717376263	3.48676742601592	2.81548297564725	0.0971496220498825	0.367516375209613
CALR	0.31310684622076	10.4839929332313	4.26402145213185	0.0420730933637088	0.242539008802556
CANX	0.202829551197362	9.86007131358239	1.5799024185083	0.212327544728977	0.532661739874912
CAPN1	-0.217913288596104	7.87756714353278	2.88495027382413	0.0931855474859822	0.359972727338
CAPN2	-0.184034140675487	8.85371828321432	1.06703436331417	0.304639841097651	0.623725679476269
CKAP4	0.118267338502131	8.43707617547293	0.425831766641475	0.515858534455276	0.7743812882619
CLTA	0.0764243944061663	7.15928278984547	0.231200744518838	0.631909727129274	0.843211004515536
CLTB	0.202824478609956	7.32401990176838	0.673503930549987	0.414201527311135	0.707924975645394
CLTC	-0.0820925796446176	8.99684345307962	0.251713842215643	0.617209359981378	0.83531048635697
COG4	0.226555762524964	6.27754664961749	2.66748738433694	0.1062347760206	0.382251004672925
COG6	0.206559806966655	4.1976398235008	1.00433990039634	0.31919782481983	0.635612028598239
COPA	0.0768681636865235	8.18407332477978	0.277934448863149	0.599475416224032	0.825996961987663
COPB1	0.0951484851986477	7.43558160392686	0.514211918745707	0.475349871354021	0.748088805088242
COPB2	0.211518127598331	7.64668135400496	2.71822516990332	0.103017673330117	0.376858311808868
COPE	0.337717751752164	7.30958935322075	4.05105452390853	0.047410950151895	0.256901195009105
COPZ1	0.00263639050144205	7.67069060454444	0.00059757795538708	0.980556457084516	0.992971011402712
COPZ2	0.15374060357717	5.34457507413678	0.240309644812623	0.625285885156115	0.839661657568642
CRYAA	0	NA	NA	1	1
CRYAB	0.152858410766237	6.47909564213938	0.167405731852319	0.683489786094931	0.871061325874402
CTBP1	-0.0388745540089937	7.0723438568783	0.0883947277108597	0.766976491502729	0.908674711884584
CTSA	0.287963313706152	7.50499694022803	2.69678769599347	0.10436350534035	0.379503184599054
CUL1	0.10078568114831	6.10149693678679	0.711167649967386	0.401498886885031	0.697541675945977
CYTH1	-0.496281392441235	6.10572699623405	8.62907881948657	0.00428930995486194	0.0714905865031515
CYTH2	-0.00729780217212864	6.09205238788267	0.0024476339394113	0.96066167678507	0.986227098318894
CYTH3	0.0515923961691955	6.74891988386893	0.0601102903847589	0.806931538234132	0.926312479514306
CYTH4	0.101701421284831	5.2913999927078	0.17453120836993	0.677202876632067	0.867746940797789
DAD1	0.234245894380089	7.02641909675576	1.92840905818893	0.168676507250472	0.476428667885457
DDIT3	0.275531549999111	4.9575793930701	1.70898002202003	0.194755446317491	0.511095950030294
DDOST	0.363620854396776	8.19082529372646	7.2349951148643	0.00865328632736296	0.106707165177972
DERL1	0.167312411427408	6.41000828197262	2.15339208976027	0.146063569934305	0.443689710772905
DERL2	-0.299255888678618	5.72462096908428	4.95333675586732	0.0287730825726107	0.200489645243513
DERL3	1.25722663216515	4.18608108808473	8.09047838169744	0.00561144107851272	0.082824727010401
DNAJA1	-0.112599136861603	7.77637657278539	0.509571974453163	0.477342194625687	0.749034026052217
DNAJA2	0.046040418587731	6.17848912702451	0.147878274537697	0.701562363302103	0.878417815296518
DNAJB1	0.177558592017269	7.4893234666262	0.702959440028791	0.404217681314998	0.699394296820995
DNAJB11	0.262633349746684	6.46310600878275	2.62855548695301	0.108779375010892	0.387193321051797
DNAJB12	-0.125089431575598	6.2204966116064	0.76226461645086	0.385159028378001	0.685806930573875
DNAJB2	0.26783835044255	6.26541911860632	2.86969810022744	0.0940402948215154	0.361501025581563
DNAJB9	0.315366805809187	6.36967083380047	1.24510166450944	0.267735005684537	0.588455204524084
DNAJC1	0.356277724020609	5.33710439071138	3.72547721649562	0.0570302002856372	0.2831545103984
DNAJC10	0.0781107717896968	7.24095420508921	0.202955719862486	0.653529231777435	0.854287066544879
DNAJC3	-0.0359261093176309	6.71604233656579	0.0315523857787069	0.859449753243172	0.94666857465176
DNAJC5	0.172005669586731	6.71898994835115	1.81730048277725	0.181330788822225	0.493446219993646
DNAJC5B	-1.85366291850953	-0.340373576732802	8.12501624321066	0.00551509452895212	0.0823197344427078
DNAJC5G	0	NA	NA	1	1
DNAJC6	-0.28181880650977	3.61244257428405	0.456156115035232	0.50131768154594	0.765537881389687
DNMBP	-0.593650428835842	5.23645374582426	3.59978771097512	0.0612912316771088	0.292857606121727
DOCK5	-0.170074994432248	6.09118174267691	0.571998285217199	0.451623737511766	0.732862402792701
DOLK	-0.0489751181475048	4.22918126787426	0.129720894824343	0.719643541119199	0.887467088891542
DOLPP1	0.183193913055465	3.98677281087445	1.321351005501	0.253676660736265	0.576478191804525
DPAGT1	0.174305363542988	5.60825509110339	1.16742281759636	0.283085027048408	0.60410873903022
DPM1	0.0236639270054767	5.04789159644724	0.0439040295893541	0.834549665213434	0.936234010783313
DPM2	0.343216297289532	5.70180083631782	3.72612182896704	0.0570091919478465	0.283116451183013
DPM3	1.0420502802699	4.26603127144028	13.2491377545306	0.000474793150924182	0.0165082145737349
DPP6	0.00174815214579342	3.25979457942384	4.91269594515426e-06	0.99823688159344	0.999234377674528
EDEM1	0.0606096391952375	6.31502748541065	0.0741233950062208	0.78610643547913	0.91684310694302
EDEM2	0.141131425875417	6.23239916876757	0.666165525912351	0.416745948632597	0.709767860655422
EDEM3	0.0785347520012385	5.66556381531585	0.177573376805677	0.674564682366894	0.866408479984568
EEA1	-0.0287382410759732	5.158902068022	0.0277142812212071	0.868190315135229	0.950066824525279
EIF2AK1	0.358473186684296	7.66703099473235	11.2291932144411	0.00121732700096923	0.031983545411318
EIF2AK2	-0.141944530947738	6.37299052224023	0.606426994443642	0.43836785912739	0.724604871529957
EIF2AK3	-0.0361028446079511	4.59625302023127	0.0516164653851846	0.820836971680197	0.930691241130782
EIF2AK4	0.707863489675299	5.79229614311019	17.8101893517632	6.24195984115296e-05	0.00369245883453074
EIF2S1	-0.0554842082308891	6.07310968299518	0.077446469346796	0.781485611985944	0.914302529286625
ERLEC1	0.0272478940564437	6.19152747180779	0.0455748299092365	0.831478095206388	0.934855031067146
ERN1	-0.347587464079605	5.87356601291573	1.37565862229588	0.244222947712059	0.566607840778296
ERO1A	0.254120695145688	5.86345743209977	1.18326475204095	0.279865236377367	0.601003205838434
ERO1B	-0.192900485725905	3.93183133805756	0.594011558938575	0.443077282323806	0.728032950545676
ERP27	-0.621447304412268	-0.247486997955907	2.9328223818332	0.0905580833141423	0.355353716170326
ERP29	-0.00803037024217904	7.59408690696807	0.00466767094941816	0.945696206773315	0.981056162167183
ERP44	-0.00409119516030967	6.55833343679649	0.000774662621901814	0.97786286326799	0.991972310576397
EVI5	0.068378705574506	4.94248460516073	0.140742860059367	0.7085079565304	0.882119448168765
EVI5L	-0.0651431281115859	4.56106746857927	0.180801745365993	0.671794002491813	0.865142795091486
EXOC1	-0.0691101266317002	5.45039846662155	0.204300896102554	0.652459552074242	0.853719638534368
EXOC2	0.30622642096976	5.0971374606292	2.72601542568519	0.102533404148411	0.376043647658982
EXOC3	0.392141152529232	6.17796956118073	10.9785437325347	0.00137108011461523	0.0348632999299823
EXOC5	-0.0686606991040536	5.25120154817154	0.152891915212623	0.6967965459304	0.876343612478209
EXOC6	-0.102514981481093	3.54515290271918	0.434000894684955	0.511869760460701	0.772149970955913
EXOC6B	-0.169459135970178	4.97371303405262	1.15337954966419	0.285979057449203	0.607050831811388
EXOC7	-0.408283007210527	6.22453215370637	6.53007259551557	0.0124450052981964	0.128945875054354
FAM71B	0	NA	NA	1	1
FBXO2	-0.0789423139466253	7.51890877827857	0.0191133525966055	0.890379452516455	0.959730193483796
FBXO6	-0.336743521715829	4.19607379264495	1.43399015431017	0.234549279156999	0.555858665310941
FBXO8	-0.215389427709446	3.93032774194626	1.85270447378913	0.177181572471665	0.487324021418695
FUT8	0.41492115863897	4.65031824015383	2.60740342753007	0.110190390899885	0.389426928619094
GALNT1	-0.409217800444496	7.13062581216719	2.57467405378466	0.112414258645296	0.392847747460468
GALNT10	0.342300912791571	7.43969785735079	2.14248302789454	0.147075939052314	0.445544652749033
GALNT11	0.0961086637982529	5.65958593125105	0.342254497185999	0.560130073138564	0.801479514353049
GALNT12	-0.508398811639313	5.43813469714049	1.53877174474642	0.218322716850526	0.538589122360082
GALNT13	-0.291950132899294	2.8153293264124	0.39365573913767	0.532119565468314	0.783946131240731
GALNT14	-0.262532665304179	3.44395968207436	0.200736967504853	0.655302947113947	0.855430339263656
GALNT15	0.21290857075455	2.53851795703527	0.203456677454503	0.653130373978902	0.854059040169181
GALNT16	-0.452119913919976	3.21009818241042	1.65313428177644	0.202135976610117	0.520651200216064
GALNT18	0.27710137403496	5.49599920747728	1.22645819229138	0.271320660919599	0.592059060293049
GALNT2	0.150768013820965	7.26111694962228	0.519682837312563	0.473018187551765	0.746336671968008
GALNT3	0.919805514163569	1.69966562007125	3.46196645801497	0.0663641937545616	0.30533145278897
GALNT5	1.02893622551887	3.45932508271569	3.77937905779644	0.0553020800933337	0.278941395372472
GALNT6	0.826886205635375	3.52694223318161	6.16279694141377	0.0150775896114867	0.141971827294304
GALNT7	0.177559041048169	4.90006165481939	0.393086009245844	0.532415781911689	0.783946131240731
GALNT8	-0.781487327225021	0.527527777017882	2.28634148272361	0.134344785863899	0.426254058907496
GALNT9	-0.439099795987161	6.55638737578029	0.920897542255997	0.34004801770416	0.650943097544074
GALNTL5	0	NA	NA	1	1
GALNTL6	-0.0174790908030882	-1.73233363205971	0.00155379349973406	0.968652368972343	0.989141783928768
GANAB	0.276190386053449	9.0733167501974	4.76514457486965	0.0318882235009447	0.211053824759586
GBF1	0.0134634250923723	6.59780267570265	0.0118849365976189	0.913453330136249	0.968840046161383
GBGT1	-0.417220246493949	4.18983215080707	2.74476885954048	0.101377986114063	0.374194546190346
GGA1	0.264355122151422	5.33165394841144	5.10319845838606	0.0265239865859145	0.19277351078853
GGA2	-0.172203507551093	6.60385349971367	1.78313487649153	0.185443592794754	0.498871229721419
GGA3	-0.282202154992536	5.99526134492105	2.07406452793076	0.153612120516794	0.45499553234422
GIT1	0.0440876277149917	7.19859643111679	0.0575584482014311	0.810993450385684	0.92732087996884
GIT2	-0.119163597722919	4.8331596609976	0.560889899357503	0.456035408397024	0.734662736820757
GLT1D1	-1.67310832812806	0.167971124876987	9.20118417451297	0.00323446453616953	0.0599478597555966
GLT6D1	0	NA	NA	1	1
GLT8D1	0.245799066957569	5.84642806517491	3.05035803996493	0.0844473991923708	0.341407916635729
GLT8D2	0.904288279569451	4.22987739838365	6.81185078381415	0.0107544259125634	0.120375765336996
GMCL1	-0.0718897765152078	4.56043568022739	0.280795464322155	0.597605888466681	0.824913363393072
GOLGA4	-0.131371036227108	6.62965737347206	0.420498644033856	0.518492164127056	0.775529739502635
GOSR1	-0.224770656850306	5.46576445084204	3.65255746284096	0.0594616737743859	0.288391643790214
GOSR2	0.123534820977848	4.4251279896214	1.08324236131921	0.301018856072089	0.620460783494321
GPAA1	0.503659170641311	7.13045186913613	8.56081086966195	0.0044371808705881	0.072355559377508
GPLD1	-0.0570840399996518	2.90363315887077	0.00584083085791962	0.939266056273786	0.978270793451694
GXYLT1	0.0743755646167179	4.65516867785459	0.161868831689664	0.68848395509015	0.872484849566764
GXYLT2	0.209793853784599	5.25351170060669	0.569096716992146	0.452769552830089	0.733464272696951
HAS1	-0.747106815522747	7.50012545257495	1.63715213305473	0.204309263878178	0.52293009540734
HAS2	1.4981815277307	3.63236257393126	6.86589469945069	0.0104586663073295	0.118045283751949
HAS3	0.0562884634033426	1.82207010756818	0.0148902425355617	0.90317599124248	0.964192199588346
HERPUD1	0.140152924060416	7.43758486026467	0.47714388911724	0.491660994019052	0.758494044036442
HSP90AA1	-0.0807034809901648	9.86072721125708	0.215647058785888	0.643601996268704	0.848854357549526
HSP90AB1	-0.0784053304525906	10.2959031880972	0.355878529568339	0.552440311506516	0.796588782035602
HSP90B1	0.18418592376005	10.4674632822957	1.26704709096948	0.263590647207024	0.585145276895054
HSPA1B	0.0516141898412861	7.02411975642898	0.0235207177072765	0.878485835652555	0.953871229683327
HSPA1L	-0.29407279650128	1.5387102005986	1.9408305976045	0.167326952698177	0.47450864852337
HSPA2	0.287649414331569	5.24982384217869	0.451230768569882	0.503630858551633	0.7671207407223
HSPA4L	-0.702087598929197	3.06896819071003	5.08620491856096	0.0267693737115724	0.193556643233073
HSPA5	0.214256322350952	10.0695646986826	1.50476214935226	0.223435188333489	0.544617506641074
HSPA6	0.464149209802883	3.97827320918077	0.968132247441031	0.328027955734147	0.642492339590761
HSPA8	0.180877310653092	10.2107923160323	1.04694490814239	0.309207607306495	0.627093570053868
HSPBP1	0.346293779147915	5.54568151792864	3.5650125360313	0.062530235165899	0.295132913505281
HSPH1	0.347401108670277	6.77135622028665	3.12533766395754	0.0807871577840305	0.33472944308484
HYOU1	0.403007469348896	7.94518369100524	2.79090527575528	0.0985966204277382	0.36979034252855
IFT27	0.854727540360427	4.12520949816144	25.1022851051655	3.05521016483898e-06	0.000325993779924921
INPP5B	-0.00286789752239475	4.53884343612872	0.000357145712517146	0.984967941660916	0.994076541447678
INPP5E	-0.0951176706585503	4.27750704082461	0.536463947219884	0.46598108462508	0.741096488600494
IQSEC1	0.0604333199544346	5.65076807255829	0.142057270500542	0.707213615812058	0.881276779275952
IQSEC2	0.200077994836684	4.70338224467576	2.19134816472086	0.142602907653407	0.439227713972249
IQSEC3	-0.684449834393294	2.89806121349843	1.7000187832662	0.195917872086511	0.512673469083587
JUN	-0.254056649482321	8.22343788335684	0.45146974617687	0.503518200126233	0.767102654235549
KDELR1	0.120433962832983	8.01176413933835	0.784237798531411	0.378426344108682	0.680937710045201
KDELR2	0.539199343351702	8.54678322810339	16.4362532874294	0.000113545070005815	0.00585256913885505
KDELR3	0.796100434072226	5.81697243842663	11.7787420866433	0.000939474695321457	0.0272791464672037
KIF20A	0.381357577247068	4.81910188717315	1.18036224307622	0.280451636073963	0.601712579669465
KIF23	0.46123002576211	4.71183153481668	1.93202637536965	0.168282195416865	0.476064038590761
LARGE1	0.226051573445926	4.47404677672669	0.549904771319142	0.460465834005682	0.737688686850891
LARGE2	0.266204866572965	1.37331075323923	0.365337956211692	0.547217935777701	0.793394777163504
LMAN1	0.218956989316204	7.81034584842628	1.80144041070876	0.183226498084982	0.495945217789529
LMAN1L	0	NA	NA	1	1
LMAN2	0.492257369496992	7.8188167181671	10.2521891249443	0.00194082314283143	0.0437654747129918
MAN1A1	0.0354864334645464	5.5466185145702	0.0177624823460986	0.894300223804029	0.960808447481873
MAN1A2	0.185614902960773	5.39626309561551	1.61739728065716	0.207034348404883	0.52591975053049
MAN1B1	0.292106828756405	7.1335143115574	2.77155017170474	0.0997529937591	0.371697105009022
MAN1C1	0.339343136800786	4.65243469130851	0.941406907894084	0.334756959268832	0.646845132641445
MAN2A2	0.199391945901626	5.35270759348751	1.08504747842221	0.300619066985779	0.620459136698658
MAP2K7	-0.0981276642499339	5.48236171959721	0.759153072798965	0.386126269940499	0.686453382732898
MAP3K5	0.0678851876127388	4.68520124386484	0.0673355684183566	0.795903933296895	0.921094348305285
MARCH6	0.210170925190539	6.94573435976701	2.74439012729669	0.101401176338564	0.374194546190346
MCF2L	-0.49871463442846	3.49837764345936	2.76819605525244	0.0999549139865055	0.372005852940522
MGAT1	0.274795082489104	7.79312581602841	3.52438012411246	0.0640124799104669	0.299397985718067
MGAT2	-0.162986338303106	2.37918054199593	0.408384227080279	0.524563989880958	0.779760051099654
MGAT3	1.42737995497268	2.73599623003571	9.91230004863977	0.00228697286052932	0.0483078060104778
MGAT4B	0.213272181200344	7.47575681763097	1.59560454902908	0.210091289222264	0.529735106268969
MGAT4C	0.599398049188997	1.31000392680146	0.521484599269201	0.472254371928404	0.745898618566312
MGAT5	0.504193853523946	6.24792141014063	3.30064795213844	0.0728900806314672	0.318217377597372
MICAL1	-0.0470914859439355	5.76639826168282	0.0554178357795427	0.814474904208363	0.92844690543127
MICALCL	-0.0773304947927695	1.23603202289732	0.0432312827288447	0.835803648907519	0.936702801387021
MICALL2	0.453612736232258	5.06112574993218	2.23544720973086	0.13869929803989	0.432717553141529
MOGS	0.0262553471685403	6.1809134745143	0.0596643977523499	0.807634607282147	0.926312479514306
MON1A	0.509094987180547	3.00434047823734	5.57734967350904	0.0205548348496433	0.167712155588636
MYO5B	0.0261894376643131	6.00102222872579	0.0036629495860461	0.951886263555997	0.983467088768049
NAPA	-0.0995560076543803	5.93629323029223	0.523122553512946	0.471561742371488	0.745371786329126
NAPB	-0.0514892528009162	3.79340840975135	0.0882877908551732	0.767113337462847	0.908708546774571
NAPG	0.134588992385927	4.69449695777061	1.20241858263602	0.2760345438347	0.596872421772872
NCKIPSD	0.503307815629203	4.633249526377	10.0216708315371	0.0021690980841934	0.0467697692676789
NDE1	0.292093470124805	4.42717499998612	2.35052832703119	0.129072840878018	0.418465036008613
NET1	-0.45610866855892	6.27137657958495	2.05503259065357	0.155489302103792	0.457760816341298
NGLY1	-0.115492380442585	5.07861121414473	0.729400080092459	0.395554861823459	0.69363838559808
NPLOC4	-0.164650815654458	7.20141728874937	1.50483078473848	0.223424725330611	0.544617506641074
NSF	-0.232925519477423	5.38403909185691	1.8154414528772	0.181551795589456	0.493694617183476
NSFL1C	0.141364855485007	6.35076160212559	1.1407385578193	0.288616714554328	0.609392461508131
OCRL	0.107773395918109	5.53167880204862	0.582984104784651	0.447326604234669	0.730790275530832
OPTN	0.0673588568527003	7.47009958063176	0.115749138835058	0.734557575709279	0.892839757465436
OS9	0.153520970776703	8.40646429369232	1.81736290800372	0.181323373024812	0.493446219993646
OSGIN2	0.28553620939969	5.2437517739103	1.01308094905365	0.317113704631366	0.634202504970712
P4HB	0.0584469465759858	10.5457296385795	0.0818180932185684	0.775566727101581	0.91230489262154
PAK1	-0.184559143035381	5.76892361194256	1.75504299512845	0.188907840038147	0.503386815197928
PARK2	0.00207303093752091	1.34085712382988	4.0238123400934e-05	0.99495410966391	0.998335764119755
PDIA2	-0.515562505050925	7.08514508379088	0.472941262168082	0.493569270527736	0.759700756537265
PDIA3	0.29660296666619	9.36576796401374	3.65736961445791	0.0592978029508083	0.28827039228843
PDIA4	0.284756262889704	8.63636703835828	2.11015515506414	0.150123604533796	0.450295482846885
PDIA5	0.450791333225205	5.49410704142066	5.55178262441169	0.0208373890576932	0.169164813523098
PDIA6	0.104402705414331	7.94424595098594	0.308702716155742	0.579983413370554	0.814273319042254
PDILT	0	NA	NA	1	1
PGAP1	0.310194190784197	3.65733818266723	0.905387301692647	0.344125191022115	0.653398280186271
PICK1	0.504935333589848	4.50151681997459	11.984809720676	0.000852992048338676	0.0252321454912983
PIGA	-0.116171441040643	3.1064233586611	0.218235621775458	0.641621088521475	0.848035155760994
PIGB	-0.0169526336334617	3.76009380138851	0.00921600062138518	0.923753763634048	0.973373024403315
PIGC	-0.151810459892548	5.03903015343909	1.28027366231588	0.261131817456657	0.582793240848236
PIGF	0.0492517068637869	3.55938663079259	0.092388425018296	0.761929000451458	0.906585406156623
PIGG	-0.00459093793138332	5.44841075746178	0.000943049702779527	0.975575813734253	0.991635837127896
PIGH	-0.094137488863543	3.49082047802244	0.355319257710409	0.552752019628556	0.796864676822933
PIGK	0.399113458062526	4.80904274515607	9.20444084700307	0.00322930031469005	0.0599007663571346
PIGL	-0.198975607293351	3.15110642326572	1.12066316773143	0.292870466383495	0.612988390984638
PIGM	0.08656170148034	3.61848242147214	0.261932048118367	0.610165387200321	0.83192457971222
PIGN	0.194472668991244	4.55726337994298	2.0191950908035	0.159096420441964	0.462778046416792
PIGO	-0.0496656611359108	5.05973983033032	0.107039409169904	0.744370278637003	0.897290043056104
PIGP	-0.0717400246926562	3.80446341878283	0.192818734511544	0.661730716480475	0.859210360258719
PIGQ	0.126255961335211	5.85197128766331	0.555720669826323	0.458111713703773	0.73626236285109
PIGS	-0.20405620853629	5.90166410535479	1.46193835627769	0.23008134847901	0.551555258500008
PIGT	0.451729890974202	7.36953990356956	13.9053660669778	0.000351810525458565	0.0131692484234768
PIGU	0.140649891981082	4.8195203739657	1.10424813346674	0.296409100132365	0.616692974252614
PIGV	0.195687378212647	3.91510996446509	1.41849880891906	0.237071633728418	0.558557512664566
PIGX	0.338240250952804	4.53734763496818	5.11280204222181	0.0263863665790813	0.192309701393789
PIGZ	-0.0909001199117002	3.11020634110477	0.126287285496484	0.72322145724327	0.889193800912434
PIK3C3	-0.225966786284899	5.36373307561756	2.74502310769544	0.101362421508242	0.374194546190346
PIK3CA	-0.0717645555097761	4.64523633895096	0.176631564367874	0.675378565426534	0.866917430038197
PLAA	-0.355864691398252	4.9246568872798	2.03564257645466	0.157429076183509	0.460922621563564
PLIN3	-0.090800131136007	6.70607836766299	0.262889815660223	0.609514089836842	0.831549544562016
POMT1	0.135169130399356	5.18972622141731	1.13538415291514	0.28974340847703	0.610388503474905
POMT2	0.302208350252343	4.40670373478292	3.39138777763271	0.0691374281080781	0.311377521384587
PPIA	0.142906909155626	8.55315245815353	1.51529812469664	0.221835993747689	0.542566739635253
PRKCSH	0.279898619167099	8.86873584691814	4.82478060448376	0.0308639594104004	0.207583990921085
PSD	-0.405584824466857	3.15596290249967	1.65886185928694	0.201363860378127	0.519272708493824
PSD2	-0.80472258687923	-0.234142073637573	1.64203430707902	0.203642424112987	0.522586099370189
PSD3	0.547552769982081	4.35349165341429	2.68253402695818	0.105269186209492	0.380746640228503
PSD4	-0.359532743181749	5.44355704677382	2.6726751906984	0.105900746557568	0.381506597515312
QSOX2	0.130842212074753	4.86254273940118	0.515247968972056	0.474906869155914	0.747915266591223
RAB10	-0.0933472531303448	7.10203710833061	0.395981086080359	0.530913657206099	0.783587515263659
RAB11A	-0.0991420941548719	7.26641307079655	0.626603179526688	0.430877783276091	0.719463495672853
RAB11B	-0.269563532285999	6.99331472927803	4.01968552055462	0.0482567969627874	0.259468846569627
RAB11FIP1	-0.498342492125922	6.41678092274654	2.50075760377543	0.117624260682919	0.401289760710259
RAB11FIP2	-0.253465802545707	4.49909599600364	2.37079545699481	0.127457244557121	0.415231662465017
RAB11FIP3	0.116786117027334	6.79998724563074	0.330728009069577	0.566798410402549	0.805669503432009
RAB11FIP4	-0.293314106318329	5.35494578691406	0.807052947815449	0.371611681676817	0.675910557544085
RAB11FIP5	-0.0286172834320276	6.00083936159597	0.0180592923915191	0.893426086558408	0.960614044594536
RAB12	-0.0839782540399279	5.24767271492305	0.491662840538884	0.485162860469821	0.754081325707433
RAB13	0.182123101749398	6.83798395791472	1.61157900888029	0.207845241913974	0.52664704129583
RAB14	-0.16432805877501	6.8503460812807	1.48217055210636	0.226911754801596	0.54834970425439
RAB15	-0.445265958673743	4.35741457201276	2.37469148766304	0.127149302451418	0.414583346019662
RAB17	0.216425603483446	4.78578710694756	0.259687439788671	0.611697675974046	0.83298573074853
RAB18	-0.179336941904119	6.14534855223278	1.85326925243958	0.177116290793546	0.487248063379216
RAB19	-1.31606456093293	-2.1346405902873	5.65858288656397	0.0196836168761663	0.16448549725863
RAB1A	-0.128130925793521	7.54977766172922	1.16760085914939	0.283048578162697	0.604087413194412
RAB1B	0.0656533033109632	7.43308587352094	0.411616443895141	0.5229316387726	0.778843928887983
RAB20	-0.0436692140002349	4.26819524462475	0.0280886397901497	0.867311419202841	0.949643552949915
RAB21	-0.0647110417934352	5.96713286512246	0.235635597835984	0.628664981524794	0.841380088069241
RAB22A	0.0492290414862677	5.82764358604138	0.261766244934797	0.610278288858311	0.831995608561148
RAB23	-0.016527492137686	3.48880570055049	0.00232524289673007	0.961657031070111	0.986660493828294
RAB24	0.0888904217085069	3.74184043964318	0.275506023775395	0.601071959799756	0.826842451994879
RAB25	-3.42498724979389	0.0421507221273746	8.99142605365728	0.00358583230833202	0.0641444451603074
RAB26	1.7175173891828	0.216212626926662	19.1013045562864	3.59056399013307e-05	0.00249200419910938
RAB27A	-0.0468907986120526	4.90607603298758	0.0417859612338284	0.838532587169945	0.93774918012501
RAB27B	0.533068848228525	4.68802600085263	1.1452404526749	0.287673776252397	0.608893493413721
RAB28	-0.0619176359163651	3.88966332663282	0.22556828267587	0.636086499340139	0.8455453044832
RAB29	-0.430860762034803	5.45386938667493	4.26225454353955	0.0421146285407631	0.242717170141289
RAB2A	0.0426363874593442	7.28269650835124	0.117321770427615	0.732830155274488	0.89231237200002
RAB2B	-0.185830345380912	4.24841484657982	1.2248086114716	0.271640841981933	0.592307771754723
RAB30	-0.00849340442455993	3.98612588542671	0.00199606497235902	0.964472633202825	0.987656655599305
RAB31	0.072065520930309	7.55667686650292	0.135690314443897	0.713548643454588	0.884853844188635
RAB32	0.199245477036422	5.63570042277275	0.69791872403993	0.405900765885163	0.700448767247719
RAB33A	1.0065409328612	0.845077342167872	8.31832322494101	0.00500674316925609	0.077930452301836
RAB33B	-0.00945405101774306	3.29631342935493	0.00402485563655068	0.949568455506584	0.982528825133104
RAB34	-0.135332397733317	7.22106154830248	0.613920839691951	0.435562677370113	0.722772600733111
RAB35	-0.178758979635752	6.2162663912328	3.24647922103926	0.0752359761483005	0.322722697428522
RAB36	0.410521870091302	4.00981296888349	2.13887204646194	0.147412811783254	0.446263692280161
RAB37	-0.841628105175227	2.57477452403641	7.10203439583639	0.00926282466333699	0.110540471995607
RAB38	-0.622410292811881	3.08973086137775	1.8025751583458	0.183090092754559	0.495752303801447
RAB39A	-0.411434295890885	-0.722127377680671	1.25574770341264	0.265714333554751	0.587291949598951
RAB39B	-0.934317277785636	-0.309520038733763	4.92321458311156	0.0292491146031136	0.202202326021041
RAB3A	-0.0634521220733485	1.83052535691021	0.0571009806907058	0.811731639125028	0.927512610885588
RAB3B	-0.633802914878248	3.27719250697656	0.775788060734105	0.380995317327321	0.682700076579459
RAB3C	-1.90997068225023	-0.360804030168638	6.83813782013036	0.0106094890043292	0.119338459076283
RAB3D	-0.170308031743663	4.57871047588987	0.541375125112006	0.46395360092898	0.739953658141533
RAB3IL1	-0.199022039280839	4.69261062241348	0.799943372499156	0.373716453638875	0.677849035061568
RAB3IP	0.0752214901969385	3.63473115003851	0.0914794353736498	0.763067204250076	0.907021163032079
RAB40A	-0.859551281492279	2.73865363836639	4.04848957052687	0.0474795104156222	0.25721165855998
RAB40B	-0.179914678377377	3.14908969122101	0.857098868425132	0.357256520963927	0.664082985972835
RAB40C	-0.00107080055058838	4.79935844215778	5.66839435984061e-05	0.994011090197648	0.997944479140568
RAB41	0.669594027744569	-0.252760367287087	8.06408348732131	0.00568625330407976	0.0832120234514521
RAB42	-0.134806378461205	2.38353446302119	0.308261076476345	0.580254041262998	0.814454294459578
RAB43	0.00594925088722425	1.11408757542864	0.00082207417549347	0.977195677374981	0.991966128620091
RAB44	-0.0825652789356635	-2.22077833605876	0.0730780489243102	0.787582974154381	0.917472006871028
RAB4A	-0.158738155454916	4.9406179781634	0.957633562406877	0.33064942496132	0.644175219169801
RAB4B	0.539884106354899	3.76240543646549	7.09124326439477	0.00931422610260606	0.110758697409899
RAB5A	-0.151689958940069	5.93140751021254	1.42706579074563	0.235672633847949	0.557075457689862
RAB5B	-0.275067220986192	7.49996242937605	5.43536250004018	0.0221768773934704	0.175578069940797
RAB5C	-0.180949101608222	6.71313669226216	2.44579582182106	0.121674338147322	0.406503596610741
RAB6A	0.0925153230907107	7.06204920901623	0.538834310434091	0.465000747986473	0.740744180237416
RAB6B	-0.60324872576096	4.71223883910026	3.40780287261281	0.0684813484358722	0.309889637373108
RAB6C	0.600058766990638	-2.40103464161014	1.28093665314711	0.261009327253113	0.582793240848236
RAB7A	-0.104511809278534	8.05099582214022	0.852903192864024	0.358429970667106	0.665127180025412
RAB8A	-0.165113526125302	5.55542716517017	1.9732744198858	0.163860874137119	0.469361165396668
RAB8B	0.209314848008144	5.38577584403695	0.77623832074116	0.380857797863426	0.682658929329594
RAB9A	0.0498364736302117	4.56620195877104	0.0993307220257746	0.753431381065973	0.902348081900511
RAB9B	-0.097813591379639	0.816722140408373	0.0635256941130474	0.801635657016039	0.924098777882887
RABEP1	-0.402986260123366	5.95936409537068	8.87333338987716	0.00380088344606207	0.0663591089703266
RABGAP1	-0.330977678098714	6.04166560585382	3.13890457811488	0.0801436816447914	0.333687642103729
RABGAP1L	-0.294014494889602	5.43731549905892	1.45714990446596	0.230839409132518	0.551940103355828
RABGEF1	0.421633519078234	2.77560941096602	6.15934859511024	0.0151049123722729	0.142053364542208
RAD23A	0.02109574901119	6.76337455340343	0.0371555909411793	0.847623111443678	0.941785126110892
RAD23B	-0.251583335199853	7.85950577924391	2.89837269953605	0.092440450634452	0.358769646047754
RALBP1	-0.332532991268362	6.50434945010045	5.8169712810447	0.0180950282007229	0.157402618642022
RASEF	-0.959773946757413	2.00378024903371	1.85312798577031	0.177132616891954	0.487248063379216
RBSN	-0.0302923190712	5.12141494737181	0.0645395835559904	0.80009282906669	0.923439125500849
RBX1	0.320017103268711	5.72200344615861	4.72232043551428	0.0326460264113874	0.213531757971246
REPIN1	-0.0635146907479673	6.40120702740882	0.255822501854346	0.614355784345695	0.833927880848126
RER1	0.433714662886306	6.68351363731726	10.5601697846761	0.00167403915783674	0.0397211976093697
RFT1	0.247334285689038	4.56217635164587	3.43097949242924	0.0675665470900034	0.308254652598029
RFWD2	-0.0862716134900816	5.42272451743561	0.512390305157438	0.476130415004553	0.748437255748979
RNF185	0.324933272024381	4.55577607323159	8.36268569088554	0.00489712004120698	0.0769585953344254
RNF5	-0.181376016798806	5.5562303197849	1.45789197623901	0.230721731884322	0.55193787382055
ROCK1	-0.15288741830844	5.94292797394884	0.662156336820948	0.418145942869963	0.71051826607328
RPN1	0.252554497378055	8.80230514089128	3.29549931011564	0.0731095775340077	0.318614866864564
RPN2	0.286239396665835	8.60107535787766	4.27545655387542	0.0418053445186213	0.241789067056282
RRBP1	0.198563760872667	8.90907204661656	1.84189529156368	0.178436438461382	0.489210716219415
RUFY1	-0.0393841811487406	6.26388152306653	0.131522867580208	0.717787236830477	0.88644905409484
SAR1A	-0.0301225002682734	7.47266273431672	0.0488646144152143	0.825597916238738	0.933225386667776
SAR1B	0.362370459808057	5.43674605419554	5.44354449415002	0.0220798284879118	0.175302782925236
SEC11A	-0.00449963534988245	7.24161472816161	0.00153145080437579	0.968878448633213	0.989240319088302
SEC11C	0.337251827185544	5.45730860699014	2.34835400641915	0.129247540526469	0.418734157261832
SEC13	0.362141987988435	7.15143350655343	5.75458960164866	0.0187039297780284	0.159538861618043
SEC16A	0.0125182039044029	6.90811202513906	0.0113493145116984	0.915418395701731	0.969916182425563
SEC16B	0.434917227769747	-2.23118858749952	1.30032187712777	0.257459480064614	0.579880624166049
SEC23A	0.175537332436146	6.4358236079982	0.715131059885955	0.400195697782735	0.696833733759865
SEC23B	0.128175750919572	6.10573517520208	0.637957713614444	0.426748459357035	0.716366707968224
SEC24A	0.25298170286961	5.19004015292932	2.04787104248348	0.156202510818288	0.458507280116313
SEC24B	-0.275317564837427	5.42442965022475	2.67135860056484	0.105985407277978	0.381654437751989
SEC24C	-0.146400127580358	5.54642527901709	0.353700509613916	0.553656104263435	0.797513467370128
SEC24D	0.257305247863862	6.34535109491416	1.63610273008733	0.2044529392877	0.522998165939589
SEC31A	0.0114717360678463	7.88967831244478	0.00714014064182525	0.932864465675834	0.976302556173983
SEC31B	-0.340070095040707	3.35631345790903	2.15672908345189	0.145755491690967	0.443274533572533
SEC61A1	0.236530179145843	9.3619699258643	3.26971885506669	0.0742195711406122	0.320945454722219
SEC61A2	-0.319965890255116	2.96377683753085	3.62298138281816	0.0604796843744229	0.291287305000121
SEC61B	0.126562716278632	6.71331128574878	0.621696685998956	0.43268104669298	0.720966890380391
SEC61G	0.490448616715137	6.44323459654128	9.94393255511476	0.00225221348073161	0.0478586923023772
SEC62	0.134512251845206	7.141518933499	1.0497666906196	0.308560607924528	0.626599733129934
SEC63	-0.1444680908905	6.97431787703135	0.767431425095249	0.383560566122298	0.68482461231031
SEL1L	-0.0367160583927773	6.8168872996144	0.0429111990608195	0.836403852535278	0.936702801387021
SELENOS	0.093257325685974	6.38128154618245	0.322106183548608	0.571888403865861	0.808709601415587
SGSM1	-0.253417845262724	0.229378047390334	0.576361460813713	0.44990932916094	0.732101027108173
SGSM3	0.391327872354027	5.57682790062829	9.33517232118673	0.00302890863249215	0.0578204392039269
SIL1	0.430953302751872	6.53199015092957	4.49055190857877	0.0370944510784832	0.22587058558029
SKP1	0.29686059256301	7.91747567361026	4.95207394958447	0.0287928730079405	0.200492828222007
SMCHD1	-0.194280788198504	5.73671687399994	1.17968903215669	0.280587870630756	0.601791324864035
SNAP23	0.103970298651659	5.57203275691274	0.462485182763288	0.498371859570912	0.763587910058101
SNAP25	-0.192612614339238	2.60462197890808	0.0821272417495531	0.775154707890188	0.91230489262154
SNAP29	0.192036862054951	5.20268110838535	1.62504211573589	0.205974646233547	0.524562243151551
SNAP47	-0.195993573619172	5.35775361664732	2.31549960666603	0.131920186437841	0.422412811707569
SPCS1	0.250246317352072	6.4044856515941	2.71797484414219	0.10303327662691	0.376858311808868
SPCS2	0.114278321349523	5.87932263689791	0.525696587964642	0.470476616432418	0.744457190261884
SPCS3	0.0725270410739642	7.3106145037803	0.171283395631036	0.680049429457803	0.869293744178321
SRP14	0.086366034964917	7.78826211803946	0.405252385088795	0.526154368949349	0.780597195085618
SRP19	0.328432716658996	4.38591866885103	5.36283308528731	0.0230571497374018	0.179381334841203
SRP54	-0.000363662087652708	5.6856265531119	5.42925360394848e-06	0.998146504385393	0.999234377674528
SRP68	-0.333990602627141	6.76172074825215	6.41317076194722	0.0132261696248754	0.13286685315196
SRP72	0.0137756170589351	6.7555829108269	0.0096332076825115	0.922052516106402	0.972972279346254
SRP9	-0.0666772910353954	6.81701460373046	0.311051155728224	0.578548586349261	0.813569949486522
SRPRA	0.318916655303687	7.93905173699255	4.14447402966431	0.0449849839658412	0.250473472909635
SRPRB	0.396903169204299	6.64393549136858	5.12022650978114	0.0262804924643334	0.191898815857778
SSR1	-0.0356563218189828	8.07183465366738	0.0460847568619833	0.830552421740947	0.934619145964399
SSR2	0.089601649152982	8.43151458762339	0.433240134400043	0.512238935368377	0.772414975802496
SSR3	0.223868198660362	7.664881427827	1.85470217627764	0.176950788335634	0.486989772589298
SSR4	0.506235955536466	7.80213464059971	6.89806698625764	0.0102866565786447	0.116735226635491
STT3A	0.275836543471719	7.80743867133122	2.71766473329393	0.10305261009611	0.376858311808868
STT3B	0.233253986004997	7.66498600425427	2.50616214152772	0.117234267411302	0.40094620073536
STUB1	0.246564773533845	5.45905608215922	3.16579612415044	0.0788847819821571	0.331600720136336
STX10	0.357574798374356	5.58352696517911	5.42665769413706	0.0222806227815403	0.176040048648336
STX11	-0.690080556547306	3.31583274408833	3.66796591685284	0.0589386835352315	0.287565363214418
STX12	0.0544011484872108	5.63127823945251	0.110327866431592	0.74061498183485	0.895372745686263
STX16	-0.067930423622766	6.13883362836786	0.496546610648588	0.483009246855115	0.752835026804758
STX17	-0.377539257933401	3.39553154105235	3.99096875866401	0.0490453731273228	0.261607795685815
STX18	-0.0785175740627365	4.8218102658295	0.346630156293513	0.557638148094966	0.799730155188812
STX19	-0.0530974139799866	-2.55990711772828	0.013837116804622	0.906646205967621	0.96586542255597
STX1A	1.0239602332243	2.49595880960476	12.4616757614749	0.000682974185109907	0.0214217479983511
STX1B	0.464943849362425	2.35889905659836	2.16521866222216	0.14497506698132	0.442238654566344
STX2	0.0697953385608692	5.38381405822355	0.19353322304459	0.661144303456731	0.858882006322524
STX3	0.098676938286586	5.07532300831506	0.174103632264407	0.677575837608587	0.867981300193799
STX4	-0.0871467703239513	6.28057093626361	0.443406105577233	0.507343709887447	0.768776048282565
STX5	0.226871433305962	5.95660190253116	3.38955539026858	0.0692110891280603	0.311378158890622
STX6	-0.266445270659092	5.56042875789317	3.45301219544866	0.0667092254425093	0.306322443016615
STX7	-0.110642051584696	5.82154056257501	0.687492388736598	0.409415120257239	0.703271259757301
STX8	0.112555650126352	5.02426957633225	0.403349730697187	0.527124785934044	0.781176490265963
SURF4	0.17422903749489	8.42100115801834	1.78067259864893	0.185744221085024	0.499033244411747
SVIP	0.334585420750912	4.42877730123564	4.93419736061845	0.0290745876361005	0.201483803970476
SYTL2	0.304286067154896	3.33449658504768	0.733617662278133	0.394198166053461	0.692724547336667
SYVN1	0.255784652259267	6.62423852934056	2.98800886357469	0.0876302603289312	0.348832835170495
TBC1D1	-0.0940210160714147	6.78724206646468	0.200820634981271	0.65523584820672	0.855430339263656
TBC1D10A	0.222169543122612	4.14961967627112	1.75025855451956	0.189505443204695	0.504331851997202
TBC1D10B	0.00259618624814252	6.39782417950048	0.000757755335684748	0.978105708957725	0.991972310576397
TBC1D10C	-0.835118460423638	3.82426757300238	5.92600584761228	0.0170803776784623	0.1519603309171
TBC1D12	-0.270996009991093	3.50212564449656	2.08445241575516	0.152598554325133	0.45358440373081
TBC1D13	0.0247714753183355	5.46827703472988	0.0261049733591425	0.87203989480569	0.951642083635687
TBC1D14	0.0817209344131058	3.81479405103445	0.11970702586497	0.730234671025474	0.891701617766956
TBC1D15	0.0278980655922532	5.42673598592401	0.0609800452387044	0.80556805441545	0.926095452779214
TBC1D16	0.216231073631574	6.08091579548697	1.02528644341006	0.314233657092702	0.632010158200895
TBC1D17	0.080291841196828	5.72838047473673	0.360231300531278	0.550025621315337	0.795193430233912
TBC1D19	0.0793681663463699	2.43096107217334	0.219264887066249	0.640837421990201	0.847988044374377
TBC1D2	-0.110119495555903	6.24317321668562	0.0874527194900121	0.768185087977184	0.909176297044059
TBC1D20	0.185281718476319	5.56555360762114	2.7309046098473	0.102230770453775	0.375536906779522
TBC1D21	0	NA	NA	1	1
TBC1D22A	0.129222816415342	5.5862514431056	0.880762129544265	0.350736993392846	0.659211533094395
TBC1D22B	-0.29238374221199	4.33127039325369	4.3327725771121	0.0404905339976756	0.237676311903066
TBC1D23	0.119593825783472	5.32064777749554	0.886623695887954	0.349147461411984	0.657682984151233
TBC1D24	0.0969076925155665	4.01830090620251	0.402232175659814	0.52769627773539	0.781507363168239
TBC1D2B	-0.234575887013729	7.30640733324066	0.797725246316364	0.374376577157795	0.678257968057719
TBC1D30	-0.728192096500697	1.92721977792226	8.54063062540434	0.00448190012130526	0.0727717134303627
TBC1D4	0.227776015769905	4.33819596965263	0.911867301376534	0.342413728578564	0.651882197629059
TBC1D5	-0.430262095070313	6.36376769077716	6.11772025929296	0.0154388905242476	0.14386803927114
TBC1D7	0.0960224213322255	3.77264653154088	0.294620760742115	0.588740347186866	0.820463661133042
TBC1D8	-0.0806299874091415	3.9037891019405	0.179158658083284	0.673200464163716	0.865647548474882
TBC1D9	-1.0644310887902	6.63683755245512	8.52843710074646	0.00450914788201977	0.0728211053843288
TBC1D9B	0.103917823675358	7.48777804277652	0.759437660470522	0.386037659187561	0.686402733989158
TMED10	-0.12474368293214	8.40007631613382	0.608949676071723	0.43742043466726	0.723700387039193
TMED2	0.0204528512883632	8.27021989966685	0.0271810045938567	0.869452914610739	0.950408724793988
TMED5	0.118200356738054	6.21466911470862	0.303848913028135	0.582971769559144	0.816318176585078
TMED7	0.303290609919609	6.70225343938105	3.78828492437727	0.0550220432964825	0.278399862507661
TMED8	-0.0733377566790682	4.44791048248646	0.224364361375844	0.636987562396742	0.846376141970743
TMX1	0.354148692424995	5.45973123426075	2.81048048494926	0.0974422195388816	0.368011187719289
TMX2	0.227098977055094	6.41893484028965	3.35078802310562	0.0707897496739413	0.314049571411458
TMX3	0.375304189057737	5.90961544735467	6.92368871597296	0.0101517891317382	0.116135247011077
TMX4	0.0926965406535799	6.72634674086941	0.145776752567527	0.703587636585368	0.879572947871449
TOR1A	-0.115448145959882	5.72996086056801	0.785099942115672	0.378165616371423	0.680937710045201
TRAM1	-0.0869822466003234	8.81670065137398	0.172154801221247	0.679282595077337	0.869017339243896
TRAPPC1	-0.022206912590237	6.54831060212369	0.0179402153739115	0.893775896016936	0.960614044594536
TRAPPC2	0.222640342836496	3.70740711614774	2.46797773358774	0.120021170646926	0.40403411625415
TRAPPC3	0.0786832856774722	5.88918608693364	0.396948881609711	0.530413224447911	0.783203282917977
TRAPPC4	0.10790575569997	5.41824301401773	0.585793055911857	0.446238175122902	0.73031005026879
TRAPPC5	-0.202069971993692	0.75576993299655	0.834474805973382	0.36364808944034	0.669478390250805
TRAPPC6A	0.825189973452924	4.44825461815099	14.0045439382432	0.000336309013032644	0.012693024799318
TRAPPC6B	-0.120205275173934	4.44695633412463	0.625354133972531	0.43133574671372	0.719754489948925
TRAPPC9	0.0955378356235256	5.23381390943193	0.456226943200729	0.50128455032093	0.765537881389687
TUSC3	0.205404041116997	6.08572979787742	0.79288658862879	0.375822329316946	0.678864573026117
TXNDC12	0.105619009128588	6.39322604015564	0.810973574742278	0.37045814914398	0.67523539367953
TXNDC5	0.127822896772292	3.02954557565915	0.207298941949354	0.650090711395291	0.852625679848127
UBA1	0.214696616646512	8.65225610139097	4.64530164000341	0.0340576185252912	0.217408907298434
UBA5	0.164370485171307	5.26433130790635	1.89684555163317	0.172163227439359	0.480779284319696
UBA7	0.140980073085304	6.07009222253287	0.41359631816451	0.521936223698359	0.778082635759505
UBE2D1	-0.205986241622086	4.47636403333115	1.86460604442175	0.175811834254212	0.485537041208749
UBE2D2	0.269909376094602	6.3804379445847	6.36452330430509	0.0135662543494865	0.134391258922419
UBE2D3	-0.147339882326805	7.83073743743985	1.089502530627	0.299635341932928	0.619451309288957
UBE2D4	0.234532600700529	4.20096920224313	2.97088719688309	0.0885272852086959	0.350311526486252
UBE2E1	-0.134882170214605	5.9229565913632	1.34224630545921	0.249986347516559	0.572823708900463
UBE2E2	-0.17380686344445	5.24957863796868	0.995067314601791	0.321428640562835	0.637773859802901
UBE2E3	0.25583840573934	5.702413452722	3.05403061643412	0.0842639292541381	0.341141483202086
UBE2G1	-0.260818635519692	5.43197434590051	3.72705522250882	0.0569787868854502	0.283083903338201
UBE2G2	-0.088119179673338	6.45976530292184	0.47775789625925	0.491383235057074	0.758388410679998
UBE2J1	-0.0724617857193212	6.30074958635131	0.280758128154685	0.597630206913224	0.824913363393072
UBE2J2	0.388635015590084	5.67329190607774	5.9161933918962	0.0171691866958623	0.152423727990154
UBE4B	0.293318589441362	5.64352791885632	3.88116734962631	0.0521910138376973	0.270293099899225
UBQLN1	-0.152955346780925	7.05211922403211	1.09511601713887	0.298401786165646	0.618587471901556
UBQLN2	-0.00513819457619221	5.94827844677901	0.00212956135865576	0.963304654193708	0.98707099892713
UBQLN3	0	NA	NA	1	1
UBQLN4	-0.039072725510418	5.20865964669682	0.06571361337929	0.798322360020567	0.922153254421174
UBQLNL	-0.266747639588937	-0.23783735090991	0.947161637529185	0.333292393605738	0.645386576966878
UBXN2A	-0.227242371729365	4.86140706349154	2.36067757377718	0.128260912162854	0.416779517336929
UBXN6	0.0910215356481653	7.66699096504656	0.346615169568579	0.557646646707378	0.799730155188812
UFD1L	0.681226920345928	5.48927542309296	18.1958265952918	5.28676942206098e-05	0.00329830855145739
UGCG	-0.178373281706999	6.26553545831054	0.3833363763454	0.537531838683496	0.7876113502139
UGGT1	-0.0529444076569469	6.80748140733744	0.129284380115964	0.720095408962505	0.887788787067414
UGGT2	0.170480763132784	4.45831672409402	0.772988082570789	0.38185208842538	0.683022838844942
USE1	0.654173313445158	4.71478298182597	12.9806381460424	0.000537198803479144	0.0182264449905539
USO1	-0.0402436528882315	6.60779880721475	0.0445532273816522	0.833349054837183	0.935560090790504
USP6	-1.25934158240465	0.825708935305565	5.48019935608969	0.0216505328404475	0.173365076924525
USP6NL	-0.306311828899153	4.20843999473019	3.21600791283851	0.0765918144218499	0.325315753442805
VAMP1	0.176492188083905	3.1751485588069	0.71695931048901	0.399596648327204	0.696624665437729
VAMP2	-0.196337679842979	5.92275158741007	0.993548815305063	0.321795941445988	0.638284732931462
VAMP3	0.164921894396702	6.77011431123558	1.4587963938133	0.230578409117024	0.551807236056203
VAMP4	-0.0160407470979403	4.04182789489454	0.0111266286531437	0.916249156874013	0.97021115043875
VAMP5	-0.0572340363994808	5.83337731190644	0.0292890213519953	0.864533147044127	0.948784416571686
VAMP7	0.121392635319119	5.53687776619498	0.785764580110607	0.377964792453671	0.680903200858944
VAMP8	-0.15160194539867	6.76853555504261	0.489142535514194	0.486280511456854	0.755057753392487
VCP	0.0150895890158356	8.60134014801107	0.017298727389375	0.89568105025031	0.9610021643247
VPS45	-0.207109268836635	5.23714776769263	2.47550609534337	0.119465861533946	0.403436124129892
VTI1A	-0.0844604502460904	3.9784383446968	0.370906786117997	0.544186581043038	0.791763529656113
VTI1B	0.0551678581065291	6.12099121438487	0.166116679668839	0.684643774553306	0.871635306702195
WAS	-0.142778711986554	4.57970500026958	0.319475539556016	0.573459404963561	0.80984427317323
WDR38	0	NA	NA	1	1
WFS1	0.524863390993091	5.50412297197647	6.90756661177081	0.0102364350317815	0.116350555509377
YKT6	0.434251705551579	7.18102403952968	12.5364993354632	0.000659660393255147	0.0208913806096921
YOD1	-0.151336882223287	3.19677576690911	0.310915043741472	0.578631552242675	0.813569949486522
YWHAQ	-0.169305982713737	7.94876055920864	1.54983938802395	0.216689619771386	0.53757790800414
