pspGenes	logFC	logCPM	F	PValue	FDR
A3GALT2	0.19443010545142	-2.27137028745813	0.345521777998264	0.557142140042779	0.887913517287607
ABO	-0.34317735992169	4.51010085550441	1.61325380279514	0.205109995550285	0.679729816448886
ACAP1	-0.0804247420675191	3.14954148377496	0.242145096089549	0.623054172448575	0.910797626381692
ACAP2	0.176531307660404	6.04672157922492	1.56219675334208	0.212407835492892	0.687210057085771
ACAP3	0.282381570018321	5.09195418164235	2.6738546890216	0.10315421782829	0.547429339810326
AGAP1	-0.0305648534420896	5.89902546883272	0.0437782108050677	0.83442190041938	0.967556701571779
AGAP2	0.0727417559849168	1.44732291218171	0.113572522994569	0.736370340809949	0.942497803135409
AGAP3	0.0522469133912744	6.66805983112381	0.154430678864366	0.694641540623369	0.929270256924481
AGR2	0.271082797000188	4.06370933234834	0.270212509416048	0.603607955463433	0.904813470306411
AGR3	0.0051854615537998	2.82689594126316	0.000103727035958292	0.991881361669696	0.998732214266881
AKAP10	0.0451464129406007	4.46377687606731	0.16736188188384	0.682785942433863	0.925599453754146
ALG1	0.0286374072197054	4.41085749987805	0.0408499080613643	0.839977541234288	0.968585436536791
ALG10B	-0.324170049579201	4.05252670766072	6.01583763517533	0.0148002156427829	0.268765224646709
ALG11	-0.0329883645134788	2.2598410544811	0.0566179598122926	0.812100946255442	0.960420347647318
ALG12	-0.0527173937998704	3.58370680273197	0.169745019497786	0.680659884084354	0.924968724804617
ALG13	-0.154188549382373	4.75356738669424	1.71777495124159	0.191074606922997	0.665632245860226
ALG14	0.104291875959872	3.51960531601605	0.686506158739094	0.408074754349451	0.820664164862572
ALG1L	-0.25039437619869	1.6604136023325	0.643992650750971	0.422962537359422	0.827505417207304
ALG1L2	0.225532105424713	1.04350256497114	1.07119520227622	0.301586058930716	0.752698640696505
ALG2	0.0207526609561289	5.37895229872764	0.0322537161173054	0.857604371405166	0.971803590961352
ALG3	0.177751670923138	7.20448971568836	1.99819333475813	0.158619230104907	0.631474798990038
ALG5	-0.231983111472416	4.63507642998611	2.55387200689715	0.111174113292158	0.55979242291446
ALG6	0.247256040041198	4.360532601534	4.2797094244968	0.0395055781645694	0.387786755263413
ALG8	0.157523693650301	6.15820744714198	0.730528444535736	0.393456879959164	0.811786642212533
ALG9	-0.0524687604159002	3.1124206640945	0.137852143818161	0.710711922045023	0.934106875842878
AMFR	-0.112777056850965	6.48161927051181	0.759285145717124	0.384313363317291	0.806449961676384
ANKFY1	0.0732659907229686	6.05073362399099	0.265871230236703	0.606529734998038	0.905606078384433
AP1B1	0.175511024975225	6.9202435349953	1.42913578387946	0.232936700544942	0.704098600144684
AP1G1	0.0309888317865385	6.10206516163108	0.0679019753893443	0.794611619663862	0.956066311577585
AP1M1	0.332304583977567	6.0539416894792	6.81377364525942	0.0095422769826244	0.221276655190257
AP1S1	-0.281773498852554	5.8035688348835	5.45535113792158	0.0202284669857951	0.30954211098872
AP1S2	-0.216794568545421	5.11490377361139	1.43006158333347	0.232785807582003	0.704098600144684
AP3B1	-0.0817786388330637	5.38628235473109	0.585882906809197	0.444672856359977	0.838576159724605
AP3B2	0.165226013645798	2.97600964666805	0.37615253773808	0.540177127947209	0.882089724640641
AP3D1	0.173733699653339	7.22262287319967	2.29410634812325	0.131015897343602	0.594865504136252
AP3M1	0.165873313572677	6.10541184658698	2.17927129745303	0.141026260768677	0.607889540506348
AP3M2	-0.0788149207260561	4.79051083501357	0.373135417889007	0.54180531989366	0.882773278581347
AP3S1	0.0417592008778614	5.57235427338724	0.115763742891886	0.733935338445433	0.941612674914209
AP3S2	-0.0800650006591153	4.60180864835439	0.442091648729058	0.506672535424113	0.865206890296855
APPL1	0.0626072414439546	5.89466157149961	0.323433268107026	0.570016374416505	0.892009894453037
APPL2	-0.0916478096094887	5.37603861960205	0.544394025675571	0.461247307990833	0.846914249015716
ARAP1	0.0283900641477741	6.88315953799266	0.0449596513329263	0.832235507771781	0.967242127766996
ARAP2	-0.0260715647278082	3.97147573327907	0.0199391589569938	0.887810651153508	0.979332036828308
ARAP3	0.0577402681591998	4.56931655797038	0.0803259260020475	0.777069726548021	0.952495797219808
ARF1	-0.00262794686463988	9.42268287240243	0.000652786621037494	0.979635068743306	0.997042864671179
ARF3	-0.11304623720846	8.00753047091246	1.17582731227799	0.279158054344398	0.738403519656323
ARF4	0.0253472220516357	8.13098216317211	0.0460624411947534	0.83022160006465	0.966491369335223
ARF5	-0.226179591650183	7.38948675419838	2.7196422438309	0.100263502452338	0.541754058755313
ARF6	0.15380084525179	7.42035901429586	1.51416323434833	0.219557742373861	0.693145471991613
ARFGAP1	0.292955744890982	6.36564758382374	6.90519919870844	0.00907786049840796	0.215417764064768
ARFGAP2	0.182634608806506	6.23472304275987	3.67375172715093	0.0563132343942585	0.442452541740161
ARFGAP3	-0.0891013571434017	4.99887269791437	0.51049075404647	0.475533303680142	0.852704404766317
ARFGEF1	0.113671901547643	6.055469546404	0.859647818459911	0.35465130700428	0.789885538777243
ARFGEF2	0.240583677753363	5.87019033481951	4.24593716561859	0.0402860187333434	0.391078240018437
ARFIP1	-0.222657021257179	5.16302025854336	4.13732325213468	0.0429083125612074	0.40204293977645
ARFIP2	0.068251446213088	5.94796466278836	0.336032515355989	0.562603529024431	0.889699717347403
ARHGAP1	0.144012878517496	7.36583844813351	1.28275801499753	0.258374645610826	0.723318108702046
ARHGAP24	-0.305845201797741	2.17868473752378	1.99134084065826	0.159332499742192	0.631700821998428
ARHGAP5	0.0555044379604764	6.3009787125616	0.270633123123716	0.603326460798554	0.904813470306411
ARHGDIA	-0.0766738176206094	8.06818451863029	0.409580474541452	0.522716021917115	0.873556632053528
ARHGEF1	0.120502438739781	6.28600251149803	0.843372387510339	0.359239821508268	0.792720249451034
ARHGEF11	0.069089090122946	6.47763664819756	0.430546632385807	0.51227017638398	0.868484148978253
ARHGEF2	0.177561954314392	7.24855616513151	2.35211234638995	0.126264457494928	0.586859928481082
ARHGEF6	0.0819688695672026	3.29033524824313	0.177738114023297	0.673654091142119	0.923221253202644
ARHGEF7	0.00957217424166129	5.42118120391094	0.00804897802447303	0.92857821315539	0.987286260592326
ASAP1	0.00877961882224616	6.22323606634005	0.00363178171634312	0.95198898958219	0.991595311774266
ASAP2	0.0546603539246268	4.91875426507209	0.0727905933285111	0.787518784344147	0.954123279233925
ASAP3	0.227289005018473	5.31765939775447	1.42460099927733	0.233677526418781	0.704117036527194
ATF4	-0.163880041558071	7.84021959479833	2.07396290453204	0.150970651949753	0.62161535405228
ATF6	-0.0329143037408844	6.25782640153085	0.127142134497327	0.72168754762106	0.937567148618757
ATF6B	-0.0434708888855222	7.52742304342629	0.137525730463075	0.711039136977972	0.934106875842878
ATXN3	0.130549843041063	4.93426433295999	1.98895920881245	0.159581260205095	0.631830138563547
ATXN3L	0	NA	NA	1	1
B3GNTL1	-0.159546419772022	3.25789771022257	1.12130026778364	0.290569037998016	0.745134777708852
B4GALNT1	-0.0257581643948016	2.11606555425526	0.00600025560323694	0.938312963724341	0.98935129429189
B4GALNT2	-0.314168080850718	-1.19392197414913	0.374082929041157	0.541293022471945	0.88239235470545
B4GALT1	0.0931040218254465	7.9090124612704	0.278982809537685	0.597795198080785	0.902702346449947
B4GALT3	0.0115575412326737	5.93907783093403	0.0103901969362298	0.918884777624617	0.985444441949441
BAG1	-0.277083007855723	6.07478434961722	3.3533708996569	0.0681507388098234	0.473873352379487
BAG2	0.0240100111257305	4.0009414735914	0.00941010544249981	0.922792618725016	0.986412763677996
BAK1	0.0549435150002001	5.77830918210259	0.133754788234056	0.714851796103262	0.934954235565325
BAX	-0.187313241519963	5.29108875570112	2.64959238264516	0.104723039764755	0.549556945372541
BCAP31	-0.0589822423983719	7.51160166764345	0.158642054766484	0.690719278787118	0.928441725475764
BCL2	-0.143826310117563	3.60703448574467	0.361689151639908	0.548065678680374	0.885177321657415
BET1	-0.132531332738623	4.89811441645876	1.28704107648303	0.257583129872068	0.722672433950649
BET1L	-6.505600080634e-05	5.97006019721716	3.97301734973055e-07	0.999497536003742	0.999945614553661
BNIP1	-0.221954995059381	3.14714243906508	2.80441131566087	0.0951435830787849	0.534287375512879
CALR	0.0638598282950363	10.2843210867331	0.308957112637347	0.578773357545149	0.896207457700286
CANX	-0.0381046595756613	9.44557995300853	0.109584215757988	0.740870416792538	0.944058112363402
CAPN1	-0.0299143006395229	8.67674821621293	0.0574954877076686	0.810677988283595	0.960420347647318
CAPN2	-0.374715466152644	7.81961958483046	6.09660702444523	0.0141528304469816	0.263947150730029
CKAP4	-0.113985263074	7.23027633400446	0.591284426433522	0.442583603954072	0.837204662542683
CLTA	-0.186406657072879	7.74860767973946	2.10504405493602	0.147955262667261	0.618021222658795
CLTB	-0.168932158541563	6.32775316247029	1.08128622860995	0.299324527418142	0.751001847440526
CLTC	0.191877578375193	8.17518154577339	2.73936403217398	0.0990459229173575	0.53928031887906
COG4	0.134699671536679	5.62627065579347	1.25574466205081	0.263437009558049	0.725967907305394
COG6	-0.102886842059371	4.59504671188079	0.508691877960169	0.476311248667937	0.853217582207213
COPA	0.0645455807427633	8.19303442732497	0.527440591077584	0.468303338283242	0.849805287979701
COPB1	0.0548937433780892	6.91864210311163	0.257505605611277	0.612246269467882	0.908035672383846
COPB2	0.169066387862667	7.68161933240805	2.76734668020703	0.0973460856903008	0.53730564146769
COPE	0.0810643942649619	7.95396112471354	0.336906366282004	0.562096310799235	0.8893038285293
COPZ1	-0.170377934749142	7.85289049564372	2.36159061536473	0.125506538502639	0.585538109287978
COPZ2	-0.510899974869137	3.21196385175791	4.01423782930618	0.046099766633148	0.411783118585777
CRYAA	0	NA	NA	1	1
CRYAB	0.721904641565472	6.98695600931637	3.56495167796384	0.0600653940495547	0.451896585051592
CTBP1	-0.00679920543070778	7.38517156171357	0.00321451301711831	0.954828046726129	0.992473838551094
CTSA	0.0805592753328664	7.77556223848992	0.354327864318258	0.552163531915254	0.886483663808661
CUL1	0.0212951085135073	6.23670488873327	0.0442428788020357	0.833558345618674	0.967431306278327
CYTH1	0.0939081496289881	5.13706546029844	0.653305671354695	0.419632828655414	0.825590076836186
CYTH2	-0.00996925362267743	6.02580515694132	0.00829259709967878	0.927508356689122	0.987280685287143
CYTH3	-0.130005594246558	5.11636448336376	0.823408470310608	0.364980957858223	0.796339810847597
CYTH4	0.13151303984254	3.70837556221384	0.28213498981282	0.595734555586355	0.902188182382143
DAD1	-0.00110000263244938	7.56676797480546	4.53096749455936e-05	0.994634169769669	0.999556758402972
DDIT3	-0.540637326701843	4.875589068859	9.58743193905674	0.00216182487895421	0.1035639066333
DDOST	0.109563305572293	8.29907515293085	0.994676783342917	0.31947987246349	0.76527836729666
DERL1	0.105624167638447	7.01614456223766	0.592726958062292	0.442028217010857	0.837040225565304
DERL2	-0.0106894215366603	5.30330127098843	0.00897168613011456	0.924607104527236	0.986873142954623
DERL3	-0.275806311476872	4.59501235133758	1.07337224273427	0.301096291073132	0.752625717640403
DNAJA1	0.0590777188981542	7.84456762477578	0.240859446273397	0.623977951101907	0.910866143064937
DNAJA2	-0.130593738673457	5.98014648612446	1.35493967893709	0.245426577500273	0.712246009976168
DNAJB1	0.218623478201021	7.90571114973413	1.7218961777609	0.190544761272973	0.664877899573227
DNAJB11	0.153373247308729	6.46179892199299	1.39091452526461	0.239271319845098	0.708341160169171
DNAJB12	0.00505360044282367	6.09112943712029	0.00219924688012561	0.962630094815376	0.993959036384622
DNAJB2	0.00302685326283768	5.72744920691307	0.000488794026330661	0.982377310744855	0.997308835863467
DNAJB9	-0.289964522562117	4.90489153222207	4.276793806004	0.039572321319932	0.388158006247924
DNAJC1	-0.0990015340759762	4.36554719915228	0.49346938190772	0.482978696735687	0.855956411819493
DNAJC10	0.0250292709092929	7.22999024334195	0.0443077301341411	0.833438200974473	0.967431306278327
DNAJC3	-0.0205722557846736	5.46511670039539	0.0282498118760775	0.86664655788954	0.974134054770778
DNAJC5	0.197240179040859	6.52621658421052	2.65082668933116	0.104642597262867	0.549556945372541
DNAJC5B	0.252859533558289	-0.946985245948234	0.627651827539984	0.4289016999835	0.829303825417866
DNAJC5G	0	NA	NA	1	1
DNAJC6	0.159480401227975	2.40481077201716	0.428229136654014	0.513406762970749	0.869096479418408
DNMBP	-0.198939220325683	4.16448544622561	0.993229265646719	0.319831616529995	0.765673913123292
DOCK5	-0.319753200295745	4.24679590356088	2.40547346766952	0.122063048239684	0.58154423359177
DOLK	0.0841664956714472	4.52829093640145	0.48716650296987	0.485784481829031	0.856586054048598
DOLPP1	0.0334988453648155	4.27945495813656	0.0763821987780266	0.782469222760395	0.95369792521698
DPAGT1	0.125353394389653	5.96952337704252	1.1665301647313	0.281062871385767	0.738705577831365
DPM1	0.158864875715084	5.80516941304476	1.69126390991359	0.194524609274153	0.668542634984353
DPM2	-0.0625410681187059	6.08888785895756	0.248827273317857	0.618301320541547	0.910097430668309
DPM3	-0.186921715262018	5.77486839727295	0.716180909275525	0.398136236278205	0.81475440485897
DPP6	-1.33477294037624	2.75844822329719	7.68266638355701	0.00595646127949262	0.176412220087578
EDEM1	0.0605416784820927	5.00196103779962	0.221966769247988	0.637919402147306	0.914935250069835
EDEM2	0.131276303865432	5.82001980086649	0.905424515419141	0.342167966170559	0.783588324736808
EDEM3	0.2400470208428	5.51903284929979	3.66223249490347	0.0566983771191751	0.443033344884573
EEA1	-0.201356815580243	4.76239574474122	2.62579156671472	0.106287591802214	0.5520206355188
EIF2AK1	-0.00779498477402013	7.80122133235399	0.00559393850913395	0.940434146671854	0.989643711108019
EIF2AK2	0.237658879143387	7.24566929528481	3.30464861576454	0.0701735215761252	0.479676008647856
EIF2AK3	0.102108014661742	4.57868647802734	1.20473187338757	0.273339323403523	0.733686347113519
EIF2AK4	0.114907219347553	5.67853177799869	1.24760114963566	0.264987307677947	0.726898587387084
EIF2S1	-0.0319417836981302	5.8950170295221	0.0808074807830764	0.776420304238794	0.952398402035228
ERLEC1	0.0173928811432363	5.99414876250791	0.0318405666561018	0.858509573852519	0.971991761855496
ERN1	-0.0156447251102335	3.95858761985946	0.0124932059160911	0.911085030248536	0.983682538333611
ERO1A	0.154558553548611	6.32860398716122	1.01374527228629	0.314893472989994	0.762714320624623
ERO1B	-0.306371971094193	2.93763238014822	2.19814722361028	0.139323235758892	0.605692401350844
ERP27	-0.80415824978883	5.65783160744057	4.60703656181425	0.0327170391891661	0.36301860212606
ERP29	-0.169880665202708	6.97417817557655	1.89967811969363	0.169236083795729	0.642704146636211
ERP44	0.103300919806731	6.71799714790068	0.713877475634981	0.398894987417933	0.815085759875496
EVI5	0.30108480189498	3.96576463408033	5.27298355873413	0.0224119188096841	0.32178391919351
EVI5L	0.12170885767613	4.79446858132473	0.631540129551875	0.427477113583455	0.828656846992031
EXOC1	0.108647081409075	5.21529355347044	0.981855508716816	0.322613298750529	0.768014937163633
EXOC2	0.152088891885781	4.75964192510499	1.40082127001833	0.23760950246781	0.707095539515653
EXOC3	-0.00659747524588897	6.0548346416197	0.0029273072582799	0.9568911650106	0.992763486630693
EXOC5	0.121516598944077	5.42878427768226	1.34909871558021	0.246444172891237	0.713246978211416
EXOC6	0.141340569751739	3.70039983101291	1.15247815299462	0.283973277418076	0.741154398068555
EXOC6B	0.0785155090590212	4.16000803818293	0.526105992841863	0.468866145494239	0.84988665053942
EXOC7	-0.0431833366882461	6.49324659878341	0.132363990333677	0.716273358671911	0.935525218860999
FAM71B	0	NA	NA	1	1
FBXO2	0.0345210314859159	4.80923787563814	0.00999508465353152	0.920436775552019	0.985708857606221
FBXO6	0.0912129182887633	4.46064911297297	0.216170676592832	0.642341685715728	0.916190899254173
FBXO8	-0.183576459196468	3.75601658017447	2.20780907210525	0.138460507873831	0.60426915550489
FUT8	0.185517742275634	6.33506558995007	0.92832652070782	0.33614569917643	0.777842098801469
GALNT1	-0.192531443644787	6.09263013808538	1.50544576604488	0.220886064928838	0.694793082677249
GALNT10	0.0378115205149118	5.2499403521799	0.0559114944457162	0.8132550072996	0.960801013110094
GALNT11	-0.071573361739171	5.39644063767016	0.492047657108303	0.483609245756722	0.856194887911945
GALNT12	-0.0628560410063769	4.10136867336695	0.0995075770876226	0.752660917388953	0.946315376840106
GALNT13	-0.190071185862361	1.80659889707533	0.196780503707664	0.657681431907662	0.919321065184596
GALNT14	-0.888889198180963	4.16065796270311	9.41441879068728	0.0023680155507487	0.110337534712734
GALNT15	-1.62307353425013	1.44058859560752	34.8254768698014	1.05943054777838e-08	4.79970934938119e-06
GALNT16	-0.581245926110256	2.70994767102593	3.81861360147724	0.0517008932939173	0.429392237614482
GALNT18	-0.260515227700221	3.55493501821281	1.42541986548492	0.233543540905559	0.704098600144684
GALNT2	0.196985800866931	6.84031227170966	2.40214907932744	0.122320190942251	0.58154423359177
GALNT3	0.264769606683114	6.23831505870546	1.60164623598474	0.206742619761745	0.681321608579335
GALNT5	-0.109149019682034	1.80104439044609	0.0982802461334047	0.754141201394639	0.946521861762944
GALNT6	0.119778400498033	5.85121692151597	0.331497311945989	0.565250191053471	0.890656943985371
GALNT7	-0.13053913134941	4.7390678884413	0.726376659763552	0.394802747891759	0.812112604113781
GALNT8	-0.693837916565745	1.1223526593535	2.53382326894817	0.112580197395086	0.563129576089818
GALNT9	-1.54644902435063	2.02826489903572	9.57762903966535	0.00217300224790141	0.103712431436306
GALNTL5	0	NA	NA	1	1
GALNTL6	-0.866180753519675	-1.58241782566267	6.93424664353435	0.00893523468662277	0.214211226241171
GANAB	-0.0685923443103597	9.07310919524359	0.557579481410674	0.455875875136985	0.845646158805287
GBF1	0.214905701248429	6.64626530592882	3.04923409980122	0.0818932739889484	0.503884900214491
GBGT1	-0.371088412849542	3.06980665624887	4.59561714050634	0.0329319322365839	0.364159251339291
GGA1	-0.00374287880664438	5.74728588584164	0.00117107837404545	0.972725759898274	0.995785570365158
GGA2	0.0728331930924429	6.08724690659712	0.480736025860815	0.48867504189083	0.857567129215346
GGA3	0.278971490605051	5.98073451486447	4.33224580446721	0.0383230707784636	0.386110186299398
GIT1	-0.113230380108394	6.52428234927755	0.896557192227805	0.344538853451437	0.784381921641895
GIT2	0.040895696796446	4.55219089518794	0.113552834529316	0.736392337853111	0.942497803135409
GLT1D1	-0.34981989327386	0.178306284751903	0.758733712610554	0.384485826049282	0.806534628202489
GLT6D1	0	NA	NA	1	1
GLT8D1	-0.06084458640838	5.60732786997213	0.425301199591196	0.514849033593417	0.870524367563151
GLT8D2	-0.244198681067668	3.57548792429316	0.759097239042747	0.384372119439005	0.806449961676384
GMCL1	0.11109044102721	5.14641961843233	1.28769541329682	0.257462472483245	0.722580664954287
GOLGA4	-0.00171728111188579	5.84689171574483	0.000182229392187425	0.989239295102537	0.998210674463573
GOSR1	-0.100293993902328	5.39258782794435	1.24031910639084	0.266383264377763	0.728564536955174
GOSR2	0.0417930219707931	3.73189081323629	0.165693835393278	0.684284589091607	0.926049797554719
GPAA1	-0.0899382759462279	8.12132817541366	0.317691504072377	0.573458187668826	0.89370913667149
GPLD1	-0.0178197752770676	0.800266497516675	0.00819451926187762	0.927937135835087	0.987280685287143
GXYLT1	-0.0804230688552151	4.42209858704558	0.40588489984314	0.52459627344854	0.874505198569325
GXYLT2	-0.243509736502702	4.30147033033816	1.22182309536882	0.269970508055209	0.73079566345427
HAS1	0.0573295161510819	0.0600823481259712	0.0123482144020738	0.911600352747927	0.983682538333611
HAS2	-0.186622912225689	2.40127397365576	0.280677758550001	0.59668533331029	0.902543341698163
HAS3	0.347687026424544	1.722760618067	1.69161798091674	0.194478053010478	0.668542634984353
HERPUD1	-0.214447467409508	6.71568077504782	2.53937790288104	0.112188671603531	0.562528861123918
HSP90AA1	0.125929131341755	10.0030008990233	0.942829779052656	0.332405496495151	0.774985166806237
HSP90AB1	-0.0113410750868201	10.6211334866531	0.009348845501126	0.923043552156698	0.986412763677996
HSP90B1	0.0364679333015595	9.65928250702903	0.121599272428588	0.727573546435754	0.938967423470781
HSPA1B	0.041882060638655	6.87456932289436	0.0697154962391752	0.791949477525887	0.955430211344764
HSPA1L	-0.513641783062298	1.79272785147103	11.6834251045793	0.000726180416125527	0.0512485581845129
HSPA2	-0.194188441850286	4.61759070583767	0.73874953231471	0.390811317754586	0.810294422673874
HSPA4L	-0.606278813752755	2.30386828851533	6.95678882804375	0.00882614266765551	0.213996498849729
HSPA5	0.0574870419580559	9.1471763621746	0.243922450305247	0.621782095333372	0.910553044038753
HSPA6	-0.0840457945357591	2.2560741230435	0.106669145185646	0.744217355388028	0.944357852435328
HSPA8	-0.0334430582829954	10.0520303977747	0.0510376507527701	0.821435447221979	0.963154730232643
HSPBP1	0.186738951700378	6.17395535278958	1.76398238234132	0.185231193563406	0.660317979387752
HSPH1	0.0658510679528293	6.75996250916715	0.218005969322762	0.640933662194108	0.915912771596647
HYOU1	0.177010543169286	7.71832904705963	1.46460087111697	0.227240001641771	0.699299584765175
IFT27	-0.234848004677646	4.36779541141342	3.83765022769928	0.0511253473714616	0.427248468178865
INPP5B	-0.0752768299360146	4.39147043396204	0.308583828738393	0.579002698264913	0.896302251212064
INPP5E	0.199111295047865	4.4547504652657	2.19527847896297	0.139580558150612	0.606338438769613
IQSEC1	0.0270052224170387	5.50739562578023	0.0374927291580958	0.846608422601001	0.969809317317231
IQSEC2	-0.105075219667981	5.20941875823171	0.628273051971114	0.428673615425766	0.829227949220126
IQSEC3	-0.0518995052590682	4.83000584638709	0.0276032929667534	0.86816713618723	0.974577238025127
JUN	-0.103251591628142	8.25555566552085	0.300100287141729	0.584264482552419	0.898771779535423
KDELR1	0.0288334664962515	8.42011401270022	0.0547213422371391	0.815216751711715	0.961567848450156
KDELR2	0.00726079200184759	8.15729852079263	0.00355329438206855	0.952509988942507	0.991618875401739
KDELR3	-0.42524031044549	5.36917327320815	4.05305557394373	0.0450669674823863	0.408496263786865
KIF20A	0.311763335655767	5.60194304201382	2.45127057640062	0.11858120679157	0.575043625510886
KIF23	0.38784891781458	5.02799997999624	4.74648709019665	0.0302084193462908	0.357313583888968
LARGE1	-0.0082761233089415	4.47432454903638	0.00139997744298742	0.970180279241308	0.995327092499235
LARGE2	0.542949446057494	6.24039612044495	5.49673038924391	0.0197646141893541	0.308377875904737
LMAN1	-0.357769613118072	7.1532590006745	8.87279666680603	0.00315317228155124	0.128785877041776
LMAN1L	0	NA	NA	1	1
LMAN2	-0.0658132007903782	7.51460553887846	0.241056711011641	0.623836011818837	0.910797626381692
MAN1A1	-0.112692009665618	5.05799904981612	0.177920050652923	0.673496805033686	0.923221253202644
MAN1A2	0.133761862844686	5.88429481452047	1.30253158820872	0.254745431327718	0.720020975970861
MAN1B1	0.0903632990926594	6.18612634662146	0.455186295908603	0.500449816092076	0.861687837941329
MAN1C1	-0.31094747556265	3.68352430653312	2.29502514509378	0.130939092492665	0.594691208364927
MAN2A2	0.218894612966327	5.82748186409673	1.51289751968045	0.219750009475441	0.693189946106943
MAP2K7	0.104768801168323	5.88308880197221	0.625054592184659	0.429857277882072	0.829853608806237
MAP3K5	-0.0971214857177325	3.7367598935519	0.340790637239997	0.559852318639624	0.888565085879303
MARCH6	0.0693287016499758	7.24308165419893	0.406612967399527	0.524224893239077	0.874493393316269
MCF2L	-0.339568995688707	3.85813860187708	2.39082889096218	0.123200351283988	0.583240919777462
MGAT1	0.00754869197762796	7.30316513699022	0.00383614699897611	0.95065833973742	0.991595311774266
MGAT2	0.0125085193198709	1.73378059853868	0.00682479492038769	0.934219982404376	0.988182891364443
MGAT3	0.107590191661077	4.92227639657179	0.150771173871279	0.698100288354145	0.930241013486457
MGAT4B	-0.0705578146500725	7.85951747641108	0.297526053657997	0.585880242171374	0.899403178292451
MGAT4C	-1.10236955362652	-2.5157584838714	5.40802378807927	0.020772915998813	0.311943309705786
MGAT5	-0.141872089691992	6.0292704604882	0.714790491152369	0.398593989172397	0.815085759875496
MICAL1	0.0769365089088479	4.22770640878774	0.185729660199604	0.666832844743684	0.921151278293478
MICALCL	0.282944226687093	-0.0583961186354626	1.03077422954245	0.310870433438883	0.760025946360168
MICALL2	-0.387492473266701	4.81354479155979	3.40752231552699	0.0659758772900457	0.46849713875989
MOGS	0.189384308108485	6.43123793619494	4.08294668622667	0.0442883877397425	0.406928063076424
MON1A	-0.0141212484573831	3.97300030646701	0.0139607244391854	0.906030807295126	0.983134462437268
MYO5B	-0.268335127054886	5.71699515627099	2.10931436763456	0.147546338791375	0.617706082560194
NAPA	-0.0234251310657682	6.47751665667168	0.039182260021217	0.843234450713184	0.969370247571736
NAPB	0.112643078435185	3.55161175346219	0.806152900435041	0.370046497901899	0.799671921201668
NAPG	-0.0640238430765067	4.91772590407768	0.320037025781354	0.57204727573428	0.892738148857596
NCKIPSD	0.0324413666367525	5.59069121712251	0.0764354161290563	0.782395373484256	0.95369792521698
NDE1	0.0162375087491131	4.77473984378384	0.0129412450688215	0.909511482149829	0.983334154700782
NET1	0.197239787555516	6.9593253548813	1.42229748979239	0.234054934761952	0.704303511386509
NGLY1	0.0434354009874214	5.06317644069855	0.167010724294339	0.68310071102306	0.925654390691504
NPLOC4	0.122991238367489	7.08499897897836	1.19637926378821	0.275004924387289	0.735414192310599
NSF	0.0583664315583399	5.1283321668665	0.229836619898249	0.632026510678494	0.913377900405803
NSFL1C	0.105920434222564	6.48950006554503	1.02396341624308	0.312471343387517	0.760781820593271
OCRL	-0.0180971718588934	5.39601989910485	0.0234669162296099	0.878361599875788	0.977329116343316
OPTN	-0.0189890739976011	6.88449040942136	0.0136388165737207	0.90711550930241	0.983216621537505
OS9	-0.0173432019317102	7.44002343872223	0.027563199408563	0.868262033859566	0.974577238025127
OSGIN2	-0.0730680876342267	4.73835782802728	0.345561182270949	0.557119672854277	0.887913517287607
P4HB	0.0185182832860536	9.36169898990799	0.0217487788728717	0.882865572545486	0.978716510326738
PAK1	0.0189539259478403	6.50556379034089	0.00868426785478035	0.925821021787249	0.987243115616158
PARK2	-0.144915564516681	1.17968533874641	0.338332690101087	0.561270302295901	0.888866952288538
PDIA2	0.59022146494039	2.11104864075498	1.37458312774127	0.24204192104854	0.710620489351075
PDIA3	0.145792067493996	9.20520578385555	1.34547595617513	0.247077921874785	0.713958457793022
PDIA4	0.0491768033221093	8.48092537699071	0.121799534322019	0.727358292129112	0.938967423470781
PDIA5	-0.0137360386272705	5.68668439794344	0.00667263275396292	0.934955760874159	0.988460445401818
PDIA6	0.0811202091872838	7.79623501903277	0.310320912626441	0.57793699636748	0.895694367087499
PDILT	0	NA	NA	1	1
PGAP1	-0.514040842779703	3.92664839058005	9.38446108290291	0.00240570819316766	0.111564243893545
PICK1	-0.00453143572125766	4.52914558914842	0.00110604185374137	0.973493634423941	0.996042995213655
PIGA	-0.0892175810358692	3.20396233528557	0.512562884491806	0.474639750148876	0.852057398808514
PIGB	-0.0908993192191794	3.30098430898916	0.585340700222775	0.444883420070801	0.838592851425518
PIGC	-0.072222996487552	5.67432360942949	0.371349878090674	0.54277315368439	0.88341258109202
PIGF	0.0688379748774392	3.77607616766437	0.263401424389531	0.608205479269249	0.906031715576732
PIGG	0.0643484220384974	5.0351478730347	0.290186203751435	0.590537569763891	0.900606647977356
PIGH	-0.0762895509302197	3.48644149946089	0.333004923151872	0.564367711005953	0.89007178866235
PIGK	0.180101797055162	4.92636838733482	2.32482979718501	0.128474790741923	0.591043997339036
PIGL	-0.0976105964501714	2.93485399206177	0.637542099819661	0.425292123029789	0.828271855117352
PIGM	-0.0599147713730951	4.78847799763422	0.277325271237662	0.598884746654802	0.903003837541226
PIGN	-0.226700454736697	4.31429644751822	2.68105887342829	0.102693382774725	0.545905291608761
PIGO	0.0675486939959504	5.61402767725693	0.242645333343217	0.622695560273908	0.910573982468271
PIGP	-0.00649811936069623	4.63949867121286	0.00196295937652139	0.964693243682722	0.994140129291205
PIGQ	0.045897746493934	6.03796731677128	0.13385296733649	0.714751762564082	0.934954235565325
PIGS	0.216742193525053	5.5223462287315	1.32280003264819	0.251090595321543	0.716559133357555
PIGT	-0.0480167277973302	8.20224486314114	0.12342413821866	0.725619359193855	0.93844023606924
PIGU	0.223832234932892	5.74629039081308	3.44303265111372	0.0645902355283425	0.464128766621653
PIGV	0.136665518464945	4.27301164361291	1.0106435123919	0.315633591425793	0.762872426565407
PIGX	0.179699624826976	4.96477254895053	1.62039295208602	0.204113450882906	0.67833572978217
PIGZ	0.228385171238748	3.02337160046812	0.87791144687879	0.349597521102864	0.788341205409077
PIK3C3	-0.296318289552662	4.74307858765741	5.77363250294124	0.0169319918828315	0.286559366072197
PIK3CA	0.343750838594662	4.9867488769768	7.36699358817579	0.00706358379854551	0.190082795496854
PLAA	0.227970929699288	5.11914470318741	3.13803260092262	0.0775948974887077	0.494903933373846
PLIN3	-0.184363835203874	5.8414794782717	1.89932923574876	0.169275107352297	0.642704146636211
POMT1	-0.0886393708769032	4.80056241673637	0.615400993279966	0.433437539262066	0.832411657062087
POMT2	0.116379182082491	4.64922193587639	0.799787719238986	0.371939865523433	0.80054679520787
PPIA	-0.16523295923077	9.65916732753933	1.51899435048282	0.218825728417208	0.693145471991613
PRKCSH	0.142993794831697	9.29569525048348	0.972912068454281	0.324823125406357	0.769293179746373
PSD	0.257188469784765	3.50639880244135	1.19760641105968	0.274759418200048	0.735288562991186
PSD2	0.31636023342049	0.973771092551321	0.720347313935722	0.396769130092337	0.813993126860746
PSD3	-0.108559166679732	3.6257678155453	0.282812341937356	0.595293685851978	0.902045183631235
PSD4	-0.0766748136715277	6.20059336196595	0.39244427920139	0.531537695693745	0.877281962182904
QSOX2	0.0738996619587417	4.47592975544337	0.250145882935676	0.617372867479182	0.909803474732641
RAB10	0.16768793584836	7.48154552556881	3.55972743841577	0.0602521581941643	0.452143011906468
RAB11A	0.088543728375011	7.18223363107547	0.618074025217128	0.432441653932485	0.831942367871158
RAB11B	-0.0286005281058798	7.97606340672212	0.0441042288834925	0.833815519595428	0.967431306278327
RAB11FIP1	-0.404329455872338	4.91868222483677	3.49671017631408	0.0625546243731063	0.457808111058693
RAB11FIP2	-0.0974537106762843	5.08052138246601	0.399109829978371	0.528074812561969	0.876179837054064
RAB11FIP3	0.0184845468747212	5.40252403768559	0.0177210992376754	0.894195470767313	0.980836605222724
RAB11FIP4	0.17875487484833	6.10454211599758	0.625138315857131	0.429826423837174	0.829853608806237
RAB11FIP5	-0.109402949736168	4.86662692358379	0.546683179741564	0.460307580828414	0.846244077927029
RAB12	-0.153683354668833	5.69876702477765	1.36940585339708	0.24292841349239	0.710658742729733
RAB13	-0.00308762304698866	6.81650215265326	0.000797918680664544	0.977485303337185	0.996917199302951
RAB14	-0.0468631898225297	6.47006136343468	0.171497184710168	0.679107848099016	0.924597139165884
RAB15	0.00518356614098283	4.21705164291555	0.000697552890820137	0.978948519427636	0.996995327604755
RAB17	-0.33140652322655	4.37243607968112	3.26167880911973	0.0720111797201622	0.484816008321751
RAB18	0.0324778320102494	6.41098702465931	0.101433205579453	0.75035851490569	0.945539584946767
RAB19	-0.291974881964621	0.174598557234191	1.81778584636154	0.178687895310806	0.654313005329567
RAB1A	0.0848237754759274	7.44854023245971	0.940703167580011	0.332950420488785	0.775444794570842
RAB1B	-0.0971907507404548	7.876159590668	0.873810018625103	0.350723819282974	0.788997458642366
RAB20	-0.0677443850792996	4.54805796658387	0.172971937801613	0.677808724821271	0.924335988169713
RAB21	0.063476262178043	6.0912648890171	0.332639961297391	0.564581096671827	0.890089361301966
RAB22A	0.120790379995492	5.88606500626356	1.73071513437814	0.189416721812672	0.663882840268933
RAB23	0.178275714242848	3.34059359910048	0.795926681185432	0.373094981468367	0.800942072066673
RAB24	0.0595375028027706	3.02463661175396	0.238311916173307	0.625817508834534	0.911608330043498
RAB25	-0.0445852269317566	6.58030732136842	0.0163741461538455	0.898273082304619	0.981584615463682
RAB26	-0.25996966358284	1.60718847028772	1.00770343729835	0.316337241037439	0.76300262708416
RAB27A	-0.20040363444369	4.32549449776234	1.47147694621184	0.226155080599881	0.698627446120902
RAB27B	-0.777469717664649	2.31821128015696	9.4102007493891	0.0023732859684237	0.110408412635294
RAB28	-0.155768835945807	4.20527050688349	1.95766642759827	0.162891437502435	0.635762366013481
RAB29	-0.105513599588964	4.54143434938381	0.443047198480863	0.506213968816147	0.864837641026591
RAB2A	0.0744390923210186	7.48218782763551	0.456997007720221	0.499599616064585	0.861572352651083
RAB2B	0.141931717213561	4.88910843525161	1.26110990915282	0.262421793592377	0.725908208678188
RAB30	0.074464181866663	3.16177107812261	0.240967650039956	0.623900085553229	0.910797626381692
RAB31	-0.174234548479954	5.85096451712691	0.797400918402882	0.372653337024908	0.80054679520787
RAB32	-0.206036420467521	4.91965622402436	1.36678939415997	0.243377934679073	0.710658742729733
RAB33A	-0.106770482429057	-0.216226963041449	0.213811623972906	0.644162256614304	0.916389451859994
RAB33B	-0.127123532120111	3.96566939942379	1.10154232186626	0.294850522861497	0.748184359616919
RAB34	-0.0599774545523773	6.99295177851216	0.144457962184541	0.704182559705351	0.932385764243029
RAB35	-0.0821433695752232	5.66676812138214	0.691608591467053	0.406340223945457	0.818685475830995
RAB36	-0.153959368684391	4.4872746451969	0.484969635293522	0.486768790881447	0.856814567545619
RAB37	0.146729302997809	0.208010474314231	0.347274405476495	0.556144505754314	0.887769126971496
RAB38	-0.186126041487706	2.94126766338977	0.49157701784022	0.483818278603964	0.856194887911945
RAB39A	-0.163488021658949	-0.931742099485456	0.289354494103183	0.591070096003675	0.900606647977356
RAB39B	-0.500136374325795	2.36991712797797	4.18993957643054	0.0416161536108574	0.396605984314734
RAB3A	0.218254710687887	3.39722374799955	1.31659004652053	0.252203470817401	0.717446267912865
RAB3B	0.115114779228595	2.11669192984138	0.106333152723665	0.744606365730949	0.944591437432323
RAB3C	-0.542053307132995	-2.05757736233874	1.64718597343757	0.200424188594441	0.674892274316327
RAB3D	-0.00479354617046073	6.18087433305067	0.000773414941243847	0.977833616506923	0.996949089921506
RAB3IL1	-0.218460286457033	4.52645169709915	2.07665900372908	0.150706337751464	0.620959876046608
RAB3IP	0.158664373988841	5.23264852229094	0.729222506779074	0.393879506134629	0.811786642212533
RAB40A	-0.204263118224802	-0.192732273955062	0.925058349384157	0.336996309506878	0.778590504459092
RAB40B	-0.141947200195559	4.70983084337231	0.708661038131626	0.400621066963795	0.816165443694703
RAB40C	-0.0486210726421488	5.28822638759863	0.178149352190258	0.673298706400901	0.923221253202644
RAB41	-0.0522093080671749	-1.09587401906206	0.0737151965472636	0.786206289591475	0.954123279233925
RAB42	-0.0466885357799675	2.54493118117758	0.0755952305907781	0.783564541156861	0.954000438582182
RAB43	-0.0157695540481057	2.64355835014178	0.0109370978050776	0.91678495567411	0.98487800790806
RAB44	0	NA	NA	1	1
RAB4A	-0.0428358732598729	5.5887160432028	0.134901082826199	0.713686433924347	0.934954235565325
RAB4B	0.291607160053317	4.19926478243096	2.68020265506488	0.10274803431562	0.546061020488427
RAB5A	0.142372035830455	6.09113928164951	2.27659082482302	0.132489776169834	0.597299284851388
RAB5B	0.0219585990703022	8.20226332786762	0.0387131457379942	0.844163560267576	0.969370247571736
RAB5C	-0.103747192255632	6.76757300214792	0.800279712709766	0.371793035198434	0.80054679520787
RAB6A	0.0355237161496231	7.60360879520925	0.0976910855524597	0.754855396226847	0.946637838079352
RAB6B	-0.0191470633269705	5.19334266343037	0.00940435123270532	0.922816154009299	0.986412763677996
RAB6C	0.184643237845276	-2.31889811194757	0.831164446114481	0.36273552895158	0.794621052343709
RAB7A	-0.0496835469239747	8.59586285804263	0.279152064558354	0.597684175006512	0.902687639018964
RAB8A	0.250619399824303	6.21465303120637	4.93386501625751	0.0271508751796238	0.344152254292126
RAB8B	0.00851034133051431	4.01422441101744	0.00490449871012141	0.944219052711257	0.990318742895298
RAB9A	-0.129348709677367	4.87178381000189	0.832486852486107	0.362354593621301	0.794328636412487
RAB9B	-0.562101961095527	0.289837625573215	4.96240844395779	0.0267143410269798	0.342512090515235
RABEP1	-0.0306322001895066	5.00596529091281	0.0773104303571329	0.781185071229477	0.953304190882964
RABGAP1	-0.00719761016812629	5.6567791009016	0.00386599179812448	0.950467022426595	0.991595311774266
RABGAP1L	0.113774298698623	5.03676978191563	0.723366950964725	0.395782553899876	0.812931899786814
RABGEF1	-0.0230837878245704	3.21572355519856	0.0350008295356822	0.851732047351632	0.970853817424512
RAD23A	0.0970169096912253	7.57085002529768	0.473131410281983	0.492130582808002	0.858904323993188
RAD23B	-0.0388154344569182	7.51986133242209	0.131668260236671	0.716987654415329	0.935864979164107
RALBP1	0.075459259252395	6.85862348216367	0.287033716773435	0.592561280126005	0.900824676027156
RASEF	-0.218786014754331	4.14900596090137	1.1173909732259	0.291409812166119	0.745563522907721
RBSN	0.214256239490402	4.78774939326409	3.78210083985054	0.052824187993166	0.431612761429076
RBX1	-0.14467427534319	5.93412044924494	0.831134413746314	0.362744186588443	0.794621052343709
REPIN1	0.0439025324577113	7.83277983232384	0.147591286620076	0.701145186674662	0.93123414474091
RER1	0.208092935307379	6.83281535875714	2.82399003250631	0.0940022168088686	0.531862836140845
RFT1	0.149405420297945	4.88917526975768	1.73032926845201	0.189465914377393	0.663897221154863
RFWD2	0.0235442543371279	5.95287972851897	0.0678238608251822	0.794727135744434	0.956142925507492
RNF185	0.0069607293950746	5.39943349767776	0.0034879554746751	0.952948130201286	0.991745000642051
RNF5	0.0539716165064147	7.18037561606805	0.129713326035271	0.71900626254994	0.936620761777446
ROCK1	0.0423470556817246	5.56268676744283	0.154591777507677	0.694490371794819	0.929205504690249
RPN1	-0.087023385407581	9.11891513471109	0.708010279497886	0.400837159971593	0.816301227374268
RPN2	0.20338819502184	8.57152417222357	3.1997837901589	0.0747499973708789	0.488946673162515
RRBP1	0.16867034420471	8.24253530818841	1.49426966175376	0.222603165499576	0.695437658035466
RUFY1	0.0252559485886898	5.75729920609774	0.0514326880377769	0.820757486485479	0.962815068854609
SAR1A	0.0019427655904058	6.50073287211578	0.00042772164836694	0.983514797329531	0.997372568095451
SAR1B	0.152542547900821	5.4045260795064	1.4708215694147	0.22625821746966	0.698659964443237
SEC11A	-0.0359181787034058	6.92384361700887	0.072962087592504	0.787274671437303	0.954123279233925
SEC11C	-0.312950467756893	4.87391137115549	3.81531734958571	0.0518012490273972	0.429392237614482
SEC13	0.0513517175040739	6.79416917741066	0.203685757484079	0.652118260199178	0.918182724617985
SEC16A	0.218109898799423	7.04389128785271	2.33658676006325	0.1275170213025	0.590056763563172
SEC16B	0.104825073288111	-1.70937284726093	0.244156101051025	0.621615297545239	0.910553044038753
SEC23A	0.0906632467442186	5.59120923229418	0.413388293684285	0.520791135924896	0.872617773582722
SEC23B	0.198325496160316	6.18647251361958	2.80443192185641	0.0951423738720826	0.534287375512879
SEC24A	0.255430457948522	4.96852487194275	5.59649672429454	0.0186911781446853	0.299955211991659
SEC24B	-0.038976624100255	5.2216488003938	0.13060388413527	0.71808457973516	0.936250540336535
SEC24C	0.229917494645343	5.95911003893222	1.80564016935584	0.180141175934302	0.656199430095595
SEC24D	0.0923427672853662	5.62211366740754	0.386741255155678	0.534533210490012	0.879532668330137
SEC31A	0.0708739518548946	7.75862567552339	0.543014396294486	0.461815139329092	0.847272779671482
SEC31B	-0.0756539265471912	2.38889769051488	0.0989671433832219	0.753311490834468	0.94648294625065
SEC61A1	0.0348161175367596	8.40595334298318	0.14404034781957	0.704590225773586	0.932385764243029
SEC61A2	0.404516933393621	3.76384062778731	5.97686870136342	0.0151234579933594	0.271899954914754
SEC61B	-0.0721616732170098	6.43869952929188	0.233687862018327	0.629187871724945	0.91277030624938
SEC61G	0.0579644613151074	5.87763918240851	0.11800357693096	0.731472754016443	0.940547098955385
SEC62	0.0630488656493749	7.60997899529634	0.250629996314118	0.617032764030179	0.909803474732641
SEC63	0.0190326080225063	6.31997512322327	0.024206933277779	0.876473826259706	0.976969546824815
SEL1L	0.00784367706303783	6.18600116611482	0.00399907067460025	0.949622820519237	0.991367924905367
SELENOS	0.0181132455576894	5.50652342466883	0.0163627714596295	0.898308228910536	0.981584615463682
SGSM1	-0.236429202592635	1.66277542154444	0.634010113601045	0.426575879769359	0.828577023330139
SGSM3	0.0858625256712147	5.70778980373508	0.473777630707349	0.491835352121904	0.858760174270042
SIL1	0.0939442317416576	5.22769785406755	0.429552411423753	0.512757242313584	0.868746060160544
SKP1	-0.046233467163163	7.88097678554206	0.157442457072465	0.691830322501547	0.92882603497678
SMCHD1	0.245161189506274	5.54785611835207	3.51952881164523	0.0617101995154618	0.455855469549769
SNAP23	0.0709181092514593	5.01266666323361	0.432723094976068	0.511206737776732	0.867766659790707
SNAP25	0.476303281981629	2.8201752996889	1.39900373211267	0.237913331170433	0.707110446595896
SNAP29	0.0358304778911553	5.32276996309706	0.0780920792383318	0.780110136136573	0.953208260427465
SNAP47	-0.00389183556228419	5.35577673461427	0.00157863745258312	0.968335598922195	0.994985811782419
SPCS1	-0.0924658338561049	7.07573393517825	0.542123432226976	0.462182436740709	0.847358493931406
SPCS2	-0.0316409356846574	6.30204254070119	0.0640550906725334	0.800387169774484	0.957657345873671
SPCS3	-0.145897550514575	6.68934076916024	1.45696686083969	0.22845187996677	0.700068286687368
SRP14	0.143425288060006	8.12695057751072	1.54771537209585	0.214533726090119	0.688640632864815
SRP19	0.128720026107531	3.96222166120774	1.05508163964673	0.305243413641084	0.755242090633628
SRP54	0.136001100488059	5.57633076706881	2.03777933278575	0.154569475346841	0.626387772790477
SRP68	-0.0307957626032613	6.42462268859849	0.0950975530328675	0.758027788842776	0.947102928068444
SRP72	0.0181860552156125	6.91333360399411	0.028266398664124	0.866607783288635	0.974134054770778
SRP9	0.0417291423003229	7.90343113472097	0.11990906616458	0.729398261904407	0.939714724722464
SRPRA	0.174041703450501	7.79966701413068	2.39027076377419	0.123243928749288	0.583240919777462
SRPRB	-0.0455026072564682	5.7173655406946	0.138822659575035	0.709741620105752	0.934032009065536
SSR1	0.272575545463361	7.97981932018073	5.05185369941078	0.025393300889707	0.336242973273046
SSR2	-0.188038044078889	8.51541809507903	2.00066101646368	0.158363266202425	0.631309254518614
SSR3	0.112335653994321	7.71180491197045	0.896897791193317	0.344447375738022	0.78423429107262
SSR4	-0.364371516870012	7.96967898874283	3.39314304256008	0.0665460170019691	0.470343321352644
STT3A	0.102233909477085	7.28724769008364	0.799742057374099	0.371953496954517	0.80054679520787
STT3B	0.00193966795122691	7.15390021017802	0.000401526071624206	0.984027516334752	0.997534381551114
STUB1	-0.218110201828388	5.5347773589633	3.70755859534287	0.0551989406509124	0.439205188945709
STX10	0.172492611965335	5.77371841999419	1.01624652313852	0.314298302052977	0.76269165151504
STX11	0.0474509493487158	1.61453763977948	0.0414132329649819	0.838893052070776	0.968332702187411
STX12	0.00462610574526058	5.20991679065997	0.00174275147381434	0.966731295720229	0.99480073435904
STX16	0.251943465791417	6.00257956692728	4.12223621389039	0.0432865993680255	0.403514966188545
STX17	0.104216791404819	3.73116875515881	0.66967513527548	0.413874318234681	0.823108727181393
STX18	0.0513541295034734	5.72676303256165	0.0729173574815425	0.787338312652016	0.954123279233925
STX19	0.395349520332485	2.1012191478059	1.00145682831871	0.317839107087142	0.76398696907048
STX1A	0.475375554755666	3.55281816843578	6.6181552118376	0.0106200952562723	0.230319700518257
STX1B	-0.14316302281248	1.27219069030208	0.287127376823166	0.592500950003659	0.900824676027156
STX2	-0.305660857007398	3.19824546355268	3.44503596741906	0.0645130008839529	0.463926459103943
STX3	-0.11067831862083	5.2741944260949	0.877645851894653	0.349670306784187	0.788411387811954
STX4	-0.0372287292568716	5.04457986910738	0.152854282525177	0.696125598870119	0.929507716026359
STX5	-0.0509345522546112	6.06280404435707	0.374056467380767	0.54130731756839	0.88239235470545
STX6	-0.00331673640799197	5.60021319839249	0.00110092749714206	0.97355496575702	0.996047897426006
STX7	-0.218723559498207	5.54229958338904	3.77884452828061	0.0529256208068593	0.431612761429076
STX8	-0.238490201734678	4.40429970387075	3.52010039531309	0.0616892049154137	0.455855469549769
SURF4	-0.0302099850737362	8.01361116871017	0.0654781855664691	0.798229592593857	0.957346662536716
SVIP	-0.180068331460324	5.13568077571282	1.54515294301754	0.21491253457603	0.689227347222938
SYTL2	-0.349891647780321	3.46302186916424	2.55306377645396	0.111230419775104	0.55979242291446
SYVN1	0.141606840687246	6.71108586278152	1.94205490880066	0.164572229902748	0.637674082391594
TBC1D1	0.0298643198526936	6.00596472073355	0.0487076144948294	0.82549154837254	0.96522037389218
TBC1D10A	-0.0731871671398763	4.40835054567524	0.246942700010208	0.619633627949625	0.910345793048321
TBC1D10B	0.0342657196159638	6.60623406582005	0.143722582219642	0.704900874994339	0.932555589142319
TBC1D10C	-0.0416577645578198	3.11603549359551	0.0407111176864587	0.840245927916005	0.968585436536791
TBC1D12	-0.0605980311108933	3.08067563348998	0.217473599927916	0.641341346586752	0.916006400925728
TBC1D13	-0.0157191607036797	5.1632738661448	0.0157447523414349	0.900236863561522	0.981845076824274
TBC1D14	-0.0801126497614411	4.69518112092696	0.205273644110902	0.650855087319643	0.918017040553055
TBC1D15	0.00258363062927164	5.34168918387095	0.000393700234664356	0.984183915265335	0.997534381551114
TBC1D16	0.022143803410626	6.41265302307116	0.016884634596056	0.896708309210345	0.981402369829479
TBC1D17	0.122564305295047	6.38313014120989	1.20936998077864	0.272419917105084	0.733378659618186
TBC1D19	-0.117508108953603	2.85283315429632	0.93359196930746	0.334781312616419	0.776037566106967
TBC1D2	-0.0570701305515575	4.80092430810219	0.0734249804849759	0.786617301321799	0.954123279233925
TBC1D20	0.172453177859072	5.86560056623888	2.644974199114	0.105024621763938	0.549629476044864
TBC1D21	0	NA	NA	1	1
TBC1D22A	-0.0579255931168937	5.13123409036928	0.257321332842192	0.61237349855652	0.908104604000236
TBC1D22B	-0.0629066809330357	4.7416371139735	0.34284447019818	0.558672718983958	0.888002336047675
TBC1D23	0.128755788737926	5.37060393006297	1.76568373734484	0.185020056520293	0.660317979387752
TBC1D24	0.207873101488866	4.43174329614917	1.47313259208451	0.225894783459888	0.698388407698349
TBC1D2B	0.0921701063358552	4.96243017111029	0.368129840878897	0.544526641322516	0.883920548917952
TBC1D30	0.107691220009157	2.15651896252684	0.229043433917153	0.632614775097456	0.913631428005623
TBC1D4	0.0730699161811508	3.91612019601878	0.194475635225958	0.659564334620352	0.919321065184596
TBC1D5	0.068025499657337	6.20385731879305	0.315291796303777	0.574908819307702	0.894166072334801
TBC1D7	0.189955583113978	4.74499872831263	1.39173425533493	0.239133276777952	0.708236622202265
TBC1D8	-0.0141965605282666	5.18623938379262	0.00770056497364512	0.930137050174762	0.987411979260299
TBC1D9	-0.0631213485932142	4.76804055249939	0.23500386758228	0.628224501390058	0.912509261623673
TBC1D9B	0.03753746674009	7.56502288539107	0.108152295852822	0.742508226940039	0.944357852435328
TMED10	-0.0366597772377729	8.44599457570479	0.101351398778696	0.75045583634696	0.945539584946767
TMED2	-0.0713395936071637	8.39254966563557	0.366879564250319	0.545210316733867	0.884164763329344
TMED5	0.18702587477508	5.84109287512046	2.18440737077898	0.14056055861981	0.607726814012063
TMED7	0.0536479096160735	6.3464001579202	0.213286354045337	0.644569286496981	0.916389451859994
TMED8	0.0832368031961133	4.40946278275716	0.585059100723598	0.44499283912829	0.838665544105593
TMX1	0.0442065402901067	5.69320794043292	0.119217318889357	0.730149214065162	0.940137947036406
TMX2	-0.184648318801445	6.73311630967593	2.5875677112593	0.108854466469874	0.556015251027042
TMX3	-0.25417240855024	4.66674358111436	4.75965534829379	0.0299821924837102	0.356014356556572
TMX4	-0.190917454401639	6.03898660360345	1.72787966993957	0.189778553298807	0.664358014839843
TOR1A	-0.0533661727916608	5.57475428330298	0.29379168415631	0.588240386877813	0.899816677918099
TRAM1	0.0222833583851897	8.37869407662473	0.020841668240527	0.885316994295011	0.978819245112708
TRAPPC1	-0.0698870142563108	6.93204260188247	0.295748432987957	0.5870012999571	0.899791694455329
TRAPPC2	-0.231676520552526	4.20510190553079	3.3777645742702	0.0671616374765082	0.471682758493642
TRAPPC3	0.0172191536779772	6.42945689171467	0.0147437878595921	0.903443996983697	0.982604960972757
TRAPPC4	0.01034686234863	5.01703807232157	0.00739463177651114	0.931535395691696	0.987497921281463
TRAPPC5	-0.0786621007976807	3.19006042335151	0.206803397020937	0.649643719794693	0.917802856394319
TRAPPC6A	0.0454782047336864	4.68231122122519	0.0539474942267867	0.816504394528828	0.961975872786696
TRAPPC6B	0.113036696231747	4.43115754960485	0.901300107622708	0.343267964701525	0.783775240317249
TRAPPC9	-0.00143730049975823	6.19593519279431	0.00012084347413163	0.991237105791607	0.998524582468526
TUSC3	-0.408732935724482	6.07563740524472	4.20928338210297	0.0411515020288547	0.39518638273905
TXNDC12	0.0986896699899954	6.98428114243405	0.748141930736161	0.387819988766834	0.807763090627832
TXNDC5	-0.130392189233283	3.85300645761001	0.423225360128962	0.515875865922768	0.870538595571987
UBA1	0.0675831201949894	9.63290587400548	0.210789181813283	0.646512701639078	0.917120576032929
UBA5	0.180859001567628	4.61174624966127	3.5330594624596	0.0612152574816756	0.454759561634809
UBA7	0.174059704744969	6.32851996392234	1.0828694976606	0.29897168737109	0.750857181158563
UBE2D1	-0.00201718586030491	4.90489102449578	0.000347645022080675	0.985137649491741	0.997555756115373
UBE2D2	0.0182741469475681	7.30261057028839	0.0251486285451515	0.874113814318882	0.976033187349623
UBE2D3	-0.162912291168539	7.81514218979202	2.48521694875577	0.116071603904873	0.570821074113343
UBE2D4	0.0985074547692975	5.00257569811894	0.693851919868215	0.405581045842741	0.818013589836849
UBE2E1	-0.0255072264664427	6.78039580489626	0.0488013596449015	0.825326416156564	0.965216613766789
UBE2E2	0.118148032851872	5.92811822373704	0.819483313616298	0.366124693973536	0.796693642722551
UBE2E3	-0.0775570275369604	6.69485898133974	0.433734221042204	0.510713996410391	0.867511439529867
UBE2G1	0.019652301042541	5.70799545870913	0.028208904476536	0.866742236359108	0.974134054770778
UBE2G2	0.271661372784258	6.09868740017425	4.7196245001705	0.0306754785576071	0.357875318900222
UBE2J1	-0.0335888425213082	6.37135745733564	0.0961967276108756	0.756677564796945	0.946967412009457
UBE2J2	0.125375375916009	6.20332620334931	1.06414444799342	0.303179362374589	0.753356329694278
UBE4B	0.189872138535108	6.43713675781993	1.89408080040412	0.169863411612905	0.643745917354194
UBQLN1	-0.0155252626528281	6.81394496575964	0.0209993438917908	0.884887027541316	0.978819245112708
UBQLN2	-0.104348850861131	5.95073997138231	0.96190144725544	0.327571407646365	0.770879602984992
UBQLN3	0	NA	NA	1	1
UBQLN4	0.135879388511463	6.46527346991393	1.21644417085521	0.271025083648868	0.732202214743646
UBQLNL	-0.128454230723679	-0.438604141681604	0.216266968223439	0.642267630983758	0.916190899254173
UBXN2A	0.155255558598789	4.60133244978298	2.13018752372778	0.145565882710426	0.614834210277773
UBXN6	-0.19376436028845	6.60705678301551	2.77697244671334	0.0967687718971495	0.536858853584638
UFD1L	-0.132802242746854	5.63988707315712	1.11748310331079	0.291389961873441	0.745563522907721
UGCG	-0.123638484327937	5.47959075564689	0.713840787437141	0.39890708949082	0.815085759875496
UGGT1	0.198748619454271	6.2800665692324	2.76884318166879	0.0972560844465807	0.53730564146769
UGGT2	-0.0105893770545129	3.94485930443402	0.00738495130462677	0.931580113932919	0.987497921281463
USE1	0.188128280948205	5.46352382009772	1.08456673605717	0.298594044730131	0.750687368686171
USO1	0.195689016659154	6.34483376321439	1.87184860887852	0.172381746212637	0.647149090184646
USP6	-0.0990722591255879	0.675283689077535	0.188768631916155	0.664284602126181	0.920747392556632
USP6NL	0.0792026960927073	5.32566789190864	0.53136213969158	0.466655876495523	0.849295286398096
VAMP1	-0.0628584650111323	3.69434392672088	0.118654542188795	0.730761958842972	0.940137947036406
VAMP2	-0.31112232325062	6.23301258487229	6.9396711449367	0.00890885673681711	0.214161643416972
VAMP3	0.230291070310678	6.71145409853061	3.59994811989527	0.0588301436734072	0.449701892217517
VAMP4	-0.252536669824858	4.29058902357856	4.9910444637893	0.0262837613420168	0.340820873623826
VAMP5	-0.306692508342509	3.84511898273809	2.43773046143282	0.119598981326159	0.576757855771957
VAMP7	-0.0761897479068115	5.17123963932283	0.35068901133889	0.554210545236796	0.88751439335819
VAMP8	-0.27042023639914	7.15619868009584	2.8623966101684	0.0918064979160538	0.527320198155262
VCP	0.040160052776613	7.91590802455055	0.124398024463848	0.724583096189506	0.938341033194475
VPS45	0.0628906184837433	5.60729519539977	0.289296273945257	0.591107410113989	0.900606647977356
VTI1A	-0.0477557104593678	4.28574256503569	0.220041140636219	0.639380713283205	0.915251885754773
VTI1B	0.0188619339994118	5.88581316596433	0.0360835396757235	0.849483395044928	0.970177301102425
WAS	0.144164262824033	3.71622810579125	0.419920681364262	0.517517976609601	0.870893846600819
WDR38	-0.67150288983416	2.50129855890067	2.00396058787364	0.158021750783064	0.630887271835637
WFS1	-0.0131752306584401	5.84137693247566	0.00701138531674093	0.933328909670724	0.987946431775107
YKT6	-0.182131035374029	6.43629760807305	2.58688698114861	0.108900795884527	0.556015251027042
YOD1	0.0566194607580877	3.65294472590701	0.192537209491772	0.661158231616369	0.91933704177696
YWHAQ	0.156190328346669	8.70216892516856	1.48651190788513	0.223804508991789	0.69605172473382
