pspGenes	logFC	logCPM	F	PValue	FDR
A3GALT2	0	NA	NA	1	1
ABO	0.174044538097331	5.26492218877002	0.611648038903748	0.435053351237197	0.864177419654062
ACAP1	-0.32959378522162	4.20153991899996	5.1293682057146	0.0245502924518278	0.371117007345241
ACAP2	0.206764097560554	5.86896908235525	3.41725558324226	0.0659311879834314	0.535072345158896
ACAP3	-0.160874692278943	5.49679683393654	2.01714562647013	0.157021719639591	0.681849100846437
AGAP1	-0.162614116776473	5.53839047607586	2.50075854691877	0.1153040450276	0.630411302629134
AGAP2	-0.0350943571547833	2.78492134457208	0.0745020512580996	0.785160744413615	0.959914371319163
AGAP3	-0.0291119299201353	6.51880516529715	0.127380622475545	0.721523699593808	0.946804947248075
AGR2	-0.312596990449937	9.46406044098481	1.64058024716469	0.201665772875742	0.72754935566686
AGR3	-0.244941787974317	5.91269092864644	0.768074399819091	0.381819888380466	0.841938652143178
AKAP10	0.0957079760933658	4.93349879784632	1.87877379096114	0.171944244955899	0.697615310421485
ALG1	-0.020408583563491	4.74200344875469	0.0714010944399654	0.789571168114604	0.961636885211119
ALG10B	0.0409765793136753	3.74873160609655	0.205251363008217	0.650985183560417	0.932073783385108
ALG11	0.120236807111786	2.99436048302213	1.90292034210355	0.169226409253962	0.694695196701278
ALG12	0.00546749601640074	4.23878590645312	0.00508121153834634	0.943241012561048	0.992196075005915
ALG13	0.0157701868586204	4.8896626387741	0.0520644385954395	0.819732308815489	0.96803071270724
ALG14	-0.0086944199716522	3.47650731924423	0.0105118776550604	0.918436358829105	0.988408095402905
ALG1L	0.378585506865522	2.982103388725	2.54883667147091	0.111886823096481	0.622408350623936
ALG1L2	-0.108892984267787	-0.277692763853483	0.568605361614862	0.451662603108381	0.867642252942578
ALG2	0.0264655579791776	5.39791089328743	0.181821952821024	0.670251119135764	0.934850319677349
ALG3	0.107239125738864	5.9810179828054	1.36251992948054	0.244431623518073	0.763507908499576
ALG5	0.00397821255179716	5.25238554975278	0.00149202829213291	0.969224830729012	0.995785118621857
ALG6	-0.0534520167809462	4.03910752739322	0.494681439372772	0.482629407238426	0.879543154651235
ALG8	0.0203582363140249	5.5060442417875	0.0550790441731908	0.814679760405357	0.967028670275937
ALG9	-0.108512917753866	3.56200236669463	0.601893477735452	0.438733741457333	0.864177419654062
AMFR	0.0235437931168494	6.78358029059114	0.080309972941238	0.77715837538329	0.958738972246946
ANKFY1	0.0233905078757029	6.0819707396676	0.113217526693898	0.736848041812538	0.949150121973552
AP1B1	-0.0305579771635879	7.29657086707965	0.178500430089417	0.673099581255522	0.935430486858036
AP1G1	-0.00827992411257501	6.9281040700694	0.0172549563004569	0.895618411164457	0.98453031816907
AP1M1	-0.0169101224673469	5.75629428162314	0.0603562328230092	0.806174935858631	0.965492911682241
AP1S1	0.188091794585396	6.0822787853415	3.24507557577852	0.0730801166371081	0.549289145189856
AP1S2	0.0716617480028036	4.48057994732756	0.352891127865163	0.553123704076206	0.901591668361927
AP3B1	0.0575766255187291	5.93751018444827	0.880440930643775	0.349164331971518	0.828588507276779
AP3B2	0.234595763235825	0.53271032540701	0.769621465367548	0.381341770875605	0.841716487097535
AP3D1	0.00506811240998797	7.57355287142954	0.00534535441322014	0.941786989829564	0.992019235220408
AP3M1	0.0814216900656014	5.95162891978005	1.66350389919447	0.198556665057023	0.725166739281207
AP3M2	0.067727705892462	4.49414815071249	0.487805077045908	0.485684664415981	0.880078902669039
AP3S1	0.177544800230564	5.73058498297714	5.28215801443518	0.0225343036770969	0.358751440224152
AP3S2	0.00564154839634046	4.6699701086447	0.0065256410338738	0.935693092765225	0.991285302989867
APPL1	-0.0277078962230396	5.77991019054921	0.148797966506107	0.700079180490728	0.941189446616843
APPL2	-0.0473960219592867	5.32589144393075	0.279062887668562	0.597876716493859	0.91676738738835
ARAP1	-0.0587617762878918	7.19434717003996	0.478497907280797	0.489871423905236	0.882621304116607
ARAP2	0.0321022310210869	4.93969090796869	0.0809395690657211	0.776309915611524	0.958287699313335
ARAP3	0.142320004571785	4.31943207048009	2.35637605425749	0.126284595532609	0.642628969709484
ARF1	-0.0731083243686513	9.45111365953899	1.04224172933245	0.308481276437472	0.809143613444423
ARF3	0.0891146260688755	8.08503303070531	1.29692241440636	0.256080162468405	0.774419750584866
ARF4	0.0500856549480918	8.20201106279336	0.419290587769941	0.518002069209172	0.893427156654897
ARF5	0.0112298709036416	7.1710988954328	0.0137392828993276	0.906802523464108	0.986095690751738
ARF6	0.0336346876660963	7.4300544001469	0.170828417481916	0.679800487269478	0.93789841354112
ARFGAP1	-0.070406041282384	6.74907445868441	0.687639564418123	0.407914756748659	0.852448909013485
ARFGAP2	0.0178105532483508	6.5585592594677	0.124537579250108	0.724520048287753	0.947770680092102
ARFGAP3	-0.0964396212409512	6.27538881895959	1.93831191457961	0.165331943520747	0.692251979766995
ARFGEF1	-0.142635094967293	6.64854913924115	2.27208953221437	0.133232665006833	0.652384389791129
ARFGEF2	-0.0825201753571279	6.33528076461626	0.916091421792944	0.339609480480775	0.825137732331332
ARFIP1	-0.0897505141167085	5.64219059380182	1.90348790889186	0.169163125669693	0.694695196701278
ARFIP2	0.0988190940837567	6.06315014213847	1.55936777430899	0.213155133831458	0.738471884421552
ARHGAP1	0.0966837344615466	7.3468755288282	1.97296996603661	0.161617829214061	0.686740375820678
ARHGAP24	-0.143717759760202	3.84678496971212	1.60337815441885	0.206835038315786	0.731447550052775
ARHGAP5	-0.159679251292023	6.69784179251865	2.97752473698566	0.0859067792225367	0.574862789742594
ARHGDIA	-0.0182436117984598	7.89817832864066	0.0582073767535546	0.80958861701136	0.966046936182864
ARHGEF1	-0.0320371867647494	7.01588832229829	0.116801413740145	0.732873330586222	0.949059313645245
ARHGEF11	-0.0814496386823038	6.32120043382406	1.07237320460604	0.301607037953027	0.803937345136076
ARHGEF2	-0.00388437557787246	6.79444296799832	0.00155891647351504	0.968542914652414	0.995541887830915
ARHGEF6	-0.113869490353395	4.60736353251379	0.917286782479299	0.339295280123843	0.824853329410503
ARHGEF7	0.00240379690997161	5.71516945458927	0.00157333840467317	0.968397817215053	0.995541887830915
ASAP1	0.0554654012138208	5.84654675891561	0.276801190213526	0.599363528268746	0.917116415506817
ASAP2	-0.24477015113191	4.35272087533917	1.40961393315202	0.236468531804237	0.757627180673622
ASAP3	-0.189551863828121	4.92111056901793	1.99292850301686	0.159522483558687	0.684549053470332
ATF4	-0.0309404811806144	8.12673830379076	0.124093828767793	0.724991188867872	0.947770680092102
ATF6	-0.0600914283334483	6.60072575632463	0.815311948149258	0.367594207671653	0.837379485427115
ATF6B	-0.0611140096295831	7.04186384762066	0.768368410826859	0.38172895933088	0.841938652143178
ATXN3	-0.0468362311919621	4.48979088702949	0.449127441963058	0.50348962386933	0.88747839530354
ATXN3L	0	NA	NA	1	1
B3GNTL1	-0.0536837125848124	3.33511201460387	0.284151428204124	0.594559562070086	0.916122652073834
B4GALNT1	0.441616521827119	2.79204648237617	2.64676047212844	0.105268292906476	0.610998559011318
B4GALNT2	0.48199452015986	3.63360290971591	1.08098548118649	0.299678832465597	0.802267948478918
B4GALT1	0.148608205307568	8.5480576283389	2.07886299884224	0.150848559501775	0.677718121846657
B4GALT3	-0.0261934478835203	6.22969375507257	0.10322023831314	0.748320067436097	0.952486987433026
BAG1	-0.0747444254008845	6.60578183258053	0.36977751696782	0.543785990570401	0.898381143715683
BAG2	0.129754446508324	4.41419667362018	0.640543278262039	0.424423190368516	0.858867996499472
BAK1	-0.0347734497452937	5.17634962346641	0.133435989540252	0.715265263693824	0.944604516535442
BAX	0.0201201957695997	5.88369185822231	0.0610202154886814	0.805133200950269	0.96522597003847
BCAP31	-0.0412419011519677	8.28014931984466	0.288800750698639	0.591561933228874	0.915226101870266
BCL2	-0.460346516355478	4.01972431869485	6.31903135430467	0.0126993423332819	0.276826617469886
BET1	0.177566354005273	5.21747606591036	2.93754281245706	0.0880253069689448	0.578047655456397
BET1L	0.0684923175335404	6.4372340598076	1.25351489283405	0.264167598605676	0.77852104912762
BNIP1	0.0324080897768711	3.62083168824133	0.141700632507386	0.706978146628178	0.942293928241487
CALR	0.039414991482976	10.2814652984242	0.287478730249002	0.592411118536418	0.915414281800654
CANX	0.0292493155350984	9.82027489927085	0.133311027887459	0.715392772856981	0.944604516535442
CAPN1	0.0785809472588088	8.31531591512329	1.01796701338133	0.314168714836008	0.812564561196581
CAPN2	-0.0626797990449184	9.07912973798505	0.404945656543047	0.52524259168899	0.89450741895344
CKAP4	0.126473611397723	7.54057457752679	1.41318127682968	0.235878332866777	0.757627180673622
CLTA	0.097137619550892	7.01432776138351	1.39194449447992	0.239418536710814	0.759992078025746
CLTB	-0.037046820275011	6.26517165726985	0.107262024314582	0.743610987310393	0.950880513391216
CLTC	0.0861492304618787	9.274906155146	1.48973274036791	0.223633601529528	0.748301800033601
COG4	0.00988056161053166	6.15446582482038	0.0275816472135084	0.868256764865334	0.978963007592572
COG6	-0.0180925932917974	4.97747449006391	0.0429980354119197	0.835930928995938	0.971078201413906
COPA	0.000501045140918826	8.57081740627884	4.13461515270237e-05	0.994875695102695	0.999464301338865
COPB1	0.0645161452685885	7.52364550267142	0.87957558810364	0.34940077820633	0.828588507276779
COPB2	-0.00401643599981564	7.77622390724807	0.0028154279788695	0.957734315068975	0.993595191819561
COPE	0.0468038251339867	7.00002279591816	0.259481203212405	0.611014365048954	0.920749325389787
COPZ1	0.113584459359544	7.72884890044597	2.04834297519903	0.153865953553848	0.679241141676581
COPZ2	0.0643466450155671	3.56180853917101	0.185262203911464	0.667333091999152	0.934780841085253
CRYAA	0	NA	NA	1	1
CRYAB	-0.132505729904129	3.50353232052774	0.487680173964849	0.485740456601686	0.880106016853488
CTBP1	-0.0715342797738849	7.1964330204235	1.18691228245622	0.277208196693209	0.787456211879745
CTSA	-0.248779377718307	8.21490780748181	8.67362285472308	0.00359431593838369	0.141090188399447
CUL1	-0.00452795659219008	6.24592263114326	0.00688293875505607	0.933960006221098	0.990964850073931
CYTH1	-0.078613875630199	6.41504698291498	1.19506859886182	0.275568318646529	0.786879146475636
CYTH2	-0.0558497432699983	6.28773098641798	0.548207093097345	0.459882401961365	0.870580236722279
CYTH3	-0.279955510764974	6.09344111221499	2.72063971186413	0.100560901222365	0.60363955706456
CYTH4	-0.205602973057315	4.54327474187179	2.76658104061146	0.0977507458306371	0.59843404030675
DAD1	0.0635615256604268	7.12107805686783	0.514039789450159	0.474195971167708	0.877852602370305
DDIT3	-0.149995110069304	4.55549583215346	1.2806481767085	0.259075695619879	0.776099575751724
DDOST	0.0402386486147043	8.36902785371022	0.293622354274052	0.58848592153042	0.91479546074699
DERL1	0.0900683260092688	6.88187616696472	1.55660434269017	0.213559604502119	0.738685949076971
DERL2	0.100115718497603	5.4797640775652	1.64553436063643	0.200989005145478	0.727078115843634
DERL3	-0.382948730194771	5.4307446049016	4.20356051254051	0.0415877443499709	0.458784758038881
DNAJA1	0.113943768937078	7.64199412460576	1.89505928076606	0.170105732722381	0.695561378840717
DNAJA2	0.0218091823055739	6.30537237216171	0.131401199373837	0.717350024712966	0.94495215917335
DNAJB1	0.0186399871784298	7.13301349400715	0.0293006177845184	0.86425242501548	0.978101314913046
DNAJB11	0.0379125274721056	6.53564616815147	0.229403649011417	0.63246723276586	0.925452462551492
DNAJB12	-0.00935496846081637	5.93666377164894	0.024217362562528	0.876483362400846	0.980372013607154
DNAJB2	-0.0629291585249091	6.69673235179031	0.735466394863026	0.392099660242241	0.845478980556136
DNAJB9	-0.0867107359041241	5.94949689612788	0.73507190078322	0.392226443979031	0.845478980556136
DNAJC1	0.04233962043285	5.27677955272605	0.225811820375294	0.63514321097019	0.925893570203525
DNAJC10	0.165221505276215	7.45237553582383	3.09865421863562	0.0798201979390524	0.564021877704281
DNAJC3	-0.00599815586781899	7.16849684035505	0.00481005901522604	0.94477370466462	0.992227503666923
DNAJC5	-0.0834273557943687	7.00694887431839	1.15558972267009	0.283621870409988	0.791536581823322
DNAJC5B	-0.170100848651347	1.47089290948069	0.779815067720492	0.378212596416048	0.840316504673709
DNAJC5G	0	NA	NA	1	1
DNAJC6	0.140200966846791	2.86255002540589	0.596763711823593	0.440688435345748	0.864665064405862
DNMBP	0.0453248778674183	5.51167889514589	0.247965349689985	0.619035102685706	0.92237329997965
DOCK5	0.132531837889685	6.02466816225672	0.759198140743209	0.384579632680918	0.842329055056748
DOLK	0.0435857373660698	4.4940000972747	0.49607367483608	0.482014685842394	0.879543154651235
DOLPP1	0.0277596629010869	4.64801822675804	0.154130935569819	0.6950187522662	0.940076677962374
DPAGT1	0.0261614022575634	5.82760960654926	0.122674553782371	0.726504458610027	0.947770680092102
DPM1	-0.0220223848255614	5.15931396785259	0.0631374082618818	0.801851093092247	0.964502229386377
DPM2	0.0167036413958679	6.04296774725747	0.0403727514660777	0.8409489890993	0.97219223474335
DPM3	-0.303348486825228	4.80805915273041	4.09519942907213	0.0442786117015655	0.470879295360141
DPP6	-0.01894879706992	-0.797261755999666	0.00621310632270519	0.937248640904413	0.991366696535424
EDEM1	-0.185136654742689	7.03035974932561	3.01309557049827	0.0840686382859452	0.570768201753261
EDEM2	0.0436407303000603	5.97505540475879	0.281137131125986	0.596519899171583	0.916310336103659
EDEM3	-0.276459327225706	6.34530403472192	6.30101616457168	0.0128251286873484	0.278127237408935
EEA1	-0.109530768665426	4.99247137609477	1.60892530219522	0.206054369600409	0.731025014994473
EIF2AK1	-0.0105647900045108	8.08349298714332	0.0210939236827699	0.884663389387016	0.982363823412287
EIF2AK2	-0.00703333973755606	6.54990887121681	0.00786847270439166	0.929401790292937	0.990321752612261
EIF2AK3	-0.112810162915983	5.08991719078079	1.73267502623996	0.189511804931659	0.718545940991643
EIF2AK4	0.168027058991011	6.07408026211996	5.21157321204822	0.0234432260547746	0.366542714088172
EIF2S1	0.123064772677234	6.2801263701149	2.52594290448437	0.11349980622825	0.626530556480448
ERLEC1	0.00223192897070073	7.00342200336384	0.000741980284467373	0.978294857286625	0.99714908655416
ERN1	-0.103668896506699	5.80660192490735	1.29155369051812	0.257063586185048	0.775222935532621
ERO1A	0.170096342329012	8.17713026514688	1.4294343393803	0.233211928508043	0.756428512359804
ERO1B	-0.238567763718053	4.93932996770794	1.0367876821796	0.309747321051205	0.810181328664048
ERP27	0.215764995243422	3.91795970247659	1.19817285408791	0.274947409474474	0.786515606182712
ERP29	-0.0296188034214402	7.88243268320329	0.0941696081055476	0.759247425349277	0.955132435805851
ERP44	0.0181138525641347	6.46248241153606	0.0807590450239139	0.776552828512152	0.958397616592692
EVI5	-0.241394327767168	4.67626702131984	8.02690694523373	0.00506021343593028	0.172581117902999
EVI5L	-0.0648315663389842	4.33419749758766	0.648394520260945	0.421602645830996	0.857758503381484
EXOC1	0.00689589109098651	5.5360564404195	0.0134428346040004	0.907808884856492	0.986128216184567
EXOC2	0.00782885408681631	5.38696360386502	0.0131654679989223	0.908760703635643	0.986466196372742
EXOC3	0.135830857232387	6.29679008713975	2.71561220861899	0.100873778659468	0.604704845885062
EXOC5	0.0338303875784322	5.99711830736286	0.225852150475322	0.635113019788248	0.925893570203525
EXOC6	0.0929252790056005	4.59358986694462	1.43398024448774	0.232472714500281	0.756322903728903
EXOC6B	0.0153008825815687	4.96097510174619	0.0248791684105798	0.874820850106874	0.979930116659939
EXOC7	-0.00708431827872058	6.2320201100347	0.0119356250970924	0.913108828522204	0.987132258812168
FAM71B	0	NA	NA	1	1
FBXO2	0.0672695734560824	4.48944550521715	0.0887921046534754	0.766014491329363	0.956578435382437
FBXO6	-0.0382427792356569	4.77299502852597	0.101133498990219	0.75079122385069	0.953068466010568
FBXO8	-0.142673381819207	4.37778225688375	4.33582347770768	0.0385359241108585	0.447825399817141
FUT8	0.209749131895013	6.08908856569355	2.68560578959926	0.102763603264674	0.607459113844828
GALNT1	-0.00484755745446253	6.93341568981162	0.00275676539375034	0.958176548608582	0.993623595603338
GALNT10	0.239323738987675	7.17121500721656	3.32459752553825	0.0696796194306479	0.540493281229088
GALNT11	-0.14093191029979	6.04844989983729	2.20905797555021	0.138709794980586	0.659362961500211
GALNT12	0.0379003729560202	4.89866435083559	0.0709431783755223	0.79023109487434	0.961636885211119
GALNT13	-0.160932060461456	1.82911456892154	0.253916545905422	0.614861616994993	0.922208934934743
GALNT14	0.443109388483211	4.72984479232415	3.46467944389318	0.0640971520158022	0.532692325113719
GALNT15	-0.028044089031188	2.25816837712046	0.0178305267780634	0.893901975379032	0.984409093125885
GALNT16	-0.294847800998514	1.17319594074026	1.55070343962163	0.214426366989582	0.739547962692387
GALNT18	0.222525839388504	4.88045524914987	3.48861940178182	0.0631922077268738	0.530848224711041
GALNT2	0.0912892380449719	7.39324313129344	0.8447645133577	0.359097500506469	0.833616022529791
GALNT3	0.115147526352561	6.41484772047094	0.41122558180616	0.522050895190152	0.894056298606036
GALNT5	-0.301036028285948	5.55661685059497	1.69767960692836	0.19402582874278	0.721613655497491
GALNT6	0.156375344838281	6.45591504858617	0.710492786064595	0.40024414222733	0.850181894725985
GALNT7	-0.0984240618931339	6.58987835734872	0.600507982450386	0.439260365038655	0.864177419654062
GALNT8	-0.522961436816148	-0.917077785820178	3.17141004861174	0.0763906054147508	0.557087172803202
GALNT9	-0.983343956450553	-1.25162772250868	11.1670922731309	0.000986354702689723	0.0607481770605133
GALNTL5	0	NA	NA	1	1
GALNTL6	-0.501914694969799	1.49042347437821	1.75253090103972	0.187005406528304	0.716067552150308
GANAB	0.0559301599861325	9.00517961674497	0.60366508756127	0.4380617704107	0.864177419654062
GBF1	0.0100204061119513	7.01194133857656	0.0199199993739168	0.887896725462953	0.983378811800822
GBGT1	-0.075133768402516	3.53963029587965	0.38151860491087	0.537464235537938	0.896439110279773
GGA1	-0.0586987519723333	6.03070702820068	0.653282573556994	0.419860809091769	0.857222247664927
GGA2	-0.086126003004273	6.80273804620392	1.50125467780847	0.221857812036987	0.746729909282583
GGA3	-0.0683069064229479	5.72465665343543	1.17777618062108	0.279059752494557	0.788233645039076
GIT1	0.0673983931692497	6.53160638441116	0.590515336683969	0.443087588151672	0.865248275758945
GIT2	-0.0617177775472214	4.93989093030834	0.97497333705792	0.324585022513942	0.819062320239747
GLT1D1	-0.284650000856248	0.65404699013415	1.49502583101886	0.222815700135748	0.747435164405019
GLT6D1	0	NA	NA	1	1
GLT8D1	0.0494961388345889	5.52860550824618	0.860317336005122	0.354720105381518	0.831642505419809
GLT8D2	-0.0272979767110685	3.39920673402048	0.023593830975214	0.878071151788837	0.980781581192673
GMCL1	0.0800414974915512	5.36178731935107	1.23749427168181	0.26723278465912	0.780974770351408
GOLGA4	-0.104560037270979	6.72199172089834	1.18407741300642	0.277781053222975	0.787456211879745
GOSR1	0.0270667730727986	5.91066806354292	0.216060274954918	0.642542356634801	0.928840846613039
GOSR2	0.0528802958322078	4.64521144714541	0.781321020213025	0.377753393843929	0.840316504673709
GPAA1	-0.0632268267007525	7.19727537611524	0.466819278611291	0.495211024409155	0.884265339355131
GPLD1	0.177541736719033	0.853380592907907	1.35071769508608	0.246478488454978	0.765144241424954
GXYLT1	-0.012358032304025	4.72569790858621	0.0205030318330843	0.886279071958748	0.982780206084366
GXYLT2	-0.0520075115677089	3.43425497816279	0.0969974181657013	0.755773571203682	0.953642736391985
HAS1	-0.114730328322945	0.15491466776856	0.132692750815964	0.716024653421995	0.944604516535442
HAS2	0.768554599403464	3.22122366378875	12.6719872812198	0.000459480465149728	0.0355002183038263
HAS3	0.201657699555569	5.29553223116124	0.648420474040563	0.421593368729314	0.857758503381484
HERPUD1	-0.18804274843018	7.41127990565584	3.64698856536451	0.0575404080817466	0.515948850503382
HSP90AA1	0.0501890739901962	10.1419441933654	0.269623884628625	0.604133771408984	0.918523783330879
HSP90AB1	0.02971212621392	10.5493091816035	0.130040121864392	0.718754746147888	0.945581490265058
HSP90B1	0.00462708817715706	10.1929122478337	0.00243149986066496	0.960719162628421	0.994155934406329
HSPA1B	-0.103938338871802	6.70348992585481	0.627480761571656	0.429179324594188	0.862455580576944
HSPA1L	-0.0269409587613157	1.20726373804721	0.0916732055994384	0.762361922173999	0.955223817672543
HSPA2	0.227831729607832	3.98260572597719	1.42914442115742	0.233259169170566	0.756428512359804
HSPA4L	0.0813976418037752	3.68671442856696	0.238491112486425	0.625810172794581	0.924026680034556
HSPA5	0.0796026284231692	10.0233966460842	0.95893358495135	0.328588183791367	0.821889868856662
HSPA6	-0.496556293147079	3.88908593463678	5.29325989539542	0.0223947298165559	0.357717287852675
HSPA8	0.0476660957218971	10.1656244322925	0.25723879738149	0.61255840089857	0.921702421455366
HSPBP1	-0.0146422448585631	5.4188889416717	0.0248783399572622	0.874822916991663	0.979930116659939
HSPH1	0.0505087830010777	6.85967226712182	0.248315097808599	0.618788107474116	0.92237329997965
HYOU1	-0.00048168506599191	8.21831821241179	2.08427252740201e-05	0.996361719659071	0.999464301338865
IFT27	-0.0641712263851946	4.77688435879225	0.45492667015121	0.500750183857254	0.885877848054004
INPP5B	-0.120338111659314	4.6735589064182	1.62322468937759	0.204058045283176	0.72889576386531
INPP5E	0.0267931347471132	3.95388299801793	0.0863781237961144	0.769124876366689	0.956645428659361
IQSEC1	-0.0551792532875138	5.88391260789459	0.508766316987486	0.476469301748955	0.878074443179192
IQSEC2	-0.120071391980803	4.67781045447843	1.63013353554612	0.20310173078716	0.728465430922378
IQSEC3	-0.0597176900103213	1.16706360391742	0.0836341317768464	0.772718393487388	0.957263420054275
JUN	-0.058458520209778	7.7369582182187	0.243528352557797	0.622187592516461	0.922851559858366
KDELR1	-0.00126665210452938	8.03982727180905	0.000318754206559694	0.98577261107058	0.997359214459208
KDELR2	-0.0252531303550602	8.75718740538129	0.0829046750389516	0.773684408112367	0.957263420054275
KDELR3	0.0515098728736969	5.9452231353846	0.138277680769071	0.710376115646105	0.943001346464515
KIF20A	0.234403590160616	4.54142648607511	2.56147943703511	0.111006979382419	0.621437940636072
KIF23	0.133233845730099	4.47015413926996	0.771486264590801	0.380766588023719	0.841567166147778
LARGE1	-0.231878393301126	4.40768562468122	1.83933401152617	0.176492795097312	0.703782117700405
LARGE2	-0.0319397587973579	5.28540670137809	0.0238920147688149	0.877309196555312	0.980773625191697
LMAN1	0.160025871706403	7.74053338061985	3.32066999263511	0.0698434968399236	0.54097966866022
LMAN1L	0	NA	NA	1	1
LMAN2	0.0106489405319746	7.81758697699714	0.015416644007035	0.901304967818004	0.985448870168841
MAN1A1	-0.189702324382172	6.18005716353043	2.22427306692768	0.137364806638848	0.658146340653376
MAN1A2	-0.0206006996985652	6.12205829637549	0.0583922079259594	0.809292397385122	0.966046936182864
MAN1B1	-0.0440137769437496	6.66907970163281	0.407816801646465	0.523779071027477	0.894291694628106
MAN1C1	-0.0324844228366921	3.82926964848599	0.0593527707707854	0.807760885408909	0.966046936182864
MAN2A2	-0.159191714153145	5.80285124786377	2.97679375640814	0.0859450091596336	0.574862789742594
MAP2K7	-0.0155039697886096	5.21347808984971	0.0575598819267534	0.810630269705105	0.96614185889724
MAP3K5	-0.0663692055584895	5.40956918251527	0.405308218205817	0.525057379693965	0.89450741895344
MARCH6	0.0166058014379002	7.64351378667438	0.0375494524347803	0.846538900120501	0.973600712275105
MCF2L	-0.318882419176539	5.25808880238451	3.97831842775428	0.0473892821105541	0.480741245530199
MGAT1	-0.0562931861893841	7.65475775289324	0.587164724032848	0.444382440932614	0.865248275758945
MGAT2	8.02796793260649e-06	2.08383749921183	4.61702364509204e-09	0.999945849624497	0.999965817650813
MGAT3	-0.645010484349773	3.26209640430625	6.45311336641345	0.0118023945617605	0.269202798543196
MGAT4B	-0.0204124880098092	7.26321208719861	0.0543302256817307	0.815920907666544	0.967028670275937
MGAT4C	0	NA	NA	1	1
MGAT5	0.0245253260691329	6.50614357291844	0.0583318564393411	0.80938906503977	0.966046936182864
MICAL1	-0.106493866344367	5.60341575681577	0.893363941038719	0.345659066337317	0.828070030332104
MICALCL	0.0724706893609616	2.51239499040415	0.165123209069911	0.684898733415581	0.938852819022449
MICALL2	-0.159239470217169	5.82576985914847	1.41289110063695	0.23592627396239	0.757627180673622
MOGS	0.00442881385056504	6.56309022108787	0.00436483425306454	0.947387741241832	0.992227503666923
MON1A	0.0868088958046546	3.45192570031011	1.27784229390734	0.259596554548293	0.776099575751724
MYO5B	0.183774252817792	5.97359129429601	1.74784361544209	0.187593563307254	0.716204653963968
NAPA	-0.145279129127876	6.07324591909204	4.87040757879337	0.0284098212759901	0.398439887719741
NAPB	-0.157587133461943	3.63248385087579	3.42742914622588	0.06553304133536	0.535072345158896
NAPG	-0.0995829351512583	5.38798489737418	1.57472051623587	0.210924607487073	0.736099320464734
NCKIPSD	-0.0157497480858129	4.89115595193538	0.0461245449574931	0.830159032264743	0.970158666645486
NDE1	0.077038814905255	5.10172357148767	0.667504153823492	0.414853721006514	0.855475420895174
NET1	0.0290269511654364	7.62453988521003	0.0501409829514239	0.823036932261125	0.968634428988972
NGLY1	0.0240782387450016	4.8142039640523	0.165286776873701	0.684751147327674	0.938852819022449
NPLOC4	-0.13894756970575	7.48416896197238	3.96766493341938	0.047684138058835	0.481893708390177
NSF	-0.0189131954648679	6.04431653947903	0.0728314915173506	0.787524234003893	0.961137582859528
NSFL1C	-0.0381478961202816	6.34841784436322	0.312868144575183	0.576524560571217	0.908942449516953
OCRL	0.0446156334009854	5.81904382652394	0.366698201805749	0.545466758510329	0.898381143715683
OPTN	-0.195388659582177	6.48828771784389	4.14446204634712	0.0430331169345992	0.464973367740461
OS9	-0.196905720426968	8.51225876272288	4.66258073452555	0.0319660486878306	0.418491948785822
OSGIN2	0.0565959502139728	5.42661321986055	0.284507683956018	0.594328756316469	0.91607798864196
P4HB	-0.0397700292749244	10.5235048144985	0.208588734559828	0.648350230110304	0.931293047328546
PAK1	0.00638143508437516	6.63349632696418	0.00456235021590338	0.946212293988655	0.992227503666923
PARK2	-0.0412485958056304	1.01912308510707	0.0415256436643605	0.83872499412024	0.971891927634127
PDIA2	-1.00707212508882	2.11088012380294	5.24956006238856	0.0229494040136534	0.362150331565383
PDIA3	0.11445682975124	9.55077519346963	1.05173037511979	0.30629472995485	0.807520118614144
PDIA4	0.0780680873921907	9.07473045956828	0.538187803001608	0.464007086181224	0.872778944386648
PDIA5	-0.0760767182826487	5.524186454853	0.610695424911143	0.435410682507028	0.864177419654062
PDIA6	0.00856420080041043	8.37884756522194	0.00719379191631455	0.932488707810612	0.990756355986762
PDILT	0	NA	NA	1	1
PGAP1	0.0277407921416383	3.67358373144705	0.058960748462646	0.808384324830615	0.966046936182864
PICK1	-0.161153006526024	4.91226488381966	2.83447516920034	0.0937543598611646	0.590773446308349
PIGA	-0.131744310952606	4.85461095762501	1.52410634677056	0.218385763152091	0.744863716090921
PIGB	0.019466842974311	3.63485318342654	0.0562742046807291	0.812717121351211	0.966881741147232
PIGC	-0.0666361699623736	5.32925153069816	0.720604107359792	0.396917339959576	0.847711302899893
PIGF	0.0587832067551062	3.87332603313162	0.464430526335791	0.496315265469026	0.884703398777089
PIGG	0.0265470862132835	5.57579815764313	0.150623379935121	0.698335470046895	0.940488332933558
PIGH	0.131290536117062	3.70889214561581	3.11785818173483	0.0788990244341123	0.561700250880641
PIGK	-0.00214420991440062	5.27974983781286	0.000634298006657165	0.979931220232552	0.99714908655416
PIGL	0.0466185139288411	3.04328936610924	0.245285150544698	0.620935139653928	0.922591444396142
PIGM	0.0866219609214405	4.92041440088493	1.06658213208459	0.302912649444493	0.805424091695244
PIGN	0.0984887902927969	4.78157410320492	1.40129548829876	0.237851782382441	0.758710389723228
PIGO	0.00988396521477028	5.39397520747091	0.0187874769550669	0.89110949351147	0.984004725277047
PIGP	0.0148825447952214	4.1117656564366	0.0280977641883515	0.867041314692042	0.978706253696669
PIGQ	0.0303698407152862	5.837649433468	0.114476481148444	0.735443908572791	0.949150121973552
PIGS	0.0769197651657778	6.2886944448698	0.892099044544218	0.346000037773771	0.828070030332104
PIGT	-0.0336514197309187	7.62225120538121	0.137394685329518	0.711260424146195	0.943097109115789
PIGU	0.137224396103261	5.17070848819756	2.86498485736278	0.0920171018123807	0.587560404983255
PIGV	-0.0280592225613751	4.37712590296236	0.117827689857105	0.731747713798381	0.949059313645245
PIGX	0.0800360219568102	4.67171351645109	0.841302554359528	0.360082014435373	0.833616022529791
PIGZ	0.0369742062768997	2.57039486718322	0.0607147827785843	0.805611649306333	0.965354645196916
PIK3C3	0.0176062797008502	4.96288414242865	0.0391388140627718	0.843366249748479	0.973048867519629
PIK3CA	0.0669216915163432	4.8876205375619	0.660772659407263	0.41721256166281	0.856690108065618
PLAA	0.186239882314242	5.19177640815558	5.26938259243483	0.0226960425837898	0.360046838691904
PLIN3	0.219709629831396	6.63762178759197	4.0802512198757	0.0446640600311541	0.472574668142365
POMT1	-0.113546241812255	4.9741367318443	2.46489647696365	0.117928503049337	0.633615855366778
POMT2	0.0881721678078705	4.65394118258849	1.18314658736737	0.277969476536275	0.787456211879745
PPIA	0.146618362527581	8.66120764144271	2.69999866020113	0.10185230970525	0.605839389553744
PRKCSH	0.0745141033545196	8.29918010979616	1.18513502969399	0.277567160223194	0.787456211879745
PSD	-0.0862978787033808	2.3091092478831	0.629793332742867	0.428331449988315	0.861659090855173
PSD2	-0.0583208976492758	-1.82688605214471	0.066653715900951	0.796526893845636	0.963736737973536
PSD3	-0.00813422997999561	5.48896151454941	0.00398415994733365	0.949731130113387	0.992577154430472
PSD4	-0.131299859787221	6.295321125126	2.67269121963413	0.103588948268184	0.609100755283407
QSOX2	0.0831589844162413	4.80906439065442	0.953544288722904	0.329947991945967	0.822793518977051
RAB10	0.014678971888188	7.70097575922473	0.0286603820306297	0.865729360257846	0.978222817105421
RAB11A	0.0198586724988209	7.32360380728665	0.0643106869897203	0.800057420619969	0.964063129309158
RAB11B	0.0175773826761312	6.76712443127702	0.0634433292053969	0.80138171356672	0.964429426261196
RAB11FIP1	-0.156582059846964	6.8982636051447	1.13074158772765	0.288844632787513	0.793265124377007
RAB11FIP2	-0.132676948867047	4.34642471126335	1.74042238066062	0.18852920764882	0.717218502724634
RAB11FIP3	-0.0189210177832365	5.49124204811598	0.0383621711686058	0.844908037999402	0.973165050551745
RAB11FIP4	-0.0557458615946916	5.46198084760189	0.26231275650157	0.609076632377629	0.919844667558987
RAB11FIP5	0.0917311510526101	5.671152307846	1.20431313636989	0.273724428623218	0.785784594884924
RAB12	-0.00961533373577586	5.43713677703863	0.0159100238692515	0.89974639910882	0.985376025653301
RAB13	0.0788716898150662	6.73468525691174	1.37072467502043	0.243020955273909	0.762853564387517
RAB14	-0.0109095832107429	7.05420065456036	0.031412976885383	0.85949387826448	0.976697281364496
RAB15	0.139900400956143	5.9620387335137	0.810148390709334	0.369112601526619	0.837800488418215
RAB17	-0.127961954479703	5.08443028760546	1.04197276938351	0.308543551364142	0.809143613444423
RAB18	-0.0428110451074475	6.57908261996606	0.347087485690149	0.556402915094253	0.901595089296096
RAB19	-0.0604832550657825	0.749000094225234	0.192151727538154	0.661584631955268	0.93279182956989
RAB1A	0.0606872698626296	7.78239361480754	1.24658240905848	0.265488546530376	0.779266061100351
RAB1B	0.0118680975966947	7.70861871510924	0.0298932563112429	0.862900024647196	0.978009106130661
RAB20	-0.209346256844816	5.16487189913247	4.46614680234069	0.035759431848469	0.435989995998642
RAB21	-0.151190458815596	6.21478203934697	3.17880220852827	0.0760511921872082	0.556978025210033
RAB22A	-0.0968735831210612	6.13923046162558	2.07010666213378	0.151707308506288	0.678603421796532
RAB23	0.0692137471682477	3.4799270124412	0.326451185181586	0.568370349076479	0.905260177677891
RAB24	-0.0511399131832194	3.12387853774286	0.200060935175725	0.65513499645821	0.932073783385108
RAB25	-0.0638128499526135	7.1291855249705	0.252577123869075	0.615795547841843	0.922208934934743
RAB26	-0.465906311554911	2.06223229580318	4.60706859860046	0.0329930709713971	0.422076342943286
RAB27A	-0.221577665256453	6.33848941811461	3.50167617515746	0.0627044447248784	0.529024270250285
RAB27B	-0.204178619764183	6.02661795159079	0.970477992873848	0.325700383982239	0.819410031399088
RAB28	-0.0644129633073437	3.96882176412096	1.37266491248026	0.242688824245728	0.762753563217478
RAB29	-0.146154536365859	4.84002497875892	2.08595544766497	0.150157047356961	0.676868530494906
RAB2A	-0.0619979955710175	7.55713297158263	0.709163739192532	0.400684435128805	0.850181894725985
RAB2B	0.0323816963273157	4.74299059332452	0.222614760643502	0.637547128886362	0.926870774701993
RAB30	-0.263806367808758	3.9005456959066	6.2675491864364	0.0130622418818035	0.279890343940514
RAB31	0.196389176896111	7.29284335337803	2.58877310006775	0.109133552268828	0.617057019558936
RAB32	0.0510883387093861	4.60105378362703	0.145503375054218	0.70325768918208	0.941642853640606
RAB33A	-0.461186809984389	0.373596329071544	8.38058835714721	0.00419526905809973	0.156114599777136
RAB33B	-0.183193972235804	3.90766929995889	5.70976814419052	0.0177595785682574	0.322419352954535
RAB34	0.0785017218975949	6.77714437451848	0.753493393690957	0.386368348953757	0.842329055056748
RAB35	-0.013575236562893	5.89488868899913	0.0446789912784633	0.832801425675793	0.970483939319722
RAB36	-0.246454551698231	3.56851748728152	2.28371847986784	0.132249001890038	0.651304428773509
RAB37	0.0200995954677268	3.17361134523409	0.00903270337270175	0.92437371523467	0.98971154472236
RAB38	-0.00893420002348513	4.07506564672236	0.00329557156676403	0.954275794483144	0.993312981526436
RAB39A	0.12019712057441	-0.288782103514444	0.352233642109125	0.553493361401279	0.901591668361927
RAB39B	-0.145674318450329	0.708945957235827	0.616047129327264	0.433409027971172	0.864177419654062
RAB3A	-0.138366728982717	1.83083083006253	1.17994553621804	0.278618688766946	0.788098936685002
RAB3B	0.0960424490133461	3.40982235822039	0.0784134798146485	0.779736072913526	0.959131218290452
RAB3C	0.0302430831168894	-0.364916748483559	0.0132765985911084	0.908378136407361	0.986350864690804
RAB3D	0.118995306249507	5.44354429919753	1.23196815351404	0.268300403430965	0.781129591620459
RAB3IL1	-0.213208755890416	3.64066093830819	2.40359940887898	0.122569776041138	0.639983736459524
RAB3IP	-0.407569938584409	5.25034438991183	7.84084904338713	0.00558681409160773	0.182655839156846
RAB40A	0.160309486734651	0.0197751836003605	1.15579078924536	0.283580101960875	0.791536581823322
RAB40B	-0.236281695343458	4.28590716345475	3.87960522395651	0.0501973948833651	0.491545900593274
RAB40C	0.0239116005659406	5.91685908556938	0.0479438515176217	0.826894286771166	0.969462267248953
RAB41	-0.115741494535045	-0.632095362244826	0.876265065232988	0.350307367832467	0.828845210848325
RAB42	0.0414523256847116	3.15316757432266	0.0578771164627989	0.81011915056923	0.966046936182864
RAB43	-0.169976931855592	1.91191490472594	2.47016145433165	0.117539073592747	0.632986019650206
RAB44	-0.415780186205098	-1.03790433245555	5.03640340496353	0.0258684548091011	0.378850412691421
RAB4A	-0.0167248250483088	5.27638114003599	0.0564028062923102	0.812507254616345	0.966863050434835
RAB4B	-0.0366585043878451	3.92861361692228	0.162161878985876	0.687585583804043	0.939219855076787
RAB5A	0.0396744035602159	6.0743162723432	0.41298256026323	0.521164093027367	0.894056298606036
RAB5B	-0.0578696395860435	7.68898674120473	0.881398287404904	0.348902998288947	0.828489829590479
RAB5C	-0.0568775495044505	6.92703740071859	0.785935599548879	0.37635119052497	0.840246777883398
RAB6A	-0.0528596172778728	7.30863818267178	0.56356279981341	0.45367288928292	0.868766472461371
RAB6B	-0.100663894929112	4.08069291038841	0.32289248773795	0.570484700591585	0.906158714813596
RAB6C	0	NA	NA	1	1
RAB7A	-0.0225332322845206	8.15589009900865	0.115594609370144	0.734204041582554	0.949059313645245
RAB8A	-0.0048894155921769	5.32499309171582	0.00770277607130975	0.930147148230495	0.990531347339341
RAB8B	-0.0895759231223006	5.11958564883071	0.72797221995524	0.394518304437931	0.846142417437052
RAB9A	-0.032770386825568	4.76179018318316	0.169034046697849	0.68139308495116	0.93789841354112
RAB9B	-0.249790273792515	0.205213260485337	2.24737818676951	0.13535038546485	0.656310860440112
RABEP1	0.00857745472251058	5.55760732857699	0.0236625771671612	0.877895047971452	0.980781581192673
RABGAP1	0.0294892966861689	5.90892410650237	0.185142344885271	0.667434214378508	0.934780841085253
RABGAP1L	-0.261982662789324	5.88701107778002	8.24710418961942	0.0045023182777794	0.162265013387408
RABGEF1	-0.0582183353674955	2.65749769996025	0.551589674942365	0.45850304882149	0.869929390294653
RAD23A	0.0668504665819075	6.54325178267864	0.951910329619947	0.330361751101613	0.822793518977051
RAD23B	0.0420375872768093	7.72713827358166	0.340221621192706	0.560330379766651	0.902950808541536
RALBP1	0.0138601165863723	6.52150063799469	0.0285196861273564	0.866056194345121	0.978222817105421
RASEF	-0.333043946565885	5.63709922840697	5.83688845434009	0.016553374411424	0.315291953444891
RBSN	0.00289503145935013	5.19974673017131	0.00166993283758348	0.967442692040761	0.99534382402781
RBX1	-0.0612593995527317	5.91057323209597	0.382269150280339	0.537064706768534	0.896188792313246
REPIN1	-0.0972577445520917	6.83640605162906	1.36868231150068	0.243371170258015	0.76314906806256
RER1	-0.0471322672823646	6.92086821544317	0.479654966721384	0.489347660158147	0.882414100917602
RFT1	0.164833084123726	4.73983159083173	5.50276864780117	0.0199233277574783	0.337605673796734
RFWD2	-0.0871652343642236	5.74887979490953	1.85224619179317	0.174988465453801	0.702633147244002
RNF185	-0.0890550608351493	5.03629408241323	2.79088116717594	0.096299316956343	0.59513419619006
RNF5	-0.0953525422378013	5.61695859753177	1.15165288617409	0.284441267137166	0.791536581823322
ROCK1	-0.104869320850537	6.06174393716448	1.49256647022082	0.223195277658069	0.747777029095017
RPN1	0.0331665656959303	8.72828499926601	0.200536500409463	0.654752101204612	0.932073783385108
RPN2	-0.0132486245636458	8.97448212043038	0.0271874843740235	0.869192906344363	0.979318539052848
RRBP1	-0.218530953451726	8.75937599876768	4.45857273058974	0.0359148717240311	0.437515369091393
RUFY1	0.0356120076357411	5.91675684232714	0.255895577224308	0.613487350934315	0.922005436777752
SAR1A	0.0771813961037931	6.99941804050879	1.96499601367342	0.162463789428474	0.687894214284068
SAR1B	-0.0141581248598079	6.18918745033609	0.0372388850115711	0.847166939927478	0.973761955550186
SEC11A	-0.0284411561017564	6.97888103726326	0.143707698704073	0.705007488624867	0.941874274855757
SEC11C	-0.020649513441501	6.76324594278394	0.0107271653461227	0.917608329358826	0.988279828687926
SEC13	0.0578898779008112	6.99280786558277	0.651748432134617	0.420406331111909	0.857222247664927
SEC16A	-0.0219293734080008	7.4980125966916	0.0652370762863018	0.798653455567057	0.964063129309158
SEC16B	-0.360971623417285	-1.53527229248574	3.19483081780535	0.0753208290325108	0.555369405830487
SEC23A	0.0836137932954115	6.33380021378784	0.552199757646367	0.458254967644906	0.869929390294653
SEC23B	-0.0875918666301266	6.64069439964487	0.879946903961482	0.349299293066273	0.828588507276779
SEC24A	0.0602702408583712	5.90473981696538	0.587898514780147	0.444098364316073	0.865248275758945
SEC24B	-0.00466039206883271	5.61655817689213	0.00580760095189472	0.939326842717732	0.991613031866159
SEC24C	0.0278459133685741	6.11826291377167	0.106786579023188	0.744159775534554	0.951087397151003
SEC24D	-0.0680197974997298	6.70531637436312	0.596810340572908	0.440670607074706	0.864665064405862
SEC31A	-0.0786241081561369	8.01048980069368	1.50721663044695	0.220945604944989	0.746490970387637
SEC31B	-0.197768718198815	2.7009298627274	1.15697693760553	0.283333857355949	0.791536581823322
SEC61A1	0.0371172031896487	9.04692580810217	0.297702989240074	0.585908062948359	0.91296539922488
SEC61A2	-0.0820806857579287	2.91202188244858	0.603237125180896	0.438223951368293	0.864177419654062
SEC61B	0.0271647345438887	6.37131682111816	0.10332478574817	0.748196988324939	0.952486987433026
SEC61G	0.229742705688162	6.23093093938481	5.22235207728571	0.0233019843950874	0.365302560934912
SEC62	0.0499610003571376	7.61385836070972	0.442680110527189	0.50656548834781	0.888137489231965
SEC63	-0.0389341135727011	6.71067091374047	0.352194695800828	0.553515272776177	0.901591668361927
SEL1L	-0.023155335105205	7.25743712980665	0.0873251226535249	0.767899112800537	0.956578435382437
SELENOS	-0.0691983681962065	6.2620285401904	0.622990959189118	0.430832741848456	0.862946532548347
SGSM1	-0.260023335367302	2.70583297541162	2.10513844200813	0.148304710269212	0.675541149409956
SGSM3	-0.238406227734379	6.22327141853503	5.94656080662624	0.015581215413563	0.306993397634603
SIL1	0.00412002666718384	6.33655386905068	0.00166680933124189	0.967473137499752	0.99534382402781
SKP1	0.0513254295020931	7.77776196543226	0.406461007426046	0.524469258893247	0.89450741895344
SMCHD1	-0.0427276014510641	6.04275370160122	0.182063699523179	0.670045007102822	0.934850319677349
SNAP23	0.0260446596739262	5.78999624399182	0.147916975474988	0.700925140084725	0.94136064022406
SNAP25	0.725016004401495	1.57843072422612	7.24344713158815	0.00769229396528158	0.217891049560591
SNAP29	-0.0665256515901374	5.40136666145981	0.965294105091599	0.326992919849022	0.820537391382981
SNAP47	-0.0976213977805146	5.24333726497141	2.29470397327995	0.131327259124702	0.650330897700915
SPCS1	0.0452881724955193	6.58431565358684	0.372654723350096	0.542224186336044	0.898257183821223
SPCS2	-0.0490485946763544	5.78875464790925	0.436724816418787	0.509435483955813	0.889767414042591
SPCS3	-0.0248785757416327	7.37830306828848	0.119802070069305	0.72959754068289	0.948984357434481
SRP14	0.0725523324431357	7.54625853548332	1.03225085899006	0.310805629644393	0.810706970792542
SRP19	0.115366239229253	4.52190447601602	2.58243014879787	0.109565787375796	0.618077234696717
SRP54	0.0902877338799738	6.57629819320651	0.673405513261922	0.412802042037463	0.855475420895174
SRP68	0.054943550460317	7.00561992839165	0.722844385772337	0.39618568245364	0.847277723460875
SRP72	0.00916828886596159	7.03987711418915	0.0151443056098232	0.902176134714582	0.985530822427771
SRP9	-0.0699699550709127	7.46772144277576	0.688921174991376	0.407478906598261	0.852281710715323
SRPRA	0.0183038640878209	7.91515305484671	0.0667725739961261	0.796349572937824	0.963669763901929
SRPRB	0.0905509419016117	6.54776450737241	0.922299875196807	0.337981853746672	0.824853329410503
SSR1	0.0354289397381294	7.93359608319915	0.221772623720021	0.638183856364256	0.927019406729441
SSR2	-0.038126452454235	8.46881246868538	0.161833222502491	0.687885532158227	0.939219855076787
SSR3	0.0839462164687973	8.12413160484627	0.734613202587396	0.392373936115511	0.845478980556136
SSR4	-0.144867180016733	8.4275872452087	1.35731323872041	0.24533203816237	0.764235651649095
STT3A	0.0366888190022402	7.72121787392743	0.215432799497239	0.64302537838618	0.928934777346524
STT3B	0.0669505020997322	7.73553261746723	0.974717265472163	0.324648421237799	0.819062320239747
STUB1	-0.0111727910318336	5.37580623062201	0.0179038703417454	0.893685291690289	0.984409093125885
STX10	0.00587372920459178	5.53702604510307	0.00440351747252676	0.947155460310947	0.992227503666923
STX11	0.0420358019223869	2.81043781550513	0.0898466257563268	0.764670208096039	0.956103886642587
STX12	-0.0840846350737099	6.05002669924455	1.9971962246887	0.159078488780841	0.684194643122103
STX16	-0.112385266230025	6.16234758562676	2.09183423854257	0.149586600640677	0.676868530494906
STX17	-0.0128535992255764	4.00518447649532	0.0303878039651363	0.861782000776677	0.977714358354845
STX18	0.0292419966869748	5.0458401022996	0.236615405868082	0.627171223678385	0.924277815998151
STX19	-0.0303840368329953	1.66883547540704	0.0348893825744253	0.852008881982649	0.974759976869118
STX1A	0.00542254089823448	4.40098202588747	0.000988265060670468	0.974951295247088	0.996755563331576
STX1B	-0.384724976717939	0.482548129919864	3.70711162379666	0.0555386793050158	0.510370578094941
STX2	-0.00119530754045274	4.01008059420905	0.00016204426084148	0.989855621020616	0.998552625658031
STX3	-0.109445788538426	5.86086833427917	1.72917749857116	0.189957362125381	0.719255383448921
STX4	0.00450901971796249	5.6908594004987	0.00460064949657625	0.945987347847588	0.992227503666923
STX5	-0.0264089892766196	5.70503187508118	0.203685213876841	0.652230618563719	0.932073783385108
STX6	-0.0248153860676096	6.16347625128691	0.180365297957893	0.671496497822147	0.934850319677349
STX7	-0.083425019679261	6.00121374538078	1.27820153471964	0.259529795652621	0.776099575751724
STX8	0.0151450475161165	4.47580594078161	0.0306649537172975	0.861159545057436	0.977322147319161
SURF4	0.0192999965709383	8.5819269363589	0.098517925960828	0.753928629091362	0.953562954281649
SVIP	-0.144425049963983	5.21161506901747	2.02203367782421	0.156522417219761	0.681431854107626
SYTL2	-0.191180585596924	5.68126842727113	1.24463676267173	0.265860762602717	0.779764078769008
SYVN1	-0.0669735462851264	6.94125489436973	0.761120823898011	0.383979440458957	0.842329055056748
TBC1D1	-0.00526019653594281	5.49479100591008	0.00225028284367972	0.962210134792528	0.994337768629626
TBC1D10A	-0.151964420330257	4.56030762189604	3.51568001010131	0.0621857907396492	0.527302185356154
TBC1D10B	0.0332376154519089	6.2389412515379	0.3100331840221	0.578255733583296	0.909579728044478
TBC1D10C	-0.284877170682167	3.66638995978226	3.16895018221817	0.0765039144071184	0.557087172803202
TBC1D12	-0.0507093764975072	3.64085721880203	0.512672411174077	0.474783730955565	0.878040331544112
TBC1D13	-0.0115310232642362	5.22093703745215	0.0285530095840815	0.865978709730784	0.978222817105421
TBC1D14	0.10467284681092	4.84384871696687	1.08870776731527	0.297963425927739	0.80076965874686
TBC1D15	-0.0826545843214978	5.6429888247817	0.843142324719737	0.35955835546563	0.833616022529791
TBC1D16	-0.127020642796636	6.28486174233837	1.39565022645411	0.238796140561766	0.759687367597592
TBC1D17	-0.0710640150837452	5.40939702664193	1.08302758883081	0.299223965759707	0.802074308807956
TBC1D19	-0.119542630129263	2.435868852764	1.91572431690167	0.167805385800888	0.694480622374896
TBC1D2	0.20728053118135	5.75032180244276	2.83008689693159	0.0940071740201146	0.591208011247651
TBC1D20	-0.0443781744142242	5.65785448825803	0.646519261546019	0.422273763123228	0.857758503381484
TBC1D21	0	NA	NA	1	1
TBC1D22A	-0.033856992793103	5.42509546385457	0.266470411659734	0.60625520486589	0.919470709638298
TBC1D22B	0.0259289218222547	4.71996089037004	0.151653049161444	0.697357248294684	0.940488332933558
TBC1D23	-0.0281275621762784	5.44220332080051	0.154346269499097	0.694816559314356	0.940076677962374
TBC1D24	0.00953697308976285	4.95996428097177	0.00593808911745945	0.938650350737934	0.991582472035896
TBC1D2B	-0.0939029248946418	5.86632914106826	1.07668016628552	0.300640749376128	0.802493659283738
TBC1D30	-0.0714712416979899	4.57184897288764	0.27050441922285	0.603544226022023	0.918523783330879
TBC1D4	0.0768007475229787	4.69911554208653	0.566892020031809	0.452344077251705	0.867642252942578
TBC1D5	0.00445552146145441	5.88415385740198	0.00314987261028604	0.955296875253116	0.993335364377677
TBC1D7	-0.0495713852543164	4.21213426498238	0.208635135866702	0.648313775080291	0.931293047328546
TBC1D8	0.191029226732997	5.34446210464148	1.74529099820724	0.187914774031114	0.716555964800054
TBC1D9	-0.117675536822351	5.51435845184995	1.92805345826822	0.166450047709352	0.69348206122995
TBC1D9B	-0.0684178424652432	7.37449137452417	0.859630532514425	0.354911853300007	0.831642505419809
TMED10	0.0125300214960938	8.60548492962534	0.028552238984733	0.865980501023987	0.978222817105421
TMED2	0.0690656714876374	8.7739030841494	0.62587421925317	0.42976984206383	0.862520827085655
TMED5	0.0296869671907651	6.85285440694879	0.101528356222734	0.750321485462007	0.952968272544596
TMED7	0.130466229256938	6.88610530445168	2.3279290198394	0.128583100657943	0.645040101880991
TMED8	-0.0538203016285038	4.98177652983572	0.649544888451689	0.421191743929032	0.857758503381484
TMX1	0.125170779287695	6.08492238473947	1.85100048116046	0.175132946758339	0.702633147244002
TMX2	0.134566804400078	6.3955457460896	4.02939290584286	0.046002359754125	0.477970982115911
TMX3	0.165589071247408	5.63571960951965	4.26047871162863	0.0402442104215367	0.453828501623795
TMX4	-0.186293097247202	6.31055360142131	3.14463576983891	0.0776337570409633	0.558382805063398
TOR1A	0.038961646143861	5.52280021151205	0.460155974267492	0.498301676563287	0.885249392930575
TRAM1	-0.117997633187199	8.96394540421081	1.11540133706087	0.292130438168307	0.795699232392725
TRAPPC1	0.0622921748134528	6.34198990602057	0.589167655511657	0.443607698966896	0.865248275758945
TRAPPC2	0.0458837121157965	3.97513525012033	0.385135251900095	0.53554400522918	0.895811298650876
TRAPPC3	-0.0401408766590361	6.01573068751282	0.300666866589828	0.584050040262245	0.912270110634632
TRAPPC4	0.0560280235508509	5.55884220617189	0.538742597959454	0.463777148888659	0.872722340121764
TRAPPC5	0.0591926260781763	-0.281926856789453	0.255718722937779	0.61360988875527	0.922005436777752
TRAPPC6A	-0.0466378833797784	4.45690935753488	0.147153811127268	0.701660300169491	0.941421567345803
TRAPPC6B	-0.0578054175261524	5.05596973946117	0.557334737699088	0.456175303661475	0.869380404185632
TRAPPC9	-0.207205726314863	5.55898469815965	5.76624044091404	0.0172128234088159	0.320350710832147
TUSC3	0.343401676119839	5.69804582675195	2.76194217576677	0.0980305427711917	0.598711256224804
TXNDC12	0.0467636419352283	6.64697150789971	0.468874514136057	0.494264271301306	0.883890677754416
TXNDC5	-0.086723258461368	3.80914853134414	0.565706201557733	0.452816677665125	0.867899128585751
UBA1	0.042062830067193	8.59177333488057	0.387754680406758	0.534161028851827	0.895811298650876
UBA5	0.00427090765681506	5.20451590112453	0.00442736791021962	0.947012756138171	0.992227503666923
UBA7	-0.0765762560706299	5.84928626311831	0.51336647444051	0.47448524364211	0.878015616100037
UBE2D1	0.101136195358405	5.05492243486388	1.40859203090913	0.236637931738435	0.757826147489342
UBE2D2	0.0763987934335242	6.39596522063789	1.60073319117846	0.207208510010281	0.73198732248142
UBE2D3	-0.0633882804776243	7.9988099810964	1.26607681047931	0.261794835649368	0.777116376446497
UBE2D4	0.0353314733672127	4.64834947428063	0.192209298976054	0.661537116936423	0.93279182956989
UBE2E1	0.0764532637082042	6.2404421433571	1.00119932226321	0.318177873324046	0.815017519957644
UBE2E2	0.093461685432482	4.41479422135989	0.748760306402584	0.387861443576684	0.842476952613765
UBE2E3	0.102349402300053	5.78538598154615	1.05856360387204	0.304732584066426	0.806643410511202
UBE2G1	0.13107292973659	5.61088170081238	3.47742708634443	0.0636135636590777	0.531906120339441
UBE2G2	-0.0113610208018154	6.39764904194032	0.0253787351624631	0.873580855619118	0.979725320230839
UBE2J1	-0.0653563467314158	6.7031527821333	0.91071121857613	0.341028543460029	0.826261497329992
UBE2J2	-0.0751493709705417	5.69724039475279	1.2926176626385	0.256868319807253	0.775049853955478
UBE4B	-0.0418262909002463	5.99803863879728	0.325683626805292	0.568825085964517	0.905502655148348
UBQLN1	0.0309009065341288	7.08387859447424	0.237935424005327	0.626212698497592	0.924099405269691
UBQLN2	0.0248689691887647	5.97961070018038	0.135314477992243	0.713356585080335	0.94361282204171
UBQLN3	0	NA	NA	1	1
UBQLN4	-0.0424921062458886	6.14351868248706	0.28035525294606	0.597030590864385	0.916625030473058
UBQLNL	-0.101228766409904	-0.774311647346428	0.416275237405381	0.519509336348738	0.894056298606036
UBXN2A	0.0693370951793098	4.60034099793779	1.08020605384839	0.299852680827247	0.802267948478918
UBXN6	0.00483704508615737	6.7460289497762	0.0051517523290027	0.942849062006309	0.99214324533112
UFD1L	-0.00528702993915583	5.94979004817142	0.00421502260381476	0.948297217979612	0.992227503666923
UGCG	0.00054120300294789	6.4753458795037	2.85528559243746e-05	0.995741632644431	0.999464301338865
UGGT1	0.112118331265644	7.07345656450105	1.75316694092059	0.186925763119671	0.716067552150308
UGGT2	0.118837789931626	4.59604343353044	2.48008928929752	0.11680863780792	0.632986019650206
USE1	0.00398320174098858	4.16663069314073	0.00213671463924234	0.96317537709459	0.994337768629626
USO1	-0.0130583385498299	6.90396029304951	0.0330753368020999	0.855863999248863	0.975331641425777
USP6	-0.0257333241266507	-0.722929316864346	0.0362370873205033	0.849211538709338	0.974065020402197
USP6NL	-0.115777066750801	5.17370172779748	2.33991767512558	0.127608758090673	0.644200091194975
VAMP1	-0.155307536116615	3.10511787376407	1.4807098905044	0.225036192336266	0.749402156959763
VAMP2	-0.00498414136283058	5.82914849635017	0.0034963239706986	0.952905300008594	0.993312981526436
VAMP3	-0.0814612029171875	6.8650057349092	1.6960530978978	0.194238684332382	0.722058013913866
VAMP4	-0.15379389308231	4.57556704982887	5.57717447055083	0.0191155739953045	0.332034901726658
VAMP5	-0.269205753930017	5.70131741173865	2.89219531145618	0.0904973917136074	0.584048948167963
VAMP7	0.05709840314703	5.72082958629132	0.586738214734017	0.444547687516306	0.865248275758945
VAMP8	-0.0556468375928699	7.65706792389452	0.269561945614222	0.604175287538424	0.918523783330879
VCP	0.041751003755209	8.51617226105439	0.436983417146951	0.509310274886795	0.889767414042591
VPS45	-0.0895269194831889	5.59389525107138	1.62698354817564	0.203537088070466	0.728465430922378
VTI1A	0.0546861771211515	4.42758202269673	0.899816985699716	0.343926643385353	0.827870627971963
VTI1B	0.0320211844084016	6.21597148470162	0.281265300975044	0.596436270607161	0.916310336103659
WAS	-0.211401260545583	4.0980613607951	2.97619415917783	0.0859763816511351	0.574862789742594
WDR38	-0.303836965345181	1.13462575047634	0.767783517919727	0.381909879988432	0.841938652143178
WFS1	-0.120929301710203	5.98581802845126	1.3355293699296	0.249143708746803	0.767629899177841
YKT6	0.181486036663125	7.16029652813078	4.83029361099863	0.0290623895881827	0.402098119359991
YOD1	-0.0841162700633534	4.48144923736894	0.727370319746384	0.39471349332572	0.846193851797055
YWHAQ	0.052534731978656	8.18088454576212	0.384372472911929	0.535947954489072	0.895811298650876
