pspGenes	logFC	logCPM	F	PValue	FDR
A3GALT2	0	NA	NA	1	1
ABO	0.120091837967092	5.33853060104156	0.345116352177914	0.557113978939925	0.598798850062244
ACAP1	0.386760362840874	4.30946456822192	7.65916393828979	0.00582450551887136	0.00862306476694474
ACAP2	-0.207110208680335	5.89469293856445	5.24456361159852	0.0223650812230828	0.0306587698037835
ACAP3	0.934361826683669	5.45498858417839	64.1370531479663	6.14540626452262e-15	3.5508286546806e-14
AGAP1	0.172161036888696	5.55918122501938	3.17037497099623	0.0754962171879513	0.0955843601697504
AGAP2	-0.0857755326202999	2.82330722647247	0.501945506194207	0.478924448479284	0.523079197763892
AGAP3	-0.149836267904372	6.51287258442114	3.53852560139642	0.0604475931708798	0.0776603277916765
AGR2	2.51297269535943	9.2620279846923	81.5849727928672	2.33515647610463e-18	1.92366167385473e-17
AGR3	-0.333910733451381	6.20688873182413	1.66455736617748	0.197491115180061	0.232954079999219
AKAP10	0.00228926269438502	4.94164040372662	0.0014153482359974	0.970002412323055	0.974395572630056
ALG1	0.580914087890376	4.7183032180597	47.9147173690882	1.15757305905627e-11	4.58658887708593e-11
ALG10B	0.374416804574488	3.81455851207197	19.2735695677391	1.34077800434057e-05	2.73122595095816e-05
ALG11	0.0904234835724086	3.03332927851478	1.2750208289328	0.259282664491646	0.299065098395862
ALG12	0.157936144475491	4.19455792502666	4.58865402310057	0.0325901992076906	0.0435968540845018
ALG13	0.305251266628203	4.96327325206037	16.1555937759069	6.58527934384452e-05	0.000123947702347167
ALG14	0.156279074308916	3.46013972241885	4.06580591230476	0.0442093617329051	0.0579605550158106
ALG1L	3.29788305285033	2.73583406262102	126.951331789773	8.03620169861937e-27	1.33149722305938e-25
ALG1L2	2.04500190951781	-0.394029928878137	141.530221141833	2.01288976247117e-29	3.96775297913846e-28
ALG2	-0.0713158517837548	5.3998194907154	1.46723235142199	0.226264523002518	0.26389862218862
ALG3	1.11578298005284	5.81378709155659	108.581170293994	1.82837147670613e-23	2.34148649957214e-22
ALG5	0.125196858513762	5.2866866713308	1.6156302283384	0.204199671410961	0.240233836738172
ALG6	0.729789532076197	4.02462217130181	99.883777875376	7.65370043108656e-22	8.56344930810083e-21
ALG8	0.937165648012699	5.3718525000711	123.286166544209	3.69505540379346e-26	5.80519597188837e-25
ALG9	0.368834530441192	3.40195064417495	10.3994055746555	0.00132975155498419	0.00214270223090675
AMFR	-0.147049164347436	6.69201605237327	3.31674536874754	0.0690803316228114	0.0879634442711542
ANKFY1	-0.456474305261819	6.17545084079174	54.8161047145217	4.55336386635916e-13	2.11587123043457e-12
AP1B1	0.121422331451344	7.23646732080785	2.65961808039292	0.103455488345707	0.128179324949377
AP1G1	0.00282325833137317	6.9373741340339	0.00237643793522744	0.961135932632714	0.967255950200475
AP1M1	-0.420126708998043	5.7493689098578	42.2013171473675	1.7428449725767e-10	6.03366345831447e-10
AP1S1	1.14400451998307	5.91900443680031	94.6555378565301	7.400058771562e-21	7.63255768724531e-20
AP1S2	-0.92681597079602	4.71096223437435	74.1961853077212	6.3756063039121e-17	4.55790229646414e-16
AP3B1	0.0844300964695373	5.91574419916871	1.84377191409898	0.175025043887005	0.208560316404227
AP3B2	0.988312840492945	1.11634867243229	10.2363716841935	0.00145035182719017	0.00232468489262509
AP3D1	0.346285281397001	7.49017138059105	21.5971641280733	4.14623059238227e-06	8.93789694996225e-06
AP3M1	0.184220701284948	5.89317139115172	9.52627964394559	0.0021198418899361	0.00332567206627279
AP3M2	0.183654566367669	4.55759469501408	4.54621584060742	0.0334011323823572	0.0446216271751752
AP3S1	0.366895890556815	5.62018790482577	25.8177091345116	5.0327733568723e-07	1.19585001783658e-06
AP3S2	-0.158938912642916	4.69352991566795	5.45097120091297	0.0198896781147211	0.0274608026447638
APPL1	-0.251652625032506	5.81750901085338	16.551478352486	5.37401788239179e-05	0.000102257824228858
APPL2	-0.0305731352265147	5.28973328249486	0.172558391665466	0.677998024382029	0.712527387539488
ARAP1	-0.650146774710199	7.24898029720194	78.4706403235952	9.36580007717188e-18	7.25567734772159e-17
ARAP2	-1.14760885784153	5.16013392512184	117.528151948386	4.12771009952264e-25	6.03249060724255e-24
ARAP3	-1.32436193132324	4.54031263616296	235.144060240583	5.85931981011695e-45	3.0503133544029e-43
ARF1	0.417678093291643	9.38444845901103	28.8561660917634	1.12060198765339e-07	2.86406205695008e-07
ARF3	0.104945281162044	7.97199245648223	2.16326321397242	0.141873732888887	0.171873837878977
ARF4	0.451458540407342	8.1111026964704	34.5263385995749	7.00968531651437e-09	2.0380439991637e-08
ARF5	0.380654713352912	7.03806488584217	14.220116750601	0.000178888588850022	0.000320064087181906
ARF6	0.141056965315607	7.35842608093072	4.08463195035824	0.0437229233148769	0.057371257169916
ARFGAP1	0.887950001441865	6.68960385392782	81.3657087886419	2.57446035002429e-18	2.11156949902241e-17
ARFGAP2	-0.126265997816606	6.59948902651984	5.47556548647377	0.0196142934723767	0.0271075328259456
ARFGAP3	0.277696967460219	6.20973869728154	16.0116440253513	7.09107827039969e-05	0.000132918059703806
ARFGEF1	0.615756580798027	6.62699617840579	43.5254750551157	9.27036096459374e-11	3.29626710628435e-10
ARFGEF2	0.40069970237655	6.28174593333338	24.2339906393372	1.10680457005736e-06	2.5332119165881e-06
ARFIP1	0.151726207120682	5.65713110062239	5.45185988335235	0.0198796579600912	0.0274498400313182
ARFIP2	0.43714553287676	5.99235082609526	29.4960824820159	8.17977783432301e-08	2.12100457961609e-07
ARHGAP1	0.291994174153873	7.26500273239912	14.4544483573697	0.000158419542523374	0.000285473162105682
ARHGAP24	-1.35715322370443	4.15750037210839	204.154402010087	5.05066207428725e-40	1.94609014290128e-38
ARHGAP5	0.0593993527755296	6.7557290853561	0.40350576355617	0.525528869266642	0.568522377876209
ARHGDIA	-0.143305172352142	7.8213632677392	2.6201780054297	0.106043387623593	0.131157880643726
ARHGEF1	-0.0112451631124981	7.05477490157091	0.0138908284501528	0.906218935749665	0.919597946565808
ARHGEF11	0.112232169296934	6.32812760364579	2.3973504078212	0.122073521443695	0.14949928196849
ARHGEF2	-0.525241485522365	6.97750913007634	33.6808249186489	1.05717300371184e-08	3.00971030740699e-08
ARHGEF6	-1.41028059124239	4.95930678671156	201.117041769712	1.5759335884722e-39	5.82565702158757e-38
ARHGEF7	-0.139580427465723	5.80240526389955	4.80847208091471	0.0287071759590133	0.0387410370315062
ASAP1	-0.185905290613112	5.8145941514784	3.57986179282806	0.0589700653284417	0.0759394957200864
ASAP2	-0.0423781423962445	4.25398603885567	0.0597176410171051	0.807027160404807	0.830662358995612
ASAP3	-0.395427358433302	5.0927252522296	11.9758142373536	0.000577625262694798	0.000972373313576535
ATF4	-0.0288934785885045	8.07730179872182	0.11676956406817	0.732685766379806	0.762920471746434
ATF6	0.0927548613449102	6.60008513561501	2.04831916032425	0.152900201258653	0.184234097786847
ATF6B	0.443759061077352	6.97207474135617	32.7531284740715	1.66092337513468e-08	4.63702258972972e-08
ATXN3	-0.295128032428958	4.67085292495857	19.5752832015589	1.15061379259962e-05	2.36153191616442e-05
ATXN3L	0	NA	NA	1	1
B3GNTL1	1.21878981258677	3.22501761792352	147.4263546566	1.84906669927073e-30	3.90122034057168e-29
B4GALNT1	2.51610239564133	2.55147908149328	61.4278472977635	2.13213252196083e-14	1.15721788576257e-13
B4GALNT2	3.6448492359194	3.11726769737284	38.9078147205005	8.44248504293175e-10	2.71347966662373e-09
B4GALT1	0.45772927348805	8.36756934564525	19.3827935664441	1.26852973237255e-05	2.59065101796974e-05
B4GALT3	0.999785868130059	6.14120627047776	123.406722891353	3.51375274503408e-26	5.52364442837579e-25
BAG1	-0.0613815970268994	6.61979725945799	0.288071672790652	0.591659857662319	0.631292003199226
BAG2	0.569073706872833	4.25007004977753	13.1672601428168	0.000309416757030847	0.000538703554424286
BAK1	0.794558667394793	5.10116208012467	60.3313802156957	3.53349704635594e-14	1.86787744925934e-13
BAX	0.267396645402845	5.82944538699507	9.5599627031825	0.00208190637096497	0.00327004503423289
BCAP31	0.318706400817704	8.22271820902764	12.4544083663692	0.000449262179863796	0.000767099623193494
BCL2	0.00275801012518931	4.1345409150922	0.000293278735958492	0.986342339567338	0.98825189653951
BET1	1.00739912726203	5.18676222447824	80.098767018918	4.52692994221758e-18	3.63393518536772e-17
BET1L	0.2750699541448	6.38908629368986	14.9821920436863	0.000120557153561917	0.000220145669787826
BNIP1	0.367227775798731	3.57276365348687	15.8999401284311	7.51045217461141e-05	0.000140400081235706
CALR	0.689943713614661	10.1911859225619	66.9954781808468	1.6645298228482e-15	1.02576698912574e-14
CANX	0.358613913111524	9.75863679150307	21.3024566183796	4.80915805806028e-06	1.02996525303832e-05
CAPN1	0.43280090703481	8.21462972953778	22.9636857066097	2.08829898556794e-06	4.6490016384177e-06
CAPN2	-0.0939124910605357	9.05524178941693	1.05641673396826	0.304452198621646	0.346351938727629
CKAP4	1.0982711599663	7.28320153709583	98.7951303117344	1.22572420741303e-21	1.34742876844896e-20
CLTA	0.107723757168494	6.97384674160952	1.87090038502061	0.171889209964408	0.20518492188506
CLTB	-0.0635361420692217	6.15653631771808	0.28337104604521	0.594699224143854	0.634176046303296
CLTC	0.578673243743409	9.2269214020576	67.6162324738092	1.25450215299527e-15	7.81665010060367e-15
COG4	0.253332779134659	6.12016778423155	16.114203075132	6.72686706204883e-05	0.000126513416870256
COG6	0.376591338589908	4.93571904930728	22.3738865309774	2.80664358963207e-06	6.16807251496661e-06
COPA	0.706045931812832	8.48605897384796	88.350077766866	1.1704699477075e-19	1.08779520421802e-18
COPB1	0.434011540893415	7.48196943112335	40.8997816320516	3.24692370495681e-10	1.08769265476114e-09
COPB2	0.668375086693338	7.67806470802873	87.9320660326347	1.40694435790537e-19	1.30024122487935e-18
COPE	0.365455953372036	6.91124855796703	13.2343985044452	0.000298762806993199	0.000521151644159573
COPZ1	0.336837808698047	7.59969589526827	19.4989010854998	1.19602219682818e-05	2.44977571496842e-05
COPZ2	-0.225522626236766	3.46903255945556	2.83862133177091	0.0925483853101061	0.115615395772195
CRYAA	0	NA	NA	1	1
CRYAB	-1.9494466700859	3.87360974503852	193.115824436167	3.22577389571321e-38	1.10143694959191e-36
CTBP1	0.302329299753494	7.12303190730452	20.5239659919857	7.12104409667914e-06	1.49501143722359e-05
CTSA	0.629794180177703	8.12313453144488	37.0861622499654	2.03028299456274e-09	6.25946610892289e-09
CUL1	0.0346277326464578	6.19810598815228	0.443159845789368	0.505859668348231	0.549405813775953
CYTH1	-0.537958734803866	6.51716329894236	72.7913853957436	1.20108161530622e-16	8.37330907406031e-16
CYTH2	0.170650551077433	6.27958356297735	5.12337363918778	0.0239656471314043	0.0326966448044188
CYTH3	0.111162023417597	5.97885457832649	0.624848709336959	0.429566615816645	0.474511645512033
CYTH4	-0.275249846189215	4.6844459646545	5.27124961303655	0.0220278102748412	0.0302184004362868
DAD1	0.303549690647475	7.07274312203999	11.5795829947696	0.000711664566408869	0.0011843426586252
DDIT3	0.724275369594227	4.50743371312438	25.3967869056305	6.20324159434291e-07	1.45795510811297e-06
DDOST	0.731396369864434	8.25774985804719	76.0222606673301	2.80509792748735e-17	2.07388668622132e-16
DERL1	0.206591563622483	6.81909131969557	9.04327737123206	0.00274810773787784	0.00424644667370456
DERL2	0.339222278472236	5.42218138514706	24.1526173907023	1.15265848649408e-06	2.63313727648648e-06
DERL3	2.23214285251758	5.3467276353123	108.274720552508	2.08375093704138e-23	2.65821760426632e-22
DNAJA1	-0.181219337739812	7.64192903203125	5.65014134619949	0.0177697023103441	0.0247005225815895
DNAJA2	0.0484519334477694	6.3339197025193	0.597377742550747	0.439887711825603	0.484594359778161
DNAJB1	-0.54833187686569	7.1854129576979	30.8053687628125	4.30260569341733e-08	1.14640596277061e-07
DNAJB11	0.82627711303197	6.43027495025994	104.912178038716	8.78235968356507e-23	1.06722652618792e-21
DNAJB12	-0.226578804448106	5.91508410001478	13.4901376791438	0.000261466929052018	0.000458945143672206
DNAJB2	0.0302176599404253	6.67544487524957	0.136957940814475	0.711456064808046	0.743257267155892
DNAJB9	0.0537960262793299	5.99199717939721	0.27732232054943	0.598658233401028	0.63777943137787
DNAJC1	-0.154140849313357	5.26946397551885	3.76508866687007	0.0528059089127652	0.0684709018535151
DNAJC10	0.90486202243661	7.36119440308966	88.0285154112168	1.34844349446234e-19	1.24967758401823e-18
DNAJC3	0.266844688131879	7.16730262048235	10.4678924213377	0.00128217536090168	0.00207160482833246
DNAJC5	0.234473109490083	7.02732540649325	7.7340319642642	0.00559086343957653	0.00829904109016269
DNAJC5B	-1.20128321428062	1.6740307658541	56.8528558615491	1.76634400810793e-13	8.60799182976378e-13
DNAJC5G	0	NA	NA	1	1
DNAJC6	0.372724610592499	2.89468956559536	4.35987353817284	0.0372203830408732	0.0493715343240932
DNMBP	0.53211753104271	5.34857577621058	32.3578456792363	2.01410866366556e-08	5.56187320242611e-08
DOCK5	0.446598123124309	5.92392740160629	9.09371056025629	0.00267447318476455	0.00414309456735975
DOLK	0.132429473372291	4.46130773756425	3.16618147500291	0.0756892282742334	0.0958011552807805
DOLPP1	0.890206108938968	4.57307342402005	106.651829480623	4.16855037703864e-23	5.18739833340679e-22
DPAGT1	0.672519062007508	5.72536100197889	66.6884441484031	1.91464681206359e-15	1.17115151697813e-14
DPM1	0.273775818971205	5.10243678001009	11.7928965748691	0.000635995160390074	0.00106432007756376
DPM2	0.698839703204988	5.98659186285425	50.9277688104513	2.80404964108148e-12	1.19506032983537e-11
DPM3	0.596992604401168	4.73643480723707	14.0267595852297	0.000197778433929862	0.000352166497007676
DPP6	-3.23310515453407	0.0234710969789282	352.626242922981	4.14044807405113e-62	5.17928845812822e-60
EDEM1	-0.460581847129604	7.14134313594435	23.471229057308	1.6199378704406e-06	3.64506736167171e-06
EDEM2	0.053190045370425	5.92390495605609	0.432840192820599	0.510853455628043	0.554327664358106
EDEM3	0.627210462904565	6.29312683226678	40.9459057161324	3.17602270051019e-10	1.06502278182271e-09
EEA1	-0.318709492499822	5.12622195722595	14.7336163270138	0.000137095295572638	0.000248830506900303
EIF2AK1	1.00752134739505	7.94193723587618	164.227382227589	2.28247690815622e-33	5.83756739475535e-32
EIF2AK2	0.253448112491224	6.53868976035789	10.2281829978213	0.00145669426036048	0.00233470903011625
EIF2AK3	0.281587539763755	5.09438674114614	13.8245255299758	0.000219698105219787	0.000388497372984796
EIF2AK4	0.0552477227919668	6.02184853568414	0.707331803211224	0.400669427137861	0.445424516042317
EIF2S1	0.174978482786767	6.24508258009734	5.32124709848166	0.0214100622719547	0.0294306121350957
ERLEC1	0.224431808444602	6.98110804255216	7.42687255459194	0.00661505831802434	0.00971607397028016
ERN1	-0.0296120011409451	5.87814174706283	0.108951591252149	0.741457276416043	0.7712628420322
ERO1A	2.06057930175401	7.86338900198464	165.223374759019	1.54195103952677e-33	3.98611711432611e-32
ERO1B	1.13747389159996	4.86363254988907	27.1639787691158	2.5827924060168e-07	6.35501284277128e-07
ERP27	-0.185196382376825	4.00361568945338	1.01524457514336	0.314059917545541	0.356452266768308
ERP29	0.270820101800171	7.83208273596006	6.78556363387591	0.0094199124153168	0.0135610978667978
ERP44	-0.0448862310742225	6.44767844261324	0.534811711651604	0.464879282623849	0.509298679460978
EVI5	-0.54982610425759	4.84058401121882	48.8185772241106	7.55883492634227e-12	3.05894455210182e-11
EVI5L	-0.120775811588566	4.32762442240565	2.10172371711377	0.147660924003419	0.178359408451605
EXOC1	0.167843922659611	5.54405089418782	8.20315745671779	0.00432948279245974	0.00652202321923306
EXOC2	0.0107460639343294	5.33924031798673	0.0330441336506145	0.855817035131465	0.874402308104358
EXOC3	0.327589451132969	6.22786047356808	17.5859337734202	3.16493565315223e-05	6.18001861576532e-05
EXOC5	-0.124702349122332	6.06958133459738	2.89503883565942	0.0893759156475761	0.111927686354248
EXOC6	-0.45787793272222	4.65816713448612	46.3299624249358	2.44831791206555e-11	9.31808262019585e-11
EXOC6B	-0.110564877913609	4.93358231259254	1.74314771649619	0.187248970693462	0.221826633881564
EXOC7	0.106472422492035	6.21696056760297	3.18671575113158	0.0747491544799638	0.0947157553213713
FAM71B	0	NA	NA	1	1
FBXO2	1.16963166588412	4.46853205663185	24.3473828231727	1.04595146918649e-06	2.4008038157847e-06
FBXO6	0.543459616810246	4.67947173963068	19.9941246233871	9.30761887647127e-06	1.92920757519697e-05
FBXO8	-0.395517274829956	4.41608580343969	35.4814968193328	4.41094775885934e-09	1.31106481021772e-08
FUT8	1.44993373364907	6.03871959619691	118.226583769914	3.07684940456245e-25	4.52930079107759e-24
GALNT1	0.459475554358019	6.88396588313248	26.3702122339906	3.82626581866377e-07	9.22877273305415e-07
GALNT10	0.543209711197549	7.12242701159406	17.605935297161	3.13277419380462e-05	6.12265398528539e-05
GALNT11	0.177051116448721	6.10856352340472	3.62811355467673	0.0572938779494115	0.0739433091094209
GALNT12	0.0355239344146292	4.90236672128977	0.0711555143657358	0.789754295791998	0.814726397621027
GALNT13	-1.59758308962628	2.16811794076078	38.1626762450057	1.2082804411911e-09	3.81566809820508e-09
GALNT14	3.69361435803115	4.37949768373324	130.828144018614	1.61447853860274e-27	2.79793477005126e-26
GALNT15	-0.933202827728219	2.39818661237727	24.805668832865	8.32410965119489e-07	1.92995915437138e-06
GALNT16	-1.32659071269959	1.68070222825054	47.4509991780911	1.44090683098375e-11	5.64346266463648e-11
GALNT18	-1.39686188982805	5.1242879436864	175.047030909883	3.31281417737084e-35	9.48355937066441e-34
GALNT2	0.811374023959256	7.22147811817943	60.4874992676894	3.28806943763347e-14	1.74548078714597e-13
GALNT3	0.953733728357075	6.19440480655397	30.7150615472907	4.49724247375668e-08	1.19640707842583e-07
GALNT5	-0.637690932037842	5.42945094066466	11.009526728225	0.000961859393954516	0.00157675404285669
GALNT6	1.85242555485393	6.24176202868076	69.9241416157025	4.39520326684033e-16	2.8828776099648e-15
GALNT7	1.75359440518322	6.36113302999258	168.247389604847	4.70221283882067e-34	1.25490602293056e-32
GALNT8	0.163941699097327	-0.783239888973782	0.336267662184562	0.562211432352724	0.603628871395591
GALNT9	-0.551853952659239	-1.03055717232285	3.41596151559207	0.0650656206923327	0.0832166493460013
GALNTL5	0	NA	NA	1	1
GALNTL6	1.69249203297464	1.20632218819149	19.519629151868	1.18352400180025e-05	2.42530531859596e-05
GANAB	0.426462737610239	8.92866899738878	31.4367741767868	3.15869744075035e-08	8.52984041857629e-08
GBF1	0.200893174645587	6.90040729372536	8.40585312258253	0.00387833083712226	0.00587930986818706
GBGT1	-0.147807686095523	3.59987012041215	1.87764400675704	0.171119781255913	0.204377370309451
GGA1	0.158062624070338	6.0653874692174	4.19337372180198	0.0410214546983621	0.0540144811827672
GGA2	-0.861375791489273	7.02492380426833	217.011481698768	4.28989615660947e-42	1.87462780062169e-40
GGA3	0.142395773896164	5.75145064021459	4.82608728882191	0.028417693563771	0.0383798088278244
GIT1	0.31167241439538	6.37859664807121	12.1647566011688	0.000523016804803268	0.000885358231527544
GIT2	-0.129950311788318	4.97061462833293	4.83345642537911	0.0282974971486994	0.0382331271944086
GLT1D1	-0.846979295975501	0.87414318066114	17.4164137252374	3.45123729949682e-05	6.70780245087769e-05
GLT6D1	0	NA	NA	1	1
GLT8D1	0.0808043485216067	5.54111583386964	2.73745882704074	0.0985487663714946	0.122600685313406
GLT8D2	-0.193758834944173	3.30599562953437	1.7474676331104	0.18670422127644	0.221298330176502
GMCL1	0.506507905005947	5.32326373461585	55.6905099162193	3.03099947547574e-13	1.43911135376339e-12
GOLGA4	0.0321184273631383	6.73791272896894	0.133213257627531	0.715253319904608	0.746831083375355
GOSR1	0.224387309604777	5.86166503545591	16.2210575960963	6.36745539922648e-05	0.000120096196803761
GOSR2	0.374698952518901	4.58601428498436	43.458100636878	9.57256398002508e-11	3.3936635821193e-10
GPAA1	0.582474511102791	7.13296120671758	28.9162865478753	1.08792177564985e-07	2.78458178301999e-07
GPLD1	-0.218019033232233	1.03989929399165	2.39094413925394	0.122572459224702	0.150061574691627
GXYLT1	-0.0759938896123614	4.75589789962344	0.964179603200244	0.326535816998373	0.369230843708982
GXYLT2	0.625986665446197	3.45508371629332	13.3426310604907	0.000282362944092794	0.000493928262480288
HAS1	-3.35725692954002	0.814252088924544	219.089554487861	1.99925246508259e-42	8.95895917884379e-41
HAS2	-0.864882153168408	3.2123292985786	21.2196985814561	5.01382937732082e-06	1.07101823069768e-05
HAS3	-0.034471957339638	5.6022461780956	0.0199313484471968	0.887776849633847	0.903279833824284
HERPUD1	0.111650129169225	7.42200934068093	1.6559515012081	0.198652063107114	0.234229285398667
HSP90AA1	0.299743891259429	10.1194030953378	10.5148331365348	0.00125056825075243	0.00202331448675477
HSP90AB1	0.7027712188479	10.4548105617892	62.0996241058635	1.56534392625238e-14	8.6110228406639e-14
HSP90B1	0.964117876871033	10.0908320784818	96.7225308543393	3.01104191138428e-21	3.2045742019789e-20
HSPA1B	0.714772633339149	6.63332068158798	28.3784088801227	1.41797419474687e-07	3.58521035502911e-07
HSPA1L	-0.406249207559453	1.34970532555697	26.4471175023553	3.68316660875445e-07	8.90315042324983e-07
HSPA2	-0.34530225821837	3.94776790664054	4.0632687386982	0.044275354143745	0.0580355431699447
HSPA4L	0.797185537554104	3.58307956576874	22.165044512348	3.11680540882745e-06	6.81904525535408e-06
HSPA5	0.912786520851252	9.91166266616722	103.830243749413	1.39737750926854e-22	1.66587091145591e-21
HSPA6	1.2969483061046	3.98952684497996	28.3423920859088	1.44337588695581e-07	3.64594345490588e-07
HSPA8	0.247261289962844	10.1154260232349	7.12864050214097	0.00779381399727656	0.0113432548466566
HSPBP1	0.300050628651962	5.33816813919846	7.60505817905445	0.00599955374687345	0.00886531304417074
HSPH1	0.249374969838996	6.86631047480451	6.69645913829395	0.00989668750311756	0.0142087233440647
HYOU1	1.16007666110286	8.07750708612233	107.218839597628	3.27105921501917e-23	4.10734238445366e-22
IFT27	0.276117250910007	4.7995489955807	9.27707277502297	0.00242327052815208	0.00377388496106007
INPP5B	-0.457318948705509	4.90267914511163	26.0741615601957	4.43132342875422e-07	1.06059372581452e-06
INPP5E	0.0862817771619162	3.9593437066611	1.09807412135594	0.295115307796274	0.336702404857562
IQSEC1	-0.844248902603984	6.01669107086785	142.349383115562	1.44295457487379e-29	2.88306911803323e-28
IQSEC2	-0.0806165152691128	4.64133118874597	0.774928351473957	0.379052727877806	0.423300939268323
IQSEC3	-2.58009913195107	1.61383490311065	292.581128886581	1.24704484441976e-53	1.11954087155154e-51
JUN	-1.07273950246959	7.95996667818256	90.7985924547327	3.99307214411955e-20	3.86480183982e-19
KDELR1	0.619975813254718	7.92470759382379	55.6753106108473	3.0525003476462e-13	1.44827780290803e-12
KDELR2	1.01352362234579	8.60540352464802	125.215804118292	1.65329885717112e-26	2.65594461571361e-25
KDELR3	2.25569979844989	5.71937968502498	194.318192550939	2.04524741993514e-38	7.11228727296023e-37
KIF20A	3.16141213380026	4.27068855591988	243.500320297273	2.94479245596215e-46	1.70823850731132e-44
KIF23	2.60132644148328	4.21059311571785	170.114232385635	2.26435996227801e-34	6.17412364094688e-33
LARGE1	-0.17168493180125	4.60995255283804	1.25897966444592	0.262297646576256	0.302238893029499
LARGE2	2.49023766896943	5.1442950764509	127.795511340209	5.66164077370175e-27	9.46979382643118e-26
LMAN1	0.622269650209892	7.6998123287287	52.2672225085167	1.49687122137319e-12	6.56286030181462e-12
LMAN1L	0	NA	NA	1	1
LMAN2	0.525740843504298	7.73447610896733	29.1442554329563	9.72470648228793e-08	2.50413563798544e-07
MAN1A1	-0.738590067628185	6.35604009141576	42.0676200399474	1.85772726375995e-10	6.41371529099807e-10
MAN1A2	0.385514369384795	6.12073156621726	21.1199237364639	5.27228362846661e-06	1.12386249466764e-05
MAN1B1	0.447234955735716	6.62642700460287	34.6949768422842	6.45876079999052e-09	1.88450732428642e-08
MAN1C1	-0.696142049932553	4.1178779408589	34.0473680130359	8.84591697010882e-09	2.54279168491671e-08
MAN2A2	-0.327922268476669	5.81484384768912	16.8193709378338	4.68439326966214e-05	8.97567157600454e-05
MAP2K7	-0.0708031045105987	5.20995427891301	1.07008641091982	0.301346866052857	0.343070616916801
MAP3K5	-0.0512006195535335	5.43550510477172	0.268038535979581	0.604843329875151	0.643615338200482
MARCH6	0.720148543845585	7.64074869759584	70.4121947316503	3.52277552426803e-16	2.34147915355151e-15
MCF2L	0.579723125294777	5.35301906981533	11.2480459219176	0.000847815983133874	0.00139814152195161
MGAT1	-0.595345439876991	7.68324413177391	65.7475945638596	2.94164862421494e-15	1.76147325495108e-14
MGAT2	0.194526139157333	1.98307219958741	2.52868405339684	0.112325440324639	0.138299093713137
MGAT3	-2.99555045522038	3.99050046456029	301.000656179232	7.45845126410944e-55	7.0812360670829e-53
MGAT4B	0.53271622385257	7.13465601156875	35.3209265753429	4.76780852450251e-09	1.41077957618519e-08
MGAT4C	-0.91871956820008	-1.22733283209212	8.29632239744724	0.00411581875957899	0.00621754351764698
MGAT5	0.200713655518841	6.49891249708678	3.99487152695388	0.0460941462268279	0.0602699343857572
MICAL1	-0.428983464865538	5.73177558975459	18.6965898227121	1.79722372980121e-05	3.61086420981755e-05
MICALCL	-1.25939837895854	2.8311615587181	64.4488279357677	5.32772235833034e-15	3.10350703875019e-14
MICALL2	1.62688895838264	5.72595231499106	115.635475744633	9.16561418564304e-25	1.3034333018096e-23
MOGS	0.675897797693972	6.45530919736694	83.9937681741078	8.01368500734224e-19	6.91897945972493e-18
MON1A	-0.00101023872453405	3.40431470684798	0.0001527395815319	0.990143516245539	0.991608725774416
MYO5B	-0.28005318307249	5.91047004676487	5.92193325058625	0.0152473816028915	0.0213836020205482
NAPA	-0.360227481344132	6.16934599758937	26.7758464799047	3.12970377673067e-07	7.63309937932261e-07
NAPB	0.21726217919588	3.7985478595359	6.25973097694006	0.0126190712683603	0.0178847051658611
NAPG	0.291485425533012	5.41638464694574	15.429457141354	9.57004921924747e-05	0.000176835535629248
NCKIPSD	0.458014213062981	4.8333592302182	34.4876633766879	7.14255035705344e-09	2.07416078913047e-08
NDE1	0.925853757939148	5.01864002915255	84.6899749769469	5.88734491829117e-19	5.13687873630999e-18
NET1	1.3842822887269	7.4442758900568	108.910209466019	1.58901008750385e-23	2.04986961141625e-22
NGLY1	0.12210567893246	4.83526167593157	5.5359127591808	0.0189551984115811	0.0262419882966311
NPLOC4	0.694082124853575	7.40687173170653	104.826351688613	9.11170246028138e-23	1.10470498271321e-21
NSF	0.846562664426707	5.96871673818727	126.572425165688	9.40555725961866e-27	1.54866050100047e-25
NSFL1C	0.169938071749085	6.34040832902065	6.29290288356658	0.012387526717978	0.0175830266305088
OCRL	0.503603621439069	5.72882712210157	51.4720729874941	2.17233770058125e-12	9.36567809035306e-12
OPTN	-0.253707921430019	6.4670829411017	7.94586607731041	0.00498035362386098	0.00744430023491827
OS9	0.190621859135066	8.50444508355426	3.97515812923981	0.0466328866244003	0.0609140062142147
OSGIN2	-0.524812280546058	5.44546650016268	28.534546709709	1.31294979134443e-07	3.33019381056554e-07
P4HB	1.12443016868643	10.3742385522807	122.465067276961	5.20642988688181e-26	8.11686417214167e-25
PAK1	1.1943398640937	6.45897772064301	163.715834720004	2.79242294417339e-33	7.1073491985065e-32
PARK2	-0.956776210018086	1.12426755677364	37.0181749634385	2.09801735400738e-09	6.45924064407684e-09
PDIA2	4.74717106332959	2.38549548369596	57.6955500845	1.19499684904586e-13	5.93540587762822e-13
PDIA3	0.94763127001362	9.44281626312921	69.0114168262617	6.65122247252615e-16	4.27654971838868e-15
PDIA4	1.79243377052506	8.90962245860512	202.735118803932	8.59076729944539e-40	3.23458933097806e-38
PDIA5	0.299895181085496	5.45316163436457	10.3603987121959	0.00135764597559607	0.00218578186408946
PDIA6	1.05695510614942	8.23546280923177	93.9251139164581	1.01750197720438e-20	1.03531022306601e-19
PDILT	0	NA	NA	1	1
PGAP1	-0.681007937251432	3.93247255147454	34.3418226559886	7.66674264757234e-09	2.21808621549955e-08
PICK1	0.231093422016467	4.87448135092652	6.03336712729764	0.0143230216870897	0.0201568560068806
PIGA	-0.5190321698146	5.01378297729205	22.4794993924164	2.66181659900394e-06	5.86590860099441e-06
PIGB	0.129341790108657	3.61190064261546	3.08917828740435	0.0793296460887681	0.100125606296239
PIGC	0.61894779960502	5.29593752757414	66.6000514486179	1.993414627146e-15	1.21679430316585e-14
PIGF	0.492955590761132	3.82806445887015	36.713904691372	2.43008362777099e-09	7.43217001985952e-09
PIGG	0.316850109731843	5.58408210913767	25.3597715448747	6.31843974857245e-07	1.48419407767217e-06
PIGH	0.0112718957587141	3.76588419801979	0.0238737237703831	0.877259129183407	0.893574935843702
PIGK	-0.108046741525352	5.29419174853111	2.19196393540517	0.139262494929601	0.168989669034614
PIGL	0.535640557185545	3.10772687603565	35.0365871746943	5.47242145267108e-09	1.60916991780081e-08
PIGM	0.805182474607622	4.90294485193069	90.7684489701306	4.0461878647297e-20	3.91334124227467e-19
PIGN	0.227662632969736	4.8186819747458	8.68093024677493	0.003341627791047	0.00511179575268891
PIGO	0.105886104414635	5.38822177412387	2.07298284485122	0.150454811643158	0.181461538041927
PIGP	-0.0239263620168323	4.18462094312272	0.070665674419993	0.790462247387322	0.815361128557956
PIGQ	-0.0673538883537769	5.8770398723081	0.501144424505376	0.47927536417175	0.523389562023122
PIGS	-0.0138239493085027	6.23659542353018	0.0315009733831264	0.859187842022081	0.877563459344272
PIGT	0.642064226840841	7.58518085906988	36.8478111445985	2.27789003133507e-09	6.99019061586534e-09
PIGU	0.804570945244855	5.06397909351885	86.9766204961671	2.14358731032218e-19	1.94492414811425e-18
PIGV	0.159800653331292	4.37128916871702	4.13823706699189	0.0423685157715355	0.055690966398103
PIGX	0.418955448882494	4.59768405393455	26.8728765895747	2.98292264660423e-07	7.28925658128619e-07
PIGZ	-0.0896290196621493	2.47696630201779	0.533797062388668	0.465302909136655	0.509726320114416
PIK3C3	-0.327019082684001	5.01691988535671	20.3708375819314	7.69362518183692e-06	1.60869478768441e-05
PIK3CA	-0.245308203276293	4.95879955111414	10.2589469011502	0.00143301136282459	0.0022984262220705
PLAA	0.0576784359310558	5.17573375010638	0.604825147145575	0.437052533511805	0.481792781585874
PLIN3	0.663777935581489	6.38268513199772	34.3895685248322	7.49100705784888e-09	2.17033633682616e-08
POMT1	0.0465617289836335	5.0332739911501	0.484023887507865	0.486877377314561	0.530874017266562
POMT2	0.560692012574062	4.61641731000861	47.2467838429316	1.5868598848085e-11	6.18390370583723e-11
PPIA	0.564968315247858	8.55217642988141	38.3747392498376	1.09101621884804e-09	3.46358937698763e-09
PRKCSH	0.332547323210627	8.21255712766913	16.2503285871831	6.2724253172858e-05	0.000118439257278896
PSD	0.624863472722876	2.40652488384255	23.7325028520732	1.42163945671005e-06	3.21665028197581e-06
PSD2	1.25305227894826	-1.45424945210056	18.374542224973	2.11714400311217e-05	4.22340706055041e-05
PSD3	0.954534510974884	5.41659829658918	55.4638741239741	3.36797788294228e-13	1.58967110590806e-12
PSD4	0.275575234359777	6.32550676408107	12.117563993427	0.000536146381755145	0.000906014956146059
QSOX2	0.648111129995624	4.74400960259858	56.2362709087984	2.35186889702396e-13	1.13049039643144e-12
RAB10	0.434031500665392	7.56951296629351	27.8705839452938	1.82163522337732e-07	4.55391552243048e-07
RAB11A	-0.272089333168358	7.28383254998207	15.1136792125195	0.000112639252617444	0.000206415360243339
RAB11B	-0.235616232776859	6.74994923095114	8.00780798086714	0.00481504297747282	0.00720986238993689
RAB11FIP1	-1.43171749803124	7.16394975152871	154.660370660545	1.01480522243581e-31	2.31902762259487e-30
RAB11FIP2	-0.681453677378689	4.51327962909772	64.5818400987208	5.01299176782496e-15	2.92986945792675e-14
RAB11FIP3	-0.216562353737779	5.59140165655648	5.57323522198841	0.0185590990464163	0.0257206017448732
RAB11FIP4	0.347258859234405	5.4841666806517	12.056648712435	0.000553588615699535	0.000933517628595293
RAB11FIP5	-0.0866949981785984	5.56989416575247	0.994034453509697	0.319164263451418	0.361794432637722
RAB12	-0.386139995283381	5.53400960803748	31.8947232284126	2.52516123769062e-08	6.90235146101969e-08
RAB13	0.226477466623199	6.65537656439881	8.47100086256371	0.00374375446644496	0.00568607753408611
RAB14	-0.609347765968906	7.15136980762498	125.063092377613	1.76180126983078e-26	2.82509007994614e-25
RAB15	1.40315043796598	5.86175861224507	68.1395487842871	9.88624806609437e-16	6.22317270346995e-15
RAB17	-0.358869208215178	5.20289751471358	9.89936634933341	0.00173609202204202	0.0027564011567479
RAB18	0.113243148188664	6.57234281324878	2.61910261998403	0.10611493901356	0.131234078358349
RAB19	1.51062409229284	0.693107584694479	105.666753075181	6.35526175448546e-23	7.80189668594833e-22
RAB1A	0.290065789931661	7.71863318815686	25.6202792751675	5.55121200972028e-07	1.31312681291053e-06
RAB1B	-0.128657572916765	7.6465002788112	2.52915203148169	0.112292282884877	0.138264718905739
RAB20	-0.376684430070633	5.34692482360471	10.8573763807872	0.00104262008939647	0.00170142912325526
RAB21	-0.457512226301223	6.22936273333205	46.0088465147433	2.85043273348205e-11	1.07354910912564e-10
RAB22A	0.425392860031242	6.12635262782263	34.5946464830592	6.7810568864805e-09	1.97527000840709e-08
RAB23	-0.201847563905502	3.48933094619895	3.34051894842461	0.0680947453675231	0.0867921918693455
RAB24	0.258322394331422	3.04624375465753	5.49723542530928	0.0193749292537342	0.0267893489822966
RAB25	1.08278391508398	7.07066882537063	62.9014291975684	1.08302107834965e-14	6.06905697281546e-14
RAB26	3.64565692986211	1.94327997395747	178.525291094389	8.60760689963235e-36	2.52994628629061e-34
RAB27A	-0.41179225865514	6.3551379595698	16.2199699876356	6.37101424410147e-05	0.000120154733804083
RAB27B	0.865859705457494	5.90812890446443	17.4145816635113	3.45447005531014e-05	6.71309694005712e-05
RAB28	-0.34271985575872	4.07287957098131	40.5546569926256	3.83043258371724e-10	1.27475019057663e-09
RAB29	-0.00816681016206895	4.92892329856594	0.00806147803838795	0.928487748867283	0.939522528891393
RAB2A	0.30691510143045	7.48727339925576	16.1186546176418	6.71149313167293e-05	0.000126242267472474
RAB2B	-0.0639564727425987	4.8188319879349	1.19148937328585	0.275471861580421	0.315984542136185
RAB30	-0.15573397140005	4.0686220932541	2.25170402512229	0.133998662599187	0.163051989333961
RAB31	-0.486313774950846	7.31657931970719	19.4594236150984	1.22019450915313e-05	2.49638120103773e-05
RAB32	-0.741343015580135	4.67413505929847	39.2606301660182	7.12585499569766e-10	2.30914446600914e-09
RAB33A	0.493559579232661	0.273838593261313	11.2193404215847	0.000860781224797856	0.00141845911514732
RAB33B	-0.418864015146139	4.05979361110495	31.8473003846728	2.58435112184255e-08	7.05683462755146e-08
RAB34	0.841016316496238	6.67407424255242	67.4331136989907	1.36360633010028e-15	8.46449329178431e-15
RAB35	-0.00783449661891795	5.8080785169301	0.0143469362706666	0.904698955488958	0.918337982892683
RAB36	-0.538928184481417	3.76308157625938	12.79031602721	0.000376785891829558	0.000648678287714393
RAB37	-0.357786670893619	3.35168927270586	3.91950368749972	0.048190085889505	0.0628547700616523
RAB38	0.94766597789944	3.86445923906411	35.7519467449365	3.86947794826965e-09	1.1570295793206e-08
RAB39A	0.382290426327629	-0.100553148128865	3.52141921298354	0.0610705537123883	0.0783998223648443
RAB39B	-0.00982988071425691	0.980565296961332	0.00308181899169125	0.955747536627568	0.962764084765952
RAB3A	0.659649611322672	1.8061537984562	24.595231030857	9.24399856515111e-07	2.13302835317374e-06
RAB3B	4.22302221762682	3.105711314774	80.2073817383604	4.3129067915484e-18	3.4674036508111e-17
RAB3C	0.354736903104554	0.217168858959165	1.47676473644833	0.224764167244463	0.26238133215361
RAB3D	0.408474623779126	5.36629866622532	15.6232964728755	8.66010291288229e-05	0.000160843541117877
RAB3IL1	0.432108249832302	3.50638149579311	10.596327527104	0.00119756085312306	0.00194119149771725
RAB3IP	0.2960921218841	5.41685398532774	3.42930689917897	0.0645449664954723	0.0825867677759112
RAB40A	-1.72566955421116	0.403284508151079	196.962752111878	7.52627984796565e-39	2.66642456788195e-37
RAB40B	0.47136199216044	4.34086307759185	15.7530889658915	8.10012186424457e-05	0.000150910296100001
RAB40C	0.592844229294093	5.86862136785473	25.5119647226032	5.85812684501634e-07	1.38139372775271e-06
RAB41	0.0236359771183825	-0.596293888703592	0.0388921593776658	0.843729919114213	0.863992530944735
RAB42	0.440717666696994	3.0353382976728	7.47963966528191	0.00642632803264234	0.00945570866838901
RAB43	0.0629046571832648	1.878442992395	0.357433969544046	0.550162658434695	0.59216186309132
RAB44	-1.42752862623188	-0.51271381166285	74.4130612562325	5.78250450167573e-17	4.14850295779367e-16
RAB4A	0.0798881046219731	5.32808380741924	1.32096840009637	0.250880865791914	0.290134932818287
RAB4B	-0.177233130492963	3.99794565485878	3.9797283595184	0.0465073986029963	0.0607741498528311
RAB5A	-0.140268835899571	6.07009275303844	6.8188435121246	0.0092479507051012	0.0133317172379945
RAB5B	-0.332201025505922	7.70462671240822	29.0125062037659	1.03760055086308e-07	2.66094334818112e-07
RAB5C	-0.150520646132147	6.89499137161487	4.87735080443757	0.0275924514935273	0.0373340423806921
RAB6A	-0.200027479969723	7.2881894016655	9.76961428841054	0.00186081435561886	0.00294150650429444
RAB6B	0.889992854701115	4.02268347602488	25.7188240753906	5.28604977291405e-07	1.25264856981768e-06
RAB6C	0	NA	NA	1	1
RAB7A	-0.238686658792383	8.11537067658821	13.4857157641263	0.000262070016159971	0.000459850818144281
RAB8A	-0.275053853885526	5.30757069906855	25.1096662946497	7.15528898346216e-07	1.67070680670117e-06
RAB8B	-0.943247886995159	5.35383908806549	100.482752125529	5.90866854759213e-22	6.687538492502e-21
RAB9A	-0.103929342071192	4.73677569641996	2.0610622050187	0.151631150804134	0.182813474982839
RAB9B	-0.313785017280318	0.458644497013493	4.64537063564141	0.0315384717949378	0.0423109903708238
RABEP1	-0.422261586950996	5.63414805416735	69.1253111402705	6.31589054950274e-16	4.06787738320096e-15
RABGAP1	-0.265419246131106	5.95572319081814	19.8081765086151	1.02259941033775e-05	2.11275842164028e-05
RABGAP1L	-0.399184567134811	6.05050017560835	21.9416271551041	3.48693601343751e-06	7.58106994552469e-06
RABGEF1	0.0984393986178276	2.60910472720201	1.57172378459795	0.210450022309863	0.247069561820413
RAD23A	-0.00616861423745341	6.46642253461076	0.00733497328504915	0.931777913114013	0.942201602893697
RAD23B	0.396419776880701	7.6196670783056	31.0819262609342	3.75764032630053e-08	1.00740638671789e-07
RALBP1	0.021883713776558	6.44809556771303	0.0819798760824023	0.77473188672623	0.80145306177989
RASEF	0.447042212351278	5.63631328564979	11.322961223729	0.000814904130704592	0.00134714891806445
RBSN	-0.332906295045859	5.33368657262776	27.1521222972729	2.59798268352389e-07	6.39119721772108e-07
RBX1	-0.0355140696074312	5.90900902507811	0.147042320442448	0.701515195023328	0.734345683249215
REPIN1	0.634681563464328	6.74884776248235	54.7241725123372	4.75260233852237e-13	2.20457269108892e-12
RER1	0.487533472204634	6.85016506260473	48.0891173703255	1.06612764446336e-11	4.2416902393678e-11
RFT1	0.387514689728889	4.66429849447513	34.9981123745018	5.57548277735604e-09	1.63765070582612e-08
RFWD2	0.314697511995269	5.77638010356171	27.9339447882683	1.76554697144967e-07	4.41956058084621e-07
RNF185	-0.38764559201408	5.09992191463526	50.3022307754858	3.76123776933367e-12	1.58029464635137e-11
RNF5	0.294794189947519	5.62352389566685	10.4512790300698	0.00129355514129862	0.00208820149232022
ROCK1	-0.3739834074988	6.14705640100141	24.1871697889186	1.13295916872588e-06	2.59060246897261e-06
RPN1	0.324409973317344	8.66581993626078	19.6990844834579	1.08067327437272e-05	2.22594743279176e-05
RPN2	0.748080328156291	8.89212708174735	70.7162494452019	3.06943912024846e-16	2.05204600151565e-15
RRBP1	0.669736809888027	8.70307718184998	36.7366913941311	2.40348183354004e-09	7.35507240747313e-09
RUFY1	0.0595346548079518	5.86347810764461	0.849914551011784	0.356950780473812	0.40046582078661
SAR1A	-0.407025009666607	7.03056400801348	64.3464681667934	5.58336789183068e-15	3.24383473777193e-14
SAR1B	0.220932681907402	6.21789676531673	9.72128358049997	0.00190956750723027	0.00301496230100112
SEC11A	-0.0342077663903207	6.9365191991225	0.209870900490592	0.647036144867444	0.683524995302435
SEC11C	1.02657756119671	6.75158715122912	26.46773217927	3.64573157725254e-07	8.81669775059588e-07
SEC13	0.543472520503379	6.9000205267693	51.1933144519946	2.47564146225766e-12	1.05988776569065e-11
SEC16A	0.329617297748364	7.41992873712078	15.8500294894248	7.70584001790592e-05	0.000143818371823369
SEC16B	0.553299909266583	-1.56011992666548	8.12519578229112	0.00451696788033183	0.00678972892724404
SEC23A	0.589274311409683	6.24504552466201	26.9337159685983	2.89443998383379e-07	7.08615610178174e-07
SEC23B	0.258356144664921	6.62539138377353	9.28168680136703	0.00241726893397719	0.00376498266513596
SEC24A	0.662642628021706	5.84054311320343	63.2505710002018	9.22673398402708e-15	5.21478408510515e-14
SEC24B	-0.0684367098137986	5.59832805242628	1.44806219839318	0.229318490285645	0.267177197519172
SEC24C	0.247350441728496	6.03860392658868	8.88717650949956	0.00298937890567066	0.00460229041275498
SEC24D	0.888848084551187	6.61080818030937	98.679305102578	1.28876197953059e-21	1.41436938410522e-20
SEC31A	0.425019787707322	7.92921929889405	50.67945568943	3.15063213817801e-12	1.33608265833982e-11
SEC31B	0.394964882557126	2.78516882246912	5.71781220567045	0.0171038585968564	0.0238339709521898
SEC61A1	0.684449485829114	8.90408038683219	88.9098291805927	9.15015351559088e-20	8.57936596413874e-19
SEC61A2	1.02997367318209	2.92747734040128	93.9709251870774	9.97370736576537e-21	1.01600166812818e-19
SEC61B	0.306290845838179	6.29817661941576	12.8725188982726	0.000360928534762399	0.000622881374821418
SEC61G	0.983747159394023	6.10256774877787	72.0959186704391	1.64429666121082e-16	1.1310806900182e-15
SEC62	-0.221120606791349	7.67049785415546	10.145802430241	0.00152209000430589	0.00243452930180962
SEC63	-0.192827964956329	6.76195797048024	9.90926005278297	0.0017269377851837	0.00274330162409596
SEL1L	0.00580295380587488	7.33753875959683	0.00504185583460329	0.943416857171534	0.952292509109128
SELENOS	0.045729879486937	6.22740371407454	0.290279548452423	0.590243287959917	0.629933336396185
SGSM1	-0.133750672592968	2.8988819489947	0.71722485942086	0.397396771036999	0.442158771383128
SGSM3	0.414438218748861	6.1441166202902	18.118557184777	2.41195487519094e-05	4.78115936731429e-05
SIL1	0.465981267674265	6.27264071746406	20.2507130168513	8.17508351267919e-06	1.70598635542105e-05
SKP1	-0.0875136521889375	7.81509396809872	1.25156037387636	0.263706847781047	0.303690324199702
SMCHD1	0.264804166228621	6.11315702996967	6.98176931453254	0.00845144545230326	0.0122429995207515
SNAP23	-0.404976917705435	5.85148924950603	46.4843863221554	2.2757411833319e-11	8.69009154989324e-11
SNAP25	0.916196089048264	1.7933181255116	9.29986393107123	0.00239377225246023	0.00373058720072245
SNAP29	0.0339865743836307	5.40851216458927	0.223462200295188	0.636588096234325	0.673615036094908
SNAP47	0.654646819368857	5.2013752943514	102.949270565142	2.04078340367074e-22	2.39930677757173e-21
SPCS1	0.313920432801325	6.54373453941541	16.6579702927864	5.08838950249936e-05	9.71731079726272e-05
SPCS2	0.422029174765251	5.72874245246557	32.65568263474	1.74174373107484e-08	4.8437028804119e-08
SPCS3	0.029821358851086	7.36246595918203	0.186893206021943	0.665671941265739	0.701016701643819
SRP14	-0.0793594322312748	7.53566263799298	1.21663070912576	0.270469538832833	0.310782856063299
SRP19	0.236099387743023	4.46351078153769	13.5372541059648	0.000255127383146817	0.00044829453104168
SRP54	0.775493364747596	6.46402373687879	59.1378408873345	6.13064497700379e-14	3.14748577169885e-13
SRP68	0.394610295021706	6.91119129461624	37.2508594197431	1.87516403856718e-09	5.79951718232273e-09
SRP72	0.396595693291969	6.98085536457727	26.8613667929399	2.99996560094997e-07	7.3281899186926e-07
SRP9	0.672135714638978	7.4515162109222	60.8522560842179	2.77926617033726e-14	1.48885632839216e-13
SRPRA	0.325866784924633	7.82548395701965	20.6454768284641	6.69737173254022e-06	1.409652547916e-05
SRPRB	0.952614088259656	6.40318774180941	99.5709591963233	8.76203139141776e-22	9.76626083382941e-21
SSR1	0.572955992372979	7.86376697152857	65.0106741783065	4.11984344766773e-15	2.42721312405674e-14
SSR2	0.544705885822447	8.41488369196465	30.1502556280267	5.93225968761484e-08	1.5604550746951e-07
SSR3	0.530236893139594	7.992052263466	33.8456257117005	9.75745762242968e-09	2.7872114338356e-08
SSR4	1.35993661337753	8.33313650208568	94.2131892164378	8.97370170471535e-21	9.19200533275474e-20
STT3A	0.798559945230855	7.5943416936329	98.7364035517035	1.25728967327816e-21	1.3809780955682e-20
STT3B	0.222467544149233	7.76504056906033	10.8838794826461	0.00102807305633588	0.00167872805301468
STUB1	0.0666891411802462	5.31952560977384	0.475287195476523	0.490834019335839	0.534670784413955
STX10	0.380679851184565	5.46984150086905	16.2852110081092	6.16104404523763e-05	0.000116436056515826
STX11	-2.97960697740928	3.61482082644512	826.98123789262	1.33640542275106e-114	3.9192316364546e-111
STX12	-1.02230766830135	6.21921488339121	359.428681685636	4.90779952036897e-63	6.34982649708915e-61
STX16	0.573852181932935	6.25224427471692	44.4354539937632	6.01338493730655e-11	2.18528544727067e-10
STX17	-0.150701648048552	4.08211241647685	4.45919374538506	0.0351308356487556	0.0467690545805132
STX18	0.264861804928139	5.01150664361144	18.5821562319619	1.9049033738036e-05	3.81906719697473e-05
STX19	-0.332671324507699	1.77007033400491	4.83025379130087	0.0283496693071045	0.0382977362929531
STX1A	3.08912850792265	4.13267811293775	207.164805665877	1.64221959779484e-40	6.49846237844034e-39
STX1B	0.727831964311765	0.403119465742955	14.2750736622443	0.000173860062039626	0.000311552887329342
STX2	-0.870014851122489	4.14634561464751	129.811425781214	2.45727307997688e-27	4.20060010834908e-26
STX3	-0.374328187507925	5.94905955025845	26.4611335301181	3.65767250707801e-07	8.84476483296536e-07
STX4	0.315035819481435	5.66663692712145	18.3760121488255	2.11556049799248e-05	4.22056717944169e-05
STX5	-0.0191239362328979	5.71793222449833	0.0979744738844663	0.754383881019786	0.783011842999576
STX6	0.58488250648057	6.1667534616182	85.0096682225322	5.1106695730653e-19	4.48888561435892e-18
STX7	-0.656493907840049	6.14028933311393	103.375435872691	1.69903235014205e-22	2.01366231924784e-21
STX8	-0.262932532463658	4.47302397537518	11.4565602750454	0.000759390426931283	0.00125908354346531
SURF4	0.54087054212667	8.49535075601439	58.293190830814	9.06078898437054e-14	4.56568278834433e-13
SVIP	0.211142492575576	5.19117323612167	6.04336023488178	0.0142430054445207	0.0200528023525193
SYTL2	1.11915341249295	5.59326243136914	48.1036722661562	1.05883202517858e-11	4.21520550114079e-11
SYVN1	0.742691462668823	6.84768388026528	79.0694392361098	7.16675619272024e-18	5.6364530080649e-17
TBC1D1	-0.585724281838652	5.53089442892313	34.9828147237252	5.61699998786126e-09	1.64929466770063e-08
TBC1D10A	0.160664767686899	4.54376582533108	3.99306549233498	0.0461432278936013	0.060331121861778
TBC1D10B	0.35528772003559	6.18799349607275	25.5431963872515	5.76791937782823e-07	1.36158182683479e-06
TBC1D10C	-0.76021861088619	3.88505521997736	30.8571286593092	4.19488934143695e-08	1.11917425733232e-07
TBC1D12	-0.060448754327031	3.69268678768264	0.852862466695549	0.356118780250212	0.399623597407348
TBC1D13	-0.20991861342934	5.24454642935851	8.98301681697907	0.00283880453857366	0.00437915879550633
TBC1D14	-0.149317828577754	4.90084992451334	2.58943833290136	0.108109755258857	0.13353841633762
TBC1D15	-0.453815807055161	5.67520017984033	41.9269759388798	1.98679923261364e-10	6.83786399082075e-10
TBC1D16	0.745967427549212	6.18798922932152	46.2910199488553	2.49387541594573e-11	9.47643935048542e-11
TBC1D17	-0.360959354064864	5.5099185689688	25.318994901572	6.44783650823009e-07	1.51261396140987e-06
TBC1D19	-0.0480727763460006	2.59942346431904	0.270586721641711	0.603132267683252	0.642027548829674
TBC1D2	-1.01843941176002	5.97890203387461	65.7474855284071	2.94179514579993e-15	1.76147325495108e-14
TBC1D20	-0.360906081335809	5.74258445158037	47.6539045110487	1.30923809915913e-11	5.15530812907745e-11
TBC1D21	0	NA	NA	1	1
TBC1D22A	-0.217665782754628	5.39368437806902	11.8152592605651	0.000628549949748626	0.00105252806583335
TBC1D22B	0.310720449472649	4.6729330027481	27.991205923266	1.71635327151835e-07	4.30172141757243e-07
TBC1D23	0.0965573871995533	5.43118962655267	2.07065787742749	0.150683426683801	0.181712357284792
TBC1D24	-0.0104519847784012	5.07514754698535	0.00836880855835691	0.927141089908902	0.938411701003012
TBC1D2B	-0.617054735846157	5.93730281804043	64.0718712025911	6.33167951440703e-15	3.65685665433827e-14
TBC1D30	0.949531336772345	4.49842202726574	51.3239624490445	2.32852903515257e-12	1.00096409371037e-11
TBC1D4	-0.959341146485716	4.90121941449031	123.117115722894	3.96521157864111e-26	6.22222321085929e-25
TBC1D5	-0.496677772410273	5.95877009585381	51.1851845764047	2.48509841002647e-12	1.06359149398798e-11
TBC1D7	0.919210613354242	4.13870771342645	75.0193159050537	4.40206898929139e-17	3.1946166869221e-16
TBC1D8	0.402542238177397	5.31676190600241	9.8081550284326	0.00182284491009003	0.00288530474384076
TBC1D9	-0.823007994941439	5.72871051103259	111.55764893381	5.15129376338284e-24	6.90168769496074e-23
TBC1D9B	0.127141634296736	7.31021203603991	3.05530673402921	0.0809904368730995	0.102055838385782
TMED10	0.216549709133476	8.60098021708894	9.766436737014	0.00186398046271257	0.00294632970481151
TMED2	0.807056724352989	8.66440229526756	73.4332733691128	8.99113964816432e-17	6.33170063697036e-16
TMED5	-0.146815604599374	6.91538826100653	2.91758456838514	0.0881413713534669	0.110486481549364
TMED7	0.0494395155367199	6.87266100511213	0.383587502510488	0.535926951231094	0.578490755389886
TMED8	0.0628252612410862	5.07241529558671	0.767624891624823	0.381306963058692	0.42565623341952
TMX1	0.250939354667505	6.05392697043848	8.71236425928783	0.00328532396428287	0.00503198365954039
TMX2	0.195641548016218	6.38471628555943	7.93042607571231	0.00502245567051094	0.007502557867874
TMX3	-0.246606087514594	5.69568205357778	12.5633660716622	0.000424325093491765	0.000726211679264793
TMX4	-0.309406766737508	6.47526553118696	10.6549774233158	0.00116082860914037	0.00188523937420939
TOR1A	0.044021178701997	5.50005256595921	0.519649690617874	0.471274741320079	0.515513511641683
TRAM1	0.295662170764049	9.02147336255945	6.63496699448581	0.0102401214214748	0.0146746533173204
TRAPPC1	-0.038562137379303	6.32394308424318	0.166101626077496	0.683746746377871	0.718052426049319
TRAPPC2	0.291063772191112	3.99419643116375	19.1265238599412	1.44463790141457e-05	2.93463963441362e-05
TRAPPC3	0.240216419626121	5.99095794674502	11.2889309910436	0.000829690674223065	0.00136987712094605
TRAPPC4	0.295828737587962	5.52918345689901	14.6007165088815	0.000146859119322645	0.00026594851426428
TRAPPC5	0.00940575478721605	-0.270133777531102	0.007481622753265	0.931100985055258	0.941625326623567
TRAPPC6A	0.253704455271633	4.46555967777612	4.09613445214716	0.0434284966495387	0.0570104317401734
TRAPPC6B	0.135705883746162	5.10235143770247	3.39497582515202	0.0658934636287387	0.0841979124233602
TRAPPC9	0.304613258476978	5.54349083634202	11.0452295994108	0.000943845941757842	0.00154857150411864
TUSC3	0.399804758937638	5.72567862491811	4.55515162978511	0.0332286428741408	0.0444069265832948
TXNDC12	0.432846773686384	6.60082024347443	31.2377859692479	3.481656700939e-08	9.36555717127842e-08
TXNDC5	0.856549309880789	3.74332855373682	50.1887696916621	3.96717577571444e-12	1.66284957002076e-11
UBA1	0.209711549322638	8.49248819290463	7.94416994505291	0.00498496097493665	0.00745034314679944
UBA5	0.215266363887891	5.20927983148924	13.2715060808132	0.000293034314694968	0.000511700145686999
UBA7	-0.39012971300666	6.00332856292003	15.6353462557357	8.60650927359991e-05	0.000159893155323007
UBE2D1	0.360868517711376	4.9543569555294	20.2081984989847	8.35265779549648e-06	1.74103689827182e-05
UBE2D2	0.068561626465102	6.40227076709832	1.39987829196226	0.237217243545565	0.275625635065224
UBE2D3	-0.232879016523313	8.03977239128621	16.7196766798172	4.92994146556847e-05	9.42768258529302e-05
UBE2D4	0.0127610296466516	4.60051401709304	0.0334849758532463	0.854869082206607	0.873704339042059
UBE2E1	0.0876668533938226	6.21740081719194	1.43125081525392	0.232037691486034	0.270035398107688
UBE2E2	-0.675093091763887	4.50047787620206	51.3071108077634	2.34699992534974e-12	1.00857564359624e-11
UBE2E3	0.424144668250451	5.6485281474478	20.4832296661338	7.2690395094927e-06	1.52402119956748e-05
UBE2G1	0.0789288159368441	5.55973057067392	1.51133257154584	0.219422580195555	0.256564904163447
UBE2G2	-0.156148541621579	6.46917650367377	6.1570104446472	0.0133647807225342	0.0188797913932011
UBE2J1	0.122779596514478	6.70417802901849	3.29914722363856	0.0698197545793211	0.0888449813116672
UBE2J2	0.352239239483049	5.63790708842565	26.0580091309292	4.46697610625934e-07	1.06862473804594e-06
UBE4B	0.238201182209811	5.98533082326076	12.2920452816841	0.000489203332976445	0.000831157564890911
UBQLN1	-0.019674487069418	7.06332636885905	0.108048644906448	0.742492602446425	0.772157200511069
UBQLN2	0.053240212496621	5.93190764099492	0.666235653382262	0.414694302922166	0.459622131155104
UBQLN3	0	NA	NA	1	1
UBQLN4	0.784578274826369	6.07796216299049	76.4066951058462	2.36057525998858e-17	1.75804242133574e-16
UBQLNL	0.152878133294964	-0.654042423205043	0.881031922495554	0.348300684068141	0.391593468022427
UBXN2A	0.0799577331743992	4.56233377136796	1.6475225980953	0.199796926302955	0.235463478873021
UBXN6	-0.157294651073314	6.70340302156873	4.33065896645631	0.0378595494197294	0.0501513147997159
UFD1L	0.483899536054584	5.86017165694076	36.4073934921933	2.81804121933377e-09	8.55427026372575e-09
UGCG	0.114796920397393	6.53896502138717	1.5289217038102	0.216763006332971	0.253781174110736
UGGT1	0.709312728757827	6.99522008618616	69.4401153209856	5.47467999118552e-16	3.55208219487096e-15
UGGT2	0.667374503223265	4.59687724751741	61.1628715679014	2.40876086889338e-14	1.29854645370858e-13
USE1	0.128936443620206	4.13658118633233	2.11320710005014	0.146561085246656	0.177162046439214
USO1	0.287461340288043	6.84003522213969	19.7909739072709	1.03154380049351e-05	2.13040430909434e-05
USP6	-0.313862828649722	-0.184350377600682	3.59027781293732	0.0586038586022782	0.0755010613534696
USP6NL	0.0705930759508499	5.23513966800212	0.957573479902704	0.328197343748738	0.370918929986477
VAMP1	0.645567139803678	3.14170046159281	28.9051071724317	1.09392528209715e-07	2.79913367868854e-07
VAMP2	-1.12882610305389	6.06856038947235	199.06961329462	3.4021123474724e-39	1.23685059640753e-37
VAMP3	-0.587122724579015	6.93354962779328	104.09834358973	1.24537917741291e-22	1.49140372090002e-21
VAMP4	-0.396913343324601	4.66063285599849	47.8640924391889	1.18556422536595e-11	4.68580146216066e-11
VAMP5	-0.195571761260682	5.90635917434089	1.29365171657782	0.255834640062617	0.295397625106903
VAMP7	-0.0421064556003839	5.69800930296639	0.367917121942746	0.54437354393089	0.586624558792794
VAMP8	0.0118439606153155	7.72021344067702	0.0110681008551063	0.916248623579812	0.928490600121537
VCP	0.191278546159166	8.45116560288616	8.40563722450798	0.00387878493148036	0.00587966054913236
VPS45	0.627629869376649	5.58434916595615	87.3878841938512	1.78811185717384e-19	1.63193030284393e-18
VTI1A	0.216243230473795	4.39870089283973	14.0957892866465	0.000190813681598676	0.000340407996763464
VTI1B	-0.253211485240237	6.22675967876933	22.3694037330264	2.81296337486454e-06	6.18144661694902e-06
WAS	-0.763464615651344	4.25505148847514	43.0023931612771	1.18934983097955e-10	4.18723481911088e-10
WDR38	-2.03222445541133	2.06331171624731	48.2889166191317	9.70241724110744e-12	3.87656071240977e-11
WFS1	-1.69895890864193	6.26855548129168	333.853532875743	1.61506929194083e-59	1.81396335708452e-57
YKT6	0.7889089936558	6.9723594524404	77.1106755192526	1.72158384374257e-17	1.29901326391485e-16
YOD1	0.589951413840426	4.61836243632159	30.8927604759666	4.12231596714996e-08	1.10114773440903e-07
YWHAQ	0.338869467384808	8.11498690451756	16.4235476398539	5.73862609009976e-05	0.000108834732357615
