pspGenes	logFC	logCPM	F	PValue	FDR
A3GALT2	0	NA	NA	1	1
ABO	0.00249195511734031	5.41581122416551	0.000169113081725094	0.989631182611695	0.993433323628995
ACAP1	-0.448662883837525	4.39608745976979	13.3044089292951	0.000301919699576307	0.0033003846013712
ACAP2	0.170744923525484	5.93607844378561	3.33996432532809	0.0684040841891919	0.162946920596551
ACAP3	-0.0976206332844991	5.52449119067887	0.916854223722129	0.33891417227456	0.499131164877826
AGAP1	-0.0997651762856162	5.58327880181611	1.29864979678294	0.255181441703928	0.410102052974372
AGAP2	-0.0513393716700421	2.8573920659712	0.213804402923104	0.644067731089073	0.764321688384634
AGAP3	0.0778299488182336	6.49661383451431	1.03318326171385	0.310062174963793	0.469586350918577
AGR2	0.0325800130994985	9.29776293719378	0.0269869592118165	0.869600808884865	0.920998103561858
AGR3	-0.536648615003686	6.23700594573366	4.29598774342873	0.0388795058016565	0.107957209248033
AKAP10	0.104574197236113	4.97052924033185	3.2394940490207	0.0726799009115497	0.170147979948562
ALG1	0.00371596129602311	4.78697040162574	0.00232730365327043	0.961548742456454	0.976786910838365
ALG10B	-0.0878501826098775	3.90542112574267	1.24310886185128	0.265580929889705	0.421945432431509
ALG11	0.051402785080739	3.08945194686133	0.449796710120963	0.502840975965202	0.651297724358498
ALG12	0.109852494665801	4.2145162561602	2.55820242469785	0.110558544186135	0.228264985421343
ALG13	-0.112114667363058	5.04064563177673	2.38942637714479	0.122995019566367	0.245677051570547
ALG14	0.0560520601932059	3.48852451938944	0.646315217687679	0.421938339483131	0.579309675833647
ALG1L	0.44809900737144	2.92330574712657	4.90659782423563	0.0273497201955904	0.0842322324230111
ALG1L2	0.00054083802612314	-0.285694864840768	1.74458109816016e-05	0.99666959375395	0.997582598878142
ALG2	0.0881125806082821	5.40623610186388	2.51033407617998	0.113937982269073	0.233390815320322
ALG3	0.275177656148325	5.89921121959237	9.00484851399233	0.00287121734442708	0.0167439435485985
ALG5	0.00600386334266836	5.30665780276428	0.00451620138393632	0.946455867239546	0.967917725450083
ALG6	-0.0595729633290501	4.11335381439134	0.822338440245728	0.365074917465987	0.524609688309863
ALG8	0.187655941582698	5.43510273226928	7.20762103758929	0.00757894926917445	0.0334667908774138
ALG9	0.193685194533331	3.41095832394102	4.03471931515815	0.045283655424614	0.120212977260836
AMFR	0.247696402532403	6.67016469965337	10.8446844601052	0.00108418959227401	0.00837497261427777
ANKFY1	0.0203861588052132	6.14324846743654	0.116983152381478	0.732519856520494	0.827925160383658
AP1B1	0.114808118713278	7.25225058529305	2.72659539255862	0.099519762659037	0.211741552026724
AP1G1	0.0371785434604473	6.95568618246004	0.473828451878336	0.491653276463117	0.642057992047612
AP1M1	0.137816625869803	5.69776103282409	4.94686330531752	0.0267280493289573	0.0829874515331279
AP1S1	0.329629835883551	6.00489444103466	10.6690452519779	0.00118896498256072	0.00894715535507082
AP1S2	-0.0728906014716231	4.64096396462778	0.443460033988221	0.505863235431286	0.653689950182628
AP3B1	0.115168745035068	5.94571940178748	3.60507310663135	0.0583646360602563	0.144800198329698
AP3B2	-0.481660109113848	1.10584696437315	3.43804188468836	0.0644896873138638	0.155721055113075
AP3D1	0.139381235541527	7.53245509212175	3.9997940747484	0.0462207366946395	0.122093853699532
AP3M1	0.214411830890344	5.90403645149964	14.5442924406436	0.000159829683436678	0.00205219178965456
AP3M2	-0.0460728680576737	4.63250033512002	0.334873459460641	0.563147967269505	0.701682392360977
AP3S1	0.285812006500204	5.67963292551053	19.3691102075714	1.40344723825836e-05	0.000354743056921709
AP3S2	0.0537136849140056	4.693594229043	0.637795606899592	0.425011529335468	0.582198948151696
APPL1	0.0213251490140075	5.81051238178797	0.12802664469336	0.720686582167625	0.818562487934173
APPL2	0.0921397462736692	5.29057282089221	1.88605607551978	0.170461254378532	0.309180170518776
ARAP1	0.054974178247748	7.17282306981352	0.590602744957047	0.442665884725687	0.598571330203974
ARAP2	-0.0397087733321412	5.05248336391182	0.12800214120816	0.720712188924838	0.818562487934173
ARAP3	0.103460683318286	4.37594637748642	1.23012861240506	0.268086994660109	0.424775899916926
ARF1	0.0772011880216413	9.40591668643045	1.14475856656885	0.285331620903364	0.443849188071899
ARF3	0.299829825191236	7.97673656452908	20.1941695128884	9.31275074818269e-06	0.000264922961520492
ARF4	0.179992964276768	8.15457296738911	6.87008904793898	0.00911867792011497	0.0380877115280145
ARF5	0.233579544220301	7.0539159483747	6.38441937262038	0.0119197993728833	0.0462888751737269
ARF6	0.169831991854567	7.38333499265468	7.47411645944649	0.00655351547321466	0.0301326329275314
ARFGAP1	-0.023937430642426	6.77962677716369	0.0700426817797318	0.791418859815684	0.869919004964892
ARFGAP2	0.0129833886270917	6.61558760803035	0.0595669346693562	0.807314114719176	0.880419956883203
ARFGAP3	0.0668198939201726	6.22561069216267	1.08712100773158	0.29777619487924	0.457172138500809
ARFGEF1	-0.103753165434782	6.70715228239463	1.52951962623734	0.216952204188841	0.365663958257221
ARFGEF2	0.0436442700583414	6.31882198557136	0.324704111496046	0.569132681976143	0.705887797809325
ARFIP1	-0.0265808889084243	5.66947137463265	0.204725132811297	0.651193084839262	0.769888814350097
ARFIP2	0.170506607210629	6.04799380382974	5.23914018264179	0.0226349612124011	0.0737161898961789
ARHGAP1	0.201547158446301	7.30849258078493	8.19370490047676	0.00443755673998419	0.022963888877453
ARHGAP24	-0.212812836873415	3.98541814960392	4.7104437423903	0.0306018135924313	0.0911532088147291
ARHGAP5	-0.170816273921786	6.79545348462004	3.53747745338512	0.0607649742324128	0.148903939266737
ARHGDIA	0.197556447154536	7.79651526185333	4.93892932448905	0.0268493665609031	0.0832351139271331
ARHGEF1	-0.0421547596008809	7.07789252437412	0.21479632441638	0.643300467672739	0.763712793456999
ARHGEF11	-0.018100683422211	6.34454744841738	0.0766424625315091	0.78205137069077	0.863568003203715
ARHGEF2	-0.115039270238159	6.93444803431193	1.63310705241243	0.202057868117588	0.348401623542829
ARHGEF6	-0.256751897342011	4.79492916164881	5.89511704152372	0.0156488260624626	0.0560605783739904
ARHGEF7	-0.048820218599773	5.81291882915847	0.661612326596657	0.41650323217699	0.574011277093825
ASAP1	0.180563134245074	5.80873319097539	3.72033636963381	0.0545017980725503	0.137761747851521
ASAP2	0.132802120153656	4.1792029491362	0.730157943761234	0.393373093159226	0.552137242401113
ASAP3	-0.282103731998662	5.0837644168694	6.3882097408857	0.0118948043682319	0.0462216791793659
ATF4	0.123204105624949	8.07103671603525	2.41401240401705	0.121090417529759	0.24315190515248
ATF6	0.026268069028307	6.60995826738909	0.187826404739528	0.664979024387536	0.779747381356659
ATF6B	0.0795980490855133	7.00392768356178	1.20655630571993	0.272714203028385	0.429882759952437
ATXN3	-0.217493884757762	4.68983666561896	11.2276701305733	0.000887061216274929	0.00727009120927949
ATXN3L	0	NA	NA	1	1
B3GNTL1	0.0580141142429369	3.31132284630535	0.536809574083883	0.46421192555182	0.617496938577689
B4GALNT1	0.627784231808089	2.64484382548215	7.32966971499342	0.00709030170478707	0.0319028629897765
B4GALNT2	1.3307633180868	3.08018470644271	13.7545373858517	0.000239524804590953	0.0027909341991068
B4GALT1	0.411096324369829	8.39453499046126	22.5647637790369	2.88999739316615e-06	0.000105424125545959
B4GALT3	0.0666737234466137	6.22289643476994	0.702248850072383	0.402558513389747	0.560873891088698
BAG1	0.0130288823510386	6.61109177594728	0.0144054815724398	0.904528808098359	0.943013552893627
BAG2	0.407171415474128	4.25643422713115	9.22922972278119	0.00254722298254579	0.015446555513228
BAK1	0.0800598998748226	5.15591863716724	0.816372893548564	0.366818087733062	0.526202374704741
BAX	0.103473538445821	5.87126736139539	1.68556447691114	0.194978067733811	0.34039719929688
BCAP31	0.0831398305907917	8.24943171852919	0.934741584525054	0.334251864638138	0.49456348769898
BCL2	-0.453931482937431	4.14781593127237	9.72426343008322	0.00195783491015664	0.0126955585568776
BET1	0.100677501883069	5.30167368249685	1.08249559650585	0.298804801444191	0.458107648262992
BET1L	0.124179902581803	6.43953537979933	3.35265184625501	0.0678836571838269	0.161964005100231
BNIP1	0.122214096136646	3.60409577111725	2.1462704021473	0.143747725831226	0.274108189237745
CALR	0.129273812135172	10.2636718242059	2.7632087583358	0.0972833779704017	0.208775809271718
CANX	0.126508371995265	9.80476388600994	3.02911408984103	0.0825962395131413	0.185799027270905
CAPN1	0.214367323109115	8.25962660094047	6.35289035818931	0.0121298242092755	0.0467962373026967
CAPN2	0.0748206407348276	9.04072702317961	0.786133862305259	0.37583533773267	0.53524082282232
CKAP4	0.460292408355591	7.33532400241788	25.9878205760167	5.44164478211039e-07	2.88755534817593e-05
CLTA	0.166606810688773	7.00609487963929	5.00768597413441	0.0258168182709917	0.0808656502657621
CLTB	0.219904097404663	6.13339492614852	3.64858936559942	0.0568730448753682	0.142141219870462
CLTC	0.0983596315878705	9.31523584875408	2.28932710246468	0.131101809850762	0.257175154808383
COG4	0.0858665635901075	6.15071892459836	2.09951839034226	0.148174400513954	0.279972979056314
COG6	0.0769316216109972	4.97173528581918	1.14517124212234	0.285244938948747	0.443781606558722
COPA	0.117987028187552	8.54640548037095	3.02098471834458	0.0830076889990393	0.18646283788047
COPB1	0.106977292634555	7.54497600702713	2.81919686987494	0.0939691693360875	0.20360565806685
COPB2	0.136805219781011	7.73579266223071	4.4403311050767	0.0357575229796229	0.101891438069495
COPE	0.180773975057939	6.94560315685116	3.79709618491965	0.0520809328656338	0.133168967580481
COPZ1	0.318944436033473	7.61660279925524	22.2450687847583	3.38167049820462e-06	0.000117927591323876
COPZ2	0.272631563024951	3.44588763837562	4.82564322198531	0.0286457604536396	0.0870306862720665
CRYAA	0	NA	NA	1	1
CRYAB	0.0475268042414864	3.43803961030274	0.106889223868257	0.743894812459026	0.835829835556234
CTBP1	0.0838913434977706	7.1462479008246	1.81461144120126	0.178762833936367	0.320153554027893
CTSA	-0.0424496535262264	8.15623677155985	0.201084101797426	0.654104079948073	0.771622607537506
CUL1	0.133236297399758	6.20253937461866	7.54492490263046	0.00630578956700137	0.029284885937322
CYTH1	-0.0692894387607424	6.47588436561818	1.31895203595995	0.251506284615523	0.40629758532177
CYTH2	-0.00880922865341319	6.311846742068	0.015297642557084	0.901631490521707	0.941176731334062
CYTH3	0.0427774349138935	5.94621611739188	0.127695622973668	0.721032742097965	0.818819524441232
CYTH4	-0.292630131847524	4.70428657157415	6.73685968424248	0.00981189712843578	0.0402351387194369
DAD1	0.150256200124979	7.10337334005109	3.38240909873836	0.0666796496081198	0.159852938793256
DDIT3	-0.0670635633523346	4.57527651910473	0.260400935229178	0.610142618040829	0.737682740793957
DDOST	0.176036121120171	8.31769749143513	5.32952879313556	0.0215058209211469	0.0709715710190182
DERL1	0.193688969978551	6.84975979267788	8.9518613111591	0.00295368397946783	0.0170711883199099
DERL2	0.160728306422078	5.47086310668237	6.74326608425672	0.00977735296311982	0.040134044758245
DERL3	-0.312391218360172	5.48574146200763	3.72511048347891	0.0543477938879337	0.137480106020088
DNAJA1	0.176212645806216	7.64174702243209	5.55167398570389	0.0189726483418789	0.0647083599378667
DNAJA2	0.0204437808624208	6.36411072181891	0.109143618871032	0.741304213194544	0.834133266450975
DNAJB1	0.129372473730722	7.11189082847871	1.93180896707479	0.165378451969392	0.302401280118686
DNAJB11	0.136836896750919	6.51376100514902	3.53712514765629	0.0607777574483448	0.148912010349945
DNAJB12	0.139450326786901	5.88654138368001	5.11578537728018	0.024276402090185	0.0775771246300428
DNAJB2	0.0340615701545881	6.68916074589976	0.180904377256756	0.670839160341453	0.783825000548673
DNAJB9	-0.0566692280751957	6.00409999182749	0.334629683634948	0.563290004384299	0.701682392360977
DNAJC1	0.137502876883175	5.25653817399775	3.43928856192038	0.0644415042474425	0.155678322917534
DNAJC10	0.198865993099496	7.46431078524019	5.24800749460638	0.0225215106528638	0.0734058264070574
DNAJC3	0.0128600871598767	7.21718850839726	0.0283885013668364	0.866288789809892	0.918645223639059
DNAJC5	-0.0704925620829924	7.07394399265369	0.755318379110376	0.385348964764254	0.544339097079576
DNAJC5B	-0.134964851682794	1.53005410685251	0.686587968636865	0.407850131747553	0.566301471588528
DNAJC5G	0	NA	NA	1	1
DNAJC6	0.116143973873275	2.92430933480087	0.539909927812869	0.462925545336637	0.616703849412662
DNMBP	0.28274786273412	5.38639166312061	12.5793218985342	0.000439035209449083	0.00434301578795764
DOCK5	0.232903942689411	5.98218901831387	3.14259800528709	0.0770773368996855	0.177401859861609
DOLK	0.116481366798727	4.4897953727911	2.53487716440833	0.112191227106514	0.230796124705723
DOLPP1	0.0934474594485843	4.65282974045062	1.40449966140405	0.236715986040142	0.388806209254044
DPAGT1	0.166024232453997	5.77440105499761	5.21720378814062	0.0229181844322826	0.0744670610142211
DPM1	0.104823287199919	5.12775604561939	2.06256520461807	0.151782723773984	0.284692783719144
DPM2	0.064482089097523	6.05890217154422	0.5091662700932	0.475940212925405	0.628089532709354
DPM3	-0.0867822694302678	4.74142619970796	0.370364575018142	0.543171050471823	0.684962003527525
DPP6	0.179274841556563	-0.889659500171655	0.798944216126954	0.371977822799596	0.531384257708248
EDEM1	-0.142455669278034	7.08953925041264	2.39194921559495	0.122798056239302	0.245371544129705
EDEM2	0.163958565723231	5.9364162806877	5.01107269516811	0.0257670419889527	0.0807862469454084
EDEM3	-0.101921222076742	6.31656955372047	1.55675512488631	0.212913171708723	0.361009399217121
EEA1	-0.191303861326972	5.14260688932541	5.39493067482761	0.0207254575007798	0.0689695106199947
EIF2AK1	0.166795955530908	8.01013534128904	6.15035185827409	0.0135732884567662	0.0507531693694439
EIF2AK2	0.0417224103717765	6.57895424996791	0.315269965234387	0.574796840799996	0.709982347214958
EIF2AK3	-0.0681557941369535	5.13788825305051	0.998775326322585	0.318246194224297	0.478163081407539
EIF2AK4	0.238096770828019	6.05628456151544	15.1345490812232	0.00011827834422195	0.00163092675271195
EIF2S1	0.181886819143597	6.27957527836725	6.42429678984083	0.0116595241965887	0.0455060306279589
ERLEC1	0.0723525236547952	7.01092573605732	0.889150049401976	0.346309868173017	0.506116039101591
ERN1	-0.139730836585005	5.90865607504905	2.81303521767813	0.0943277922779942	0.204091041474206
ERO1A	0.508391496060288	7.96663521595819	17.0907256392662	4.39266357841293e-05	0.000803017952844594
ERO1B	-0.12748634684464	4.9409824967776	0.512821799693704	0.474361922312561	0.626729245275879
ERP27	0.0898658536161616	4.01891553878652	0.272764850049211	0.601788945062453	0.731800293070467
ERP29	0.0847751520473327	7.85724265258439	0.73429542711827	0.392037206116401	0.551066625380156
ERP44	0.119623737289362	6.44087847020556	4.16318636131896	0.0420059200314887	0.114133413102399
EVI5	-0.275454023043103	4.80648126304235	11.8852745129942	0.000629428275844153	0.00565826361059901
EVI5L	0.0291501647670524	4.32793946095067	0.12579650022915	0.723028561748087	0.820438093244926
EXOC1	0.013791227423596	5.5927210671864	0.0563263787441325	0.812527947622664	0.883572451368931
EXOC2	0.144287789510788	5.34593038239448	7.19461566674014	0.00763301867358846	0.0336404005670567
EXOC3	0.204379151220449	6.28612480670439	7.60491645321626	0.006103429536415	0.0286332748951887
EXOC5	-0.0170619930152916	6.09598072145265	0.0518434727943882	0.820009066582978	0.888981100551195
EXOC6	0.114613001112136	4.62484791860687	3.03201802007545	0.0824498000856044	0.185539065199191
EXOC6B	0.146877874115861	4.92474433068887	3.95150684703458	0.0475502819992424	0.124663190478143
EXOC7	0.0540125118485092	6.24594268033541	0.946894037819134	0.331133287054087	0.491465914683017
FAM71B	0	NA	NA	1	1
FBXO2	-0.0427907626147528	4.62340897379012	0.0422876162320704	0.837183172111857	0.900210650468567
FBXO6	0.0966769393732028	4.73399147780689	0.765059427898645	0.382305079411232	0.541343632121064
FBXO8	-0.00164125843457019	4.35442450434893	0.000629526847642287	0.979996115420926	0.987472611606649
FUT8	0.0700552450538037	6.20877635141955	0.400858978298817	0.52702873953882	0.672973006163833
GALNT1	0.0644254792533636	6.94053061055656	0.722520289154677	0.395856384678148	0.554489585390905
GALNT10	0.153076187255348	7.25006850507881	1.68573349639536	0.194955732544104	0.34039719929688
GALNT11	-0.175498496156825	6.15796607012949	4.27831641004463	0.0392809792800884	0.108757910612159
GALNT12	0.0844836587235619	4.9168588847218	0.495203876428636	0.482048251945382	0.633749501217627
GALNT13	-0.154654781564366	1.91760579535028	0.30487746428933	0.581166956597144	0.715041654344138
GALNT14	0.652881817266956	4.55516516169932	9.61550808910931	0.00207412868825469	0.0132459897471483
GALNT15	0.0257796593876647	2.28284694850089	0.0200219466194172	0.887551169438593	0.932594090613493
GALNT16	-0.619369030351989	1.53032373853365	9.0959352070725	0.00273490401550928	0.0161922207940502
GALNT18	0.133096422948041	4.95986355051913	1.40413816041592	0.236776216394518	0.38884111726934
GALNT2	0.347072954127135	7.25282425176789	16.1607693015485	7.02507642303738e-05	0.00111464545912193
GALNT3	0.402254497935074	6.24791311292074	7.76662298607239	0.00559047252892374	0.026932999074801
GALNT5	0.219281195455417	5.26600233633262	1.50994090780422	0.219912365123975	0.369074455969428
GALNT6	0.291160407695445	6.39041612633874	2.67057623809591	0.103051336620427	0.216837187472148
GALNT7	0.207418859504616	6.43428039244653	3.95993419657016	0.0473153565076641	0.12427519009301
GALNT8	-0.617221685357396	-0.699950486282891	5.07526207486691	0.0248423131943679	0.0788121320530838
GALNT9	-0.351043427792948	-1.54968665235786	2.05287918783371	0.152744956460002	0.286023468363756
GALNTL5	0	NA	NA	1	1
GALNTL6	0.0786604438370692	1.16112039872705	0.0712100635593674	0.789728493609661	0.868849536792944
GANAB	0.182459157225884	8.96232597833319	6.87731493362113	0.00908255300157247	0.0380227114336118
GBF1	0.236747258589719	6.90350017259258	14.7781284537191	0.000141841384036362	0.00186826476135128
GBGT1	-0.0621168645954287	3.60042094014135	0.391588256684421	0.531843279465743	0.676546037864063
GGA1	-0.051852397208416	6.08857293647679	0.543470308029504	0.46145529441038	0.615393196506891
GGA2	-0.190425914175781	6.95774204518071	10.9717032944705	0.00101430768081723	0.00799145461536695
GGA3	-0.0521966731604074	5.78009453724492	0.754935961677768	0.385469165472883	0.544444902734423
GIT1	0.318259921021203	6.39546854090171	15.4125346811765	0.00010267986657911	0.00147356336288278
GIT2	-0.0230842434371764	4.9824402069539	0.161899897277883	0.687640700658532	0.795728809921748
GLT1D1	-0.25120600677724	0.724878473366171	1.52229222012025	0.218039351257247	0.366821325441289
GLT6D1	0	NA	NA	1	1
GLT8D1	0.0412212555504303	5.58262917310182	0.83993343120321	0.359999997881506	0.520303027241201
GLT8D2	0.240597041033191	3.25788588655893	3.46082863700191	0.0636150573549463	0.154259936315767
GMCL1	0.118334358329897	5.38204811250025	3.78478081286103	0.0524615072349391	0.133876162540591
GOLGA4	-0.0444426229487501	6.75929310527775	0.305175032701297	0.580982600664247	0.714996373559594
GOSR1	0.131253059259788	5.88997321454485	6.22409650426504	0.0130282205693468	0.0491149589406276
GOSR2	0.130813923875866	4.63792337918727	6.50878072525101	0.0111272883057197	0.0440213830252946
GPAA1	0.0600781373446436	7.16996413263759	0.358121735260459	0.549909557698325	0.690814003028603
GPLD1	-0.0653930489257668	1.06707069214485	0.22144956564381	0.63820899064441	0.759470819292726
GXYLT1	0.0207538698143858	4.76542540437172	0.0815808229464347	0.775322862517666	0.858501587783852
GXYLT2	-0.138628750865298	3.57450532670806	0.839505899974108	0.3601221500633	0.520354426738495
HAS1	0.644223469328492	-0.320052255660034	7.45178216600388	0.00663370652494627	0.0304256892666778
HAS2	0.686846531054893	3.21278596242403	14.5816908057788	0.000156804729292185	0.00202540144155053
HAS3	-0.349431438181324	5.75059037618815	2.25587918087098	0.133942533992303	0.261107017444406
HERPUD1	-0.116656564914585	7.44208682231128	2.17285968575577	0.141296922773177	0.270831307680538
HSP90AA1	0.121993964614208	10.1483319866118	1.99686210368743	0.158447933546286	0.29316282532217
HSP90AB1	0.175629604569463	10.4992329256802	4.9169109672107	0.0271890674492581	0.0838986910584424
HSP90B1	0.120628294903954	10.1600959950271	1.93290624029092	0.165258709151338	0.302261737365714
HSPA1B	0.112513902465515	6.62406465891131	1.07842365219247	0.299714121945963	0.4587118339066
HSPA1L	-0.117935551004582	1.3431204910269	2.32268075687646	0.12833610006907	0.253121154053287
HSPA2	0.449611940312013	3.8447812185872	8.64417402192367	0.00348273075371788	0.0191355158532275
HSPA4L	0.20318610027001	3.65476193952403	2.01141272048232	0.156943574038121	0.29125373525271
HSPA5	0.183509954632878	9.9900934859308	5.40298992167275	0.0206313539106824	0.0687559247615395
HSPA6	-0.361772375047053	3.92831564850043	3.7290558492753	0.0542208730694893	0.137249440847443
HSPA8	0.160851348522787	10.141421656392	3.2354008457638	0.0728600879246104	0.170453605209906
HSPBP1	0.14728949934917	5.35645187957562	2.05571512331615	0.152462511645064	0.285606432301187
HSPH1	0.0681900922053866	6.90701429772659	0.581664261839031	0.446136273387597	0.601891347350165
HYOU1	0.156340009433866	8.15972250037292	2.5815531749976	0.108950314319266	0.225985646354864
IFT27	-0.0427308802400575	4.82397211985053	0.295916394373394	0.586774504180059	0.71967373495996
INPP5B	-0.298322172213192	4.88577496574446	11.363844328224	0.000826100767998447	0.00689267971577462
INPP5E	0.0484672347471329	3.98513987830091	0.414634189967972	0.520017106157597	0.666604692716314
IQSEC1	-0.0157378492069195	5.92114825682563	0.0490178799625682	0.824900656734099	0.892472859239098
IQSEC2	0.0313608196159528	4.63785735538351	0.133643043901215	0.714888747000736	0.814238128424719
IQSEC3	0.284486004170397	0.977758326712741	2.87199753058356	0.0909563470346664	0.198782495683181
JUN	-0.113417689535886	7.84508129881168	0.944767346898478	0.331676224896593	0.492089650881594
KDELR1	0.158177176644034	7.97478896814545	4.294462893414	0.0389139777541078	0.108003024737703
KDELR2	0.184625763861194	8.66205862795106	5.87625454491448	0.0158146918419467	0.0564780214673474
KDELR3	0.267916245628281	5.8313657397627	4.89840816147526	0.0274780007049682	0.0845190250730678
KIF20A	0.47212977708678	4.38992861475278	11.3965853374062	0.000812089283259498	0.00682008175358846
KIF23	0.46612821707547	4.2742220944372	10.4979497124819	0.0013009363328039	0.00954912476127111
LARGE1	-0.414442887207406	4.64752346572346	7.82276255827549	0.00542290317895919	0.0263937465840672
LARGE2	0.0498838544906643	5.2839727259537	0.0962746001745403	0.756517871964169	0.84503608765217
LMAN1	0.138660954661169	7.79266286583846	3.08119306218803	0.0800122355920861	0.182133912799485
LMAN1L	0	NA	NA	1	1
LMAN2	0.12556534360033	7.78575497699427	1.95268646672481	0.163117101589069	0.299405076969918
MAN1A1	-0.1598092788372	6.2523508956953	2.08907606052635	0.149184088021735	0.281261733950311
MAN1A2	-0.0283408751508294	6.19771828473583	0.128366313557609	0.720331904137506	0.818382565065571
MAN1B1	0.0413104523564616	6.67013277009199	0.337988164472059	0.561339220639389	0.700450175754238
MAN1C1	-0.290176847273441	4.09548221346842	5.9280862537641	0.0153632242182487	0.055375796035127
MAN2A2	-0.0045611424982284	5.77051613451256	0.0034701637298127	0.953056431936037	0.971495508213865
MAP2K7	0.0624221172145441	5.21308153177801	0.868647189329715	0.351924851422821	0.512080482960156
MAP3K5	-0.0247287799664217	5.4515295048817	0.0722602356420714	0.788220485727594	0.867627256887989
MARCH6	-0.0325505549796379	7.73937113818027	0.180764860321811	0.670958627040789	0.783832153660688
MCF2L	-0.276186797185498	5.33523519669201	3.49666419882324	0.062265158395727	0.151979197752191
MGAT1	0.0854542720200016	7.61527175652404	1.40508729575158	0.236618118922948	0.388702942603515
MGAT2	0.19857837650807	1.99932377068979	2.99180202921837	0.0845031150524188	0.188939250267886
MGAT3	-0.277393371030443	3.125538578416	1.88270923390185	0.170840064796881	0.309585637209757
MGAT4B	0.169385935695886	7.18477482520083	4.23854223651546	0.040200669181191	0.110552990021447
MGAT4C	-0.859475326747931	-1.75676296627024	7.65131382099403	0.0059514984395706	0.0281539512840305
MGAT5	0.0416404097648703	6.55730126856697	0.18377172750519	0.668395845481908	0.7819964632383
MICAL1	-0.160326792866342	5.7083910415256	2.75828875165886	0.0975806709716291	0.209171051258786
MICALCL	-0.166184267433483	2.74383984613024	0.990838369595884	0.320174175393319	0.480278702886885
MICALL2	-0.0668238471674799	5.82979544248625	0.290332741318424	0.590324488485013	0.722589879529624
MOGS	0.142681489391345	6.51568897128225	4.54885261351442	0.0335844277799528	0.0971833965299753
MON1A	0.189596028747254	3.41762858957693	6.06641240021303	0.0142224791247366	0.0524409733797061
MYO5B	0.307410432731125	5.91366659013786	8.17982330088126	0.00447090672842758	0.0230625871111464
NAPA	-0.120206905393858	6.13835708043792	2.80167737445115	0.0949927702078632	0.20515590225368
NAPB	-0.332739456042983	3.85572843419843	17.4476657555913	3.67048237568607e-05	0.000700802663596042
NAPG	-0.0982316140169924	5.46504519040873	2.11821926992149	0.146385468590745	0.277334008037856
NCKIPSD	0.0903812531846433	4.87084678010635	1.59758953757398	0.207023845214721	0.353968219024929
NDE1	0.108873325828233	5.12456324118855	1.54221949446774	0.215057536823166	0.363641773509142
NET1	0.208223322020759	7.54941653180265	3.57164085095922	0.0595389146539055	0.146804434347172
NGLY1	0.010244725582969	4.88135305234471	0.043859328725987	0.834228344297547	0.897957233576233
NPLOC4	0.00267789616274769	7.45772558424596	0.00212520079150746	0.963254964630329	0.977776396257922
NSF	0.0902198181445311	6.02819474992857	2.05535360487769	0.152498484008059	0.285606432301187
NSFL1C	0.0128044465304964	6.37500770497306	0.0389500034761568	0.843653799110133	0.904375569098418
OCRL	0.174686534931483	5.77697468932577	7.88293343544404	0.00524900484066789	0.0258450590659514
OPTN	0.00751123549589995	6.42550410859035	0.00722470541824953	0.932307757683512	0.959420511746437
OS9	-0.0864088905919189	8.52044919342626	0.930999031292904	0.335220197868927	0.495513749207806
OSGIN2	0.17517289466243	5.39288975384075	3.30364198574618	0.0699178241239294	0.16556838304512
P4HB	0.145356121060133	10.4476249413921	2.74212509348986	0.0985643881519388	0.210360540033411
PAK1	0.199626054165503	6.54777119243474	6.71402346041761	0.00993605866969287	0.0406335037794295
PARK2	0.0749856658855859	0.997687772313145	0.232955485821255	0.629620312082434	0.752563923317466
PDIA2	-1.3838686658485	2.65529767055871	10.0767113142137	0.00162460333860858	0.0111196512111256
PDIA3	0.180893902445887	9.53512842819374	3.31308466939933	0.0695208670176301	0.164937090541827
PDIA4	0.196239681057812	9.02902302807423	3.54089363606221	0.0606411688506836	0.148713774416724
PDIA5	0.0795318575789406	5.47680020142522	0.928817904714625	0.335786269316648	0.495983184332898
PDIA6	0.200825498205729	8.29750297673182	4.63801688639634	0.0319027700234843	0.0937270177367555
PDILT	0	NA	NA	1	1
PGAP1	-0.214597290160176	3.92423755176189	3.05900717350083	0.0811021691913163	0.183588923564396
PICK1	-0.0148870303711822	4.87938452566192	0.0297206981645007	0.863217736406218	0.917110646132355
PIGA	-0.20389608059597	4.99130713270491	3.91780833990902	0.0485021040338416	0.126452665592786
PIGB	0.0971483048914915	3.63393292604302	2.05132674585223	0.152899823775585	0.286179705981275
PIGC	0.00338442644901872	5.34397465287854	0.00255951150340842	0.959677660813828	0.975690174320718
PIGF	0.126627600099413	3.87112142873859	3.29072948944532	0.0704645963300341	0.166444266851733
PIGG	0.00298001673280927	5.64678672627893	0.00251374595513195	0.960039474729395	0.975776244930403
PIGH	0.0394353894140548	3.81562936066058	0.303648307633406	0.581929716700872	0.715783353738845
PIGK	0.0518674943005185	5.30417390604366	0.538106895394395	0.463672954985572	0.617185138979708
PIGL	-0.105905378547655	3.20188673064166	1.78140550967139	0.182780006647641	0.325119564880569
PIGM	0.0267753701227662	5.00934349765529	0.130200103555226	0.718426173613913	0.81706701179652
PIGN	0.0282123271024734	4.87999786097903	0.151331436096953	0.697485215384625	0.803091900532434
PIGO	0.081705899896101	5.40282347925008	1.36106379624486	0.244088517553074	0.397870738790315
PIGP	-0.0237477696743662	4.19723370965232	0.075399778616122	0.783781069510088	0.86495865158771
PIGQ	0.00746605538345611	5.90264156394774	0.00627736450632609	0.936891742098359	0.962724049782428
PIGS	0.20976048474632	6.23989682028131	8.21235029609479	0.00439316195966752	0.0227936169191642
PIGT	0.0416296265678969	7.62999435078198	0.186144725476988	0.666390789840294	0.780601946565483
PIGU	0.21158679002965	5.14780387968762	7.64642454519623	0.00596732426670202	0.0281978652885754
PIGV	0.035928344525693	4.39386934456242	0.22565051428342	0.635042113584487	0.757086858421063
PIGX	0.157709884435866	4.66574633966667	4.41056977012903	0.0363789386200064	0.103041489015554
PIGZ	0.257980289142465	2.45917517038734	5.39960290486587	0.0206708481120175	0.0688493621888148
PIK3C3	0.0337680210010722	5.00894517931035	0.259301866817579	0.610897240217379	0.738186691818497
PIK3CA	0.0105987216882619	4.9872879523918	0.0188638409174433	0.890830660266535	0.934650928003447
PLAA	0.18299080555556	5.22481464498712	7.35379712628776	0.0069975962258824	0.031647830306258
PLIN3	0.551927392407197	6.42240471948553	32.731542682482	2.15420579684684e-08	2.10499182701644e-06
POMT1	-0.125533994192984	5.0567693875984	4.04058554751695	0.04512823979228	0.119920774451997
POMT2	0.0937102463180412	4.68796734169579	1.66873933205627	0.197216557109955	0.342758412248507
PPIA	0.275321622447087	8.59774726778325	12.3531570760463	0.000493618063342736	0.00473881764034486
PRKCSH	0.197684424790797	8.25262819045326	6.22655573015996	0.0130104381866802	0.0490734211723551
PSD	-0.197455344621723	2.46826785013586	2.84031289576484	0.09275141326998	0.201624962009549
PSD2	-0.780765862470214	-1.24618014651824	8.67732071636262	0.00342136408021263	0.018889010050563
PSD3	0.0175063478133757	5.53595610780927	0.0265078655773881	0.870753156654903	0.921844789927908
PSD4	-0.145508783739975	6.38513319595839	4.45610473986107	0.0354327026466843	0.101197751572087
QSOX2	0.162739495643423	4.7983245405284	4.6127748028432	0.0323696871824846	0.0947056464579199
RAB10	0.251556220797805	7.58857743994895	12.6766267108892	0.00041747402799602	0.00420412261624144
RAB11A	0.213822453668106	7.23586449098884	10.4393901792158	0.0013416763792352	0.00977013535415201
RAB11B	0.127994848646091	6.73416698238648	2.27609083489553	0.132217810424005	0.258794212765429
RAB11FIP1	-0.10650196961345	6.95342166056715	0.784838829323362	0.376228430048301	0.535560881960465
RAB11FIP2	-0.144994214745851	4.44336240402821	2.98890105199921	0.0846533611914127	0.189081780335314
RAB11FIP3	-0.112450547050702	5.62109454356499	1.54486633757598	0.214665150919989	0.363205453510736
RAB11FIP4	-0.0800164996647128	5.54986775223368	0.733031534105766	0.392444591313262	0.551445787454738
RAB11FIP5	0.306262104723295	5.55814771631218	13.9588766897892	0.0002156787303336	0.00258635866580302
RAB12	-0.0543974560075445	5.53419624698969	0.629548335629178	0.428018685214056	0.584981428807085
RAB13	0.19698687992293	6.68824750014669	6.74006980509729	0.0097945720504358	0.0401709474404326
RAB14	0.0256988239357696	7.09120830891693	0.218188822922901	0.640692493305082	0.76127480954733
RAB15	0.133528796329572	6.00151927432086	0.910297946727807	0.340644960195359	0.500630346978206
RAB17	-0.164936516151415	5.18532797916797	2.04490283836784	0.153542556183096	0.286856985442904
RAB18	0.0356012727546376	6.5900406302922	0.298786057289317	0.584966888327418	0.718043215729155
RAB19	-0.0383716501104028	0.802674634515392	0.0973741815728955	0.755175781753852	0.844046477079239
RAB1A	0.16114985574489	7.75690610337304	9.05070513676355	0.00280174635810867	0.0164827163377915
RAB1B	0.210915283511124	7.61318950453567	6.83743190846892	0.00928379621274261	0.0386567207221947
RAB20	-0.293318935541643	5.32528556243725	6.06858118548622	0.0142053080485396	0.0523963779148068
RAB21	0.0307225150709633	6.16556960253832	0.257504454587585	0.612135699528006	0.739152350803784
RAB22A	-0.0654196320892643	6.19301553995745	0.880620634032647	0.348630827207612	0.508580399588335
RAB23	0.130903089886908	3.4881443399774	1.488442209284	0.223218748931885	0.37306831630948
RAB24	0.0678017771428801	3.08681813331599	0.461617483584969	0.497284736842556	0.646881893188017
RAB25	-0.00856320437771527	7.15531610721774	0.00501301515352002	0.943592257996048	0.966263555325424
RAB26	-0.284383814839295	2.04972288470328	2.31164505024203	0.129243898438771	0.254374199985357
RAB27A	-0.0271979988555769	6.28306660751377	0.0813327513822097	0.775655524669042	0.858663373118709
RAB27B	-0.0118131311520737	5.97928206172146	0.00454969571999423	0.94625798003733	0.967797699193182
RAB28	-0.0830096695582915	4.05401902859089	2.44306171655146	0.118882203047221	0.239980718579871
RAB29	-0.187578821997274	4.96069467616555	4.83807507520583	0.0284426332239385	0.0865996222212835
RAB2A	0.09777748539421	7.50593812549422	1.91214613011955	0.167541190118175	0.305357125487959
RAB2B	-0.0475289485951269	4.85355838954965	0.704103724886678	0.40193842857507	0.560266508906207
RAB30	-0.352660542036167	4.0726515198038	13.4702568039143	0.000277212280983349	0.00309925239317199
RAB31	0.219125719408157	7.30661258277951	4.09867439270742	0.0436193695760887	0.117048716886584
RAB32	0.101698983916538	4.61609970998542	0.771589929163586	0.380283514979292	0.539466222075669
RAB33A	-0.154866301321305	0.260743145375178	1.70039856170342	0.193029188369508	0.337975240247444
RAB33B	-0.219397600644132	4.02953365688874	8.88178153203277	0.00306647965834303	0.0175171193030537
RAB34	0.15224939750966	6.76161657994345	3.0407111988323	0.0820130997268489	0.184885200340804
RAB35	0.218283247463239	5.78625643681664	12.0379412478759	0.000581384250602564	0.00531987613855517
RAB36	-0.31366799618871	3.71932786496373	4.77642299361739	0.0294649953285198	0.0887234821128596
RAB37	-0.103057630311627	3.3187396502691	0.376936929841158	0.539616335691327	0.682268960516944
RAB38	0.291761132167705	3.90908321513498	4.9292797632861	0.0269976918393087	0.083560083936504
RAB39A	-0.175385434017169	-0.0218223576053008	0.930372611860724	0.335382642436297	0.495661110291036
RAB39B	-0.444658762000112	1.02751846089921	6.88213122498988	0.00905855634502333	0.0379751617407867
RAB3A	-0.0742417238239024	1.86272627006583	0.41800829475641	0.518324810943947	0.665169415076134
RAB3B	0.572788317226263	3.12233172768499	3.69873294193241	0.055204514521072	0.13918671282332
RAB3C	-0.584693493255154	0.178891855417	4.83524742722147	0.0284887022021216	0.0866959644935561
RAB3D	0.194031614473375	5.4295067624586	4.23074792732504	0.0403835397355214	0.110928982763394
RAB3IL1	0.0977372447059242	3.49534299813962	0.725468873022926	0.394895014616627	0.553626872818995
RAB3IP	-0.547276695495664	5.49870861670296	12.415090149268	0.000478020443765635	0.00462773073992684
RAB40A	-0.00797490391480215	0.162470556507137	0.00386271661609317	0.950475618321897	0.970130054486933
RAB40B	-0.283288394542161	4.42069927549018	6.81803548920114	0.00938331991773706	0.0389696344475749
RAB40C	0.0721433018197705	5.92686449288061	0.458981953294245	0.49851448151386	0.647850522064668
RAB41	-0.108615763080077	-0.568178432388604	0.906573540718435	0.341633477820413	0.50156877419209
RAB42	0.224402800322853	3.07740683706488	2.88578893840253	0.0901868665524436	0.197441885080842
RAB43	-0.0127056662802036	1.88162020662958	0.0162570293108801	0.898610039755064	0.939123870076615
RAB44	-0.745474577722459	-0.66705031141569	17.514693620412	3.54887776257626e-05	0.000686306706812616
RAB4A	-0.0470094190335531	5.36069618676469	0.541707202142311	0.462182433547898	0.615986989222908
RAB4B	-0.067427388743154	4.00685221526195	0.561424286031186	0.454152865296104	0.609305496231944
RAB5A	0.113625548586596	6.07082970977801	5.45187026430543	0.0200700369617782	0.06742747008906
RAB5B	0.0610585622592821	7.66493708540548	0.976149713264666	0.323783078706583	0.483798042242764
RAB5C	0.113493259443757	6.8696132976718	2.94117366718135	0.0871673402932335	0.192922247119855
RAB6A	0.10623522056951	7.25776986983511	3.0905135105621	0.0795590845926406	0.181463257940781
RAB6B	-0.0735944838019172	4.13791775556786	0.245519615006864	0.620535539427354	0.745543373414219
RAB6C	0	NA	NA	1	1
RAB7A	0.157564038652725	8.08641877351813	5.98435477774806	0.0148881801699885	0.0541917133443647
RAB8A	0.136833536801157	5.27906153089662	6.69393351012295	0.0100466259145769	0.0410227269805674
RAB8B	-0.162367900236549	5.2577198920054	2.9154778398386	0.0885543467443436	0.19496880262324
RAB9A	0.0770645217886872	4.74571395881859	1.33320623082034	0.248964879811261	0.403303307561364
RAB9B	-0.471174239990738	0.475380632137716	11.29815846405	0.000854955984704533	0.00706477551059731
RABEP1	0.0111720781419785	5.61465106162245	0.0482212375593625	0.826306379676419	0.89327004653093
RABGAP1	0.0483300324441563	5.95237392166884	0.713525759073384	0.39881000635365	0.557262973477245
RABGAP1L	-0.312090616134503	6.03087614712495	13.7188120983362	0.000243960307660612	0.00282617728941966
RABGEF1	0.0839289277298795	2.61484859617119	1.25628493404734	0.263066886443676	0.41900356588478
RAD23A	0.234654341607764	6.46717824967958	11.387794433084	0.000815827470986081	0.00683781755493843
RAD23B	0.230284885992444	7.64495833231688	12.2375595028426	0.000524125822909839	0.00496411998861573
RALBP1	0.181770021826138	6.45682692044595	6.30462593230492	0.0124587539885986	0.0476939653687102
RASEF	-0.240341009782204	5.67885839766165	3.99542969323988	0.0463392721334432	0.122326314907062
RBSN	-0.113413112869947	5.3479369817658	3.25482552414867	0.0720092463052639	0.16905540215704
RBX1	0.031365692516221	5.90366203619298	0.138288619122879	0.710196644216211	0.810830746206888
REPIN1	0.0811193320225475	6.77577743858632	1.19647194300983	0.27472435244297	0.432244009950524
RER1	0.0743595960613812	6.89304449969288	1.36027016893303	0.244225810692025	0.398067537117908
RFT1	0.229991749802229	4.72182874643387	15.5077807435796	9.78281502449767e-05	0.00142780393174788
RFWD2	-0.0797551057589752	5.81888711958317	2.1430099799943	0.144051537552893	0.274556839493851
RNF185	-0.03263696256324	5.06844301462738	0.337374072743035	0.561694946276571	0.700784923371371
RNF5	-0.0334819831381981	5.6434340116361	0.157234860070091	0.69193888427012	0.799040492894175
ROCK1	-0.0944475294139426	6.13752805494673	1.59384750585096	0.207555416102945	0.354470790333621
RPN1	0.124066145666919	8.7124962459427	3.24022597726309	0.0726477312882245	0.170089233924841
RPN2	0.0979604168203402	8.95261875494042	1.50192778740072	0.221137826018307	0.370381673758944
RRBP1	-0.0962458206236288	8.75768145659116	0.960377441897374	0.327718443662866	0.488024776902985
RUFY1	0.153574099557339	5.87700856189767	6.56156962975275	0.0108075002340675	0.0431259446591158
SAR1A	0.135027893916516	7.00286607415266	7.34349540723024	0.00703702568554411	0.0317392541272892
SAR1B	-0.0486133350968092	6.27538662684117	0.537765868439037	0.463814537311851	0.617306563750749
SEC11A	0.136541130710067	6.91886401928148	3.84762203133648	0.0505499896088764	0.130173809875774
SEC11C	0.0681275353309943	6.7452924253192	0.190484807765937	0.662762542381762	0.778132558062557
SEC13	0.173190553352273	6.95311507107287	6.39050238833571	0.0118797121025185	0.0461788250932448
SEC16A	0.130938857881953	7.44821300166317	2.9768665263827	0.0852797519121292	0.190180413439443
SEC16B	-0.171822701351831	-1.5748738070896	1.08339802420205	0.298603758923792	0.457945461082691
SEC23A	0.161349554495872	6.32884431486429	2.35904024050264	0.125395184275861	0.249189815187835
SEC23B	0.0317940349453863	6.6307378848297	0.168374822812114	0.681792634776647	0.791567934075922
SEC24A	0.109213981487268	5.92298860526944	2.04912037902203	0.153120232146512	0.286391545311069
SEC24B	0.107498895225704	5.59606877651258	3.7671346525096	0.0530119758965299	0.134861030437166
SEC24C	0.193197939729007	6.05668628450837	5.87419818784405	0.0158328839287707	0.0565261939521446
SEC24D	0.0655339273172554	6.6761154680189	0.703197569397514	0.402241182356259	0.560534629051185
SEC31A	0.0858993100001809	7.95783768388666	2.60689430620777	0.107234137428042	0.22344783248052
SEC31B	-0.285745912875215	2.83672657012912	4.01506128665721	0.0458086015980331	0.121258359785653
SEC61A1	0.222311405654446	8.96234035219451	11.8265035249946	0.000648980600184329	0.00579286879585254
SEC61A2	-0.142244358527512	3.02611037071299	2.53352123787268	0.112286953071144	0.230894249608567
SEC61B	0.161907857741674	6.31970146124175	4.45333638732831	0.0354894851579168	0.101329878159639
SEC61G	0.325462927201811	6.17512437030449	11.4531597007581	0.000788444570122289	0.00667111248736346
SEC62	0.0322230462888876	7.68313804585789	0.224439000812153	0.63595168046052	0.75768271683733
SEC63	-0.00880698433848365	6.75774046655345	0.0215281854398653	0.883427395467933	0.930253536545391
SEL1L	-0.0888848304544786	7.37687925698306	1.18736930436231	0.276554852271877	0.43435645468222
SELENOS	0.0819131904359929	6.218361209517	1.07074790717488	0.301437956955199	0.460330550386879
SGSM1	-0.387261299119565	2.90874679639152	6.66074852327789	0.010232045983038	0.041525902640599
SGSM3	-0.0369259308714947	6.15882049271389	0.178075508549272	0.673272203911496	0.785522362647407
SIL1	0.102905234552122	6.31374025112731	1.24166392013544	0.265858449745961	0.42224680640855
SKP1	0.0511917179974955	7.82901875452669	0.46702372285646	0.494778159305199	0.644912557931806
SMCHD1	-0.144985534354522	6.19850471897106	2.30692081262763	0.129634707671718	0.254902406544559
SNAP23	0.0588998409727524	5.8233778197271	1.02015015275894	0.313129332572826	0.472710082194823
SNAP25	0.265161193453216	1.8393278080179	1.13182789521044	0.288064762100404	0.446886140778929
SNAP29	-0.0183131178818354	5.43837035691157	0.0657051345196801	0.797835348812488	0.874236483112313
SNAP47	-0.0137427899638917	5.25538015976235	0.0580656286798887	0.809710452085303	0.882052891402474
SPCS1	0.119764391245586	6.57936051721374	2.83414676941888	0.0931052219688905	0.202155480596892
SPCS2	0.0707200132879313	5.76243374470182	1.16875852896981	0.280345552131302	0.438419516110353
SPCS3	0.0725118323001371	7.36790766412913	1.2376891650411	0.266623723120859	0.423126761495954
SRP14	0.13775805778992	7.54238291842331	3.90641195843863	0.048828549751637	0.127061562275795
SRP19	0.174448497084863	4.51288601355527	9.3971065351731	0.0023293959909105	0.0144949575018138
SRP54	0.174258427085973	6.54941653468181	3.5706423690654	0.05957437099869	0.146861730085787
SRP68	0.203696795877676	6.94490034897051	12.2486419071286	0.00052111993319714	0.00494907711341102
SRP72	0.127945940507746	7.01474902464204	3.18255481559564	0.0752301543748957	0.174385964403447
SRP9	-0.0330759531340654	7.51050782952504	0.206619497409477	0.649690867557782	0.768642045199034
SRPRA	0.177045127507511	7.85207674745217	7.58852533109881	0.00615804893849393	0.0287710749044737
SRPRB	0.2301060367759	6.48819212942422	8.06771358978466	0.00474982245220917	0.0240776533332358
SSR1	0.136539020392946	7.91446909614312	4.58981412970519	0.0328006274330145	0.0955710887557335
SSR2	0.0610424830251189	8.45598645140624	0.490189394073695	0.484273407318805	0.635631984554408
SSR3	0.262378918469713	8.04031787431845	10.5832179394757	0.00124385279346582	0.00924543396701648
SSR4	-0.0245063850801475	8.4092051784624	0.0443792786088345	0.83326303422122	0.897267142845596
STT3A	0.197047924225028	7.6555914563218	7.80663605984416	0.0054705051062706	0.0265495662718621
STT3B	0.0248014937415481	7.81868032826364	0.142055718928001	0.706457286024832	0.808950046303259
STUB1	0.132180641046019	5.326896262333	1.90795825536063	0.16800600662594	0.306041860205695
STX10	0.100163911048539	5.51854839436183	1.37228693850517	0.242157043885385	0.395580769345355
STX11	0.0245021835998099	2.87340960880992	0.0399004707057828	0.841782696021646	0.903176774101425
STX12	-0.0373084998709145	6.09019514628087	0.449236357364231	0.50310698739394	0.651459047779332
STX16	-0.247972410148355	6.3407963227338	10.1862747033202	0.00153325341505606	0.0106891953570527
STX17	-0.0446339822639158	4.09760267764125	0.399559778121851	0.52769872811864	0.673435019458265
STX18	0.100661762474996	5.04362178363009	2.9671635992065	0.0857884489233807	0.19078738105681
STX19	-0.126337067290745	1.79842253661284	0.725908184231935	0.39475206814071	0.55347320777904
STX1A	0.284053159534062	4.23925836722256	3.52226506494354	0.0613195731278398	0.150012719975971
STX1B	-0.151974643980251	0.414421064337344	0.921092176249813	0.337801696437297	0.498011479850337
STX2	0.0211494860013643	4.05033569423353	0.0762903163110601	0.782539982821398	0.863985674584823
STX3	-0.0939907556246092	5.92839922289273	1.71985941033613	0.190506966640268	0.334825361124425
STX4	0.0268230442445526	5.72810282414441	0.14256050241279	0.705960538530903	0.808750221984743
STX5	0.0452644359377171	5.71330508084007	0.627992296082277	0.428589656792226	0.585536344026211
STX6	-0.0412647137794403	6.23910269819483	0.522197680240005	0.470352460284231	0.62293842646349
STX7	-0.0881723605432844	6.08019152927141	1.8809876499161	0.171035299090503	0.309851148235284
STX8	0.122047462111066	4.44758734390795	2.93904302534713	0.0872814447943357	0.193068130115601
SURF4	0.146562903001713	8.54202398464012	5.06509408562928	0.0249864570079104	0.0791128100047615
SVIP	-0.046248676503097	5.21574411053493	0.384357838656715	0.535653629837281	0.67972559541934
SYTL2	-0.0944342863568144	5.69415101372536	0.516147353171808	0.472933478300536	0.625319050892364
SYVN1	0.0654369296845466	6.90595685684415	0.805794014442929	0.369937929952687	0.529477103912038
TBC1D1	0.125342251449136	5.46154155972731	1.65251584749813	0.199403674413045	0.345311254631567
TBC1D10A	-0.0462924302906922	4.55939892105946	0.391896991253633	0.531681672121011	0.676463964287566
TBC1D10B	0.103655880770451	6.2371661174198	2.3794705357524	0.123775734106336	0.246750795857365
TBC1D10C	-0.3942997511357	3.84340293909955	8.57565417605509	0.00361317576356394	0.0196668925222401
TBC1D12	-0.0480213156250224	3.71056315073208	0.58349691740147	0.445421310979508	0.601241866646913
TBC1D13	0.0651114517627873	5.22388680669632	0.912247905620375	0.340128948930798	0.500127972041762
TBC1D14	0.0535412231975747	4.93514846099202	0.31677832029675	0.573883799952858	0.709290365639889
TBC1D15	0.0561090783828751	5.61741726721603	0.736872932393935	0.391208291878207	0.550255407850693
TBC1D16	0.0349680305492426	6.24372039008505	0.140624614193892	0.707871112142085	0.809703642862385
TBC1D17	-0.097322494089931	5.49520906616079	1.74802602144198	0.186924371557297	0.330371057484626
TBC1D19	-0.281116876829498	2.64429843493761	9.28341961266327	0.00247472761791162	0.0151290698065512
TBC1D2	0.0497201580744446	5.89202846126337	0.13574498133644	0.712754466020464	0.812731457435601
TBC1D20	-0.0593820999325461	5.73323895466419	1.31442710640758	0.252319713722171	0.407262551310506
TBC1D21	0	NA	NA	1	1
TBC1D22A	0.126910578187847	5.36391666049901	4.26250015852341	0.0396440114316709	0.109492889330668
TBC1D22B	0.103931535789599	4.71678602901715	3.86940892967475	0.0499046512019278	0.1290872705899
TBC1D23	0.0481678884378612	5.45350812878554	0.540450125139708	0.462701991986665	0.616449071096158
TBC1D24	-0.130992899221843	5.12031164541552	1.52707850438495	0.217318671555784	0.365947896802658
TBC1D2B	0.0153122751775574	5.85835973472887	0.0451001468853178	0.831934430004378	0.896531867140915
TBC1D30	-0.00130193044602372	4.58981811517818	0.000135242691648221	0.990727432895543	0.99391119034861
TBC1D4	0.00353144095207215	4.80556669571104	0.00169301304977164	0.967201030759948	0.980333040032368
TBC1D5	0.0528309589256654	5.91088809861342	0.611374550545259	0.434760110775138	0.591407591127427
TBC1D7	0.0429286724234061	4.20606317745838	0.249851673151274	0.617470311077389	0.743279750059558
TBC1D8	0.129725861862415	5.41282368140435	1.2864574495738	0.257420430891622	0.412565708060616
TBC1D9	-0.217944868026725	5.67550641483723	7.54394094856246	0.00630916533083798	0.0292892460839481
TBC1D9B	0.0853196761050552	7.32781529585606	1.59874148005743	0.206860532097968	0.353789645718318
TMED10	0.0502925393016577	8.63604008652325	0.634090893432469	0.426358402850274	0.583213070489665
TMED2	0.200488697140143	8.72493683660321	6.07026253061318	0.0141920109641258	0.0523553651865649
TMED5	0.00498931337129581	6.93429282348801	0.00349179192195057	0.952910538706932	0.971460347319107
TMED7	0.149996608103875	6.91302689149796	3.8504918979921	0.0504644786606268	0.130017699683188
TMED8	-0.126707700554012	5.11290040277915	3.31058558041468	0.0696256889304082	0.165071733949024
TMX1	0.151183138400845	6.10833159997922	3.51420278998375	0.0616156914130886	0.150627274502982
TMX2	0.143657419258957	6.42750730900374	4.62223041703741	0.0321939477663041	0.0943178691537378
TMX3	0.100693882356197	5.71245804945218	2.25762646476119	0.133792440724714	0.26092022473963
TMX4	-0.274603766087096	6.47332810144742	9.34225512474144	0.00239839617027169	0.0148051639908475
TOR1A	0.118484751404105	5.51524184505792	3.9978328394842	0.046273963567732	0.122207595719747
TRAM1	-0.157572918365178	9.07638913865471	2.3070899170337	0.129620695840465	0.254902406544559
TRAPPC1	0.134120009218682	6.32969386970339	2.03010619449983	0.155034738344908	0.288602574176017
TRAPPC2	-0.0276391511034584	4.07752646956301	0.204317022915232	0.651517808879644	0.770083350044199
TRAPPC3	0.0170874993003458	6.03598195683244	0.0709270035292654	0.790136992894086	0.869100074823283
TRAPPC4	0.0967130742294388	5.57220490050598	1.82463718211466	0.177570140867409	0.318468331431081
TRAPPC5	0.0575602655661538	-0.236370255653953	0.347012890017283	0.556160741449061	0.695794311593241
TRAPPC6A	-0.0439318145359516	4.51908272354771	0.134124020393677	0.714398698358323	0.813988524962666
TRAPPC6B	-0.0973798369786877	5.15281891304872	1.96064731999665	0.162264168761176	0.298135449719571
TRAPPC9	-0.0965853703660102	5.56865020397541	1.25920846902714	0.262513089370136	0.418351202846018
TUSC3	0.238922013279033	5.7727797762384	2.24753759882413	0.134661692474875	0.261999009608341
TXNDC12	0.1066261458687	6.65168350739014	2.25669205071112	0.133872684251227	0.260992018169586
TXNDC5	0.0019860200334925	3.82141236637257	0.000316344222722824	0.985818900864808	0.991054942870991
UBA1	0.213542047007264	8.5148668790685	9.17854700755907	0.00261698642796715	0.0157149936935984
UBA5	0.0100900248906975	5.26238924278458	0.0310874778822654	0.860139768592143	0.914771639977259
UBA7	-0.191769976782964	6.00196832987787	4.04448501342769	0.0450252424267727	0.119738552655688
UBE2D1	0.243264588484092	4.99776195885025	12.0457101702097	0.000579041330925738	0.00531056677328992
UBE2D2	0.0828159305751771	6.43653057624319	2.28507904993265	0.131458825572379	0.25762328787778
UBE2D3	0.00365194041511958	8.01992406098838	0.00412766564367112	0.948807578217061	0.969177248509618
UBE2D4	0.142165484777205	4.61662014920146	5.08846405294431	0.0246564513802899	0.0784342804822778
UBE2E1	0.124832594017588	6.25171191707825	3.21739192695872	0.0736585947272121	0.171870054363495
UBE2E2	0.113715038504886	4.4457364830734	1.43552801912075	0.231614885681028	0.383071323930133
UBE2E3	0.275283508857532	5.69998300242488	10.450304448278	0.00133398608672906	0.00973182323301768
UBE2G1	0.225341782868077	5.58253432957121	13.363536815029	0.000292864912107963	0.00322591735371952
UBE2G2	-0.049603575079947	6.48169994845441	0.706111170351009	0.401268906259252	0.559657787563673
UBE2J1	-0.0129003997305162	6.73488459806177	0.0400379466275055	0.841513985153148	0.903090011835857
UBE2J2	0.0541555539103514	5.66651650982466	0.730696532254712	0.393198826158694	0.55205381596885
UBE4B	0.020923353948316	6.01940772041137	0.108690261824084	0.741822781126508	0.834398765276262
UBQLN1	0.136487069445019	7.06444116601949	5.44706896443151	0.0201244630106797	0.0675253827262309
UBQLN2	0.157353855767148	5.93931150520072	7.01398256665789	0.00842633459313394	0.0361184434646494
UBQLN3	0	NA	NA	1	1
UBQLN4	0.0513975782990535	6.14241149988984	0.3895640501852	0.53290505416331	0.677310405116991
UBQLNL	-0.266374655263334	-0.595850641755476	2.96702475982031	0.0857957517521252	0.19078738105681
UBXN2A	0.152227780764663	4.58837884151737	6.71662722249476	0.00992182057350723	0.040588958976509
UBXN6	0.148082353529512	6.69191376269028	3.91986292799861	0.0484434975670122	0.126365189719782
UFD1L	0.128486967059378	5.90696657207787	3.26764276734463	0.0714536853935822	0.168013664236616
UGCG	-0.048030463509118	6.57592167046512	0.330274063744822	0.565839541124161	0.703618586185017
UGGT1	0.166888501940866	7.07939734786873	4.75218897631692	0.0298773220459741	0.0895841721205907
UGGT2	0.044413087420274	4.69200794520327	0.3273619497398	0.567556639411703	0.704769423400068
USE1	0.0785516628800265	4.16302626711375	0.878974889275495	0.349081089536832	0.509021002747126
USO1	0.123379436275985	6.8671038887175	3.98057746383369	0.0467450714393662	0.123232346474342
USP6	-0.807249553272485	-0.0613971759394322	24.4720356468459	1.13671544998631e-06	5.14583163592674e-05
USP6NL	-0.13131463457297	5.27192655311856	3.56520560906864	0.0597678277511054	0.1472282033697
VAMP1	-0.224765459125376	3.23018721848753	4.7850534230911	0.0293195953970106	0.0883934523490834
VAMP2	-0.0582687512781237	5.92453565577204	0.448340306613659	0.503532862102737	0.651694553342249
VAMP3	0.0157187644302724	6.8650241070534	0.0730657294712316	0.787071772870134	0.866872835526565
VAMP4	-0.113808504561496	4.62823718230401	4.25942629050581	0.0397149756200745	0.109580875109659
VAMP5	-0.413059140342643	5.9218854463522	5.67280828391471	0.0177238543254217	0.0614785007611091
VAMP7	0.131075255708188	5.71776133961932	4.28688209351912	0.0390858337152969	0.108404326832516
VAMP8	-0.0964330023304732	7.7545401523015	0.834853851939848	0.361455020195284	0.521434062020898
VCP	0.174700066931339	8.47258543172317	7.8876533642881	0.00523560781107503	0.0258052026714371
VPS45	-0.0771829366037265	5.65661669975297	1.68276425271735	0.195348542750969	0.340758470534167
VTI1A	0.104629401465102	4.44366842489513	3.48883581371715	0.0625574092630143	0.152479720529744
VTI1B	0.107151163981357	6.21396100937272	4.54231340903349	0.0337113634797166	0.0974301238113292
WAS	-0.203488529869598	4.18080533884159	3.06494629509667	0.0808088293110097	0.183080361826395
WDR38	-0.913738749631088	1.73991671261392	7.38433006533908	0.00688205907162862	0.0312544096338169
WFS1	0.0111418548712323	5.96428834661456	0.0113541895237555	0.915197709639486	0.949612951736349
YKT6	0.38529664971178	7.03833032522402	24.7121696328537	1.01121968053122e-06	4.66558515942601e-05
YOD1	-0.292810096212167	4.71814135270556	10.3119560342305	0.00143487717743928	0.0102357195394123
YWHAQ	0.177702798326797	8.14228024004584	5.78091632941792	0.0166813334344555	0.0587708756773673
