pspGenes	logFC	logCPM	F	PValue	FDR
A3GALT2	0	NA	NA	1	1
ABO	-0.257229680439338	5.15009981499871	0.626293355182705	0.429960723223041	0.812397802367708
ACAP1	-0.522779185595225	4.24493224098197	4.89253636874302	0.0284765089239344	0.308624557606592
ACAP2	0.0467032017282684	5.78778290808129	0.131665524977724	0.717219275058381	0.927913462694502
ACAP3	0.0862566373044904	5.57510923729406	0.275645863274017	0.600340117238308	0.888977435843903
AGAP1	0.0662489883975181	5.61608790795644	0.156142564013475	0.693291259935046	0.920044850171884
AGAP2	-0.265488114133705	2.75778407471412	1.57099829046419	0.212001178535889	0.650384241898613
AGAP3	0.0817459070283522	6.54717102928017	0.42221000673393	0.516824542610662	0.853064343661318
AGR2	0.298342348265124	9.63433065394035	0.558068156003968	0.456202412516469	0.826168293893027
AGR3	-0.200953812673841	5.9659182154903	0.214721492742791	0.643759485713165	0.903294161233806
AKAP10	0.123479431871038	4.9158887370111	1.53834551957509	0.216789867576667	0.654585944384304
ALG1	-0.0157859771234443	4.74646527307661	0.0173833741182829	0.895281763300601	0.975852873030103
ALG10B	0.185083015704978	3.76562812760231	1.90095331392902	0.170012648086748	0.603856292684958
ALG11	0.173041803635592	2.97129548050367	1.79733344007652	0.182050549305739	0.617579913020441
ALG12	-0.0515240803690185	4.2296411349218	0.199776245337523	0.655542545516304	0.906753251741323
ALG13	0.0373517631156206	4.88388165185295	0.136309758776494	0.712495219255394	0.925543468688444
ALG14	-0.0718388315332956	3.46218384143329	0.316999628536351	0.574252194892891	0.87801504174635
ALG1L	-0.19708325747885	2.79027819367916	0.344366869438813	0.558196522328203	0.870464233968368
ALG1L2	0.0962471375501862	-0.228499986640342	0.19845184091215	0.656612008473386	0.907082275806376
ALG2	0.0127043967908701	5.38793443845187	0.0172064023698091	0.895813083884861	0.976028639250502
ALG3	-0.0226515561486357	5.93859102706895	0.0234549746051865	0.878484515621607	0.971671597818362
ALG5	0.161218366444916	5.27057541804107	1.09296088460724	0.297488364319618	0.726003939770733
ALG6	0.051018404853313	4.07110854973262	0.199584830354928	0.655696850441745	0.906776902288134
ALG8	-0.00609844374771135	5.5010852020238	0.00190297790849211	0.965262497625949	0.991967212126042
ALG9	-0.284104554653227	3.56134945447288	1.73577252519416	0.189672805823431	0.626762657469819
AMFR	-0.201957442802111	6.7459104828132	2.13576659343094	0.14597835250768	0.573391593713606
ANKFY1	0.182152829849782	6.10635545668193	3.05312183793448	0.0826170093226756	0.475499799612621
AP1B1	-0.196971869837301	7.27808662395784	3.21949491587562	0.0747686615740129	0.4581166207761
AP1G1	0.0492974672301591	6.94141300506863	0.233913675473573	0.629338242052971	0.898280987178436
AP1M1	-0.0777944178786252	5.75312925444838	0.501618999344836	0.479882520459201	0.837129368997668
AP1S1	0.173751351273654	6.03512847747161	1.3022181744394	0.255616705047149	0.694270664530023
AP1S2	0.0936146467219722	4.46542747178306	0.250476809416616	0.617468891902236	0.894413153045168
AP3B1	0.0285252911594175	5.91968042491104	0.0959412813326853	0.75718316511558	0.939769731848621
AP3B2	2.64726622490946	1.34529990760378	50.2714760554237	4.82211513894227e-11	1.49584484489548e-08
AP3D1	-0.184915372624342	7.54464095170074	3.07164437105501	0.0817004266016014	0.473371662629514
AP3M1	0.299384448114748	5.97533920498937	11.3561912694644	0.000954889570459927	0.0385717997443212
AP3M2	0.0378528645888393	4.47725624796241	0.0682518812673019	0.794255574789423	0.947763864852043
AP3S1	-0.0700698174479864	5.64166113475336	0.409872057982045	0.523005636606489	0.855840869321935
AP3S2	0.0571807030129199	4.67578809610038	0.301042994094937	0.584040408792463	0.881380092288935
APPL1	0.0118420849803845	5.7924678438874	0.011060780621407	0.916380427085127	0.980432748688907
APPL2	-0.124221672593105	5.32791331715632	0.853118140450389	0.357146717561711	0.770807419331296
ARAP1	-0.171522023291221	7.19147770839748	1.71590857741439	0.192211772946853	0.628946423488939
ARAP2	-0.050514933899685	4.9150308123084	0.0771819985676199	0.781533617486198	0.944913293135207
ARAP3	0.136169736819335	4.28814141131073	1.09240418977808	0.297610988343564	0.726023763531529
ARF1	0.0135728753659001	9.48552056802646	0.014147093933496	0.90547989615742	0.977428035377168
ARF3	0.0218062464609502	8.05562830641333	0.0413397456422797	0.839157528308603	0.961443979715587
ARF4	-0.0379934041533863	8.17209711063887	0.108417605916581	0.74240961141593	0.933985491489619
ARF5	-0.125439613538323	7.14532069765668	0.78930598554467	0.375724443507723	0.780544688849134
ARF6	-0.154800052947943	7.39412172122277	1.51952211907901	0.219609402852869	0.65808554777378
ARFGAP1	-0.13307908751583	6.75897248917909	1.02853731032872	0.312126274866386	0.738963536855879
ARFGAP2	0.0522944875786728	6.56309098553714	0.36876729517778	0.544589916481114	0.865427710493412
ARFGAP3	-0.171535210973103	6.28657826186232	2.61102272710341	0.108212709204514	0.524513014594847
ARFGEF1	-0.254157766679582	6.66288086766769	2.76011400944374	0.0987181542093916	0.50704416743513
ARFGEF2	0.0367275422423499	6.37315358563051	0.0924607237601733	0.761490875694674	0.940726263696158
ARFIP1	-0.0241723480788888	5.67134272873082	0.0583872567890184	0.809391488495433	0.951651511523179
ARFIP2	0.0263953798660621	6.02736974596041	0.0495812301604159	0.824094767843122	0.95680407882592
ARHGAP1	-0.110228651868027	7.29306301018131	1.01832480803391	0.314532537419123	0.740718500335641
ARHGAP24	-0.215518596631253	3.86439882512982	1.32768054401429	0.251040955664334	0.690562410556414
ARHGAP5	-0.177208566444986	6.73087686820458	1.48499376848274	0.224897073052179	0.665314779260365
ARHGDIA	-0.202001880533727	7.87925761074824	2.89857698483806	0.0907174016882133	0.49322575197839
ARHGEF1	-0.00571665891103678	7.02806236776145	0.00156274444938658	0.968518857666814	0.992025639747568
ARHGEF11	0.0988852687806255	6.3750466035078	0.650994786011799	0.421027454686607	0.809405712187919
ARHGEF2	0.541266780838606	6.90316302976349	14.7614765752611	0.000179255054804923	0.0103022691355343
ARHGEF6	-0.192940568467274	4.61795913383778	1.0092403446032	0.316693570173068	0.742079955830675
ARHGEF7	0.29436657580536	5.7689828240961	8.06213506172466	0.00514370051676189	0.124996183682866
ASAP1	0.0553764069615647	5.83984654190542	0.119548816334014	0.730006046506553	0.930623092796236
ASAP2	0.228220141212525	4.48767592666031	0.536553951531508	0.465000958715654	0.830344147386271
ASAP3	0.0164670339498188	4.99639484051004	0.00693575215836546	0.933738383931007	0.985059710160479
ATF4	-0.155644303983644	8.11569190000899	1.2193695228531	0.271242620251612	0.708057658820587
ATF6	0.0921619884702901	6.64249248673975	0.812827971162497	0.368722620439524	0.777301000232318
ATF6B	0.0241847762748125	7.07597178134714	0.0456754847123698	0.831055365356626	0.958846072432895
ATXN3	0.248408033654022	4.55115636403071	5.47167367718148	0.0206386883918908	0.266403602137771
ATXN3L	0	NA	NA	1	1
B3GNTL1	0.0400649604604935	3.36389966423792	0.0632602889400432	0.801757505255262	0.949938526394432
B4GALNT1	0.954630901462365	2.82184730342614	6.08247948079557	0.0147725667426058	0.226225965129171
B4GALNT2	1.13085671994473	3.71948159535167	2.70839630361506	0.10190320044114	0.512869751722574
B4GALT1	0.022841719319433	8.49272613091081	0.017869252358644	0.893837006158926	0.975323000852271
B4GALT3	0.00309699716471381	6.24388678454121	0.000561693038601473	0.981123175018815	0.995774175451143
BAG1	0.0488468760112213	6.64141318369834	0.0652696544045669	0.79870095517431	0.948715332519644
BAG2	0.315481403693664	4.42124175773779	1.72978834376144	0.190433517216151	0.627351668870624
BAK1	0.219301386952778	5.23146210812721	2.28245232911593	0.132936671185337	0.557461232345875
BAX	-0.162193730774864	5.85315499722414	1.59793525255968	0.208145758942654	0.647255466312357
BCAP31	-0.0331904491094529	8.29246267105216	0.0707430649344926	0.790621095841257	0.947070054704444
BCL2	-0.398575230457793	4.12449349780735	1.66190927361799	0.199318936875251	0.637714253021853
BET1	0.219172828950164	5.17460740871928	1.91665817531932	0.168269938828172	0.602753892210742
BET1L	-0.0845787707991567	6.39632274025706	0.704815272045962	0.402498873016379	0.797864655182394
BNIP1	0.0523938575367053	3.61541082789162	0.156941300146335	0.692548106483161	0.919849260825963
CALR	-0.102118473499339	10.2526442531114	0.785490529443609	0.376877825073522	0.780998274707001
CANX	-0.00698974818499752	9.80679820117811	0.00335856911642873	0.953862629187069	0.990465708473187
CAPN1	-0.0524478498251567	8.27759558980659	0.188335218661257	0.664925839316105	0.910477448452301
CAPN2	-0.0690022084083046	9.0954985326151	0.18927520816225	0.664142297364034	0.910045207339582
CKAP4	-0.0644380709421993	7.48588306373831	0.157112951984968	0.692388685563777	0.919767411297718
CLTA	-0.0514451402708256	6.96420156952782	0.183535988016734	0.66896297140434	0.911716844335275
CLTB	-0.186795778229181	6.24982464540482	1.07002608903633	0.302594936539567	0.730770244985665
CLTC	-0.0378647824629986	9.23547418771737	0.123917795152198	0.72531482391062	0.929861669309897
COG4	0.0997852717302219	6.17077225526796	1.0368257526617	0.310191098493468	0.738646178441881
COG6	0.0736805248566036	4.99410557535748	0.315471131191634	0.575175611595337	0.878159940868456
COPA	0.0783999912260832	8.58778634097061	0.468835021095431	0.494574240283196	0.844472112254287
COPB1	-0.011198469097915	7.49590101778333	0.0124071351292633	0.911457277298508	0.978811242898472
COPB2	0.0161174562311529	7.78215779477608	0.0215017312294369	0.883616147380727	0.972315561443939
COPE	-0.119318810417367	6.95856750288065	0.745440594309966	0.38929421605755	0.789956153060944
COPZ1	0.105884109390154	7.70383634417695	0.797950856545957	0.373129540062013	0.779227123971915
COPZ2	-0.477802342390313	3.46436838887482	4.21400803916823	0.0418192648107747	0.362381280995577
CRYAA	0	NA	NA	1	1
CRYAB	0.628624389305322	3.69142871922909	4.62621970148901	0.0330794372074542	0.326956724947533
CTBP1	-0.0727314002595701	7.21524414064033	0.489563270867508	0.485199700338636	0.839385819855593
CTSA	-0.335557509332426	8.26088588610666	5.54984394573353	0.0197685933822717	0.262669349520839
CUL1	0.00450840902511653	6.24942308071841	0.00247679862387963	0.960373540811355	0.991143612656388
CYTH1	-0.0196029251721147	6.4440255912803	0.0343622912972821	0.853187296896375	0.965911313901948
CYTH2	-0.0675782323105951	6.30198560807865	0.330477645461194	0.566234317191364	0.874320710833583
CYTH3	-0.374803749536233	6.13682089621808	1.85140077319245	0.175649981477562	0.610703159298843
CYTH4	-0.400720523425951	4.56030206311206	3.60725040841958	0.0594369762367692	0.417120956639403
DAD1	0.0823656192387928	7.10936980040115	0.407751221342402	0.524081349869251	0.856223655735071
DDIT3	-0.175504580478589	4.59117561408218	0.719187953854868	0.397753953463895	0.794764436651084
DDOST	-0.00893813179397301	8.35519061352518	0.0060225685500913	0.938244933470551	0.986347515217825
DERL1	0.101822816280624	6.86299933305298	0.970020564325014	0.326252028451315	0.74973011559208
DERL2	-0.0232893106036554	5.43424962676026	0.0480586190334999	0.826772855524868	0.957936887050697
DERL3	-0.956492882309902	5.44053897148444	10.3117477753917	0.00161569531772172	0.0562217952917893
DNAJA1	0.123659823945069	7.61740313253632	1.14624968959646	0.286045534383448	0.717813498230855
DNAJA2	0.0393739440506084	6.3043841756534	0.19328927741822	0.660822134051352	0.909027650733519
DNAJB1	0.234732933739955	7.17351961410793	1.74734686538496	0.188211577091274	0.62528728810936
DNAJB11	-0.113829640089696	6.50688467037763	0.907142040105661	0.34239740541502	0.761514422186041
DNAJB12	-0.010977445516809	5.93934074749148	0.0143111825919573	0.904935930739035	0.977143421106823
DNAJB2	-0.126839216646087	6.70234239922332	1.20254170313954	0.274561703255302	0.709588607304147
DNAJB9	0.097482298740809	5.99416613987799	0.418328367932648	0.518755202349652	0.853608115523647
DNAJC1	-0.0508639503730249	5.25048245790954	0.143955681067621	0.704913319863081	0.922960693112116
DNAJC10	0.0750885514907	7.39658574416173	0.318345755443467	0.573441381863085	0.877995763265446
DNAJC3	-0.025450997358949	7.16547792157879	0.0370664860760383	0.847588680644606	0.964334887029858
DNAJC5	0.00285215699841203	7.04482118736229	0.0005133306623962	0.981953974976481	0.995832928248222
DNAJC5B	-0.400524811180197	1.47057831881463	1.70373958271638	0.193786948256645	0.631577498404903
DNAJC5G	0	NA	NA	1	1
DNAJC6	0.881144338632169	3.00693076159037	9.97324843180852	0.00191879591335449	0.0637007355080547
DNMBP	-0.0848075586267619	5.47893913083309	0.328462954143672	0.567418863623003	0.87484478153053
DOCK5	-0.0675417330983533	5.95299584045395	0.0834020309419329	0.773135406329636	0.943293451564659
DOLK	-0.080626210950163	4.46555437218303	0.65318816717929	0.420247769778276	0.808820395828151
DOLPP1	0.0614500788082282	4.65121006143535	0.310921753570417	0.57794158433364	0.879012296980615
DPAGT1	0.0904720421508396	5.83660469968449	0.540414394342049	0.463402335403263	0.829671532794947
DPM1	-0.0274063389005454	5.15969284415229	0.04989281339331	0.823552073816777	0.956497338135905
DPM2	-0.0503080726109539	6.02964407382714	0.146648560408441	0.702297965119491	0.922114149336142
DPM3	-0.0311568652861822	4.91191067688399	0.0167980650969352	0.897049737458356	0.976149067432692
DPP6	0.916414434689451	-0.612313373845426	6.91721478762184	0.00942207764862649	0.175231814593518
EDEM1	-0.0116997671797055	7.09863208662789	0.00489412803974046	0.94431970337609	0.988182201896922
EDEM2	-0.0247056279418745	5.95288847190125	0.0339119868193757	0.854141463912677	0.965911313901948
EDEM3	0.033021417602484	6.45059217126759	0.0351879294073499	0.851454478049342	0.965588327281678
EEA1	-0.105951142835362	5.01493137248792	0.579959568674749	0.447517052939849	0.821946759012815
EIF2AK1	-0.0738098693545343	8.07889722427041	0.390441559147408	0.533011357514887	0.860561203490608
EIF2AK2	0.195398756513386	6.5900925652157	2.34370847135966	0.127884080236055	0.552303106909209
EIF2AK3	-0.138871804204052	5.11044785284597	1.07859232322342	0.300674411355122	0.72882368835389
EIF2AK4	0.0121325476942414	6.0088776521702	0.0122079221997127	0.912168058421094	0.978811242898472
EIF2S1	0.182402751015666	6.26310131218774	2.74978593140957	0.0993453329148879	0.508839897376932
ERLEC1	-0.02702600975319	6.9939689892765	0.0468939431409688	0.828851544355038	0.958719230224734
ERN1	-0.227893248109057	5.80929484353447	2.66525320520616	0.104647078342731	0.516955072402847
ERO1A	-0.145824406433738	8.0898142496599	0.452120870428004	0.502358080319313	0.847446134528909
ERO1B	-0.534511798915198	4.95130962701468	2.04655339345255	0.154619276118922	0.585384928471835
ERP27	-0.00381401294203677	3.82321572397137	0.00016650416810365	0.989721712149372	0.997499925766343
ERP29	0.0258377171137471	7.90174866940039	0.0285795892744323	0.865979856016001	0.967772786299163
ERP44	0.104862598357884	6.47208041077977	1.20732582765538	0.273612901315521	0.709537249127765
EVI5	-0.084361240919936	4.74570896686424	0.388184420135619	0.53419606410494	0.86129192823903
EVI5L	-0.188225935102761	4.33138363137702	2.34402864450272	0.127858245170041	0.552303106909209
EXOC1	0.042489957738998	5.53983833218052	0.228768062537785	0.633131216114647	0.900125912516011
EXOC2	-0.00461289266309137	5.38801550962034	0.00180834891147018	0.966136665247898	0.991967212126042
EXOC3	-0.0278235053266472	6.23598939711713	0.0623511440611881	0.803157418747098	0.950139192490334
EXOC5	0.115768465979657	6.00538999940924	1.2164145194679	0.271821779537192	0.708195497719541
EXOC6	0.0729710115955322	4.56787490900491	0.468934320695762	0.494528608036243	0.844472112254287
EXOC6B	0.122478002007367	4.97545670438693	0.593771460222017	0.442169520031929	0.818840530156289
EXOC7	0.0124914917039593	6.24042287071063	0.0149073187631738	0.902985855119255	0.977011817428145
FAM71B	0	NA	NA	1	1
FBXO2	-0.160878700340233	4.43022617188546	0.260633083073863	0.610431778495931	0.891898500494883
FBXO6	-0.136839707094318	4.76641914826745	0.597995199801981	0.440554000068693	0.818817575241929
FBXO8	-0.00739761506741586	4.42949806993775	0.0049164851326788	0.944192879600802	0.988182201896922
FUT8	-0.18742316742232	5.97015308662977	0.975680886015296	0.324849086118656	0.748905017752928
GALNT1	-0.275557148606361	6.89736556765509	2.99420047765824	0.085608115763845	0.48290706177184
GALNT10	-0.399277491007054	7.00727280392363	4.73115618696626	0.0311784887334253	0.318041616102006
GALNT11	-0.110219953743472	6.0821592328043	0.471483307976828	0.493359669522385	0.844212238374825
GALNT12	0.113894691124806	4.89884790713482	0.250606036622766	0.617378238322463	0.894388926742326
GALNT13	0.302188713762922	1.96763212579454	0.357507985464981	0.550790058434316	0.867807270552628
GALNT14	-0.345858425801162	4.49015890083958	0.726012702483227	0.395529331412009	0.79381450753525
GALNT15	-0.0707577089470181	2.26164128659612	0.0481466144962097	0.826616881091095	0.957828282168532
GALNT16	0.602216320732989	1.41937852277372	2.69552663596926	0.102713291438697	0.514651232066828
GALNT18	0.153822048241953	4.81261079072571	0.657636699013647	0.41867307420158	0.807738429788846
GALNT2	0.252542082997803	7.40920244584364	2.48773153729829	0.11683167595727	0.53859119159987
GALNT3	0.0486630156882305	6.37063445517561	0.0342448475186524	0.853435526417435	0.965911313901948
GALNT5	-0.822316985929834	5.54206528782617	4.44845378260602	0.0365843768699715	0.339150042342498
GALNT6	-0.418960470524877	6.33154226729004	2.00543201548935	0.158798082174572	0.589873531670926
GALNT7	-0.261480044586842	6.58427196245266	1.59976724342997	0.20788660301163	0.646931275490223
GALNT8	-0.848461041578193	-0.847338607256399	3.22013761773515	0.0747399616227387	0.458056765811496
GALNT9	2.18544865927238	-0.305517654308604	25.4756600314585	1.27349918750163e-06	0.000156414143861876
GALNTL5	0	NA	NA	1	1
GALNTL6	-0.730148829150634	1.57146405708354	1.44890414232739	0.230589283194528	0.670754784344169
GANAB	0.178458355648225	9.01998511265839	2.30792394618036	0.130808896871229	0.555564695224899
GBF1	-0.0180950606206129	7.00758019155461	0.0289942469389599	0.865020469735702	0.967390127148186
GBGT1	-0.0964473282990885	3.55135113398029	0.267315939790025	0.60589517242351	0.890712655201363
GGA1	-0.0813899992049271	6.0400289620743	0.55437677893749	0.457693132812907	0.827021711855062
GGA2	0.0154577216051004	6.83651260812502	0.0213145550084332	0.884120197106076	0.972322821163931
GGA3	0.144305388170308	5.7797517947726	2.11515779019276	0.147924457338949	0.575622971618703
GIT1	-0.105014405600152	6.4938052397336	0.617461786994836	0.433224536001239	0.814725121422012
GIT2	-0.121916516552511	4.94357235861917	1.58109935541264	0.210545524516865	0.649393804423417
GLT1D1	0.714719075219733	0.9169405590663	3.95094672630857	0.0486549625737965	0.38483035235102
GLT6D1	0	NA	NA	1	1
GLT8D1	0.0317475789452412	5.51464929058534	0.145495577285044	0.703414357063224	0.922813923610063
GLT8D2	-0.271010361379439	3.36891076411836	0.940960430512968	0.333583655610432	0.753957563348335
GMCL1	0.183564291920597	5.36289044892659	2.90032247594742	0.0906211999656783	0.49322575197839
GOLGA4	-0.0694804070908761	6.74815630776307	0.218375709530307	0.640954628446703	0.902631090396946
GOSR1	0.100452634039136	5.92064783867755	1.33526852323201	0.249696998440687	0.689409071260122
GOSR2	-0.0317145321874573	4.62049277412985	0.110392073765626	0.740159411275579	0.933165120808558
GPAA1	0.154661615635327	7.25591255125563	1.10712738289736	0.294389731538091	0.723332862177172
GPLD1	0.634650181867341	0.907236344035069	10.066632971133	0.00182976911896425	0.0614524097169241
GXYLT1	0.251417885596313	4.78007661469536	3.4556326919705	0.0649847618894161	0.432841439772514
GXYLT2	-0.454243164909776	3.38509897162793	2.66024306816446	0.104970978398609	0.517453708460636
HAS1	0.397112222901563	0.287503836491708	0.684835239838153	0.409233850881169	0.802147346220431
HAS2	-0.35916602536488	2.80197609357794	1.55440919139537	0.214418030752632	0.65249082943195
HAS3	-0.11901750336313	5.19217789076625	0.0896891236505582	0.764984958037092	0.941867293133802
HERPUD1	-0.379484746679024	7.42181608661805	6.59781812587436	0.0111810013581213	0.191078221918397
HSP90AA1	0.361197505055744	10.1958925254587	6.68074872752582	0.0106938606693328	0.186713036272729
HSP90AB1	0.26628644748814	10.5941634177065	3.90553542782847	0.0499509442732639	0.388746557618493
HSP90B1	0.131115956751252	10.220850548265	0.839799017803459	0.36091689496803	0.773450237429659
HSPA1B	0.656394838366588	6.88911597825174	9.32393584078042	0.00267427728122784	0.081700521586602
HSPA1L	0.28075688031878	1.26952171491062	4.27165636703327	0.0404623610595906	0.356009922981038
HSPA2	0.969651811431577	4.12168290310518	11.1034385073664	0.00108383112342891	0.0426412648170504
HSPA4L	0.119237577519513	3.67606033464772	0.206017909747251	0.650558903369474	0.905796019445723
HSPA5	-0.0314908652179301	9.98971258300553	0.0605374784806041	0.805982889939238	0.950648425493059
HSPA6	1.42832896458141	4.44298160611413	15.5867166187842	0.000120534103751812	0.00745893394981801
HSPA8	0.199882168027267	10.1809989511642	2.40520236159133	0.123027855978898	0.54638754774356
HSPBP1	0.0187194528770427	5.43630361407793	0.0150541645919452	0.90251159980732	0.976942914845579
HSPH1	0.244265317829269	6.886143071781	2.81119941538268	0.0956794091345669	0.502509004432381
HYOU1	-0.0213121725561635	8.21833351267523	0.0192839968918874	0.889740587126975	0.973938941339053
IFT27	0.112061073754144	4.82045051181655	0.627566637913088	0.429493255968192	0.812066798578291
INPP5B	0.258056215767179	4.76427909325352	3.50102596595112	0.0632675268117784	0.42927782710235
INPP5E	0.125526659667852	3.96711031237047	0.855713071112264	0.356418527411769	0.770060066903756
IQSEC1	-0.0300314485256237	5.90290635504663	0.0614727587710694	0.804520308302461	0.950289419618897
IQSEC2	-0.302190530862304	4.67927416740744	3.86248491685176	0.0512136289914769	0.392762271656981
IQSEC3	0.240990915222405	1.23691414556021	0.580692809325147	0.447230639998228	0.821837869416062
JUN	0.0339301180864231	7.7674423113003	0.0359252643407266	0.84992469526325	0.965341285109031
KDELR1	-0.148935756287796	8.01923411087823	1.65824336428401	0.199812587560409	0.638030197944453
KDELR2	-0.0611584073145548	8.75815281342582	0.203003474505382	0.65295425163071	0.906385449063541
KDELR3	-0.262451949101811	5.87938426252369	1.4717023063739	0.226973437954859	0.667376802018213
KIF20A	0.369475476068907	4.52442894127131	2.47797948782831	0.117545366801708	0.538733903098443
KIF23	0.389092000911282	4.50159003815348	2.610375027189	0.108256100588721	0.524513014594847
LARGE1	-0.137574900197812	4.47768803455254	0.26611334924438	0.606706201182999	0.891140274832201
LARGE2	-0.262962991001653	5.26080801044192	0.657834840972233	0.41860314133577	0.807738429788846
LMAN1	0.0836849239967921	7.69105269150099	0.416192545887107	0.519822954896045	0.854168843236992
LMAN1L	0	NA	NA	1	1
LMAN2	-0.107944250974111	7.79449934066486	0.648790592397655	0.421813172786723	0.809693893593618
MAN1A1	-0.173443648902434	6.22570122914201	0.734671032748183	0.3927328831411	0.792057126259529
MAN1A2	-0.0942023382377223	6.11288051624584	0.53572993459407	0.465343332835943	0.830527311405426
MAN1B1	0.0218919518124254	6.69267940698088	0.0388863263921291	0.843939472818875	0.963069352654129
MAN1C1	0.136627765605682	3.8688218870882	0.442236944748082	0.50706011123239	0.849006284642235
MAN2A2	-0.0744405880421621	5.85216498364833	0.305045806432831	0.581553668925044	0.880059576790942
MAP2K7	-0.00438987644556096	5.22110623061316	0.00185450736920839	0.965707469891697	0.991967212126042
MAP3K5	-0.0793098049780554	5.42061033538173	0.209720598382481	0.647645428880184	0.904728115385567
MARCH6	0.110068399508544	7.65592690340682	0.659676191774004	0.417954083736311	0.807487122842037
MCF2L	0.967432326348346	5.59757657069712	13.2732302704666	0.000369657747867286	0.0187510248792387
MGAT1	-0.255968300999848	7.63637923627834	4.34096371462934	0.0388925974964794	0.349571058330169
MGAT2	-0.236268409435042	2.04745219420735	1.66261258898639	0.199224393731072	0.637714253021853
MGAT3	-0.21345525704314	3.44394129693735	0.280630211461989	0.597067218761295	0.887385652650386
MGAT4B	-0.233367072690292	7.23510972443363	3.27271079686205	0.0724322682880357	0.453338806762866
MGAT4C	2.55511251005863	-0.803721498597776	26.3693603510677	8.5799934295259e-07	0.000108515303363241
MGAT5	-0.0754303775452032	6.4842556561599	0.26017592568605	0.610744789800161	0.892096645578309
MICAL1	-0.0114185423903906	5.64362046023697	0.00464456989976377	0.945755613756163	0.988430171697396
MICALCL	-0.52736407416471	2.40056160990559	3.41545544736023	0.0665466331582794	0.437306446468693
MICALL2	-0.117422761678972	5.86501470137214	0.31846183778194	0.573371567961414	0.877995763265446
MOGS	-0.10866113276524	6.54754641202586	0.990279997224462	0.321267454985685	0.746078063233865
MON1A	-0.0273505667075944	3.4119919528558	0.0463520010303651	0.829828006890517	0.958846072432895
MYO5B	-0.181681447241379	5.86800685922724	0.800371284894788	0.37240753413824	0.779227123971915
NAPA	0.0359094804424774	6.13712131893801	0.129066393819629	0.719904362251789	0.928806959428896
NAPB	0.139281729059095	3.71539258319048	1.17987287529663	0.279114492286198	0.712061671552917
NAPG	-0.0244964976707202	5.41849909836805	0.0381777882630372	0.845349494128999	0.963673038827907
NCKIPSD	0.175257958589361	4.93161942576763	2.40833164161018	0.122786319254509	0.54622524433327
NDE1	-0.0188168913359251	5.07188582008483	0.0157916153689444	0.900164666176387	0.976678646870213
NET1	-0.312449860949867	7.56236419575442	2.66139641293032	0.104896317731584	0.517352619558923
NGLY1	0.0354680906659382	4.80775344803012	0.156816482373064	0.692664093859771	0.919902322577036
NPLOC4	-0.0402829890641546	7.53712375108384	0.125997890364606	0.723113960470994	0.929006875410398
NSF	0.0679586113802774	6.06641165352999	0.358274833563502	0.550363590380177	0.86770753994772
NSFL1C	-0.0605238525104752	6.35889009108344	0.312084389487246	0.577232197791049	0.878885087273174
OCRL	0.0712148852480141	5.81593554552398	0.364380305522636	0.546990118612279	0.866208661292265
OPTN	-0.264483118814468	6.52114490618377	3.14833789901513	0.0780214192080936	0.465550248867825
OS9	-0.1164845825794	8.57029318458266	0.554598397624163	0.457603416910148	0.827021711855062
OSGIN2	0.159860765739954	5.43289015857454	0.956516575237979	0.329631864871994	0.750516483403299
P4HB	-0.147144847069997	10.5187097485009	1.08281406360657	0.299733727023497	0.727708375520691
PAK1	-0.285993074385153	6.58898849764234	3.97631836487431	0.047946550109726	0.383268752441653
PARK2	-0.319606183198165	0.994143412589536	1.01850000472536	0.314491052419779	0.740718500335641
PDIA2	-1.43347308645179	2.2636477181018	3.92936489450762	0.0492663483804782	0.386745443742531
PDIA3	0.0249619157015881	9.51292697888539	0.0221822887674811	0.881802101566409	0.972033806553859
PDIA4	-0.0365607089788266	9.04286731465302	0.052134237143315	0.819699510433398	0.95559861982397
PDIA5	-0.0815592614172936	5.54331645097563	0.251346912317745	0.616859074033757	0.894259151073362
PDIA6	0.0555231705566973	8.38967326335124	0.122415763132214	0.726917011341169	0.930602921333502
PDILT	0	NA	NA	1	1
PGAP1	0.301603717021222	3.71518002476423	3.01294252866874	0.0846440617768337	0.480844482066465
PICK1	-0.11195008277876	4.96008091854562	0.518845113326728	0.47244934843673	0.833619713251687
PIGA	-0.111626466967652	4.88557707476542	0.406360302168613	0.524788983351124	0.856916874150614
PIGB	0.0887001970362633	3.63927366521671	0.509688248695137	0.476376959341272	0.835866697165393
PIGC	0.178561869892219	5.3879518566627	2.41389134655231	0.122358496019691	0.545520068446798
PIGF	0.193942722826927	3.87936540308492	2.23615876534631	0.136904517825312	0.561078996944842
PIGG	0.107572379845758	5.58359106164105	1.2373964616324	0.267742915633576	0.704623405119644
PIGH	0.0929372959268704	3.66882236558296	0.820919044507703	0.36635645292749	0.776839234164938
PIGK	0.00773491573639796	5.28102872261414	0.00421322047170452	0.948332130887743	0.988831899976722
PIGL	0.27500654370942	3.06817604071369	3.97212664411614	0.0480628262044189	0.383268752441653
PIGM	0.0285338340942854	4.89132536191994	0.0468402534950921	0.828948016947779	0.958719230224734
PIGN	0.0909520198412063	4.75761886522677	0.601781096861572	0.439113685620065	0.818535177901696
PIGO	0.172092030406013	5.42401220312794	2.33160432510718	0.128865091195875	0.55420831020108
PIGP	0.320567394505467	4.16307935741215	5.8673078174555	0.016610217839789	0.241504984509619
PIGQ	0.00282208247510056	5.82551840847945	0.000443380071106729	0.983228336789759	0.995938655907741
PIGS	0.0449584079241192	6.26942151526889	0.126180588277668	0.722921635778053	0.929006875410398
PIGT	0.147562957309157	7.66621122394081	1.09877225741524	0.29621217499638	0.72468653045626
PIGU	0.0986321308459074	5.1356766260521	0.640511805265039	0.424784060648395	0.810962239188327
PIGV	0.131197425843738	4.410294418372	1.33085278544075	0.25047801397727	0.689872300886307
PIGX	-0.081718923015422	4.62990443885009	0.41164626657916	0.522108750526798	0.855407711610931
PIGZ	-0.0545100613096947	2.55107399479865	0.0612204331302734	0.804913722405883	0.950344730528686
PIK3C3	-0.0467628206170334	4.94975520946165	0.102876283654826	0.748848790421109	0.937252297041319
PIK3CA	-0.0197265857673819	4.85665211199789	0.0269082311293371	0.869921363483144	0.968762835953685
PLAA	0.0909079483819316	5.12917051365835	0.502687588389391	0.479415859715335	0.837129368997668
PLIN3	-0.1073446669628	6.52973303216298	0.428723316575939	0.513613151716787	0.851890856795954
POMT1	0.00803504230018078	5.02306543292221	0.004957064079313	0.943963427889285	0.988182201896922
POMT2	0.180434363814404	4.65469658887552	2.04978358449998	0.154296392878017	0.584890415490599
PPIA	0.173093155333386	8.63108006023258	1.55210331688034	0.214756578115995	0.652735316491132
PRKCSH	-0.00903469802247235	8.27130588384638	0.00663625415608069	0.935181564004422	0.98534239636404
PSD	0.515350597362053	2.44181864634043	9.06721285368512	0.00305190177295945	0.0883299226058933
PSD2	1.01964408810996	-1.61524077096032	9.40845779450347	0.00256074183390765	0.0792698352007252
PSD3	-0.316536052001073	5.43748630931241	2.22609071404215	0.137785063979738	0.562466849987609
PSD4	-0.203868288386088	6.3131057501452	2.26111688974344	0.134748985575555	0.558600276216912
QSOX2	0.259548203975357	4.82765768940286	3.91671810736477	0.049628421382116	0.387893000853692
RAB10	0.0813046183952485	7.71136976330886	0.340627224608051	0.560338988242648	0.870901992403338
RAB11A	0.108090456584818	7.33374509424636	0.856328150439666	0.356246224118358	0.769852029084748
RAB11B	-0.143276763763036	6.73916900601649	1.56100575864894	0.213453051613055	0.652094223571482
RAB11FIP1	-0.202530637341879	6.92848934602744	0.794301803144208	0.374221772474486	0.77976834367832
RAB11FIP2	0.106801814148783	4.41029483574536	0.473029246944883	0.492652983745141	0.843795810353934
RAB11FIP3	-0.0904072227183959	5.48541381667284	0.403419735990856	0.526290633370568	0.857799796391604
RAB11FIP4	-0.0239353141639419	5.48271322657937	0.0255202435803011	0.873291259228301	0.970029624399209
RAB11FIP5	-0.138333800209722	5.61207805079221	1.18784272097045	0.277503006585302	0.711312911540354
RAB12	-0.0605310066356454	5.43159668923119	0.284437349156864	0.594592325962986	0.886250243090949
RAB13	-0.0811435544114316	6.69265577729403	0.638266966959354	0.425595070865736	0.810970100383316
RAB14	0.0846471029301355	7.07435819447801	0.831405821061421	0.363321107306701	0.774939837129138
RAB15	-0.107093921571083	5.89458824467605	0.183855722810495	0.668692076031705	0.911716844335275
RAB17	0.0544890403042895	5.14191233193924	0.0939393821929647	0.759650155472212	0.940605616815401
RAB18	-0.0219555311210645	6.58818390761969	0.0402769609210129	0.841210351908574	0.961996676187724
RAB19	0.111767447467033	0.791253795739535	0.343158754280766	0.558886941709248	0.870524260246056
RAB1A	-0.045347025501285	7.75042864724023	0.298719476702482	0.585493783735799	0.881715079990128
RAB1B	0.0648120862363162	7.7190420308242	0.357828694813517	0.55061162643355	0.867807270552628
RAB20	-0.0323412524793022	5.24095553443004	0.0455756500557303	0.8312372918636	0.958846072432895
RAB21	-0.148926043482335	6.25037139903847	1.16951083662497	0.28122748762318	0.713547112367758
RAB22A	-0.201686334182456	6.14367193704612	3.69044268827611	0.0566110942973808	0.409494939224915
RAB23	0.110710388176398	3.47316624424994	0.390200991098316	0.533137397504054	0.860617284008813
RAB24	-0.386893741487355	3.08235076353786	4.66108156410905	0.0324346914512342	0.324108576006833
RAB25	0.0242688175114715	7.15692517622857	0.0173999780324986	0.895232055017566	0.975852873030103
RAB26	0.00809626460035199	2.23304882449512	0.000578888468071615	0.980836464975515	0.995608470300271
RAB27A	-0.216719864992503	6.38329378162901	1.29470180487949	0.256987188431987	0.69575913376487
RAB27B	-0.509564484417245	6.01856167431897	2.19061803799644	0.140938953494335	0.566566861594626
RAB28	0.13425560762164	4.01867492185291	2.23350548107155	0.137135953516334	0.561445267560275
RAB29	-0.0654276206649072	4.88520251795936	0.174298769554578	0.676912849101132	0.914295914925657
RAB2A	0.000568279395850898	7.5845027068081	2.26060200814924e-05	0.996212690820129	0.999422421781496
RAB2B	0.102184342512168	4.74783369570017	1.11415477177814	0.292868075043873	0.722127376313213
RAB30	-0.0136799661684426	3.99431849025955	0.00607297715348784	0.93798755258086	0.986248340963258
RAB31	-0.118986202082854	7.19212304949959	0.417480665429644	0.519178526751229	0.853664977612666
RAB32	-0.285471970920793	4.53431583254206	1.76582083526938	0.185906564030692	0.623805928534728
RAB33A	-0.563980821714782	0.453676483375859	4.1437877553953	0.0435376858174827	0.368850786428505
RAB33B	0.132269584173641	3.99744725824205	1.21370894656589	0.272353420195879	0.708449771331696
RAB34	-0.0991675142275796	6.72986887253363	0.418616521659041	0.518611443260403	0.853509825780469
RAB35	0.0467745155936039	5.91317402621886	0.251347336113748	0.616858777335605	0.894259151073362
RAB36	0.182501157213345	3.697204397244	0.479766666511971	0.489592904784433	0.841747904024532
RAB37	0.493387231869125	3.25793788823531	2.36739244704289	0.125988721634522	0.549510072294993
RAB38	-0.176539286547314	4.0459726988788	0.493517579933283	0.483444959160863	0.838472390500312
RAB39A	0.908249450857843	-0.142349786133693	8.9656433648473	0.00321606310739088	0.0913331724723353
RAB39B	0.304268510417994	0.820509292296103	1.24685921615603	0.265928546113123	0.702829830885105
RAB3A	0.0629041125528999	1.89364182787322	0.0920529960720987	0.762001264986527	0.940977408575397
RAB3B	0.980966786520843	3.59853387904989	4.05753568270867	0.0457518199852066	0.377936181137591
RAB3C	1.96709002035868	0.182077448187623	27.5346803432035	5.14538766045368e-07	7.03377400182697e-05
RAB3D	-0.0296824255896732	5.38901893710443	0.0357108418726799	0.850367876881206	0.965341285109031
RAB3IL1	-0.333738568944671	3.67602970462274	2.3183295013371	0.129950722307625	0.554913441962012
RAB3IP	-0.19690612403957	5.36928342850658	0.671595729631935	0.413788659512029	0.804884767147012
RAB40A	0.52808476770758	0.0485622302197251	4.79077062555937	0.0301501890800555	0.315130032743344
RAB40B	-0.240480128307858	4.34254651210678	1.56659149682553	0.212640005768366	0.651353029443144
RAB40C	0.129670412080256	5.932059486925	0.635191393357425	0.426710012132069	0.81175213881182
RAB41	-0.029136646795142	-0.601000350315505	0.0226820893293466	0.88048792083114	0.971869963263794
RAB42	-0.0930524146182477	3.12060444446432	0.125298423335901	0.723851739695796	0.929225592988419
RAB43	-0.249539384049468	1.93812939977146	2.21984833751561	0.138334235268122	0.563111567386856
RAB44	-0.152588875040306	-0.930942239446251	0.24474669514118	0.621518345090297	0.895625795508681
RAB4A	0.0895462599031503	5.30029750050317	0.608402492698183	0.436612008165009	0.816269402549839
RAB4B	-0.0406815371624872	3.93389933427803	0.117119653291646	0.732656022094438	0.932017896686751
RAB5A	-0.0236870800615682	6.05257335496464	0.0569402152098037	0.811722941959082	0.952726087976811
RAB5B	0.0497135035141735	7.72379471970521	0.25938204301288	0.611289178922131	0.892427697475859
RAB5C	-0.0901079520848781	6.9377498756185	0.728312575257421	0.394783720226836	0.793305115406405
RAB6A	-0.0189230001603441	7.32776655868471	0.0282854518483904	0.866664744809964	0.967901587426202
RAB6B	-0.420426713465652	4.04934311853498	2.11367473918987	0.148065638601419	0.57570242513256
RAB6C	0	NA	NA	1	1
RAB7A	-0.125739861460562	8.14631942650374	1.50420017086989	0.22193708972544	0.661410250399896
RAB8A	-0.0516132248603835	5.32173110863529	0.303309606925285	0.582629649900422	0.880848685296242
RAB8B	0.205551456445932	5.18799755291208	1.36524023288992	0.244474524227431	0.684922879917198
RAB9A	-0.310410589955013	4.72682662618396	5.81881585859309	0.0170563393914791	0.243334426837399
RAB9B	0.211228092732936	0.333874058801785	0.665965174725944	0.415748577508143	0.805981298084049
RABEP1	-0.00363029289215675	5.55332328830026	0.00178014194594301	0.966401647607762	0.991967212126042
RABGAP1	0.103674221229707	5.9155093135098	0.971848307431635	0.325798131363809	0.749406938537763
RABGAP1L	-0.00901002747396928	5.98099839331613	0.00436776009757274	0.947394446721783	0.988524857493301
RABGEF1	-0.0648536516804952	2.66922710699042	0.295869518142401	0.587286519718446	0.882552924110771
RAD23A	-0.06628558983826	6.50801270625145	0.363095477406986	0.54769680834287	0.866639691190116
RAD23B	0.0877890755917747	7.72912600577384	0.648940286847704	0.421759742247538	0.809693893593618
RALBP1	-0.105840102343378	6.50336325571981	0.708510972694195	0.401270938906978	0.797112850086083
RASEF	-0.326242253836016	5.70241712694259	2.46499458825702	0.118503211267741	0.540076142765691
RBSN	0.0419968975942633	5.20481577888161	0.159959508463483	0.689759537364592	0.919034098406349
RBX1	-0.0738568849731337	5.91686132092496	0.255917541625055	0.613677256116401	0.892843297360999
REPIN1	0.161899829228823	6.90844173027764	1.40191303389159	0.238265772231304	0.678324346971248
RER1	-0.0773647938818296	6.92352707486164	0.53966769075179	0.463710860337218	0.829713664539746
RFT1	0.0830990777968635	4.68618152832126	0.626878702154873	0.429745725578989	0.812163366094604
RFWD2	0.139015902022253	5.80753904712541	2.03056773345883	0.156228601958795	0.587512248564768
RNF185	-0.0614425714311894	5.06192937329907	0.509023802465104	0.476664029872035	0.835866697165393
RNF5	0.183905444128267	5.68953729301211	1.82783635122706	0.178406790432595	0.613698053884279
ROCK1	-0.112437738561641	6.08632115286069	0.707623046475882	0.40156546120333	0.797177320078903
RPN1	-0.0727191031336268	8.70378586139879	0.449917299769408	0.503399871421512	0.847862011144453
RPN2	0.0740545517232692	8.99771311711056	0.321018846643407	0.571837982639654	0.877298397614312
RRBP1	-0.302378115929499	8.79909570243926	3.18005346102828	0.0765530253198396	0.461466587714861
RUFY1	-0.0115738657397295	5.90002759954592	0.0123797069840429	0.911554794748653	0.978811242898472
SAR1A	0.0430633565108295	6.9730277292812	0.265193989106229	0.607327786906224	0.891140274832201
SAR1B	-0.0166411294291559	6.18603689796032	0.022228296359879	0.881680500257386	0.97202995326139
SEC11A	-0.000175065112460633	6.98718440171816	2.50046248037051e-06	0.998740406699401	0.999422421781496
SEC11C	-0.238571172849937	6.73505342193813	0.615485828945677	0.433959951210044	0.814912633865842
SEC13	-0.0629252804790897	6.95919573131235	0.310701716189527	0.578076036783384	0.879030152464226
SEC16A	-0.0534575223555527	7.4996339723299	0.179721043460796	0.672216957282546	0.912536063392319
SEC16B	0.451572812476676	-1.34921997728626	2.18508841257991	0.141437925870983	0.567158777656022
SEC23A	-0.119865498087789	6.27936137012948	0.513374726142029	0.474789356226121	0.834672373729618
SEC23B	0.168878769054829	6.70732417415755	1.51687479883335	0.220009470563534	0.658585815879656
SEC24A	0.00318693691277957	5.87792033347448	0.000760756046686204	0.978032146072105	0.994241348227131
SEC24B	0.0327724018803783	5.62367571422663	0.127497015216676	0.721540459771024	0.92895548577051
SEC24C	0.0923161732591777	6.12501526567436	0.679099578983451	0.411197936912342	0.802949340774032
SEC24D	-0.149754868297929	6.70795259012482	1.24210983045386	0.266837248551172	0.703482232002887
SEC31A	-0.0903340355376794	8.02773695292119	0.842874620927027	0.36004142360766	0.772849741448807
SEC31B	0.203576016077747	2.80441426696463	0.577239862519764	0.44858191026401	0.822622593648194
SEC61A1	-0.152468637477981	9.00989068949692	2.07592524187559	0.151711514659234	0.580941209867936
SEC61A2	0.21915268567535	2.98329756081495	1.8406206359738	0.176904955319678	0.612271313399818
SEC61B	-0.0336942609136551	6.35381408086491	0.0728802761527745	0.787557301772667	0.945914203787175
SEC61G	0.355648486022456	6.20279006365156	4.53552343436423	0.034821033039719	0.333264246370748
SEC62	-0.0124459451357994	7.59092794164732	0.0121628069885535	0.912329840653806	0.978887571622986
SEC63	0.0744653920558001	6.73973196240679	0.521816792807331	0.471186034112907	0.833327818345602
SEL1L	0.0616551143016682	7.27819707491126	0.265261889180821	0.607281832560436	0.891140274832201
SELENOS	-0.0957189538947757	6.2706592707655	0.54172041344341	0.462863500418697	0.829293982238385
SGSM1	0.168041216468935	2.83161037762966	0.384470690855592	0.536155749200044	0.862612175519933
SGSM3	-0.27175974288941	6.27108221908359	3.01021287928132	0.0847837288854305	0.481329681865762
SIL1	-0.056105345548556	6.32464443641171	0.122894305214489	0.726405367010362	0.930449484679286
SKP1	0.182423652180396	7.78601039589618	2.30938514503637	0.130688003749158	0.55534368435452
SMCHD1	-0.00978277252466575	6.0578828237592	0.00399058290258858	0.949713913360389	0.989314639942502
SNAP23	0.13674759799854	5.8023522688024	1.79368604818106	0.182492040308774	0.618255027626868
SNAP25	1.63507636266987	1.69239426257986	19.4392382923477	1.96280146599649e-05	0.00166055749200179
SNAP29	-0.207064322467165	5.39651571718212	3.4626203544493	0.0647171785374978	0.432210006042864
SNAP47	0.0920117240025699	5.3019746282623	0.79248711996847	0.374766620914594	0.780146902008551
SPCS1	0.139874348936316	6.58638978339571	1.58768913467713	0.209602313511342	0.648783110876351
SPCS2	-0.0786410558779227	5.79552308562649	0.452061255629466	0.502386216048672	0.847446134528909
SPCS3	-0.0130702314229906	7.38403783100719	0.0145335360265354	0.904203836622445	0.977011817428145
SRP14	0.0207554616800355	7.51958253654337	0.0385336467206688	0.844639637225958	0.963513635732497
SRP19	-0.023335686526923	4.46911212459542	0.0455573826202875	0.831270602758358	0.958846072432895
SRP54	-0.211672863489922	6.50687148773918	2.26413444199851	0.134490978625941	0.55854388680109
SRP68	0.0977979127229839	7.00598608654942	0.886668897230012	0.347887043220827	0.765911041328401
SRP72	0.161832581614814	7.06723368645614	2.01776040942685	0.15753181293937	0.589412224022746
SRP9	0.110706099432321	7.51134469914	0.690441364024134	0.407327479674124	0.800950483396596
SRPRA	-0.00192398390771795	7.90837917425054	0.000271347587011091	0.986879101845834	0.996849242225173
SRPRB	-0.125680879200335	6.48764155176674	0.764779611970196	0.383227000043304	0.78534650377657
SSR1	0.142530588113312	7.94614159782595	1.59529388853449	0.208520088337673	0.647794817375079
SSR2	0.00723086630521338	8.48271033845075	0.00224604794306636	0.962263098556771	0.991625721745964
SSR3	-0.0917645915717767	8.0691494020177	0.427349082062541	0.514287804982959	0.852367129897095
SSR4	-0.227624213681848	8.44124707725048	1.41291954520713	0.236440134147337	0.676386632086326
STT3A	0.0484871970625406	7.71776787137481	0.14928887764947	0.699760277522171	0.921786547311136
STT3B	0.169556112077634	7.73901265716513	3.09553242993154	0.0805346561875791	0.471249465807657
STUB1	-0.079442146689656	5.36689779484042	0.3971773233941	0.529504080499604	0.858705142879921
STX10	-0.195382781021119	5.49991535702862	1.79920401842993	0.181824613112658	0.617030622562956
STX11	0.233474588591776	2.83678231518319	1.13105447299925	0.289249940019016	0.719038603556824
STX12	-0.0572534804048087	6.06950364882977	0.427740266569434	0.514095602990976	0.852282097291515
STX16	0.23922967056717	6.24905961918581	3.58520232444802	0.0602110418567184	0.419235379985544
STX17	0.115373612219893	4.02850244123483	1.05730752429063	0.305475929335778	0.733263451012745
STX18	0.102179061230156	5.05342895238344	1.32307697863569	0.251860684460373	0.691570343151916
STX19	-0.409357649093215	1.61236280504616	2.43908286986016	0.120440776121035	0.542779850814781
STX1A	-0.0781055899631983	4.39064418988436	0.0820933793561075	0.774873436930626	0.943622612107978
STX1B	0.145239729466967	0.631747194766917	0.20130967052095	0.654309601816204	0.906620142484134
STX2	0.155688848146941	4.03885655270087	1.24009221974178	0.267224458025139	0.703871433308977
STX3	-0.038857999490687	5.89659837951634	0.091241694615048	0.76302052971395	0.940977408575397
STX4	-0.162760483200548	5.66257792030807	2.955649273818	0.0876290561915904	0.487559107850264
STX5	0.0908744390916356	5.73177214840547	0.941313229963372	0.333493329988686	0.753866808329857
STX6	0.109985635778441	6.19572525159343	1.40428950307582	0.237870135677223	0.677995735993179
STX7	0.0928800566522674	6.04596336095669	0.660125930343229	0.417795784037864	0.807487122842037
STX8	-0.115209934002949	4.44849215125821	0.789103112916133	0.375785644590432	0.780544688849134
SURF4	-0.0356526101008464	8.56815119332739	0.130589588134202	0.718327124813904	0.928364493440958
SVIP	-0.122894204636051	5.24112276291838	0.582324020170099	0.446594493724506	0.821470267610772
SYTL2	-0.574671923513768	5.65955348198754	4.50363489068669	0.0354561783180649	0.335708279803417
SYVN1	-0.145627809240682	6.94430732098065	1.34665485582494	0.247696919137519	0.688093992503969
TBC1D1	0.120373257406168	5.5240872125061	0.46677301681728	0.495523425157115	0.844472112254287
TBC1D10A	-0.119523671728804	4.59782200762556	0.836336423415839	0.361906061417097	0.773797487207904
TBC1D10B	0.0653376741291318	6.23949771180875	0.487271334714265	0.486221601085966	0.840123376469579
TBC1D10C	-0.586933816651197	3.68493784856464	5.21152892583983	0.0238346369460765	0.284901798757511
TBC1D12	0.0275080086516444	3.66273357233445	0.0606433873556998	0.805816671528231	0.950648425493059
TBC1D13	0.173554310526156	5.25954973628636	2.45810504689017	0.119014960870667	0.540076142765691
TBC1D14	0.103103040584191	4.8208645925797	0.641374553487598	0.424472989413139	0.810743169378244
TBC1D15	-0.00806261629826234	5.67500414839036	0.00360512997197088	0.952201066789943	0.989926834360087
TBC1D16	-0.103727651343993	6.3218820903574	0.357077976914426	0.551029471633523	0.867970333803929
TBC1D17	0.0371547023822394	5.44500289980803	0.130920961802742	0.717985373762964	0.928364493440958
TBC1D19	0.117175884015553	2.50358789184558	0.704420841446071	0.402630250986571	0.797864655182394
TBC1D2	0.264801949031261	5.71484610253028	2.01942960027608	0.157361259753595	0.589215883781798
TBC1D20	-0.0671631660225858	5.66654855374918	0.595323762159326	0.441574723234461	0.818840530156289
TBC1D21	0	NA	NA	1	1
TBC1D22A	-0.112069770675563	5.42040410167025	1.31339214190101	0.253596051314871	0.693000566079017
TBC1D22B	0.0212982984381476	4.71680788189297	0.0447060490356535	0.832830839368847	0.959145616909288
TBC1D23	-0.0570604725940655	5.440101874008	0.321742352250889	0.571405520866322	0.877155689816109
TBC1D24	0.0747615384870317	4.96122863309905	0.170642575220876	0.680127920421721	0.915515696602459
TBC1D2B	0.0598323858542694	5.91474835792374	0.172349460429025	0.678621994138556	0.915263521831089
TBC1D30	-0.154902776106487	4.57890670689488	0.504819126063124	0.47848722607148	0.836825220240371
TBC1D4	0.0901362863142919	4.68413371695217	0.32331470124781	0.570467893091815	0.876439211457843
TBC1D5	0.171284426653502	5.91461545280575	2.07492084454409	0.151809910127191	0.580976315212311
TBC1D7	0.00320593082197612	4.23767765957391	0.000320190704744984	0.985747160853264	0.996537908582167
TBC1D8	-0.0462968777201246	5.25798518676081	0.0489353930098039	0.825225372004112	0.9573358153623
TBC1D9	-0.180653515001668	5.53054691617865	1.68451600661599	0.196306405417938	0.633902280193839
TBC1D9B	-0.203545269137391	7.36871987377007	3.18179474671755	0.0764732799914792	0.461301544547876
TMED10	0.0512618842878068	8.61037970607684	0.204265585820569	0.651948753823263	0.906376666562277
TMED2	0.0465565041667413	8.75361714722593	0.12215618658297	0.72719501358279	0.930602921333502
TMED5	0.108015253478984	6.85547300897944	0.628344569224264	0.429208029816262	0.812035146566133
TMED7	0.0763236524258517	6.84258696988651	0.400150195556303	0.527969334292761	0.858114194434583
TMED8	0.229654228347675	5.04763435979166	4.63345873745923	0.0329444519335452	0.326579452203347
TMX1	0.0423753104236478	6.04212004859263	0.117114332123221	0.732661860538529	0.932017896686751
TMX2	0.266206120779891	6.38911249144354	7.41189374929822	0.00724290612382207	0.150557866470789
TMX3	0.159916295882614	5.59609434819703	1.81702780755376	0.179688120704268	0.614680879114247
TMX4	-0.1230037072299	6.36478497777108	0.514811513437561	0.47417293266237	0.834406420268996
TOR1A	0.021642600748268	5.51405683556237	0.0595269278646617	0.807576715046555	0.950890498166997
TRAM1	-0.00907945414664293	9.00510481776764	0.0022161315761904	0.962515072392697	0.991625721745964
TRAPPC1	0.0203388615711577	6.32231507929828	0.0257228286677865	0.872793641251328	0.969833062857273
TRAPPC2	-0.175775907792742	3.9258189407	2.95066858486774	0.0878939382186099	0.487895738490156
TRAPPC3	-0.202281285869777	5.99661865154862	3.00119550273658	0.0852469099813524	0.482343322032162
TRAPPC4	0.157677802098831	5.55983092109421	1.82575792266556	0.178652354746845	0.613956532355622
TRAPPC5	-0.0241646393936466	-0.312743062826379	0.0169606454141057	0.896555549368054	0.976149067432692
TRAPPC6A	-0.213669027319366	4.43651208894647	1.40433324439271	0.237862861117662	0.677995735993179
TRAPPC6B	-0.154416519024742	5.05007900203023	1.74766038040212	0.188172180908862	0.62524225340165
TRAPPC9	-0.118805370565397	5.62581435269481	0.732182196614353	0.393533785848028	0.792897011458439
TUSC3	0.871780742857244	5.75366745163358	8.37198576774206	0.00437531996170286	0.11358931522893
TXNDC12	0.127314448136376	6.65177658655146	1.24706061199604	0.265890098787788	0.702805950767794
TXNDC5	-0.201278028076239	3.81154443027272	1.66457613528437	0.198960724947081	0.637714253021853
UBA1	-0.0300403199481703	8.57464552310688	0.0743223883105897	0.785517125517427	0.945637711777684
UBA5	-0.021122756073881	5.19687586040203	0.0502567377297845	0.822920464060204	0.956284488483902
UBA7	0.0388890137658107	5.88200367705803	0.0535627497728655	0.817289502563889	0.954721035293577
UBE2D1	-0.0331799052738328	5.00941900111721	0.0654288264352837	0.798460985950383	0.948703155344079
UBE2D2	0.075697216285485	6.37812865739695	0.714256653622839	0.399372713411013	0.796275530116703
UBE2D3	0.0533127870196687	8.03161472213404	0.395628321885583	0.530306939671311	0.859431126074149
UBE2D4	-0.205572070492262	4.60047725817867	2.84370062416885	0.0937997465866815	0.499155668724078
UBE2E1	-0.0358514619697534	6.1994698771939	0.100179209101165	0.75205222642701	0.938552489716728
UBE2E2	0.0624279187906467	4.38899225640483	0.148213726508325	0.700790500526804	0.921840108228039
UBE2E3	-0.180936053563367	5.71745413561362	1.57134831220388	0.211950536410262	0.650359003198039
UBE2G1	0.122648295558845	5.58170297661508	1.4876331440413	0.224487493565764	0.66505077857665
UBE2G2	0.104383483639101	6.41700599000584	0.928054485074404	0.336910657023333	0.757358996674282
UBE2J1	-0.100232324887577	6.71158417433872	0.927829195027728	0.33696913031737	0.757358996674282
UBE2J2	-0.0860345074647278	5.71365149807519	0.663018942144155	0.416779634728021	0.80694567031121
UBE4B	0.127515540569891	6.04073579750725	1.3339578792839	0.249928498784706	0.689521004222906
UBQLN1	0.15019493744191	7.09946422179196	2.45141226238682	0.119514459831298	0.540862930566722
UBQLN2	0.0355891829500689	5.97919377881485	0.0938918277807016	0.75970910631083	0.940605616815401
UBQLN3	0	NA	NA	1	1
UBQLN4	0.0741849292863622	6.17766900320642	0.347461125033719	0.556435608009151	0.869528568934633
UBQLNL	0.128248935892038	-0.722957244629707	0.301940018578338	0.583481268223951	0.881213280415657
UBXN2A	0.0632037291301941	4.58371581467436	0.348879643841973	0.555631874427815	0.869120552560967
UBXN6	-0.214452690676605	6.7095788296523	3.86286824435369	0.0512022365968853	0.392762271656981
UFD1L	-0.159480652552122	5.92620618122198	1.59835122309495	0.208086881398681	0.647245120409213
UGCG	0.156159383008687	6.49935132537868	1.08520584146598	0.299202485700964	0.727708375520691
UGGT1	0.0896524011281526	7.04688203772051	0.506104647353755	0.47792859767669	0.836480928461002
UGGT2	0.17335721479227	4.57567250840211	1.99061978237459	0.160334955857401	0.592043132617429
USE1	-0.157284267211839	4.13744268390013	1.4008893320144	0.238436446913634	0.678490917267117
USO1	-0.0132269566399778	6.9043257188935	0.0183512044667678	0.892423545936736	0.974930758325918
USP6	0.394209265006017	-0.653011240098034	3.98083854925321	0.047821498671567	0.383268752441653
USP6NL	-0.138476222479367	5.19407194076751	1.62027771453168	0.205011245992083	0.644716936317188
VAMP1	-0.0509107684176371	3.15016465768239	0.0688075072011707	0.793438883117209	0.947401013529691
VAMP2	0.288664775451731	5.88378192175372	5.43291343474892	0.0210848888447189	0.269403119280705
VAMP3	-0.00495402923936716	6.89552113339319	0.00260232457886945	0.959382657240177	0.990852118529167
VAMP4	-0.0966673756027569	4.61492966827781	0.929928527832881	0.33642478530313	0.757060245461071
VAMP5	-0.241857835732936	5.76403284979592	0.927197167284471	0.337133244142405	0.757491887263973
VAMP7	-0.0612453966810063	5.69025991013074	0.281293209974267	0.596634682951026	0.887377042237859
VAMP8	-0.171705277644702	7.64288526078178	0.958981011683804	0.329011577430278	0.750516483403299
VCP	0.0407111088901735	8.51094735927425	0.158189247836973	0.691391371849278	0.919438783225883
VPS45	0.0316552272971052	5.63645237485705	0.0804494797243982	0.777078101419682	0.944221738391945
VTI1A	-0.00393632901583877	4.40572296620111	0.00202264302249068	0.964187666533892	0.991830867017256
VTI1B	0.00935689240851115	6.2050169581554	0.00986390526936803	0.921018280748484	0.981633761060126
WAS	-0.393993137799469	4.11868441857296	3.58473966799119	0.0602274004310527	0.419235379985544
WDR38	1.00233079888346	1.46641548572894	3.67118939354214	0.0572520201142032	0.411545435342781
WFS1	0.0593344167141432	6.04938299884807	0.138130484170818	0.71066818085225	0.924734821577613
YKT6	-0.063741976206704	7.07711036684243	0.24764136738228	0.619465376287294	0.894705943936974
YOD1	0.297109016155309	4.56956573368644	3.6927165197842	0.0565359099551188	0.409196194218981
YWHAQ	0.100767270990145	8.18008848198947	0.56700499357863	0.452624995082416	0.825176088410152
