pspGenes	logFC	logCPM	F	PValue	FDR
A3GALT2	0	NA	NA	1	1
ABO	0.290212450729228	3.29685682786246	2.00347595046572	0.157524296215722	0.212782240223294
ACAP1	-0.0704067986173574	3.70747922213143	0.468325255680682	0.494056754962708	0.566779394718642
ACAP2	0.509349555826356	5.37092244775785	59.2744523167077	6.73073643705132e-14	8.91811337534489e-13
ACAP3	-0.00562037695339064	5.31561165625948	0.00538749019239573	0.941515794788524	0.954313750811507
AGAP1	0.239915922688275	5.54383731148907	16.7717939782093	4.87200922287101e-05	0.000143228550371493
AGAP2	-0.0645041094556105	2.15913155550504	0.37178574717218	0.542292921085827	0.61227117997139
AGAP3	0.122623734839551	6.70127462047317	4.90163964431191	0.0272546607601201	0.0451135939394961
AGR2	-1.02910832679599	7.40650316502852	26.4037395269226	3.89622313124114e-07	1.68186258559669e-06
AGR3	-1.19656602656962	4.66030969809084	29.034549495747	1.06989062190658e-07	5.11972991206683e-07
AKAP10	-0.0406414957141471	4.40278466542193	0.86740272339758	0.352097955941709	0.425274811600524
ALG1	-0.0887258048254357	4.45164601419305	2.57170285190781	0.109384281147085	0.154741973935698
ALG10B	0.281094885352638	3.73554340296723	15.5911291030441	8.92007520534361e-05	0.00024912657237115
ALG11	0.222080883326522	2.4630519398126	13.09319418929	0.000324659646478381	0.000817626217356359
ALG12	-0.38201465570374	4.63106423129401	12.5456682893139	0.000432022871337261	0.0010601476744989
ALG13	-0.19439291308486	4.70578619911387	16.3432723154746	6.06553176320003e-05	0.000174945212335426
ALG14	-0.202626323428834	3.73420692322712	18.9840059882245	1.5824320225341e-05	5.09920924102605e-05
ALG1L	-0.121915714514446	2.21313105457349	0.518145332042475	0.471950134522426	0.544917103338513
ALG1L2	0.525940771238989	-0.406794345041371	26.5560960819947	3.61425794183962e-07	1.57143371934215e-06
ALG2	-0.352821733509352	5.32776132449113	66.674600145492	2.33976467030639e-15	3.88037058825478e-14
ALG3	0.566032149138209	6.50307531300496	85.7654191548021	4.9720205523166e-19	1.73017592377543e-17
ALG5	-0.172855263764978	5.02872997056755	12.715929469653	0.000395254050414442	0.000979248041669016
ALG6	0.137076800128811	4.3023850858874	6.95219115742263	0.00861641257633807	0.0160069816850862
ALG8	0.172920158338053	5.53642758892613	13.5906418526108	0.000250647260919386	0.000644656174836103
ALG9	-0.160899494897979	3.02600939454831	11.5562249489585	0.000725901376332	0.00169850817500828
AMFR	-0.257689919214993	6.75370168300366	20.5334394161417	7.24259387716822e-06	2.47215366638499e-05
ANKFY1	-0.128152216576182	5.94825680075575	4.62268846850536	0.0320019928850683	0.0520005491478795
AP1B1	-0.0817671918807755	7.60089265901335	2.24053539836617	0.135027675793803	0.186133431744394
AP1G1	-0.240662795500445	6.50913112828115	22.6493919784741	2.50902428925953e-06	9.33005188928813e-06
AP1M1	0.180069083431826	6.17940862751634	13.9986760243092	0.000202834367956641	0.000531048005335265
AP1S1	-0.0527478505114868	6.08926820788964	1.06440766778033	0.302681015298574	0.373479187461724
AP1S2	0.0648373406040742	6.19139742422103	0.442486576504094	0.506213105157163	0.578216927197946
AP3B1	-0.142172359046013	5.8243428334439	8.54535130738868	0.00361157702905027	0.0072733912449195
AP3B2	1.70182893329114	1.58212811944642	89.9640606281858	8.04267577157531e-20	3.16520781605548e-18
AP3D1	-0.281834203544017	7.79671649394396	31.8816612571103	2.6700995978466e-08	1.41305831172058e-07
AP3M1	-0.0492642221857973	5.7099141273609	0.787457050945289	0.375271314086493	0.449053240522779
AP3M2	0.304517812876804	4.75583417362955	29.5466051564738	8.32870133218236e-08	4.06095847895372e-07
AP3S1	-0.0465406257621128	5.47331227875331	0.870667965269341	0.351193903296143	0.424365401462609
AP3S2	-0.259213412158715	4.61419736291444	37.1009988259981	2.15250893399752e-09	1.34812171474079e-08
APPL1	0.0130843439932684	5.61334369084145	0.0590767557387695	0.808054881912908	0.848209599002039
APPL2	-0.057680537094255	5.26933036566162	1.07639245946245	0.299977496161813	0.370673662868774
ARAP1	0.180075271994692	6.77913017926283	14.196058974051	0.000183127031173231	0.000482957673623326
ARAP2	0.0506964957281937	3.7661702538201	0.283503720515461	0.594636288592007	0.660716112841601
ARAP3	0.138479987249081	5.04615989714519	2.53282010255004	0.112095003843033	0.158170619707374
ARF1	-0.305866227505884	9.8133499541722	33.9707335421383	9.70715779199386e-09	5.48394972384501e-08
ARF3	0.118382922026832	8.02171735949253	9.65032249404913	0.00199423708450917	0.00424679449475898
ARF4	-0.0593380617233598	7.76556963612042	1.22007939889856	0.269844582444785	0.33886465924611
ARF5	-0.0294580079602062	7.82490765777421	0.303825030211477	0.581725852330956	0.649143869534994
ARF6	0.106233870981047	6.9871683115594	4.70205140407223	0.0305692753171662	0.0499375371368796
ARFGAP1	0.310241870214996	7.21544561882868	24.8738584688004	8.30012819228719e-07	3.38611770246846e-06
ARFGAP2	0.136599613505037	6.85373970810146	10.2299967789532	0.00146403658519441	0.00321300792955644
ARFGAP3	-0.759114486389228	6.55293814395877	95.7055684280822	6.8041472693367e-21	3.29171368505594e-19
ARFGEF1	0.334504275296771	6.06046284008977	27.6286778082608	2.13186783866149e-07	9.67855311967285e-07
ARFGEF2	0.367160402773022	5.72528155536348	35.3942618925948	4.88635687079569e-09	2.89748545686794e-08
ARFIP1	-0.377363443056496	5.59714066842511	39.7387172411693	6.10299241532697e-10	4.18289062052558e-09
ARFIP2	-0.426236614506914	6.55049441373223	70.3377439971749	4.51368054114056e-16	8.59202049266056e-15
ARHGAP1	-0.265241138319602	7.28930060357254	25.1776565492339	7.14069447866687e-07	2.95012861871188e-06
ARHGAP24	0.24813206876896	2.49507569552358	6.61559104051653	0.0103793136337242	0.0189413640560235
ARHGAP5	0.197370269749629	5.97061985496398	8.11064408602235	0.00457085483490591	0.00900416184828272
ARHGDIA	-0.0205064686812307	8.00538537424224	0.181015681176614	0.670673946363372	0.730258303364822
ARHGEF1	-0.0476377635806599	6.74699449344371	0.839463146165242	0.359965644128441	0.433336148200101
ARHGEF11	-0.151893000500476	6.47334310919511	8.20180159240822	0.00435013597735733	0.00860440238441191
ARHGEF2	0.189572841097667	6.78584247802572	7.98421624299113	0.0048960643127072	0.00957820649398828
ARHGEF6	-0.0813610175405775	3.24960555782804	0.824855237845762	0.364175806389099	0.437677358199696
ARHGEF7	0.0368542199622561	5.84042338839936	0.844867375633044	0.35842511751733	0.431826575100391
ASAP1	0.517359537786629	5.28544244875298	52.082624103882	1.84610389063718e-12	1.93948467535955e-11
ASAP2	0.549868858498376	4.36336248221559	27.6207348830518	2.14020506250846e-07	9.71195777049993e-07
ASAP3	0.559329829949621	4.93185381480451	41.8305747525787	2.25838512216922e-10	1.66586347706309e-09
ATF4	0.0160944548510085	8.41847768453589	0.104492443403018	0.746630783072796	0.795350246092853
ATF6	-0.0153719799864984	6.06852241172014	0.0812599893607567	0.775708100065393	0.820420719035783
ATF6B	0.234765507893561	7.02138410168382	24.2725192571726	1.11844115350875e-06	4.44574755107136e-06
ATXN3	0.114357650011857	4.85038297118404	9.48860342840686	0.00217445017223216	0.00459076308315327
ATXN3L	0	NA	NA	1	1
B3GNTL1	-0.0711333646867938	3.33019034666901	1.31112540704965	0.252706053109354	0.320200879227292
B4GALNT1	0.266601722849487	1.76382824373484	2.41874916603932	0.120485519373158	0.168297906814548
B4GALNT2	0	NA	NA	1	1
B4GALT1	-0.992871872925266	9.34683453686736	83.5038844604343	1.33373960470859e-18	4.23953927233894e-17
B4GALT3	-0.110373402581365	6.09928792129308	4.36730535726253	0.0371093712588137	0.0592978634430492
BAG1	-0.0427313222434109	6.39943458991673	0.505555584897649	0.477380896076269	0.550290583696914
BAG2	-0.0550182109284326	4.41288119479689	0.3214808711481	0.570958290211044	0.639430731541757
BAK1	0.685057765322236	5.0078262686441	126.378081842894	1.87426258926453e-26	3.17743576564632e-24
BAX	-0.221944955520165	6.34803624702319	13.0300697160468	0.000335514666297031	0.000842716652653109
BCAP31	0.294790350379263	8.54489717216071	26.1802941005392	4.35028880173225e-07	1.86085784736595e-06
BCL2	-0.292293071842734	4.5872141663565	6.50656044494303	0.011026716487407	0.019994050784141
BET1	-0.0755583189274999	4.65391240228612	1.50294807416068	0.220760908471657	0.284873633435386
BET1L	-0.183212035796619	6.2199639170101	19.397592870515	1.28386700197579e-05	4.19876372369164e-05
BNIP1	-0.0511229426676702	3.69732915105699	1.06534855973023	0.302467633583003	0.373239113606996
CALR	0.266864665934277	10.8960638208235	21.6779107453259	4.07801006501964e-06	1.45559347920937e-05
CANX	-0.0677547477104714	9.53728054663187	1.97242328145484	0.160774653087937	0.216715273122612
CAPN1	0.104518334984208	8.53932231946309	3.02944570147801	0.0823443541266022	0.120572767699841
CAPN2	-0.440956396647654	7.19969193048601	56.4322439695075	2.47725567987157e-13	3.00712156733492e-12
CKAP4	-0.329310672229343	7.89750258354126	29.6510455026328	7.91430601290244e-08	3.87509898212589e-07
CLTA	-0.0234915024633215	7.83582558969768	0.261171284882822	0.60952870194793	0.674439462408635
CLTB	-0.182417484887131	6.87473493323917	6.75420951608936	0.00961226271001184	0.0176552672333628
CLTC	-0.040358759095775	8.62447037582163	0.624435597181695	0.42975597314971	0.503437853025307
COG4	-0.227582292214644	6.50881235989893	20.4887898096442	7.40708220458843e-06	2.52265582980789e-05
COG6	-0.0566617443587215	4.5269516287291	0.986277210419494	0.321105614849046	0.392962109484873
COPA	-0.0914452348455443	8.33066930772998	3.51713199151722	0.0612851508151164	0.0926800065887338
COPB1	0.0329823560900407	7.03751375015986	0.483239032724535	0.487262446177614	0.560313677310742
COPB2	0.16259997300755	7.66139749852576	13.8812499411081	0.000215562350863565	0.000560965524715141
COPE	-0.0660744051171149	8.19657472322933	1.07992012878068	0.299187669558728	0.369873269132157
COPZ1	-0.0634784167605524	7.72405229460075	2.94681358575671	0.0866293671303618	0.12603927947119
COPZ2	0.367105891341913	2.36772803200421	12.9028305820309	0.000358524674693908	0.000895972901921843
CRYAA	0	NA	NA	1	1
CRYAB	1.15041399354205	5.8196208264994	44.4031298294093	6.69300128815436e-11	5.44974058089252e-10
CTBP1	0.0126094246570467	7.6867390914068	0.0838566020762709	0.772250400176651	0.817722970718763
CTSA	0.324460318684405	7.70367814639662	24.5038262538811	9.97149454603521e-07	4.00292641814629e-06
CUL1	0.120998877210324	6.28740796389715	12.3169062616743	0.000486943025642247	0.00118045892368785
CYTH1	-0.0707108806263262	5.79531960123706	2.21108673756726	0.137614757122959	0.189331255291246
CYTH2	-0.232847887189282	7.02733666421345	21.9381946637389	3.5798184750023e-06	1.29054342878354e-05
CYTH3	0.131849244180768	5.08569751156212	4.5538279056533	0.0333020624060861	0.0539001556772516
CYTH4	0.156699529109524	3.65418034507308	2.09412154279754	0.148455874145783	0.202226650894967
DAD1	-0.0370050718884646	7.22653741663363	0.583854447222642	0.445144341600808	0.518616036161646
DDIT3	0.410087582596176	4.88898270919489	27.2862991806838	2.52268677793318e-07	1.13130210807833e-06
DDOST	0.00745309170193669	8.82577648549768	0.0223644510135913	0.881178338087596	0.907438468198301
DERL1	0.475008587594774	6.26822663753886	106.016783649525	8.55816984381071e-23	6.50388118206841e-21
DERL2	-0.167158240368025	5.75692980222649	14.2626945963775	0.000176920439190004	0.000467957982575506
DERL3	-0.0313364427114802	4.35203665578654	0.06686342138405	0.79605965610487	0.837790803779917
DNAJA1	0.310483580525725	7.88445920961573	30.600247418021	4.98038507402443e-08	2.51044314976555e-07
DNAJA2	-0.0763449085889433	6.36909383897208	3.75456336452638	0.0531926091991784	0.081757102167044
DNAJB1	-0.127550141638644	7.76831451856685	2.92626989736176	0.08773183639972	0.127418977446617
DNAJB11	0.393235435854896	6.95820039481489	54.0039687594804	7.58576767206115e-13	8.47205528014261e-12
DNAJB12	-0.0801778821258121	6.22556182075952	3.43097041463568	0.0645384292805701	0.0970008141835347
DNAJB2	0.016082286444926	7.00553946071602	0.0651077652739934	0.798696450054708	0.83994189527783
DNAJB9	-0.430520266706934	4.84905482537284	38.8611471146922	9.27442858208391e-10	6.17516921536201e-09
DNAJC1	-0.182854723484235	5.10520072151165	9.63192534238725	0.00201394771954775	0.00428566173342234
DNAJC10	-0.823502226756974	8.42012820270289	63.5958426614766	9.41067986898582e-15	1.42816247284877e-13
DNAJC3	-0.401548500750203	6.57009560038411	51.6519285694422	2.25449306476704e-12	2.32421361432714e-11
DNAJC5	0.232485798756514	6.88674915171966	23.6295915674127	1.53949224850512e-06	5.96170026339301e-06
DNAJC5B	1.82148540716329	0.654306712953854	92.094624791155	3.20729045133835e-20	1.35643083373766e-18
DNAJC5G	0	NA	NA	1	1
DNAJC6	0.871699914858946	1.09641743618138	38.9779006578515	8.77174748730064e-10	5.87200848500196e-09
DNMBP	-0.615999430633615	5.46836919509706	79.7366440760851	6.96194510174642e-18	1.90206861009835e-16
DOCK5	-1.0701001331573	5.40648422954673	68.3176489162307	1.11693163135701e-15	1.95364540634623e-14
DOLK	-0.180171743706577	4.8482660863453	14.465883832048	0.000159276319394479	0.000423946027266437
DOLPP1	-0.233363129425961	4.77876792686116	21.8064522396966	3.82380807608153e-06	1.37276440161226e-05
DPAGT1	-0.108825804633738	5.94914236861685	5.61438115004407	0.0181697576838352	0.0313252623779984
DPM1	0.536035242583516	4.91440817164932	87.0139339371019	2.88853239266701e-19	1.05513885835267e-17
DPM2	-0.0691043306612378	6.29826413238857	1.56257664787669	0.211838149092513	0.274825671217868
DPM3	-0.480482015511863	6.23933736574015	26.6691723269434	3.41834057983452e-07	1.49575966029159e-06
DPP6	-0.910056267074474	3.0363701980206	17.3768520498709	3.57818979980007e-05	0.000107927911616537
EDEM1	-0.0700316510787725	5.34336851197733	1.49252006278145	0.222367144808796	0.286741052384675
EDEM2	0.019169901674739	5.79892348682922	0.152165991090147	0.696630183313163	0.752964943927665
EDEM3	-0.246192837706745	5.36258649207733	11.8947126977165	0.000607581838020117	0.0014446638404614
EEA1	0.0122600643788275	4.15396367336482	0.0343368676120134	0.853062743207893	0.885353508969862
EIF2AK1	0.0236449644721104	7.89897478072168	0.448427019050679	0.503373524844753	0.575570061987415
EIF2AK2	0.617086364518703	6.3716901643636	109.993404280786	1.61484694840615e-23	1.45593132825618e-21
EIF2AK3	0.118023672246072	4.53287735104605	3.78680870660385	0.0521844439792503	0.0803944424332761
EIF2AK4	-0.107527173053484	5.81707426324784	6.79047889253153	0.0094213539333833	0.0173383332036238
EIF2S1	0.13588101622192	5.99121217494948	7.17234877853451	0.00763255194384954	0.0143512814301124
ERLEC1	-0.219687063261004	6.05820948818851	20.8419979413055	6.20209714864701e-06	2.13715966713449e-05
ERN1	-0.414786555901473	4.70603469397554	39.3373217456249	7.38967924638089e-10	4.99912305088557e-09
ERO1A	-0.421033208759616	7.05722901156281	25.1657133300978	7.18303794023868e-07	2.96453511328827e-06
ERO1B	0.283370469465635	2.95838849770024	3.77185943605834	0.0526492938383271	0.0810099094936946
ERP27	1.29567797677691	3.88255097054125	61.1228863022097	2.89541008383113e-14	4.11392972870992e-13
ERP29	-0.0135909573583609	8.0030985809872	0.0483434707091412	0.82605561642337	0.862540174339732
ERP44	-0.161925002785701	6.5650965652523	12.7543940633627	0.000387395882990727	0.000961701794633425
EVI5	-0.106635986894164	4.08895739167783	4.17468178557704	0.0415246281401333	0.0655712920276685
EVI5L	0.00090725685888051	4.71010952135055	0.000226961344808465	0.987985785361481	0.990432530710855
EXOC1	0.0501331774334935	5.18901148906056	1.42037009811486	0.233874077121355	0.299418596766416
EXOC2	0.00285892434477224	5.21988687184745	0.00368677964341345	0.95160592489917	0.962622578558498
EXOC3	0.250602400347307	6.23237455444273	25.0458161385352	7.62237893118155e-07	3.13087359908855e-06
EXOC5	0.0161689296180132	5.52532692125102	0.0715847295862494	0.789146971415463	0.831923638602715
EXOC6	-0.186179466930153	4.15535863096693	10.7753659448355	0.00109616961153663	0.00247130305124221
EXOC6B	0.0855231195073447	4.60017766076343	2.90651862698727	0.088806164688829	0.128771860267777
EXOC7	0.09675316304474	6.14331479596375	3.0492420935435	0.0813522398332145	0.119227255585327
FAM71B	0	NA	NA	1	1
FBXO2	0.91019157540235	4.81101300417375	23.8015268535009	1.4133178841814e-06	5.50317240532746e-06
FBXO6	-0.31841120148143	4.7915303796248	13.6747307235982	0.000239939454602331	0.000619203627639505
FBXO8	0.168437380573294	3.9483798204807	5.86020162627398	0.0158208567552716	0.0276579141319243
FUT8	0.448532268019362	5.05574333713451	31.0632265737995	3.97501231903426e-08	2.03626986952594e-07
GALNT1	-0.214164752190082	6.55543980340867	11.0252353634695	0.000960467524073715	0.00219051090490998
GALNT10	-0.83996878263908	6.71994926996125	84.1441478604874	1.00826555197371e-18	3.28930053016423e-17
GALNT11	-0.0384893473660624	5.88315273791331	0.327035978327791	0.567651284327461	0.636481810324205
GALNT12	-0.555372439076048	4.47733445572353	24.682550284597	9.12568876704072e-07	3.69027597745673e-06
GALNT13	0.418433491024881	0.533818760785689	3.34943162248934	0.0677877815582801	0.101392854777806
GALNT14	0.81782977461793	4.53304400485299	17.1656262906999	3.98489375748112e-05	0.000118947129690952
GALNT15	-0.426622838532642	0.782098043447623	6.29366358227279	0.0124134514513938	0.0222502087058012
GALNT16	-1.80136045263281	4.951639441605	83.6338539899597	1.2600767968546e-18	4.02473804599209e-17
GALNT18	0.263957105986632	4.0254682138161	7.2723486907566	0.00722447924847827	0.0136434871840014
GALNT2	0.04269408577117	7.01057285320279	0.536648018650645	0.464147973381423	0.53700274451823
GALNT3	0.181520187695499	5.52219258092446	3.0754068634972	0.0800607575571741	0.11752554219557
GALNT5	-0.538471343862228	1.47380496238034	10.7297196046625	0.00112298765422157	0.00252373216876103
GALNT6	-0.208423904032064	6.09159572564476	3.45684344285918	0.0635425482122369	0.0956780113709648
GALNT7	-0.616956434016365	6.18457990205031	50.4484570141062	3.94437589989872e-12	3.92951762805079e-11
GALNT8	0.282219470683042	0.496684094552639	1.64246540559865	0.200546036031998	0.262298681975107
GALNT9	1.11028761687905	0.874426746170401	28.8828806833801	1.15234932200725e-07	5.48520489609165e-07
GALNTL5	0	NA	NA	1	1
GALNTL6	0	NA	NA	1	1
GANAB	0.200819513408854	9.19908449807157	19.874866220351	1.00905967530641e-05	3.35817091605749e-05
GBF1	-0.201607595308535	6.80369774610048	15.1127864904605	0.000114082945781092	0.000312115204078338
GBGT1	0.301708364814746	2.64639538611098	8.99652628956105	0.00283162749370408	0.00583179374136964
GGA1	-0.146410052360982	6.58291511757764	10.2643861049336	0.00143750846127729	0.00316248672686725
GGA2	0.0682361062687353	6.67684282395985	3.18005604339957	0.0751124018479059	0.111116832536785
GGA3	0.354378373720753	5.6156145852722	57.7131459984258	1.37575028934479e-13	1.73147252469251e-12
GIT1	0.19868934873377	6.76109383844923	14.6071495975406	0.000148067409593254	0.000396717654839467
GIT2	0.0821965462135277	4.03690667331925	3.64610722581047	0.0567382272397606	0.0865827617557049
GLT1D1	0.52093005664234	0.327903577223795	9.57418323023713	0.00207710934480297	0.00440353397329702
GLT6D1	0	NA	NA	1	1
GLT8D1	-0.194611845875129	5.96111123895677	29.9639489354085	6.79276034398747e-08	3.35661189394598e-07
GLT8D2	0.00758745372229635	2.5036447464603	0.00530139584940934	0.94198414435122	0.954623873767652
GMCL1	0.0996346607548044	4.90996261651275	4.41176779407846	0.0361621407208673	0.0579991963449828
GOLGA4	0.143276983397692	6.10718058582984	4.42384317285978	0.0359092945210345	0.0576542704245362
GOSR1	-0.0452061865212503	5.5921983137715	1.55155598260511	0.213454399311735	0.276705314054524
GOSR2	0.162869263212685	4.0270613077712	12.7187349203475	0.000394675491331266	0.000978181728171393
GPAA1	0.29752421491711	7.76011691791134	19.7939485905266	1.05108470859e-05	3.49041774566928e-05
GPLD1	0.708946117501574	0.28874126656513	53.7837773652464	8.39825715498214e-13	9.32695580453924e-12
GXYLT1	0.179302962492727	4.44524735452432	10.0517540450119	0.00160972302851961	0.00350237085923919
GXYLT2	0.319129221725842	3.29840806153069	8.75991188070362	0.00321651754944514	0.0065328308000455
HAS1	0	NA	NA	1	1
HAS2	-0.786282397194056	1.54452387811425	20.804556682558	6.31986127644832e-06	2.17365091760625e-05
HAS3	-1.06411337193609	4.00071888102553	34.7312202155436	6.72517775859849e-09	3.8935756229364e-08
HERPUD1	-0.398912091899359	7.1032575673572	28.615227801229	1.31377415715099e-07	6.20888978010242e-07
HSP90AA1	0.0590145823931806	10.4030014489117	0.86004380195554	0.35414713157766	0.42738551684369
HSP90AB1	0.220556598019472	10.6994015830552	22.2112594480319	3.12284736567319e-06	1.13926204705035e-05
HSP90B1	0.0945527721440485	10.3714035282798	2.7102535809032	0.100295946282076	0.143285083153628
HSPA1B	-0.225333633954308	7.52790509992143	5.57887480042292	0.0185377524385253	0.0318896820251827
HSPA1L	-0.175839575311417	1.47945316168651	7.08336770313628	0.0080155233729883	0.0149903739490121
HSPA2	-0.242170730711932	5.5110865928533	4.04830519386178	0.0447195034836451	0.0700419576435645
HSPA4L	-0.469996729839286	3.54449278748651	12.0309445810745	0.00056566145997358	0.00135391517540436
HSPA5	-0.00747888036379	9.95134925438001	0.0177847248387877	0.893959615373531	0.917361941690413
HSPA6	-1.86368288830903	4.22562525197239	63.5507127716185	9.60522637639291e-15	1.456572363729e-13
HSPA8	0.154684259576449	9.74194330090118	3.46256952194299	0.0633243740791161	0.0953929490285765
HSPBP1	-0.0484164555045548	6.86910946448505	0.443377090228023	0.505785684048622	0.57779525675888
HSPH1	-0.0503611937956469	7.27893477745047	0.462775682715076	0.496625647638451	0.568915313395838
HYOU1	0.0551508236389699	8.12372919842549	0.652998519866094	0.419403988082849	0.493175130639276
IFT27	-0.294771155589871	5.27612093001947	14.248250913916	0.000178247455778829	0.000470902808387463
INPP5B	0.188843534492643	4.07206779159221	15.7684638994201	8.14368594623226e-05	0.000228990658836854
INPP5E	-0.236363599122224	4.60020417748581	17.9704863865381	2.64544856715553e-05	8.18603312473167e-05
IQSEC1	-0.0162781124158314	5.58574730757029	0.0780126791328849	0.780117442608041	0.82389806049361
IQSEC2	-0.0293274005958366	4.75888579334852	0.252858297801995	0.615277795908445	0.680079971125328
IQSEC3	1.43080140736382	1.90690085182253	75.0126674499825	5.6168934483114e-17	1.26891892422844e-15
JUN	-0.0942898204153682	8.16888203539766	1.21570437370359	0.270704043630286	0.339771860115593
KDELR1	0.0206182589013604	8.35761145572894	0.235465475825675	0.627700379764834	0.69111501707663
KDELR2	0.00748310748726719	8.18780487645073	0.0322881937865243	0.857465050115223	0.888758261681597
KDELR3	-0.101046724975875	4.96158378508445	1.22907075780837	0.268088950959576	0.337022711514969
KIF20A	0.563967966047681	5.48850353574404	51.2602787064286	2.7042075007744e-12	2.74784609517726e-11
KIF23	0.59324770551048	4.80373049000033	60.5077861718732	3.83243270101924e-14	5.32327049192694e-13
LARGE1	-0.187409041585376	4.87017802615671	6.29688783544937	0.0123911620516281	0.022212263831364
LARGE2	-0.646062137954391	6.85213954831693	41.7573792839509	2.33813931014328e-10	1.7214919531066e-09
LMAN1	-0.136917508771839	7.39933931515307	4.65125457564318	0.03147836928048	0.0512243379012487
LMAN1L	0	NA	NA	1	1
LMAN2	0.0424742195784559	8.48334882290859	0.412279324318147	0.521091553936755	0.591871440894207
MAN1A1	-0.356136947988756	5.14972012550247	7.0165230070761	0.00831615126349855	0.0155014435026307
MAN1A2	-0.0264384565447078	5.9567326732042	0.208344586355732	0.648254366502529	0.7105506940527
MAN1B1	-0.115222473555616	6.96409232920173	4.2683151129897	0.0393131466028398	0.0624570494887727
MAN1C1	-0.349504092122004	3.47648655259485	10.3680606257971	0.00136045095435829	0.00300596465185437
MAN2A2	0.107177359221055	5.66121900530644	2.5667070406229	0.109728483480118	0.155173568360769
MAP2K7	0.0255387386050719	5.64979420646237	0.308177159730755	0.579034339104664	0.64668615518812
MAP3K5	-0.0218548565379682	4.24169104781685	0.0544838565853268	0.815526833564313	0.854019045654831
MARCH6	0.24835649549979	7.33546680681587	28.9517718517372	1.11413083844681e-07	5.31604165999337e-07
MCF2L	-0.408836424500922	5.93658444173122	21.1818410608541	5.22928782661419e-06	1.82690219692979e-05
MGAT1	0.275496996777521	7.78224239038131	25.4389334496608	6.2746809360243e-07	2.61576915439348e-06
MGAT2	-0.0597316821245946	1.21397021901938	0.399127574499789	0.527811636491869	0.598373560231837
MGAT3	0.641504989218989	4.54220779269333	22.577232696587	2.60105069541416e-06	9.63253184158699e-06
MGAT4B	0.232889931181386	7.3476952501143	21.2571256580199	5.03547765259576e-06	1.76464132931514e-05
MGAT4C	0	NA	NA	1	1
MGAT5	0.00224547858885155	6.62865444308743	0.00104372386356328	0.974239575241876	0.97991282975854
MICAL1	0.109854629789888	5.25293444552823	2.01268765374909	0.15657454565013	0.211750278429331
MICALCL	-0.48318648385055	-0.0151965443132434	14.0599456085471	0.000196497684425848	0.000515410152153754
MICALL2	-0.170406079262548	5.32352301057352	4.94529192757084	0.0265810778891162	0.0441016879908507
MOGS	-0.0309529616878368	6.97511102158296	0.539199879593484	0.463088149483085	0.535932869187058
MON1A	-0.0810085431583949	4.07815298526701	2.31544848483384	0.12868871050699	0.1784244773456
MYO5B	-0.0294160998618418	6.01886147873794	0.127309443187987	0.721379706543443	0.774063645079209
NAPA	-0.0470114145904748	6.3877860874807	0.831046497563489	0.362383143022907	0.435892640500871
NAPB	0.159683214405663	3.80403765398169	14.6831166671484	0.000142372780620321	0.000383222160890768
NAPG	0.0760029556089978	4.82584039370122	3.06546008582932	0.0805490954694133	0.1181374821529
NCKIPSD	-0.0238444997388671	5.58902072407401	0.178975040323747	0.672426581151288	0.731788721449347
NDE1	-0.0450682511947448	4.9648906970031	0.616647307961012	0.432645603746992	0.50616524420913
NET1	-0.455378308836288	6.80765575436449	49.060039439312	7.53347834536249e-12	7.16674067051630e-11
NGLY1	-0.0316927089692543	5.01076736403582	0.475174938153278	0.490916694929039	0.563666144365701
NPLOC4	0.361984128577185	7.2020937417556	63.8789330970015	8.27741292992972e-15	1.26879818752053e-13
NSF	-0.212874215070872	5.48917110160622	18.5866536602824	1.93512486300469e-05	6.1417403488773e-05
NSFL1C	0.171571065064895	6.7808162419875	17.4862833946453	3.38422147908068e-05	0.000102576456353248
OCRL	0.0589566046948955	5.35183122440963	1.78959167642165	0.181547714325735	0.240869492551903
OPTN	0.592469182826431	6.23090091511854	68.4451821523018	1.05472819356452e-15	1.85630290322557e-14
OS9	0.00995883150106027	8.03255420625931	0.0372349964855998	0.847061054106508	0.880489821756718
OSGIN2	0.342640481457238	4.85564460646354	22.9245141621448	2.1872295880847e-06	8.22907793620259e-06
P4HB	-0.110973234479047	10.3825927174726	3.7783366666424	0.0524473459887379	0.0807430229499081
PAK1	-0.142997393415751	6.54571410622312	8.65137677772412	0.0034105237598669	0.00689509109947609
PARK2	-0.28691633421128	1.47829197134306	7.80204459066304	0.00540677880252069	0.0104832314318669
PDIA2	0.138431619998896	3.66630364699423	0.320834982702535	0.571345240839004	0.639755721578505
PDIA3	-0.214467072728143	9.82755220364475	12.0382656462587	0.000563493482535282	0.00134937742678828
PDIA4	-0.0833703415881065	9.16090840911974	2.08900952029622	0.148951237629055	0.202803940031048
PDIA5	-0.378144171397577	6.01719711566179	24.1660563815357	1.17915586879672e-06	4.66930657967317e-06
PDIA6	0.328663160091966	8.19161573170956	17.2195117971303	3.87690678397655e-05	0.000116003086529152
PDILT	0	NA	NA	1	1
PGAP1	0.237218858554095	3.93475256808797	4.76784947974394	0.0294323403074331	0.0482870529361403
PICK1	-0.0851025065943713	5.60162498950912	2.58416922825752	0.108530547720942	0.153687685731768
PIGA	0.0247440836758459	3.51992180884804	0.153564627476536	0.695308870657475	0.751741603046496
PIGB	-0.333632460622768	3.21574554314971	36.9075631924841	2.36169257863684e-09	1.47031300368053e-08
PIGC	-0.0649082402761114	5.76721810960726	2.06804539817426	0.151002381673964	0.205202263668339
PIGF	0.0424831895104115	3.55062483186902	0.706295623633352	0.40105401385715	0.475260267944592
PIGG	-0.0947245349454533	5.56155596402019	5.33128794399065	0.0213283528949984	0.0362260558034161
PIGH	-0.344609148526223	3.77555495874403	41.3057772079725	2.89680499149959e-10	2.10007774146178e-09
PIGK	0.225737698715987	4.82387738623645	17.4798659968237	3.39529792267472e-05	0.000102865028709719
PIGL	-0.219335270697162	3.11039670029821	15.8978967465614	7.62040546571386e-05	0.000215590846401989
PIGM	-0.109559998862275	4.81731247291847	3.86228357744623	0.0499031093648727	0.0772908300534593
PIGN	-0.285143291504721	4.81434932250783	28.8421559873082	1.17555933963283e-07	5.58897878754006e-07
PIGO	-0.0536925175262811	5.34439020776061	0.872857915132002	0.350589343271044	0.423839801534781
PIGP	-0.109193153196286	3.94497692127771	4.7384882260121	0.0299341169656886	0.0490129775478318
PIGQ	-0.205613313104529	6.89618784917914	9.94721484712796	0.00170194020630695	0.00368657682560865
PIGS	-0.00708371640075614	6.22336831987156	0.00988819991990205	0.920826851479664	0.938908884173852
PIGT	0.205212966870087	8.1211359517656	9.87085779415897	0.00177267666384238	0.00382268336891864
PIGU	0.245959132515319	5.55362514194547	22.4868289814064	2.72115687666851e-06	1.00510515174525e-05
PIGV	-0.304410479806933	4.09904661869739	32.3377070358106	2.13991153916312e-08	1.14499987535205e-07
PIGX	0.388277251531843	4.84724952926759	51.8252903388535	2.08019579608727e-12	2.16287224303265e-11
PIGZ	0.162876668680634	3.0699996983947	1.79224920353539	0.181224362410237	0.240509405555921
PIK3C3	0.189934759946189	4.87194367124852	16.77211499513	4.8712103693727e-05	0.000143226293620675
PIK3CA	0.854808574861005	4.40946274313346	159.855608047609	3.19204975358079e-32	1.808980196065e-29
PLAA	0.105798431117781	5.42006871730701	5.47327785312662	0.0196785181154655	0.0336514705423104
PLIN3	-0.546006087847996	6.47541022566926	55.0403545181717	4.70190014476019e-13	5.45392920300107e-12
POMT1	-0.0755063613491381	5.57567927222747	2.27877526672989	0.131749302475766	0.182171308093887
POMT2	0.126811007180225	5.08478685336482	7.45074323018504	0.00655114754542557	0.0124908210673379
PPIA	0.0293558836800371	8.78819305606844	0.476655737982359	0.490242250986655	0.563119935621978
PRKCSH	0.25064513593811	9.38738649121216	22.3382980161884	2.93073771826189e-06	1.07630406668625e-05
PSD	0.209348732139182	3.83284906727928	3.43319602691113	0.0644521101965225	0.0968931033612266
PSD2	-0.262695657335554	0.106117098870536	1.99306728368085	0.158605368452565	0.214082016944589
PSD3	-0.0421895876293129	4.30199849421572	0.152655154262939	0.696167270455329	0.752628648252109
PSD4	0.0911180903066082	6.54000132854528	1.90909555972608	0.167643925303749	0.224707207622642
QSOX2	-0.0143321784336237	5.10108466721093	0.0454394383493576	0.831279737027447	0.86721893356858
RAB10	0.128926792415178	7.28827583473919	9.79906465397731	0.00184191148998325	0.0039556425296468
RAB11A	-0.326155959949068	7.39012092474027	65.0992703215713	4.76446835141053e-15	7.57237417870416e-14
RAB11B	-0.124471333365478	7.70816248243022	3.33158164645254	0.0685222400634441	0.102406467123148
RAB11FIP1	-0.312338354153666	5.25758508125758	7.67156865040847	0.00580579949332758	0.0111879950403335
RAB11FIP2	-3.37952659051983e-05	4.55384197880663	1.15331947809981e-07	0.99972916131149	0.999840667550718
RAB11FIP3	-0.146164087327414	6.29000943528919	5.56684293308257	0.0186641978123575	0.0320828809782573
RAB11FIP4	0.573376646736579	6.76491726240381	48.4445424589135	1.00423299665652e-11	9.38405755751022e-11
RAB11FIP5	0.20940420873555	4.84159918943504	9.80955428198817	0.00183162659912488	0.00393739174093876
RAB12	0.428291695941652	4.60953598904615	64.3243742326769	6.76503934978251e-15	1.05325396784094e-13
RAB13	-0.109142684108313	7.16705036110672	3.91080976219821	0.0484923493003981	0.0753030414447191
RAB14	-0.177391877313244	6.48126248030113	15.5445839362369	9.13596399540387e-05	0.000254868981503285
RAB15	-0.0885209117946408	4.99235867790117	0.941156257857996	0.332421678534575	0.404712987584906
RAB17	-0.0851450764397353	5.31213267734339	0.905584619188328	0.341720970869489	0.414432005942911
RAB18	-0.0499282999409829	5.86093073230418	1.12106224408087	0.290170521523639	0.36050938267594
RAB19	-0.596491891430077	0.842312979148789	19.7754887849226	1.06091642425228e-05	3.52099671956304e-05
RAB1A	0.0251601779348915	7.41853113870893	0.390390228783741	0.532362335021801	0.602774684048261
RAB1B	-0.091135023051737	7.65619235059859	3.17494493148029	0.0753462601605733	0.1114212383721
RAB20	-0.0753393799777545	5.14732899328633	1.12912920605813	0.288443449657037	0.35863322409248
RAB21	0.144060051781293	5.8287940647737	10.4198689120614	0.00132352952706021	0.00292928009029672
RAB22A	0.276700661329399	5.64997936353682	49.2280590895244	6.96537972604901e-12	6.6518202631768e-11
RAB23	0.0563966611823513	3.12886519010271	0.355304026330767	0.551379515598348	0.621363143678952
RAB24	-0.02786206925834	3.29137136963194	0.183424302948455	0.668620218006189	0.728445678575896
RAB25	-0.310632745950072	7.29385722493108	11.1533769599945	0.000897618307811351	0.00205948630832136
RAB26	0.282970167255709	2.84889461206838	4.28261665843439	0.0389864336329928	0.0619975876782179
RAB27A	0.00353883312964989	4.11976940537494	0.00256331139272646	0.959640040150129	0.968764442909758
RAB27B	-0.47094470509071	2.7973336954821	10.4287682689068	0.00131729054390308	0.0029174672477832
RAB28	0.00569941081225356	3.94941339619586	0.01400990777698	0.905824373978626	0.926995483328142
RAB29	0.350199600182785	4.41913760565988	16.3701560394686	5.98264503858182e-05	0.000172830999621716
RAB2A	0.212166371574531	7.21985691282435	22.2727552558492	3.02831839363982e-06	1.10844612175394e-05
RAB2B	0.0532349591980382	4.46812825534588	1.42259513049663	0.233508623166514	0.299008621078619
RAB30	-0.219909087946518	3.30773120579547	7.75517709343037	0.00554677506912501	0.0107302227578078
RAB31	0.0994424544651701	5.3030084859564	1.4615323913595	0.227223686043584	0.292224717154541
RAB32	0.541544388578424	4.21250426527674	48.1908334341302	1.13068204270017e-11	1.04506478250432e-10
RAB33A	0.526793419122046	0.205679350580204	20.8173684798181	6.27931289472177e-06	2.16082878672461e-05
RAB33B	-0.171405649034229	3.33068003953442	9.73258640354987	0.00190847217968903	0.00408443522703194
RAB34	0.0840957991139437	7.45025775322196	1.57504768305511	0.210026708874011	0.272868262953822
RAB35	-0.00418455943192965	5.70030129009609	0.00978092846168228	0.92125606619898	0.939105461663931
RAB36	-0.730988895722384	5.39593149596106	46.5279700289851	2.46382443146754e-11	2.15856703172079e-10
RAB37	0.0760958877900575	1.14049313570053	0.410656623744624	0.521912461046074	0.592578440467113
RAB38	0.189905562045176	3.01491376051181	3.91888428664827	0.0482617336399241	0.0749801430835666
RAB39A	0	NA	NA	1	1
RAB39B	1.17710522787115	1.26129523832354	87.1714323751532	2.6974959652738e-19	9.88998751778295e-18
RAB3A	0.229683150956454	2.92823935789457	6.0775436913413	0.0140058636941845	0.0248085645985131
RAB3B	-0.00908980812297896	3.13076257729766	0.00241022420303579	0.960862790124584	0.969514367795356
RAB3C	0	NA	NA	1	1
RAB3D	0.144720714353958	5.98594726795316	3.47472389977354	0.0628639195176304	0.0947929028152804
RAB3IL1	0.112113634262239	4.52249420244948	1.75249852671146	0.186131702040891	0.245964177880152
RAB3IP	0.12409012289184	4.96495199374866	4.6732279320859	0.0310816967554121	0.050641157807097
RAB40A	0.64847534482128	-0.251830474561579	32.5312536956021	1.94819285079357e-08	1.04892522246174e-07
RAB40B	0.131698297824158	4.68748384684486	5.03660369739591	0.0252275941230972	0.0420389254332213
RAB40C	-0.111373136317714	5.81884380637677	4.19533430108043	0.0410258287701062	0.0648610962581745
RAB41	0.203103984082217	-1.24381400605757	6.0698296756986	0.0140664514670137	0.0249047634426686
RAB42	1.03396808860709	2.30821958400942	66.9482841681773	2.06828323626752e-15	3.46489847900053e-14
RAB43	0.402874831225794	0.954042533766572	20.7240999081308	6.58060063631838e-06	2.25975008489856e-05
RAB44	0	NA	NA	1	1
RAB4A	-0.195625479804981	5.7618946066311	14.2526557101229	0.00017784170135016	0.000469984198184171
RAB4B	-0.12882814096688	4.44930558138723	2.88543399610895	0.0899688227612098	0.130200758752998
RAB5A	-0.00261492765546618	5.81833473085114	0.00309517538394363	0.955654034199422	0.965830926747455
RAB5B	0.167135571800029	7.74584167751808	18.150237894407	2.41462325881313e-05	7.53169560285553e-05
RAB5C	0.0602723791622946	6.27401766482809	1.26606598445276	0.261013568809988	0.32941105900977
RAB6A	0.0648601890533946	6.93389271484883	1.54198290718825	0.214870278461602	0.278195298517355
RAB6B	0.716469225962459	3.87157894547472	49.2095055716084	7.02593700274876e-12	6.70642254328786e-11
RAB6C	0	NA	NA	1	1
RAB7A	0.233379914564426	7.98451888012441	42.2338927237753	1.86548382117183e-10	1.40158604518724e-09
RAB8A	0.25254951891412	5.65840720736242	43.536077080884	1.00762910340237e-10	7.94368969236325e-10
RAB8B	0.106761537731898	3.73169434162536	2.1566814989589	0.142542211507539	0.195082092406819
RAB9A	0.157096924021154	4.7531106628704	6.18871312345692	0.013162010158215	0.0234499660009157
RAB9B	0.423035193783713	0.559005083057112	12.702624206777	0.000398009665547113	0.000984845523468934
RABEP1	-0.206026058622371	5.58867368947471	24.458658079964	1.01974670292367e-06	4.08867512684275e-06
RABGAP1	-0.105403866021029	6.1396956472956	6.81395763815581	0.00929985207377551	0.0171417680404551
RABGAP1L	-0.507764109540171	5.41860156094352	58.7084909217306	8.71963268177818e-14	1.13710660251854e-12
RABGEF1	0.0912998999866064	2.66001279734956	2.06167014198139	0.151632478835713	0.205903348922185
RAD23A	0.383828260337685	6.74088586317674	62.5147947117331	1.53710317248892e-14	2.28206896903576e-13
RAD23B	-0.0632586143568848	7.41387109776678	2.0047157428531	0.157396088867426	0.212652504780695
RALBP1	0.385701279776035	6.51014807658157	39.5836682346727	6.5709240429413e-10	4.47422857506834e-09
RASEF	-0.266910794110859	4.2657304629553	7.19086308681997	0.00755525507077635	0.0142126787110062
RBSN	0.144839343800256	4.91089328181928	12.8565392554927	0.000367286817825117	0.000916714990758928
RBX1	-0.0667204762440757	6.32951821345926	2.12143974698016	0.14584009462652	0.199032494627565
REPIN1	-0.195047205437562	7.47738037309886	18.1958812584351	2.35931592691264e-05	7.36729083915494e-05
RER1	0.0551131594185236	6.82358911178055	2.01264583860957	0.156578842133753	0.211750278429331
RFT1	0.201142418610752	4.86844627381688	22.027514307287	3.42337400567582e-06	1.2393251214196e-05
RFWD2	0.113136378002628	5.89079691668928	8.85012355625364	0.00306384750085714	0.00625091701085181
RNF185	0.168605173351315	5.03104604908205	18.5745676814196	1.94701421617865e-05	6.17311812306641e-05
RNF5	0.250345894002811	5.91862456918995	28.2839659470441	1.54542640332996e-07	7.19397622859653e-07
ROCK1	0.193185667076034	5.28978714308096	9.94083114279095	0.00170774247797937	0.00369752996951434
RPN1	0.198538864883179	9.11332663299936	22.3075580515213	2.97610307532311e-06	1.09154963940521e-05
RPN2	0.214066578278801	9.09743168497493	14.6073321963682	0.000148053449289664	0.000396717654839467
RRBP1	-0.124090722758837	8.97754355992964	6.73212706272025	0.00973043981913897	0.0178524904090853
RUFY1	-0.0540227242992139	6.22542283162582	2.04205793469195	0.153589643104009	0.20816197956734
SAR1A	0.0704804838212049	6.85994535976555	2.97441486482413	0.0851717639558619	0.124200995299553
SAR1B	-0.300248325240561	5.79657680014217	33.3489516722222	1.31110416631935e-08	7.23789344251163e-08
SEC11A	-0.373145074309563	7.25700861296987	78.2730379648656	1.32692694222959e-17	3.44948832229671e-16
SEC11C	-0.25965997302756	5.76882120754389	12.1406092234062	0.000534053099077014	0.00128368192198165
SEC13	0.0870698405589257	7.36483765978163	3.18775556493757	0.0747615862240327	0.110680404743521
SEC16A	-0.398974416946583	7.49874432721494	76.4882358182801	2.9203355488613e-17	7.09863426613529e-16
SEC16B	-0.807498752232342	-1.18023593802775	38.7856383052898	9.61484716985336e-10	6.38041129521717e-09
SEC23A	-0.0344473796347152	5.37861342639216	0.266321641345703	0.606024486603592	0.671273562952044
SEC23B	-0.192159773023191	6.51622169915274	9.02580463905734	0.0027873827361815	0.00575494291372541
SEC24A	-0.0107685958804394	4.82849650253173	0.0253569838090557	0.873541222009289	0.901398925114673
SEC24B	-0.125046236741598	5.27686119557063	7.13944347569608	0.00777193899177156	0.0145801957724193
SEC24C	-0.0641163160822299	5.49183665866594	0.412129017003249	0.521167496850105	0.591889911252324
SEC24D	-0.293835554544314	5.72749223546349	14.7781150606829	0.00013556177425343	0.000366280859871514
SEC31A	-0.119523987496554	7.62051963369583	6.54534637575639	0.0107917799517589	0.0196079773167729
SEC31B	-0.371214635039717	2.86490573643003	14.6072567782878	0.000148059215098089	0.000396717654839467
SEC61A1	-0.0757882336403378	9.22768745263778	3.18214100441088	0.0750172293864177	0.111008125125919
SEC61A2	0.436393568709312	3.58050347901425	57.506553187344	1.51249367683277e-13	1.89276416908379e-12
SEC61B	-0.419917947377913	7.02571089902534	53.0541994768437	1.17692074535091e-12	1.27773524816833e-11
SEC61G	0.0934429920620431	6.27583983986569	1.73865671295725	0.187876695509918	0.247956234974996
SEC62	0.320701208554674	7.03874182987205	34.6376793856441	7.03545776884211e-09	4.0637246605994e-08
SEC63	0.0754264039543309	6.61393378854488	2.82984078644707	0.0931145595750968	0.134204860425232
SEL1L	0.116180675358836	6.31692829644446	4.72353384371696	0.030193112623914	0.0493759080629346
SELENOS	-0.16482013991224	5.91781762141748	10.2308542989613	0.00146336907951857	0.00321189838356211
SGSM1	1.02529809539792	2.19173883846122	44.8980116912935	5.30101810170788e-11	4.40124294882276e-10
SGSM3	-0.399412277588713	6.91410190511456	46.5318855646915	2.45930178282411e-11	2.15555682113638e-10
SIL1	-0.350146987993281	6.70359520253552	24.688108167969	9.10057671993391e-07	3.68162225657535e-06
SKP1	0.0562563105163974	7.58642168265042	1.58690604432435	0.208321294345092	0.270972055435432
SMCHD1	0.437427624921906	5.51375394401344	49.4587540112849	6.2547772963843e-12	6.00791804715654e-11
SNAP23	-0.194074907783559	5.21539594602352	18.7460306314592	1.7850173875371e-05	5.70142027082098e-05
SNAP25	1.26949230781767	1.24676561306761	49.1705386081226	7.15484958254688e-12	6.82618766088588e-11
SNAP29	0.000839878062893323	5.32968090858064	0.000540589962504915	0.981459105421829	0.985533405358273
SNAP47	0.072506482737655	5.396945929232	2.47932052705239	0.115946771581205	0.162806471351635
SPCS1	-0.0589704615581466	6.71925450803272	1.76743511114843	0.184269830562027	0.243861228262464
SPCS2	-0.0705874151960002	5.54300107033513	2.15276977251088	0.142904081966591	0.195496411187483
SPCS3	-0.237599320467055	6.97066965524887	22.7903314654838	2.33862537585188e-06	8.7472438864835e-06
SRP14	-0.216546527360546	8.35046480731356	21.1617384098995	5.28229885064924e-06	1.84332156408564e-05
SRP19	-0.07282336585009	4.57148535876344	1.62569453753046	0.202856349567278	0.264627141970862
SRP54	0.06950172493819	5.81815101344661	2.13907459696495	0.144179201214546	0.197077696650163
SRP68	0.110257056301188	6.79825478931342	8.34367369461095	0.00402805268433903	0.00802334052961083
SRP72	0.0369442450921377	6.49090825127457	0.818437496285967	0.366047054307782	0.439606643387918
SRP9	-0.179119949529713	7.49987898847121	11.3110064214938	0.000825993306359124	0.00191062125150242
SRPRA	-0.157994121795024	7.75170186933548	10.4727285784851	0.00128690711871151	0.0028574725959524
SRPRB	-0.056376788459743	6.64964977787183	1.26964824139095	0.260340860733908	0.328698979799941
SSR1	0.00557038777737546	7.72602916281928	0.0157623433022196	0.900137038940141	0.922507913990788
SSR2	-0.324063054247403	8.97857001795281	34.7740190783058	6.58783459809798e-09	3.82186894569387e-08
SSR3	-0.0188855748396886	7.40794120615424	0.148092343019271	0.700518943073582	0.756508588003729
SSR4	-0.326001749045871	8.86435384857904	16.9682434545808	4.40703269015024e-05	0.000130584842260427
STT3A	-0.173203407101632	7.86191050648827	12.2467701066055	0.000505158777424748	0.001220590126717
STT3B	-0.0311936003945976	7.43097848819981	0.359892511248946	0.548821465651496	0.61886718426364
STUB1	0.0426849311771054	5.44991939646031	0.455383006967758	0.500082941898268	0.572434507880433
STX10	0.139645077629416	6.34842312485871	6.65541604979417	0.0101527053435703	0.0185722503448968
STX11	0.402561599691776	1.25560791554647	11.4613056478037	0.000763098162614714	0.00177674046900609
STX12	-0.259006576264312	5.26407929557599	33.8992615861536	1.00481794994618e-08	5.66048396398254e-08
STX16	0.247568992964438	6.15839845198828	19.7722863100131	1.06263147569258e-05	3.52581052531989e-05
STX17	-0.105822549814978	3.60199833071135	5.12032847780277	0.0240496230906419	0.0403164531780665
STX18	-0.964123815658834	7.91756719779146	68.3478739481253	1.10186434994221e-15	1.93069605840138e-14
STX19	-0.468055841433496	2.44219199795137	11.0828612316441	0.000931669438481647	0.0021304661416052
STX1A	0.463604039237584	3.48069661579104	39.4407362447184	7.03417160583562e-10	4.77275949242155e-09
STX1B	1.10200652515296	0.373559922024902	63.740294082145	8.81418100568667e-15	1.34380691966022e-13
STX2	-0.275902839038158	3.52184281203323	9.94332520897819	0.00170547318329469	0.00369301971513649
STX3	0.211064369324468	5.75824297203936	15.4123639637842	9.77846315503851e-05	0.000271077311921997
STX4	0.217000326375526	5.90114188466866	15.4468325981362	9.60669647452082e-05	0.000266613718444271
STX5	0.0773748413726529	6.00697614052442	2.58084369479553	0.108757569625811	0.153976187974872
STX6	-0.394571461459867	6.40968447245368	56.90835822135	1.99044765466298e-13	2.45220678448697e-12
STX7	0.158674333522903	5.61693114974795	10.1218876232977	0.00155071795360128	0.00338377234429939
STX8	-0.325085812429289	4.84604491019942	28.4415987300835	1.43047110269297e-07	6.70290439922395e-07
SURF4	-0.197242457592686	8.12371288320103	18.9737773274722	1.59064303681966e-05	5.12348240261741e-05
SVIP	-0.201355920898789	4.92600142025274	8.9919517590676	0.00283860477949156	0.00584259598139001
SYTL2	-0.0995305917294026	3.45598951199707	0.607087790985751	0.436233001630247	0.509790937803332
SYVN1	-0.0563487567072803	6.74737576009853	1.43629053582608	0.231274358406381	0.296588019589486
TBC1D1	-0.18623698569981	6.50513563584402	10.7595490446443	0.00110538792149549	0.00249015667647845
TBC1D10A	0.298404618661195	4.0989225642347	28.0978757946533	1.69315712294861e-07	7.83203627184832e-07
TBC1D10B	0.138799689284332	6.74581275522617	9.13229721472915	0.00263230796408386	0.00546205967858597
TBC1D10C	0.31495287532139	3.69478538782705	7.47033871523165	0.00648121545727424	0.0123717552300101
TBC1D12	-0.220161627895717	3.51151813196498	14.6764046044107	0.000142866890389475	0.000384447805029878
TBC1D13	0.0744391659080103	5.40818871303753	2.4324112313885	0.119444838129764	0.167020681304468
TBC1D14	0.271777462214561	4.10492550185857	9.3173755647579	0.00238338503784726	0.00499149426942249
TBC1D15	0.212238160075201	5.0306830403797	29.3928319943986	8.97889456942388e-08	4.34593396253106e-07
TBC1D16	0.0907528727484748	6.88305260802928	1.8818784624189	0.170699243166983	0.228354993472524
TBC1D17	0.0331238797599696	6.23277232852871	0.351163298703814	0.553707239500901	0.623313456044289
TBC1D19	-0.0432883702200001	2.70732505172055	0.705133397413453	0.401441496065564	0.475557643198534
TBC1D2	-0.421005059373234	5.11953536792879	21.0344775233512	5.63068075646665e-06	1.95389350602722e-05
TBC1D20	0.0239156043123247	5.8272124870854	0.460534077483311	0.497669681868175	0.569902323183144
TBC1D21	0	NA	NA	1	1
TBC1D22A	-0.0840895350777776	5.38320665357059	3.06497485257122	0.0805730002728713	0.118163804836407
TBC1D22B	0.169075479614076	4.62710956948345	28.7966107140506	1.20207418122987e-07	5.70410080973551e-07
TBC1D23	0.128582479292268	4.86283489282753	5.56232380031851	0.0187119209094196	0.0321537686249968
TBC1D24	0.241216729024031	4.68753736290114	19.2432900838754	1.38797103295548e-05	4.51762478481653e-05
TBC1D2B	0.0496796514889862	4.47238940430259	0.650262120436398	0.420379440540895	0.49411710833355
TBC1D30	-0.620605579518347	3.96578353728445	60.6588246587852	3.57735222145572e-14	4.99695643046298e-13
TBC1D4	-0.283617233719432	4.53472301658966	11.0294074417929	0.000958352559463359	0.00218639717708734
TBC1D5	-0.0376479846079455	5.82783951648054	0.668424850727431	0.413967455397143	0.48782345994548
TBC1D7	0.0228227773095758	5.04692286115042	0.172191059405372	0.678339192151202	0.73733329002187
TBC1D8	-0.518785247333345	5.88676228587179	48.4959111742793	9.80413704237917e-12	9.17720897761164e-11
TBC1D9	0.102088018843516	5.21422692829673	2.119063155834	0.146065576351741	0.199257957836092
TBC1D9B	-0.0573843913513551	7.48275219825522	1.74437056048795	0.187154067821259	0.247117623168331
TMED10	-0.271177930385142	8.78821294063754	35.0844027102657	5.67262594167138e-09	3.32987675504741e-08
TMED2	-0.209909428427321	8.28238098989771	14.7335266411785	0.000138716599307629	0.000374193356081439
TMED5	0.0738210753797549	5.53527672435539	1.24078988718462	0.265822071804355	0.334533392185736
TMED7	-0.166709110180007	6.36055185914035	6.024578274953	0.0144273577728474	0.0254664627057424
TMED8	-0.00911228477416233	4.76232951100901	0.0327674171645781	0.856422629149361	0.888170179294027
TMX1	0.0267466082728048	5.45600554466775	0.19381277388858	0.659940922747677	0.720771334326313
TMX2	0.272773174780528	6.11316832084336	34.9378045711425	6.08777579906621e-09	3.55045671786176e-08
TMX3	-0.201134937917593	5.26330411517849	12.2095849300665	0.00051509494163362	0.00124202627854399
TMX4	-0.823376115370702	6.65359422367539	91.0236605432005	5.0892219162829e-20	2.06705207349545e-18
TOR1A	-0.0386996249104602	5.53420416290519	1.20076958877781	0.273663916364205	0.342987727858209
TRAM1	0.231789051667675	7.55570030372714	16.0450180449531	7.06668353276506e-05	0.000201448214820918
TRAPPC1	-0.186498609287586	6.91690666528612	11.1963648689971	0.000877482152479243	0.0020171077087211
TRAPPC2	-0.189992296808435	4.57740855373	13.592593024969	0.000250393404110741	0.000644253881247445
TRAPPC3	0.0980737234092219	6.31325068251151	6.61048469774902	0.0104087432221976	0.0189880825726377
TRAPPC4	-0.0540789206389502	5.73262124609745	1.23964059542478	0.266043323236434	0.334748117000423
TRAPPC5	-0.192513517688837	1.00281175121435	5.19397426357631	0.0230607885933707	0.0388195486505566
TRAPPC6A	0.125229670932663	5.47850419101139	2.06369305688324	0.15143222186812	0.205687743665971
TRAPPC6B	0.055392471599251	4.93937821331936	0.876572059906349	0.349567253334879	0.422784540847398
TRAPPC9	0.168109221284347	5.9361529851788	9.59715847167863	0.00205173974375912	0.00435720105112014
TUSC3	-0.278487559807223	6.35118889069665	4.55003624869935	0.0333752358014682	0.0540009627312278
TXNDC12	0.0392717169593423	6.8282556121611	0.965342997617278	0.326291152499568	0.398104509431564
TXNDC5	-0.0482971982985839	2.62622300942885	0.157808950311466	0.691341214049483	0.748512717285562
UBA1	0.311666426956519	9.63884668191381	29.6638351469477	7.86500576180426e-08	3.8528621705455e-07
UBA5	0.0454007425476281	5.05577861737274	0.979520870262291	0.322767214642416	0.394557358710238
UBA7	0.0948393832006154	6.11507188777596	0.954316645948443	0.329067130406392	0.401121345354646
UBE2D1	0.0382301802647818	4.52855197219529	0.410604407899289	0.521938914483996	0.592578440467113
UBE2D2	-0.417243384486463	7.38688660247812	55.8122825528034	3.29483767444445e-13	3.9227382813713e-12
UBE2D3	0.0049936599938269	7.68153826720038	0.0205909419898652	0.885953266842779	0.911078548725971
UBE2D4	0.0323453129011514	4.79919554099485	0.516082030447302	0.472833274636683	0.545841462135876
UBE2E1	0.194978243006558	6.29665728248803	20.0905887384254	9.05109013358767e-06	3.04079222221734e-05
UBE2E2	0.749663539161007	4.47662515444936	70.0624492241226	5.1058602489221e-16	9.64521314641617e-15
UBE2E3	0.0182594231720166	6.5208466213265	0.126175290188401	0.722571902385851	0.775133244122409
UBE2G1	-0.0673057980333114	5.46160482780459	1.8548849843387	0.173792935532431	0.231975520668962
UBE2G2	0.244483468206519	6.28737406944918	42.5468357730397	1.60855798100706e-10	1.22384915816168e-09
UBE2J1	-0.108034348754964	6.38762821606859	6.7737878396788	0.00950872079057286	0.0174828955210431
UBE2J2	0.245012172924453	6.18958366052374	28.1267111830026	1.66936814833444e-07	7.72740191883633e-07
UBE4B	0.234419162911583	6.13394141384738	25.7020215477903	5.50933923798345e-07	2.32209400308971e-06
UBQLN1	-0.0186265439621467	6.77462362981924	0.178430599302887	0.672896172316548	0.732139088200699
UBQLN2	0.11187897400969	5.57592565082054	5.78861812014856	0.01647051010205	0.0286748501601125
UBQLN3	0	NA	NA	1	1
UBQLN4	0.259720553058861	6.02135430326764	18.0902288251138	2.4893325760986e-05	7.7513205097199e-05
UBQLNL	-0.650132821535436	0.359405832771492	21.8586867970777	3.72512601625304e-06	1.34000497882443e-05
UBXN2A	0.15707864351025	4.50087737749409	11.2916350241403	0.000834473378026009	0.00192731479426477
UBXN6	-0.258943663460981	7.28415819595019	27.5544254979122	2.21109844706853e-07	1.00153317418598e-06
UFD1L	0.0386480521589581	6.26440170149197	0.67733687198927	0.410874167134191	0.484956209765349
UGCG	-0.394649628146145	6.05898210707046	32.0338265378938	2.47992870925355e-08	1.31769048883054e-07
UGGT1	-0.0751317637405131	6.9752678657294	2.4810831625848	0.11581756114993	0.162650624841496
UGGT2	0.129812969389879	4.45314980638522	5.91891205282833	0.0153078310926061	0.0268581008157313
USE1	0.459902930618256	5.07532397708981	49.564732251777	5.95320593715977e-12	5.74328014414222e-11
USO1	-0.0664537607411543	6.28186222362469	1.58949894687511	0.20795058640304	0.270602595978534
USP6	0.521839756710556	0.399466233472924	19.1313699461539	1.46876840399468e-05	4.75718832351967e-05
USP6NL	-0.363673716157003	5.48451418634835	33.7093531479711	1.10139888205083e-08	6.16081410757988e-08
VAMP1	0.322238141420313	2.92401646379851	22.5122681647107	2.68680578925537e-06	9.93341898040638e-06
VAMP2	-0.353537168747498	5.78469594768861	24.4425208198602	1.02794440556741e-06	4.11802538531299e-06
VAMP3	0.151414781325212	6.0815100770838	14.5927817059297	0.000149170064454464	0.000399458381052288
VAMP4	-0.218039538612256	4.0774560972286	13.6887278692842	0.00023820251581921	0.000615201419436723
VAMP5	0.247830102834554	4.38830961747636	5.39153941596047	0.0206113961157843	0.0351045030015956
VAMP7	0.0164763977365012	5.1861003221347	0.118052152147795	0.731292561513957	0.782372597498885
VAMP8	0.0696671632336369	7.13620832220458	1.01561689927629	0.314019270104885	0.385336069198861
VCP	-0.0831920532512321	8.88005675457122	3.12834230634802	0.0775151266870591	0.114245247275808
VPS45	-0.0451029527082601	5.82383141402992	0.945306674538879	0.331358844441486	0.403542867286602
VTI1A	0.0865934811126321	4.33882089550408	4.64846251872453	0.0315291506832727	0.0512945163299071
VTI1B	0.0784376852722088	5.90342678236095	3.71488528438515	0.0544616318894596	0.0834811799480241
WAS	0.0971091999775011	3.62189103622139	0.871499085685869	0.350964295864101	0.424189678171009
WDR38	-2.58947093747734	4.18262497033972	88.0331678608804	1.85572891749641e-19	6.94497793934742e-18
WFS1	-0.700356895975631	7.33770561255287	47.4305147014908	1.6138391906707e-11	1.45238204840986e-10
YKT6	0.256224148366563	6.93208666713757	30.646045414023	4.87046892766797e-08	2.46129302370176e-07
YOD1	-0.184133347703398	4.08323590332495	6.86168744367977	0.00905779004576289	0.0167485098869868
YWHAQ	0.198898067451854	8.1068486876178	16.2682843476596	6.30290925290561e-05	0.000181159549386151
