pspGenes	logFC	logCPM	F	PValue	FDR
A3GALT2	0	NA	NA	1	1
ABO	-0.411666899110098	4.71765855474708	2.86407173565711	0.0911412639606572	0.110473171144327
ACAP1	-0.272264929985103	4.10860315256055	3.56369477458341	0.0595794850346476	0.0738462352114911
ACAP2	1.02267991976593	7.04119261330315	63.539326194428	9.05001560407618e-15	3.38739422396277e-14
ACAP3	0.783952108703148	5.47417034839539	39.8276625279157	5.69227411729891e-10	1.46456642956654e-09
AGAP1	-0.110053299302152	5.38801940790418	1.20604888594033	0.272593984360203	0.307138308101613
AGAP2	-0.417662530377417	2.7781749668159	5.54004914932132	0.0189350568342572	0.0249907006659395
AGAP3	-0.224837129528601	6.40863377693971	6.22658334370825	0.012875055068701	0.0173128533116622
AGR2	0.0186286066204848	6.77061404879918	0.00422982582552027	0.948167956841957	0.9550322402897
AGR3	-3.09516978448029	4.17175981736277	161.200414404017	1.35944092676836e-32	1.58679767872832e-31
AKAP10	-0.226723164910876	4.76772110435975	10.3159155650732	0.00139556294844364	0.00207926337800996
ALG1	-0.0022610560574847	4.22377161899268	0.000736302469383164	0.978361933206951	0.981339232862401
ALG10B	0.417128718765826	3.72204369524273	17.2562619147787	3.78320694566081e-05	6.55233646343744e-05
ALG11	-0.299610857702066	2.74335462284672	16.9608602497057	4.39917957715575e-05	7.57416111888012e-05
ALG12	0.149663461668369	4.30281968382079	3.31978729082697	0.068990699361291	0.084909549351715
ALG13	0.00458504591467777	4.73835689191375	0.00316695633896702	0.955142490463488	0.961078286577358
ALG14	-0.13764160764869	3.20123309873961	2.09331202428476	0.148511634519614	0.174459740546673
ALG1L	4.35202669925951	3.91017855355373	272.904757594495	3.99938749748177e-50	1.03680750601852e-48
ALG1L2	1.50117413246198	-0.69750358918285	68.7380309130649	8.58186083484916e-16	3.47580428517362e-15
ALG2	-0.336800621801558	5.18022867813376	20.9946959763694	5.6970141905261e-06	1.06339399914445e-05
ALG3	2.14313490742246	6.95714064792957	217.379692187156	9.84063375324207e-42	1.79248438635535e-40
ALG5	-0.318741366613622	4.86408099150194	10.8739296340185	0.00103791387224505	0.00156740053348143
ALG6	0.84688708410896	4.10567306449149	112.229741836823	5.30832414877078e-24	3.75310446136406e-23
ALG8	0.693062156328998	5.15403839350705	60.0396601434566	4.47621169763458e-14	1.58502203954993e-13
ALG9	0.0131923766611017	3.05638062872213	0.0278067723587553	0.867624864121773	0.882931951811649
AMFR	0.0228203414577572	6.8698468906029	0.0687736004340905	0.793228519925711	0.815041862658026
ANKFY1	-0.772083250594831	5.99373723439853	122.014487435227	9.05480864095736e-26	7.10199679439621e-25
AP1B1	0.271311261914878	7.55222971907535	11.217647716184	0.000865438375397621	0.00131692180816894
AP1G1	-0.192448077778609	6.74783814220087	9.74769194928052	0.00188934216664175	0.00277522502879782
AP1M1	-0.438427760651883	5.84095577371785	42.2465216809965	1.79871362927941e-10	4.81122444728616e-10
AP1S1	1.23397042652587	5.95992528935942	95.6184025505337	6.16908172804994e-21	3.53410647226399e-20
AP1S2	-1.00676036233389	4.54613984886122	86.8143106677798	2.81123596146118e-19	1.44916570592023e-18
AP3B1	-0.118070855950041	5.78654546896459	3.13545892007266	0.0771576691807249	0.0943746415712462
AP3B2	3.1120514681494	3.19335145790629	98.2978422115254	1.95072902562017e-21	1.15657056823956e-20
AP3D1	0.258643033905594	7.53914739986645	9.9021402964136	0.00173974749627208	0.0025656966511817
AP3M1	0.119725144623414	5.8532477939653	2.84483583270446	0.0922319701144673	0.111707618938202
AP3M2	0.888909212696916	5.3272349115773	32.4373685707492	2.00132126775042e-08	4.56279495555054e-08
AP3S1	0.313277244775811	5.56913885297927	12.7552149436037	0.000385962596065672	0.000606960490586746
AP3S2	-0.37938402404259	4.49468341552678	32.3527493496591	2.08535542797887e-08	4.7465665681068e-08
APPL1	-0.456213177326077	5.63072751131743	58.296921860992	9.96190320181957e-14	3.42840539401838e-13
APPL2	0.366728241442642	5.6881546071826	18.7907186334371	1.73339297976243e-05	3.09648696242869e-05
ARAP1	-0.878604381194488	7.04573737649361	121.635832294838	1.05876943092363e-25	8.27148680417111e-25
ARAP2	-1.04140728759439	5.15086944373867	95.469465575229	6.57777445430763e-21	3.76356357339151e-20
ARAP3	-1.42579234211655	4.59143986071164	182.147216117311	4.38735442585005e-36	6.11337101099699e-35
ARF1	0.0555992062474154	9.10323341593863	0.834756222529335	0.361298996212247	0.398855076081678
ARF3	-0.00328025289930306	7.90633680718596	0.00246967953716032	0.960382691762944	0.965368704140307
ARF4	-0.123558336062082	7.64449399740073	1.95460914962878	0.162651535531324	0.189933912452795
ARF5	0.774093713020536	7.40890907606558	67.0132825569197	1.8703552859989e-15	7.39567649292367e-15
ARF6	0.304181523682153	7.51139732149224	11.7834414224428	0.000642325592995965	0.000988253402131221
ARFGAP1	0.558865211665382	6.45094264532159	38.152526443632	1.26873031237696e-09	3.18413126892503e-09
ARFGAP2	-0.09005111182498	6.64695235814084	1.87916446847562	0.170985264989551	0.198960621659481
ARFGAP3	0.123586734386499	6.20296538909467	2.39785491765188	0.122073849285831	0.145389025043094
ARFGEF1	0.311704271488588	6.40809383355162	16.1376990979204	6.70486632717041e-05	0.000113456566434646
ARFGEF2	0.209005175278797	6.18850689195211	7.53970478824259	0.00623186168913653	0.00867334806789506
ARFIP1	-0.32479287412346	5.19426251201713	20.5182862190226	7.24047734409417e-06	1.33707127476779e-05
ARFIP2	0.168851759863612	5.78340251147117	4.42076196691232	0.035955628415265	0.0458253158112485
ARHGAP1	-0.0116006566098392	7.20978266859797	0.0147541954235368	0.903365396255891	0.914864396142392
ARHGAP24	-1.02741554821979	4.43176661636703	57.298633168786	1.57717822466422e-13	5.34745695643869e-13
ARHGAP5	-0.196797794855719	6.44285722154922	4.97799908469699	0.0260718017794812	0.0337786605460222
ARHGDIA	-0.141666712980148	7.93878633459829	4.0660667791925	0.0442359859563695	0.0557647745378137
ARHGEF1	-0.298689532664073	6.87132869395811	10.1060569190454	0.00156049563661746	0.00231404009913918
ARHGEF11	-0.0663365319359683	6.27344342169364	0.760978744465093	0.383401010381946	0.421439724251427
ARHGEF2	-1.22329861252763	6.35641653429823	207.129172223968	4.064491258585e-40	6.83263931247376e-39
ARHGEF6	-2.13872977202322	4.49076287925329	305.955211995164	7.48539870172285e-55	2.31562272463241e-53
ARHGEF7	-0.239910684341921	5.79673809497511	7.70896849706742	0.00568095711420039	0.00793946088641998
ASAP1	0.0200298133541307	6.19848559568129	0.0578565576467315	0.810005532886691	0.830523393290886
ASAP2	0.518995563446939	4.93622805397326	16.8544272455111	4.64511745662156e-05	7.97676406509218e-05
ASAP3	-0.767178490611392	4.71676426848216	52.922993034147	1.19410615347966e-12	3.78231518949678e-12
ATF4	0.186257388164839	8.42599308873128	5.39399027925249	0.0205683036338298	0.0270085189807848
ATF6	-0.245739870580386	6.34461468742857	12.5057783017132	0.000439734550241421	0.000687499604299182
ATF6B	0.228891643616739	6.88649238335087	9.39131272780509	0.00228647545360965	0.00333169098479664
ATXN3	-0.286269280184599	4.63393278368816	18.4543468262376	2.05596799047853e-05	3.64544257139796e-05
ATXN3L	0	NA	NA	1	1
B3GNTL1	0.462773186132435	2.62285681481525	20.0534107469295	9.15255639698548e-06	1.67464201006699e-05
B4GALNT1	4.05594267178598	4.32778678896763	135.394233889739	3.8192808851233e-28	3.45457137753704e-27
B4GALNT2	3.18685650234333	2.44098662306615	38.3517836708052	1.1531746909907e-09	2.90412476527739e-09
B4GALT1	0.110119957400993	8.14571226766644	0.908438267667946	0.340945564303403	0.378089471657321
B4GALT3	0.729035359180989	6.03412924375395	63.79413551913	8.05892146042272e-15	3.02997499286697e-14
BAG1	-0.216740400885755	6.40075476819879	3.36553847569743	0.0671108903830144	0.0827513682210083
BAG2	0.510648788629451	4.30559038287037	9.21496529778388	0.00251344680586758	0.00364191970452458
BAK1	1.04641459499053	5.45990091173956	72.0929772187838	1.89866107749602e-16	8.05519908866568e-16
BAX	0.181064130668156	5.90234773349928	5.82100435806093	0.016160271709408	0.0214913993380267
BCAP31	0.564298617677791	8.45683660283165	37.6753019186888	1.59506441757025e-09	3.97288129986213e-09
BCL2	0.442371451754635	4.86341815710054	3.85460550665094	0.0501103234471888	0.0627160530369006
BET1	0.487678423496438	4.59963809683199	23.0714322175148	2.01282833686944e-06	3.91109398293944e-06
BET1L	-0.185141204222572	6.10173298511429	8.34806715798193	0.00401238545563139	0.00570077057064024
BNIP1	-0.0148869547861237	3.32682793601308	0.0273689288984638	0.868661618384059	0.883889534296194
CALR	0.54691336512372	10.1910474761385	45.6974622297094	3.51317513870454e-11	9.98452885088408e-11
CANX	-0.0507517021127338	9.39465801049048	0.395630139165275	0.529614449118585	0.567009599502968
CAPN1	0.800222227319476	8.62886149269953	71.2477840630733	2.77409406032246e-16	1.1607426665883e-15
CAPN2	-0.933191854953817	8.33637303345444	99.9548927663444	9.59535613287862e-22	5.81200230258172e-21
CKAP4	1.40496238401079	7.88625240395616	143.10275025603	1.71935191522125e-29	1.67914273286528e-28
CLTA	0.415146919864311	7.2367264588089	12.7669768812681	0.000383598045727886	0.000603379109877741
CLTB	0.243392642285685	6.38607049121845	3.60299881178414	0.0581958780299643	0.0722088946408363
CLTC	0.146734051433952	8.91464576543312	4.45040117267396	0.0353418033947066	0.0450904801893572
COG4	0.161624880860572	6.11677659468097	5.82895208058139	0.0160881988270074	0.0214027465367746
COG6	0.168580489826436	4.75089261357844	3.93285084767539	0.0478458697890738	0.0600393671523789
COPA	0.311362038555342	8.222112652285	17.9081041700593	2.71393537729714e-05	4.76358113295461e-05
COPB1	0.356674652915175	7.47762003956516	9.77759880539879	0.00185938712765966	0.0027344160728482
COPB2	0.915306225449401	7.98911901980662	111.842520805651	6.24434488041349e-24	4.3902279508382e-23
COPE	0.515324711684568	7.13605866167318	33.4739543257036	1.21004211989681e-08	2.80683949175462e-08
COPZ1	0.234601340599306	7.51149191698703	11.0434299512132	0.00094888688061775	0.00143774044019393
COPZ2	0.836291072847672	4.66965263792267	22.5518015584717	2.6095375650879e-06	5.02016860509926e-06
CRYAA	0	NA	NA	1	1
CRYAB	0.492237085839808	6.05438376837844	2.75190211672057	0.0977058398666975	0.117877972390486
CTBP1	0.0230236026117081	6.88064299135494	0.0880171672922286	0.766824612108051	0.79075842807686
CTSA	-0.0458331172763483	7.62099299576358	0.196131302961016	0.658035026271908	0.690205209185078
CUL1	0.282052555955518	6.47644501415517	16.7209032670568	4.97337512321522e-05	8.51932419949637e-05
CYTH1	-0.559831776166396	6.49823775054263	44.5735805799188	5.97192303835428e-11	1.66192213451518e-10
CYTH2	-0.000841514926680507	6.11559906674258	0.000117797537221773	0.991344278365209	0.992527266764213
CYTH3	-0.815297865899021	5.21052176808166	83.8549069181657	1.02794848047601e-18	5.10507795137926e-18
CYTH4	-1.02609672744656	4.42038855251686	53.2042760391286	1.04785335452839e-12	3.3343197134614e-12
DAD1	0.133935992737088	6.93170036239681	2.03844197270758	0.153931142673782	0.180443352691012
DDIT3	1.08332346016027	4.95265334758437	52.276729966648	1.61261781694691e-12	5.0547435183753e-12
DDOST	0.603878721536577	8.2580093317737	59.4375841178127	5.89943633518098e-14	2.06808931137194e-13
DERL1	0.268406162691448	6.90032060633873	15.3121815071991	0.000102483407888293	0.00017021966357894
DERL2	0.128203452955182	5.28001268250874	3.55655488439096	0.0598345707639964	0.07414580677361
DERL3	1.08554315075239	5.2559822918824	19.4510830384937	1.24072611113788e-05	2.24332161164204e-05
DNAJA1	-0.358535646374759	7.57249725578536	13.1561955938145	0.000313091597104298	0.00049636778796534
DNAJA2	0.133609234715209	6.40673114105945	2.80419768897204	0.0945832795285946	0.114324948062001
DNAJB1	0.313863690596631	8.07309604234039	6.12793656860099	0.013604696097169	0.0182558629788358
DNAJB11	1.62422915161859	7.30542405986685	203.977166451168	1.28935963015076e-39	2.12112299940489e-38
DNAJB12	-0.539776008357162	5.6813332967142	77.1141631258635	2.01931121122048e-17	9.16685842024291e-17
DNAJB2	-0.0585583369087651	6.56520467362329	0.35845493499966	0.549610747958285	0.586286757030284
DNAJB9	-0.418028993045629	5.6055484915662	13.1113948863722	0.000320489197713546	0.000507804991249568
DNAJC1	-0.641563837168833	4.86762760972414	55.7333821220158	3.24724727570948e-13	1.07595183487995e-12
DNAJC10	0.275546568213123	6.9007466538563	10.2155278617013	0.00147212710893891	0.0021883143359879
DNAJC3	-0.55621674782884	6.49180674403876	48.1514529337177	1.10782581546087e-11	3.27206884496109e-11
DNAJC5	0.260685691475743	7.10457779630514	8.19235872402354	0.00436607731633497	0.00618014226264654
DNAJC5B	-1.76079640613594	1.03186914626301	84.9654823687388	6.31444284176186e-19	3.18042530398145e-18
DNAJC5G	1.58973509227883	-2.75355257868789	15.6042477979614	8.81812244487656e-05	0.000147414174695868
DNAJC6	-0.299398633985662	2.37827489820213	1.65142147921581	0.199303557215815	0.22973968893935
DNMBP	0.0563471948794049	5.09684166450308	0.319211719408867	0.57231088812988	0.608322003979268
DOCK5	-0.774092953248778	4.81983113695879	38.2600781752762	1.20498239147925e-09	3.0299107685847e-09
DOLK	0.125524055094996	4.55041992690273	1.88310645765534	0.170537869375093	0.198506768241327
DOLPP1	1.06414374874951	4.72179252391645	120.96105284606	1.39939452876924e-25	1.0840804789601e-24
DPAGT1	0.274747987163702	5.44971020437667	12.0486330777887	0.000558785552318097	0.000864693471217927
DPM1	0.733913767300698	5.5212929424703	65.6799398951977	3.42147521008251e-15	1.32363772141537e-14
DPM2	0.376717242156729	5.75388119095535	23.1208427490837	1.96379006912779e-06	3.81902476954002e-06
DPM3	0.176143179673669	4.27872232012995	1.66563796726667	0.197383160399543	0.227677688704834
DPP6	-2.6470862463585	-0.0471984643881987	79.1122805574375	8.32314818966471e-18	3.89722651661165e-17
EDEM1	-0.961881820647292	6.63973988738274	114.093216382273	2.43299475850127e-24	1.75834836540393e-23
EDEM2	-0.27201482044728	5.68033979434863	11.2492122992644	0.00085113516253103	0.00129608289764584
EDEM3	0.128746385116937	5.87727369574989	3.08217883618484	0.0797080652758927	0.0973779818776702
EEA1	-0.254847760523654	5.22135565508542	11.3612949647886	0.000802254565253694	0.00122387030404865
EIF2AK1	0.763051707490569	7.74462054583283	115.389209147037	1.41608448582168e-24	1.03585551278586e-23
EIF2AK2	0.189464862078073	6.66009249324651	4.64025358543138	0.0316617402875951	0.0406632620531889
EIF2AK3	0.252752995832706	5.16022958508281	9.89747325432378	0.00174408649595982	0.00257168465748733
EIF2AK4	0.0999270628533173	6.14443412661172	1.77434177918413	0.183394387793703	0.212533607418871
EIF2S1	0.425002097003882	6.52285015400526	22.9977505547849	2.08825429295282e-06	4.05026245947353e-06
ERLEC1	-0.187463526604691	6.5832207960778	5.49530340109053	0.0194206074283528	0.0255961516574858
ERN1	-1.01105571744008	5.19042592507788	134.241030119384	6.0922618404557e-28	5.44117592182894e-27
ERO1A	1.9602587872023	7.88286993124824	123.687943391556	4.54124147570611e-26	3.6349624960357e-25
ERO1B	0.517879489048557	4.28549019354012	8.14374952755609	0.0044828937230391	0.00633610079686475
ERP27	-1.58868414895993	2.85256698337755	59.7212722018071	5.17962956107909e-14	1.82616074949187e-13
ERP29	0.0458672058003761	7.51373347230354	0.317932269602341	0.573081527649388	0.609117749473247
ERP44	-0.101313488416936	6.43783437487624	1.92645231086081	0.165706059552669	0.193248122270955
EVI5	-1.04547180652434	4.36683312937621	325.30609825391	1.55101937407337e-57	5.22421817639532e-56
EVI5L	-0.0680269297082039	4.43738001043034	0.479001906253755	0.489165262073918	0.527375048130547
EXOC1	0.150906565654011	5.54439316038274	2.88915592953202	0.0897399914408924	0.108870000132503
EXOC2	-0.209454927675954	5.23619809277265	9.02794813119878	0.00277931351014814	0.0040097364991648
EXOC3	0.531455702440151	6.48497600224085	35.4418612584517	4.67191815698726e-09	1.12021648923968e-08
EXOC5	-0.00749647231142141	6.157669578598	0.00971479011303844	0.921520461996316	0.931512852548083
EXOC6	-0.981376329294291	4.19953789157109	121.084331790907	1.32983957043622e-25	1.03106323681511e-24
EXOC6B	0.708410608581579	5.78869794129393	41.7303730691433	2.29879127089888e-10	6.10695009761823e-10
EXOC7	-0.0778381389677671	6.19194231197315	1.56024473127051	0.212157881969248	0.243381615002385
FAM71B	0	NA	NA	1	1
FBXO2	0.80936245105592	3.97243402748843	8.04139839144683	0.00473941455727148	0.00668569678744461
FBXO6	0.125225506546515	4.38620815250041	1.29417956221664	0.255771812228944	0.289752625416644
FBXO8	-0.603471133721228	4.15359460916206	63.2788045778952	1.01900321076998e-14	3.80026157012236e-14
FUT8	0.758632305207323	5.5279542719865	29.5274554380414	8.27671630197598e-08	1.80197722932145e-07
GALNT1	0.833707199918833	7.29910121663379	45.3988139792268	4.04458798620297e-11	1.14116485859576e-10
GALNT10	-0.979117631147708	5.86781275325797	68.4271762915517	9.87378219903456e-16	3.97752666586163e-15
GALNT11	0.081638962443159	5.98146943015222	0.47669728689285	0.490211815196567	0.528400472138416
GALNT12	-1.11341617173722	3.76343973911501	75.7159099497752	3.76149231970368e-17	1.67785464565226e-16
GALNT13	-0.340506164345884	2.83087979432008	1.10941022555298	0.292670203608031	0.32802331406289
GALNT14	4.19939433855273	4.97128871782883	162.30606470096	8.84048712932279e-33	1.03890733085552e-31
GALNT15	-1.82715016235148	2.25629783265367	85.6889482033121	4.59920447272995e-19	2.3356231518062e-18
GALNT16	-2.17270153978593	1.36233627483191	97.1337894481993	3.21482128374934e-21	1.87426314767673e-20
GALNT18	-1.14786084307285	5.41419448248288	77.3886923224655	1.78747038829731e-17	8.14109107431941e-17
GALNT2	0.952559389748828	7.50817658523737	55.0994196316194	4.35326381103087e-13	1.42823575229306e-12
GALNT3	0.996092769695478	6.0576643028358	54.4426929209262	5.89999218099093e-13	1.9141444049109e-12
GALNT5	-1.51124226601488	4.57616174084439	51.5366537560839	2.27597741549047e-12	7.05102234560642e-12
GALNT6	1.10528139910025	5.59897132627599	31.6880006961583	2.88166802411607e-08	6.48550988324677e-08
GALNT7	1.09174913414863	5.74264101344578	72.791569720653	1.38842881832619e-16	5.95714066217221e-16
GALNT8	1.73706893810795	0.659222490595231	17.9304396449563	2.68326479913038e-05	4.71333285709446e-05
GALNT9	-1.0384268588291	-1.00131292334892	11.5103011485596	0.000741646099124035	0.00113553921066456
GALNTL5	0	NA	NA	1	1
GALNTL6	0.0775986445302968	-0.621508898343516	0.0763382439298415	0.782425676824159	0.805196986107289
GANAB	0.596105689224039	9.21644668935335	68.1006722003982	1.14416459389843e-15	4.59041952054278e-15
GBF1	-0.0821656971126254	6.78668887364822	1.30570872930178	0.253667578296249	0.287592409823031
GBGT1	-0.914000277360747	3.08785472165273	59.1860578383944	6.62126505754231e-14	2.3103598534416e-13
GGA1	0.0811403043178153	6.07759642175139	1.22491049232968	0.268880335073651	0.30329964706393
GGA2	-0.992293772150144	6.87263051217069	214.088938729246	3.23156232273331e-41	5.72073312209188e-40
GGA3	-0.174063399081526	5.58328034193774	6.90503094142391	0.00883401803485837	0.0120801826113065
GIT1	0.51004636590541	6.71039301622798	26.9039687189534	3.00526395820271e-07	6.2589697014261e-07
GIT2	-0.522182800420092	4.77634822002414	99.6380705689768	1.09878132407829e-21	6.62932196987482e-21
GLT1D1	-1.00856123516837	1.22514781433469	16.007422258198	7.16836340310775e-05	0.000120893267674876
GLT6D1	0	NA	NA	1	1
GLT8D1	-0.234443349120394	5.3199524431576	18.1287810675363	2.42578311794616e-05	4.27978443806636e-05
GLT8D2	-0.286553080507114	3.48393457778241	2.24449682234174	0.134661126862597	0.159324927116137
GMCL1	0.79264862420484	5.46721293374828	83.6163140103665	1.14153950477449e-18	5.64893731343904e-18
GOLGA4	-0.48739445922941	6.32253689172096	40.1951389445598	4.77642079576989e-10	1.23627898076546e-09
GOSR1	0.0314937786618405	5.71107013604181	0.246024468244383	0.620085468947705	0.654504455749118
GOSR2	0.222249455169203	4.57189143869814	13.7357939142879	0.000231582958540224	0.000372088984047306
GPAA1	0.443331391172166	7.02763691535104	25.1162143398731	7.27675550179435e-07	1.46578049893183e-06
GPLD1	0.167179692632081	1.3669898490497	0.885111837222438	0.347216192174838	0.384504228171536
GXYLT1	-0.495615661227949	4.3086494196863	38.7134710617953	9.69751371949104e-10	2.45672122199239e-09
GXYLT2	0.0771229608732076	3.31195043101183	0.167593107650863	0.682418329261634	0.713012426214833
HAS1	-3.16154641645904	0.94068378799635	168.222714219791	8.9415973242011e-34	1.10668755080535e-32
HAS2	-1.19359656579991	3.92701031594165	31.4480064383449	3.2390269401579e-08	7.26380519132932e-08
HAS3	1.94278973968199	7.55945410870835	45.5389426037914	3.78587125126852e-11	1.07232140495009e-10
HERPUD1	-0.396955760176806	7.08152690256534	12.9743753653985	0.000344230345267436	0.000543679724439218
HSP90AA1	0.612954675605948	10.4058040182878	41.0441399066334	3.18662664556445e-10	8.37237919299135e-10
HSP90AB1	0.788674355444104	10.6306956749595	78.9658412943737	8.88080282662107e-18	4.15062099697261e-17
HSP90B1	0.824789044792917	10.100671666345	95.1680322784489	7.49001288412717e-21	4.27139004578433e-20
HSPA1B	1.09760049956489	7.08613458071462	52.8497284250431	1.23545683626496e-12	3.90971464460714e-12
HSPA1L	-0.623298016999375	1.09437564725679	54.4281376694803	5.93990804521283e-13	1.92664285435576e-12
HSPA2	0.51660997633064	4.86077884106421	3.60456474351807	0.058141467315826	0.0721478489410754
HSPA4L	2.03367289839014	4.94754435580027	121.871245490846	9.60658313689198e-26	7.5219871977129e-25
HSPA5	0.601849246917324	9.74856475608315	48.5417541875743	9.22542737622983e-12	2.74031120872949e-11
HSPA6	0.894318200220282	4.14011948267962	11.2290252397576	0.000860254865124595	0.00130953796188172
HSPA8	0.223004673465211	10.1637655223519	5.75610108410357	0.0167614817710373	0.0222535314949031
HSPBP1	0.705092886760295	5.69065596618193	49.0771043821667	7.17902500142348e-12	2.14881800231797e-11
HSPH1	0.719110888114002	7.32566005671974	47.9081084611527	1.2418265020857e-11	3.65071675124727e-11
HYOU1	0.889207044528631	8.10450817242082	64.0148730881351	7.28885368607255e-15	2.74790974954099e-14
IFT27	0.408473226824417	4.84315540839981	15.4301164935143	9.64458101957577e-05	0.000160638581897969
INPP5B	-0.787423572034928	4.63861242341745	43.1431320682425	1.17538066357405e-10	3.1895290044472e-10
INPP5E	0.268109358478795	4.24052166487078	7.30744619645231	0.0070781461589818	0.00978102578876667
IQSEC1	-1.42921001717231	5.61349083211576	300.099075707079	4.9932263517426e-54	1.50105817590334e-52
IQSEC2	-0.356270740131035	4.39787562916211	17.1419952461212	4.01043011071396e-05	6.92810747334731e-05
IQSEC3	-2.97384649460838	1.58679046050001	285.89488477658	5.26479754205588e-52	1.46498944268242e-50
JUN	-1.22184682481996	7.8408185077756	102.115357623853	3.81555741943251e-22	2.37984542175778e-21
KDELR1	0.455777937218483	7.78783008177699	30.5129001520805	5.11138124158353e-08	1.13043224247722e-07
KDELR2	0.562979634016071	8.27860370229096	36.1007218472884	3.40062248270387e-09	8.2517997089064e-09
KDELR3	1.20185466343387	5.0380936057571	50.4328608199245	3.80852129105087e-12	1.16143329645694e-11
KIF20A	3.54588893600969	5.06144646420597	471.782185471527	4.19355632746626e-76	3.02361963642079e-74
KIF23	3.59883667889964	5.32187398537229	686.023745104687	6.11495216019246e-99	1.37646081674186e-96
LARGE1	-0.208806296092853	4.60456454195975	1.7708557294717	0.183824664635496	0.213023333741963
LARGE2	3.16324389679594	5.84676185769539	224.78778103261	6.89744445166046e-43	1.32250377100501e-41
LMAN1	0.452593198596761	7.56785115040762	25.394433920679	6.33919064080553e-07	1.28421139439513e-06
LMAN1L	0	NA	NA	1	1
LMAN2	0.0299533905601178	7.30017347722279	0.153653235820914	0.695219381481084	0.724828250303765
MAN1A1	-1.38439794350486	5.80049141693686	97.7897410621738	2.42575900610728e-21	1.42655033139533e-20
MAN1A2	0.172776237816403	5.98076592960392	3.99930851199722	0.0460075952256627	0.0578637362139059
MAN1B1	0.521575116816957	6.68532364448827	38.0379058875014	1.3404033992539e-09	3.35731399630385e-09
MAN1C1	-1.28889067358963	3.76367048674088	85.4488806124209	5.10906172888539e-19	2.58493267362407e-18
MAN2A2	-0.286789781710176	5.97145670117435	7.88801974057983	0.00515222094096125	0.00723815410962016
MAP2K7	0.212207148289196	5.38437613031692	7.46472453525584	0.006493101500277	0.00901306032478539
MAP3K5	0.0166381404492865	5.6272108722709	0.021567161558988	0.883297925396891	0.897166794837071
MARCH6	0.689657382462263	7.59641677257619	62.2274806605513	1.6457385499325e-14	6.02798825664522e-14
MCF2L	0.0602445865698921	4.96945925936634	0.109104453529548	0.741291118202993	0.767314460508683
MGAT1	-0.655086248112309	7.58366701964101	66.542439966404	2.31458584988108e-15	9.07575958442963e-15
MGAT2	0.435777343779186	2.12225538504049	12.0511758931942	0.000558040213202465	0.000863684911562225
MGAT3	-2.04846489698892	4.28494974143524	79.352961053579	7.48192180864961e-18	3.51402831409808e-17
MGAT4B	0.109816842557425	6.811513608014	1.56008235091619	0.212181636265441	0.243398780381226
MGAT4C	0.442932490522196	0.0374465013837098	1.26980724396109	0.260291594152174	0.294415122448372
MGAT5	0.116766950514206	6.55825298390181	1.1447695215391	0.285113548375553	0.320162995371267
MICAL1	-0.947355865729698	5.37234702473301	60.4803460393705	3.65794316971097e-14	1.30545852719499e-13
MICALCL	-2.0650457434581	2.23945676228907	132.751917982545	1.11472907441411e-27	9.84167853421663e-27
MICALL2	1.03809490719826	5.52302531734048	34.9131937333614	6.03021746251815e-09	1.43349043431562e-08
MOGS	0.819780113608577	6.68259196593164	100.834916030414	6.58801364384985e-22	4.03366505434035e-21
MON1A	-0.227371356706231	3.22519767402712	13.5418527170501	0.000256141116587521	0.0004097636271427
MYO5B	-0.448925006942167	5.7033811631321	8.96686490442354	0.00287222200584189	0.00413816988477621
NAPA	-0.399573584966359	6.2402641091133	31.7581709087508	2.78487318952379e-08	6.27531407164851e-08
NAPB	0.32240206837107	3.89943612953587	11.7515952627029	0.000653174499900948	0.00100446802814694
NAPG	0.0670362178924635	5.20126442441249	0.779812881347746	0.377582106769676	0.415604507837004
NCKIPSD	0.0882437891313879	4.67347203744179	1.47609137720595	0.224905574076781	0.257068101781936
NDE1	1.50389045267031	5.85911517101693	161.411749504885	1.25203414163737e-32	1.46266115103434e-31
NET1	1.34214325886015	7.33634120051375	112.281222696202	5.19497934886764e-24	3.67766282874197e-23
NGLY1	-0.106891353872478	4.69094303244233	3.28845441627491	0.0703106417991964	0.0864504280795075
NPLOC4	0.61889964393218	7.4618058682709	80.0036532588941	5.6105335397205e-18	2.65809106971666e-17
NSF	0.365608496501399	5.6071121519311	17.5315929393288	3.28758053676066e-05	5.72617276807325e-05
NSFL1C	0.527490498980946	6.72228047341503	42.9596472430637	1.28222402017753e-10	3.46722692124771e-10
OCRL	0.354312802629628	5.67845742499503	21.7413372086597	3.91584397198253e-06	7.41979003916509e-06
OPTN	-0.47102652548767	6.40597479161223	24.8201982040783	8.4280999687676e-07	1.68946426176708e-06
OS9	-0.0786109053811796	8.2916397310793	1.22719588487525	0.268434679131323	0.302846296447127
OSGIN2	-0.7656111779217	5.10466409794642	59.5623307132985	5.57130267579301e-14	1.95702432358134e-13
P4HB	0.91844199643373	10.2549137894306	87.2048885787097	2.37024955887613e-19	1.22663737451595e-18
PAK1	1.73887410941937	7.07521688228766	162.694366543265	7.60174421772807e-33	8.95996135190451e-32
PARK2	-0.803015719536134	1.28457079311069	20.6165430954842	6.89093626236535e-06	1.27541515005087e-05
PDIA2	3.63366154064957	1.09488558417107	50.7383072612413	3.30243606368305e-12	1.01166792758567e-11
PDIA3	0.665930787905501	9.22879336728666	57.5323878755623	1.41619668810177e-13	4.8181663435087e-13
PDIA4	1.51290833161279	8.79411742413379	164.304929997554	4.06786247251494e-33	4.85251651342185e-32
PDIA5	0.418386719054519	5.52254331024209	20.0144326359477	9.33434685485708e-06	1.70587499254408e-05
PDIA6	1.15069582614997	8.45685456998022	128.136901701619	7.31368710793003e-27	6.13061020155189e-26
PDILT	0	NA	NA	1	1
PGAP1	0.992626843960214	5.4998764933142	38.6227550355409	1.01280170004151e-09	2.560862161557e-09
PICK1	0.203687922899933	4.85829318944047	5.24022231519293	0.022446502453196	0.0293564626084854
PIGA	-1.09539451298829	4.58807230575836	149.188300195262	1.52441764635395e-30	1.58314146191305e-29
PIGB	-0.0926043159401658	3.3882496398454	1.67761554049435	0.195782062104749	0.225972067429305
PIGC	0.562354698519622	5.25597746967123	41.0489510806168	3.17933327101137e-10	8.35400970622489e-10
PIGF	0.715891607814519	4.02452097512648	49.0875770970404	7.14390876990332e-12	2.13923212321342e-11
PIGG	0.0399579626852427	5.37415020344046	0.230195263400865	0.631568791213035	0.665331600422924
PIGH	0.168363582373561	3.91914698393558	3.90544370962853	0.0486264605412532	0.0609608699572415
PIGK	-0.417818171130291	4.95925361481831	27.1701798592546	2.63552048817493e-07	5.5075594955166e-07
PIGL	0.15654775905934	2.8710767287661	2.93938160710442	0.0870041380130013	0.105745547373396
PIGM	0.336162156737756	4.40650932945877	14.4472511521127	0.000160155535973907	0.000261359561741693
PIGN	0.622662299079491	5.22860941471545	34.9185695613908	6.0145784392092e-09	1.43001831899e-08
PIGO	0.418044268333411	5.74767229167781	14.5574593734258	0.000151282180435598	0.000247433230725449
PIGP	-0.305718102085902	3.83644565825029	13.4443911037078	0.00026946056594149	0.000430127108055464
PIGQ	-0.537715957378984	5.46172170928001	47.158741765096	1.76573471771280e-11	5.13204882734773e-11
PIGS	0.325596940133648	6.57692734879532	13.502257877993	0.000261470068574666	0.000417902314185002
PIGT	0.450811194641083	7.53410150656335	23.4772901154013	1.64388882892725e-06	3.21769883397021e-06
PIGU	0.955500182030142	5.26097193345225	116.6909521837	8.23141663206952e-25	6.08553357255298e-24
PIGV	-0.0812418350827533	4.135990627486	1.14061705570748	0.285987989178824	0.321053783254028
PIGX	2.00916642517052	6.09070332470218	159.316589634972	2.83440427923209e-32	3.25627183730701e-31
PIGZ	0.672470997442141	3.16648713917632	17.8991641283229	2.72631048512915e-05	4.78469563905748e-05
PIK3C3	-0.22197431863405	5.13789935041931	7.83026494628989	0.00531703401353566	0.00745871818071449
PIK3CA	0.723488627509269	5.85951166544919	35.5796340051852	4.3715317290753e-09	1.05119505804158e-08
PLAA	0.126362877079887	5.30432235939555	1.11490859553458	0.291478498589848	0.326841486859253
PLIN3	0.399709549203033	6.25834556210442	16.3545688794294	5.99935136384213e-05	0.000102004446825532
POMT1	-0.278618740243218	4.73043481099473	13.6699392130214	0.000239642882824806	0.000384436670535397
POMT2	0.485898657008302	4.66683210820927	32.9485259740084	1.5613194558455e-08	3.59068458958339e-08
PPIA	0.689524014669928	8.73244938257653	47.9781638884318	1.20166187051342e-11	3.53790006474959e-11
PRKCSH	0.594323620234448	8.4988965498524	56.5353871714467	2.24231525862299e-13	7.52247456264326e-13
PSD	0.724538445713995	2.5322953239354	19.9155974845202	9.8117832609469e-06	1.78958394694227e-05
PSD2	1.54823240341582	-0.991152768460721	17.7489599906689	2.94294875330857e-05	5.1489050320919e-05
PSD3	0.876138532452053	5.4863256619801	37.8698057897226	1.45294308694289e-09	3.62934276869252e-09
PSD4	-0.243881670477709	5.98380910691741	7.06315623238108	0.00809610465062231	0.0111233053524107
QSOX2	0.929044324963968	5.14196685901991	78.1464178246032	1.27697873876122e-17	5.89163645060522e-17
RAB10	0.885886176575184	8.0263779224676	99.2327075407981	1.30692993435235e-21	7.84242936549923e-21
RAB11A	-0.188489075412788	7.36426229496026	6.30024900922142	0.0123565861663483	0.016652071121328
RAB11B	-0.206380946889236	6.74419105267278	7.24540860499791	0.00732352826517372	0.0101014560393496
RAB11FIP1	-1.97069339265127	6.68402205117215	186.719419766029	7.82884498880724e-37	1.12894391252659e-35
RAB11FIP2	-1.27326334268767	4.01078398331762	356.311612495122	1.02939513715697e-61	4.09495160380246e-60
RAB11FIP3	-0.455834220740957	5.43372813418472	24.6230974461149	9.29474670327623e-07	1.85606672898384e-06
RAB11FIP4	-0.367988670801113	4.79997010428475	11.1652135514788	0.000889739451890925	0.00135226525797354
RAB11FIP5	-0.199283649560013	5.60877922506283	4.42975830624443	0.0357681412812392	0.0455986982067257
RAB12	0.0262259506929847	5.77116714773828	0.109603882057258	0.740720976042834	0.766810307111532
RAB13	0.121439110526884	6.55264073464959	2.82839071798611	0.0931757131758666	0.11276142891425
RAB14	-0.526148257578341	7.10758750373748	63.2455946340326	1.0345360670966e-14	3.85507403629927e-14
RAB15	0.305919820980319	4.92861926366589	4.8726964096151	0.0276947121338559	0.0357741669707039
RAB17	-1.93506935968558	3.63247809222913	103.838002337629	1.83323898468899e-22	1.16495037340106e-21
RAB18	0.349222769536878	6.71885360325443	11.0561691452168	0.000942517340507137	0.0014288713577518
RAB19	-0.222604807223727	-0.843428892670177	1.00073306380091	0.31757073376254	0.353769248639392
RAB1A	0.315015745020985	7.76802743014746	20.3868404642608	7.73618413369952e-06	1.42462075230954e-05
RAB1B	-0.147587629672483	7.65314445081626	3.94780765633887	0.0474254833224823	0.0595469301505405
RAB20	-1.3709279820321	4.37861710700293	148.320105084805	2.15103910252998e-30	2.21561828987156e-29
RAB21	-0.161100592419435	6.46467617368537	4.53625838706527	0.033624960894449	0.0430440708602312
RAB22A	0.39381138406878	6.08565550231296	25.8318667406566	5.10447939648674e-07	1.04173066132177e-06
RAB23	0.140990233614016	3.8675558597544	1.6746481532383	0.196177301187768	0.2263905025836
RAB24	0.34386309935045	3.04984855682046	8.95043967418411	0.00289774072514872	0.00417319882742224
RAB25	0.7095184504982	6.64486854404486	35.6365572996127	4.25316007662968e-09	1.0240650755861e-08
RAB26	2.68046878568343	1.40153510777278	104.762422748378	1.23809340669249e-22	7.96077383908384e-22
RAB27A	-1.67717364851501	5.28239572091253	342.362572171642	7.48486304232587e-60	2.77420887620986e-58
RAB27B	-0.470706718463072	4.81551341607476	7.82177703703322	0.00534170616306417	0.00749105093130516
RAB28	-0.348395166670123	4.01555345350537	27.8908073687967	1.84817358239111e-07	3.91061383077284e-07
RAB29	-0.0689095644925134	5.01181210643145	0.482991864728096	0.487362154137647	0.525492482343213
RAB2A	0.0398225928210844	7.13427512862178	0.254420534667551	0.614180420172206	0.648840556063334
RAB2B	-0.240553060649226	4.68191727773516	12.355547301565	0.000475719700986629	0.000741248880703292
RAB30	0.226732149996204	4.51877468642575	3.345695333734	0.0679193653178194	0.0836700096798428
RAB31	-0.793037501280078	7.05637846403718	38.0269829026027	1.34744244901988e-09	3.37433421544984e-09
RAB32	-0.45999024849717	4.90995793318811	13.7232968738869	0.000233091108784468	0.000374403523171989
RAB33A	-0.0112826398561294	0.15280913363089	0.00567230200975762	0.939991574729416	0.947856798317686
RAB33B	-0.832243573549241	3.58353390312799	102.147963594583	3.76291399408811e-22	2.34820352301131e-21
RAB34	0.420010367774416	6.3551703513063	18.3816584695959	2.13327357057377e-05	3.77864150396493e-05
RAB35	0.0251195448637034	5.95627059729392	0.182404411620872	0.669481257594505	0.7008972086145
RAB36	-0.623500295724887	3.69416366957425	16.8577812592877	4.63715949831177e-05	7.96359229808696e-05
RAB37	-2.17390086905669	2.14131667256206	269.999074592922	1.06352234958243e-49	2.71139441002658e-48
RAB38	2.22679712531223	5.06822679481767	83.7782882538882	1.06313131274987e-18	5.27412948505746e-18
RAB39A	0.104628827798488	-0.246895858140023	0.224177527989324	0.636061981579719	0.669580931675514
RAB39B	0.133016691831327	1.23206021604907	0.350710968699233	0.553953002713332	0.590372869861197
RAB3A	0.437637223058099	1.7505198922097	9.75409134000466	0.00188289146038821	0.00276648354191087
RAB3B	5.26709825190111	4.25223253198793	126.247374023132	1.58594750258458e-26	1.29988539088393e-25
RAB3C	-1.02411244562908	-0.698622646467729	15.0350771414049	0.000118215942168122	0.000195254118642772
RAB3D	0.504238117056807	5.51049118842044	16.0200796271189	7.12194720621835e-05	0.000120147058431981
RAB3IL1	0.0516503079489064	3.63559992000591	0.163469356319529	0.686138572919116	0.716412817000851
RAB3IP	0.055141251687575	5.04068279883387	0.197038888280147	0.657295303968725	0.689521277648698
RAB40A	-1.8724178405221	-0.0259770969380758	169.826571796215	4.82080978032765e-34	6.0642326391609e-33
RAB40B	1.01546234186756	4.79621187805896	40.8792491312336	3.44701437316231e-10	9.03079929501749e-10
RAB40C	0.205534660468637	5.39637334803357	4.8861458154815	0.0274816919352615	0.0355205454746083
RAB41	-0.827951044761061	-1.24791616136962	64.0154483861415	7.28694643186377e-15	2.74756483533995e-14
RAB42	-0.0643551116010389	2.53340215543646	0.154924716275672	0.694024574765831	0.723746079154107
RAB43	-0.371193746240974	1.54160096111136	10.5072784633914	0.00126062632200481	0.00188787110435673
RAB44	-1.91381585894496	-0.733959202986867	172.078929313402	2.02941422375856e-34	2.59890803021291e-33
RAB4A	0.346017300603503	5.44629406163942	16.6838015368639	5.06867439089835e-05	8.67720199473212e-05
RAB4B	-0.0883890322593135	4.04902909613076	0.709529112464905	0.399964337754394	0.438341155817041
RAB5A	-0.479904190984647	5.71691837672991	67.3901472251541	1.57726414822261e-15	6.2779920172282e-15
RAB5B	-0.512673417963945	7.54154058680059	86.28860986695	3.53764450196664e-19	1.81181582178969e-18
RAB5C	-0.277583225547041	6.78604646148814	23.5894915751346	1.55447263317143e-06	3.04806542454798e-06
RAB6A	0.0206474300306894	7.48057600814288	0.0609555853436536	0.805083554335496	0.825782549879113
RAB6B	2.56197704041868	5.71459362709717	52.5568472948005	1.41563657778943e-12	4.46002843983342e-12
RAB6C	0.560979816266013	-2.51627392746758	5.92249422515256	0.0152644686914067	0.0203597333393861
RAB7A	0.356367858901314	8.6609650347168	22.293409768133	2.96965686807498e-06	5.68491251513461e-06
RAB8A	-0.0946122714226968	5.52411520421016	1.92580778851144	0.165776744472558	0.193314270488637
RAB8B	-1.39792928979413	5.05937489705276	257.57392514808	7.24986644217152e-48	1.71561583063592e-46
RAB9A	-0.0241117229254338	4.76951633910228	0.0729651790285399	0.787168195498613	0.809679713918091
RAB9B	-0.531484987807093	0.357221036715228	7.93426129637975	0.00502403379484501	0.00706667464325715
RABEP1	-0.515842513796062	5.61698663042836	60.1728560544646	4.211180443497e-14	1.49423238419968e-13
RABGAP1	-0.182116376055944	6.06356397482423	5.9616743920484	0.0149325165150686	0.0199467643533895
RABGAP1L	-0.629566351745521	5.65446199342913	55.8834359530954	3.02975474005995e-13	1.00677891848344e-12
RABGEF1	0.407829817212166	2.7931495167648	18.9534282704036	1.59617375735265e-05	2.86059051199579e-05
RAD23A	0.543982660195626	7.01254545248333	38.296273422392	1.18426071995144e-09	2.97942994577879e-09
RAD23B	0.511524895417221	7.77128061560186	40.4103646315473	4.31034721152153e-10	1.12077933175617e-09
RALBP1	0.165756339224069	6.55586318353347	3.73268511540505	0.053868060977449	0.0671126762490497
RASEF	-1.3469558090657	4.11638064026832	67.3852733283324	1.58074343276555e-15	6.29003211022991e-15
RBSN	-0.944723568587175	4.81644677296928	288.554917561665	2.18732382726547e-52	6.15451573226616e-51
RBX1	0.296657091811285	6.17468722650979	8.39848195341043	0.00390424947849952	0.00555168996513873
REPIN1	0.443946693874225	6.58064309975762	13.2810653021646	0.000293371518403077	0.000466627059805021
RER1	0.228210334215285	6.62038127078212	7.93002187337608	0.0050356489982622	0.00708193294127524
RFT1	0.232706716141284	4.61129165887158	12.816799473876	0.000373743481589236	0.000588379813200726
RFWD2	0.573792973427902	6.01343129365675	46.1979026782303	2.77508724218899e-11	7.94394545848702e-11
RNF185	0.0323993748922887	5.50526717781729	0.174717109147815	0.676115407493004	0.707094027621773
RNF5	0.0238486561617834	5.32684372854233	0.0704357698408416	0.790802261610854	0.813031645644995
ROCK1	-0.640034312988404	6.0032667360386	81.7498934475798	2.5954599927429e-18	1.25652213357357e-17
RPN1	0.618738633780445	8.98696312463667	52.8995293240072	1.20719556002039e-12	3.82202669757397e-12
RPN2	0.728564112068502	8.99030417366382	74.0270829485134	7.98994800610116e-17	3.47226009174263e-16
RRBP1	-0.054777008001193	8.15335538914366	0.288549663640096	0.591367515582311	0.626845038435201
RUFY1	-0.604968804245115	5.32959779948605	77.5059684200783	1.69676120352788e-17	7.73941144021026e-17
SAR1A	-0.581706440535439	6.83875018620448	80.1895999699025	5.16780903581449e-18	2.45211874506591e-17
SAR1B	-0.424010259492803	5.65028901091718	29.8586067332674	7.03811140123521e-08	1.54140318277171e-07
SEC11A	-0.0599581763873811	6.88114755507039	0.751486007582759	0.386382153380455	0.424429758500577
SEC11C	0.0751524908241174	5.78425031290837	0.233164063469452	0.62937868938648	0.663327284851293
SEC13	0.193482740880474	6.68631133333992	5.59677158960234	0.0183375665796705	0.0242333161133758
SEC16A	-0.180965114001076	7.04112255681635	5.10917501932933	0.024187689650206	0.0314997442777636
SEC16B	0.379046882506867	-1.80477754637505	3.19857100950689	0.074249972715132	0.0909909704140158
SEC23A	0.264095444625129	6.13882543064537	6.25285572155772	0.0126876212706579	0.017074082342797
SEC23B	-0.026802132380975	6.46057369250404	0.149653980754039	0.699015071404411	0.728456424344096
SEC24A	-0.14377054442805	5.26645006780383	3.03084337505215	0.0822517269079568	0.100273152344705
SEC24B	-0.239589567927625	5.50445577362566	14.757094704174	0.000136453376564328	0.000224066463254644
SEC24C	-0.13859437660366	5.85463451461956	2.5617299752833	0.110049839565389	0.131954004072883
SEC24D	0.101430919562011	6.1254119227978	0.968902896830479	0.325384421558727	0.361774896783249
SEC31A	-0.0989400873974899	7.58592084251563	2.06345134929463	0.151433619269103	0.177666113678701
SEC31B	-0.348728341139272	2.38892721116869	3.96189743233997	0.0470330392366201	0.0590729340112639
SEC61A1	0.661881389907143	9.05283833759277	79.5644794073821	6.81336219076494e-18	3.20982744556251e-17
SEC61A2	1.10829754874214	3.12795121530022	107.400749689717	4.05160644782169e-23	2.68109052870074e-22
SEC61B	0.154356658753095	6.19512064514516	3.79705393571842	0.0518482402354364	0.0647728704111596
SEC61G	1.31974818108124	6.41449311427515	60.5884416813105	3.48130949202367e-14	1.24579314858032e-13
SEC62	-0.0857923132104195	7.64753296504101	0.752656812831679	0.386012687369152	0.424091634268073
SEC63	-0.252551517533548	6.67872589328492	15.3994469728324	9.79804768429231e-05	0.00016305736985935
SEL1L	-0.276985710957301	7.14402305757381	11.6523603857523	0.000688186235536686	0.00105666660954438
SELENOS	-0.00345759379781639	6.22008691954461	0.00170122439117211	0.967114748263662	0.971289394775682
SGSM1	-1.67709479025754	1.56795862697425	62.5289167544214	1.43426111836475e-14	5.28061867688119e-14
SGSM3	0.167505057590227	5.98642574705719	4.13396564201899	0.0425077978079223	0.053688855339991
SIL1	-0.290903855150086	5.60567069244526	15.7414948111922	8.21738765901147e-05	0.000137770868423792
SKP1	-0.21590760756455	7.68296005852382	7.52316370056644	0.00628855213245743	0.00874622710058516
SMCHD1	0.00825274167640098	6.03488758857035	0.00844147704342875	0.926828633133962	0.936221800936947
SNAP23	-0.583312893658609	5.74873748529356	85.5273003237451	4.93656056276741e-19	2.50235357563788e-18
SNAP25	0.243137258660515	1.55742887241271	0.699548161482761	0.403296836253338	0.441643772706805
SNAP29	0.179261620923307	5.54791298714287	4.7160157376722	0.030307269910077	0.0390015050894864
SNAP47	0.688275065151234	5.29292823932336	109.611450892304	1.59478762742196e-23	1.08568687092284e-22
SPCS1	0.000404998981284269	6.24956862635718	3.33878698864764e-05	0.99539175402149	0.995859344279576
SPCS2	0.116999528486158	5.44241495212225	2.3573451255497	0.125266179004262	0.148902829215653
SPCS3	-0.411961650124513	6.9680648605429	24.9210175206933	8.01671490167536e-07	1.60968007457166e-06
SRP14	-0.0972799311410086	7.53327320676558	2.19342331517863	0.139170516467066	0.164274134098893
SRP19	0.0246912517652022	4.25114348084363	0.128838133263797	0.719776763208948	0.747616268118478
SRP54	0.358103194708804	6.08794058557158	24.3033387502685	1.08956762043208e-06	2.16327419913253e-06
SRP68	0.401750076451957	6.99768376034089	37.2343696160598	1.97117405094016e-09	4.87284785253395e-09
SRP72	0.322015972799459	6.99873112176076	11.2284896719524	0.00086049815796379	0.00130983630213555
SRP9	0.647383715026485	7.29130292691974	47.182609051611	1.74603552469132e-11	5.07532656925235e-11
SRPRA	0.0433112484886647	7.71895036224819	0.360101147012777	0.548695892303721	0.585355957700964
SRPRB	1.31653730145067	6.92471740169905	131.836629030639	1.61712043326311e-27	1.41062424183226e-26
SSR1	0.525203706931574	7.87488643488253	40.9281793667459	3.36759078014004e-10	8.83274781448818e-10
SSR2	0.108370857630206	8.02935860252456	1.53909389893637	0.215278821591623	0.246747173928103
SSR3	0.497462263582699	7.99242467270155	23.1950634135859	1.89237882576827e-06	3.68610472414846e-06
SSR4	0.515724778448599	7.76823328350352	19.6883483348563	1.10050070392425e-05	1.99800413046234e-05
STT3A	0.572416874121379	7.50650216561578	50.1332536631103	4.38058005835116e-12	1.32944338567981e-11
STT3B	-0.0759407992385013	7.46123334362247	1.24702319414794	0.264606771627291	0.298929642812339
STUB1	0.12065328043659	5.31508488132584	2.09122184498796	0.148714074399037	0.174669256409098
STX10	0.0921003190808031	5.24506170493606	1.26847709624705	0.260541102878139	0.294683357545655
STX11	-2.7838596698988	3.65773556773378	497.24477923766	4.67088071498794e-79	3.84888911773426e-77
STX12	-1.38083504475986	5.87352339258197	450.318939840933	1.47824552443796e-73	9.63016090237971e-72
STX16	0.533587241595739	6.27477935043596	38.8299997897179	9.1713754091024e-10	2.32854535489975e-09
STX17	-0.345595332286304	4.00501403565375	21.5394449475102	4.33321460622705e-06	8.17760976093029e-06
STX18	-0.114795497214257	4.67158161385395	3.24299536099265	0.0722741194951913	0.0887267124756512
STX19	-0.735601436253474	1.14149924765363	18.660287151048	1.85193405277256e-05	3.29697132967552e-05
STX1A	1.9390094262199	3.35539980347089	130.938175010261	2.33110433556932e-27	2.00938000432465e-26
STX1B	0.447146435384102	0.457946548096091	5.29833593118851	0.0217165629326579	0.0284542368045289
STX2	-1.34023014074597	3.73409473179907	183.135736576784	3.01975894550033e-36	4.24406426010495e-35
STX3	-0.872490793604014	5.52593496624983	109.36846087232	1.7666096662157e-23	1.19853275737599e-22
STX4	-0.0761635983415094	5.47279520326844	1.14407485140996	0.28525959750224	0.320291501105374
STX5	-0.171281017804718	5.64249168094048	7.8592063837836	0.00523378140883348	0.00734900628189333
STX6	0.798104709238545	6.40903829759761	97.0685902388168	3.30613897313348e-21	1.92547475282176e-20
STX7	-1.03942814664631	5.73837898475281	226.346030225127	3.95641365517583e-43	7.70332101764087e-42
STX8	-0.344724967652523	4.41280141952403	14.4254211729517	0.00016197463030026	0.000264203581308077
SURF4	0.181520457650239	8.27753093462697	5.14550287554305	0.0236913776005446	0.0308984488966169
SVIP	-0.709015111585041	4.27170300846245	22.9150294654174	2.17632984266174e-06	4.21547812745037e-06
SYTL2	-0.662230469229459	4.26513684328182	17.7176636507715	2.99022883966254e-05	5.2289816133226e-05
SYVN1	0.0221475939992321	6.37942121731636	0.0847418600013198	0.771080513537488	0.79473276172849
TBC1D1	-0.754058709043152	5.46755764872305	59.6248049359651	5.41392167121379e-14	1.90415713047378e-13
TBC1D10A	0.394791647566286	4.85727513937662	16.1471026960299	6.6726046811666e-05	0.000112958976342073
TBC1D10B	0.444143414497203	6.29340690401188	43.0703561761774	1.21664428710061e-10	3.29730132898928e-10
TBC1D10C	-1.28886726155756	3.52856287937794	65.6416672709512	3.48138185300078e-15	1.34565153377122e-14
TBC1D12	-0.607824489675094	3.23844807403405	79.4359893344671	7.21197471613036e-18	3.39069356368656e-17
TBC1D13	-0.357012813703848	5.14954070923942	21.0894748564288	5.43193646029525e-06	1.01569544658739e-05
TBC1D14	-0.000505379669988222	5.10162354220466	2.4616754348546e-05	0.99604307946596	0.996474968064102
TBC1D15	-0.488317838372749	5.61986693797229	48.568238978799	9.11161080608969e-12	2.70999214081217e-11
TBC1D16	0.225627106174702	5.82689936605081	3.54276506506038	0.0603305409318892	0.0747369882228732
TBC1D17	-0.218020222382052	5.65916867287237	7.78641348287657	0.00544576560137316	0.0076277084132756
TBC1D19	-0.226172935577644	2.48488869428822	6.14897236854005	0.0134456055382089	0.0180537575429869
TBC1D2	-0.592104775517293	6.26976347890437	22.8450189372747	2.25378825679111e-06	4.35789059751207e-06
TBC1D20	-0.351879730999121	5.82598216785691	29.6371002348626	7.84405995562406e-08	1.71141440497528e-07
TBC1D21	0	NA	NA	1	1
TBC1D22A	0.013116977045113	5.61739920469891	0.0292550915954475	0.864253937938709	0.879986715935166
TBC1D22B	0.194735275080288	4.65301326821363	7.90842524849447	0.00509524717128553	0.0071632024185733
TBC1D23	0.372167557134452	5.69294888382024	17.3419029709198	3.62145750734091e-05	6.28359303163174e-05
TBC1D24	-0.845174794304315	4.20874806435696	109.304218909468	1.8150641115981e-23	1.23050147056358e-22
TBC1D2B	-0.975974096254885	5.76047137575677	139.755025700092	6.58084133605147e-29	6.21855815942857e-28
TBC1D30	-0.131968793474527	3.53982722377576	0.784572159401764	0.376131462370902	0.414139497282397
TBC1D4	-0.343923004599046	5.3038527817142	10.7024015506449	0.00113664959176691	0.00170979122282139
TBC1D5	-0.724270094473591	5.83458657212643	114.563908083463	1.99856045676191e-24	1.45005616788174e-23
TBC1D7	1.42025852742626	4.58426479719991	147.712505782861	2.73791047010833e-30	2.80238547822142e-29
TBC1D8	0.380233926592893	5.31899633120912	13.3560995503286	0.000282130892734004	0.000449341810120017
TBC1D9	-0.990315642151986	5.63109505516898	97.8115842674081	2.40312860235443e-21	1.41474424013156e-20
TBC1D9B	-0.221198653631042	7.13933890493464	9.64426677988022	0.00199677044606631	0.0029258842731007
TMED10	0.188827453171787	8.58378564847106	5.02418611328058	0.025391551595508	0.032949751079154
TMED2	0.694328789621388	8.53903629986079	55.3127007985696	3.9443063601368e-13	1.29976208275539e-12
TMED5	-0.984923178007519	6.11880689494337	126.653209611711	1.34278817626089e-26	1.10615222362795e-25
TMED7	-0.255402671426946	6.50658032787513	9.30637331786705	0.00239307061566694	0.00347550074150077
TMED8	-0.0980201535445812	4.90369405574852	1.81051714124942	0.17899766346049	0.20776005316637
TMX1	0.497431993647775	6.20602313519009	27.7747480217933	1.95678694743137e-07	4.13159156665388e-07
TMX2	0.356531219301441	6.58661751441881	22.4571682961743	2.736021691336e-06	5.25400420086141e-06
TMX3	-0.284847662286552	5.67596046396988	13.8605764863805	0.00021705458374312	0.000349659059760038
TMX4	-0.924353170918967	5.97516346791355	86.6729514269338	2.99039821068722e-19	1.53894340630664e-18
TOR1A	0.0543131827114687	5.56311578982526	0.611131833423239	0.434696555886766	0.473072738604493
TRAM1	-0.765337902532609	8.07349126313982	63.754650108569	8.20504765309505e-15	3.0828220161656e-14
TRAPPC1	-0.346176279377638	6.11191333113456	21.341943976053	4.78485202502996e-06	8.99315715273942e-06
TRAPPC2	0.291055608138316	3.90254546038862	10.3654393940521	0.00135929435189494	0.00202926683494636
TRAPPC3	0.17029841847281	5.86447987916162	5.85543264224553	0.0158504523866487	0.0211026868257907
TRAPPC4	-0.0153969264881014	5.31834946700073	0.0394149185150711	0.842701890556673	0.860320326100391
TRAPPC5	0.496533029933777	-0.0075044843402134	10.342584649134	0.00137591144996395	0.00205164047367255
TRAPPC6A	0.379494427917226	4.4514840057	10.0089348008685	0.00164340237050029	0.00243151185977884
TRAPPC6B	0.00443110815939615	4.94023774365121	0.00326187236448622	0.954475967777861	0.960512343977961
TRAPPC9	0.0140164359624474	5.36926264040445	0.0258066392603772	0.872432111520881	0.88707410472562
TUSC3	1.10837568788814	6.28294572358683	41.0642790897907	3.1562088074088e-10	8.29560976369162e-10
TXNDC12	0.478561471653337	6.62387225848432	41.6129180360614	2.43086090363875e-10	6.44605361929375e-10
TXNDC5	0.305229109578653	3.72440290523819	6.26705928711598	0.0125874631119699	0.0169442381943363
UBA1	0.237880971035089	8.5834176834223	11.1228629259968	0.000909871738522317	0.00138157391820047
UBA5	0.501223885030153	5.50627333462586	47.2818078464989	1.66649781022485e-11	4.85125905495692e-11
UBA7	-1.3170155180988	5.37725031284275	115.766541659476	1.20988139996347e-24	8.88069626744133e-24
UBE2D1	0.128166708088619	4.68290555938412	2.11947312002476	0.146004058263874	0.17179831539107
UBE2D2	0.117323206145571	6.44680949929796	2.86583875118489	0.0910417779581214	0.11036707852036
UBE2D3	-0.3217047264717	7.98699003848498	22.8811318058082	2.21349316227221e-06	4.28446484786289e-06
UBE2D4	-0.464178462030201	4.19639278303851	31.8730260272556	2.63343980563162e-08	5.94133375965798e-08
UBE2E1	-0.0470956029229741	6.0839994971406	0.396446782773368	0.529190069672841	0.566599074172704
UBE2E2	-0.641882507173873	4.48509343564185	41.1295481836559	3.05961776607251e-10	8.04784695888747e-10
UBE2E3	0.835275686337346	6.08496096865282	100.979155479596	6.19455505269771e-22	3.79948262614181e-21
UBE2G1	0.536049664226493	5.98246875127425	47.6813266702567	1.38133033348063e-11	4.0432279250532e-11
UBE2G2	-0.427462377239401	6.2343479867191	38.6345885443513	1.00707884042008e-09	2.54685712958629e-09
UBE2J1	-0.35520028324559	6.41160140470034	20.2879742588628	8.13143879576574e-06	1.49442513068945e-05
UBE2J2	0.409020355033053	5.68363105950939	28.5475715046894	1.33829101722931e-07	2.86656841977626e-07
UBE4B	0.517264505452403	6.28268821964163	34.1935284457598	8.539704509886e-09	2.0066095117136e-08
UBQLN1	0.197480840980968	7.29799323528028	7.3318532023911	0.00698393181240112	0.00965854745704045
UBQLN2	0.125819455229104	6.07156050105219	2.22286296772684	0.136550886794805	0.161402168830592
UBQLN3	0	NA	NA	1	1
UBQLN4	0.62270115395559	6.01843662315727	60.1534879870623	4.24871691681021e-14	1.50677885584378e-13
UBQLNL	-1.25933937005921	-1.5369278101903	58.4712678906132	9.19460241519938e-14	3.17459729479518e-13
UBXN2A	0.602363856239607	5.08433658342892	52.7729322397145	1.28034550703868e-12	4.0466810563219e-12
UBXN6	0.0429562791163863	6.83470796342264	0.371016654159898	0.542700782081717	0.579585595120405
UFD1L	1.04918019974578	6.49930981294279	102.350216075803	3.45227024751968e-22	2.15714300029513e-21
UGCG	-0.360188218992067	6.34432142365704	12.6193851473122	0.000414362093004503	0.000649408087230594
UGGT1	0.512466995000727	6.94559382287229	41.2381817797558	2.90539081743855e-10	7.65745412302913e-10
UGGT2	0.0883410904540548	4.17172576169848	0.880191955536109	0.348558695842753	0.385882866639941
USE1	0.441050583656861	4.46249743555771	25.6061442234288	5.70800045265824e-07	1.15965224928639e-06
USO1	0.0273753424825793	6.63314866702049	0.116255298033016	0.733261460596182	0.759940485102994
USP6	0.219417297390982	-0.0234969355699162	1.19721192909983	0.274356015948221	0.309010455355886
USP6NL	-0.130078116904559	5.04268551945766	2.53292084259678	0.112065129678081	0.134207675305896
VAMP1	0.542901809998616	3.30412059433084	16.8804616911103	4.58370614134399e-05	7.87570261483127e-05
VAMP2	-1.61258751430772	5.64451514901636	445.789635549573	5.17913466508176e-73	3.31165592314362e-71
VAMP3	-0.733348424984563	6.80557353529303	100.320620670972	8.20661999574791e-22	4.99487113260656e-21
VAMP4	-0.301811715798958	4.72138114718303	11.9022502005797	0.000603437564136029	0.000930462009257866
VAMP5	-1.53313537808114	4.83515879122124	123.714477757492	4.49188569683288e-26	3.59649622001769e-25
VAMP7	-0.0979499088378155	5.62453981511373	1.93806374662444	0.164438529587076	0.191858810310888
VAMP8	-0.562753563715127	7.11882648649095	31.5026003166467	3.15400588183292e-08	7.07944554927507e-08
VCP	0.484076285581592	8.86136106787445	21.1161034849431	5.35972177626541e-06	1.00327643039321e-05
VPS45	0.327417850969588	5.32993344321077	20.8704514965219	6.06434227365381e-06	1.12891443912226e-05
VTI1A	0.16156802497957	4.41276506006692	8.16826474147357	0.00442358561148409	0.00625738593088234
VTI1B	-0.363785124487671	6.1256293654973	23.8090392400823	1.39341623844293e-06	2.7413853047516e-06
WAS	-1.41620237169506	3.92453215020762	110.198792124199	1.24555051175105e-23	8.5402568149706e-23
WDR38	-2.94376218270782	1.23204923204261	104.023784510175	1.69410363549405e-22	1.0805032793348e-21
WFS1	-2.25044436781307	5.89563386727202	736.720042334824	9.21091873482057e-104	2.65648653136434e-101
YKT6	0.9255603763305	7.17350978613019	101.609125845291	4.73452616896774e-22	2.92796126960486e-21
YOD1	0.167593959179559	4.19497871090279	3.35097488965025	0.0677032444469187	0.0834223288385331
YWHAQ	0.890993715424192	8.70260505063691	73.8995766281894	8.45835397211126e-17	3.67233236681995e-16
