pspGenes	logFC	logCPM	F	PValue	FDR
A3GALT2	0	NA	NA	1	1
ABO	-0.191410091590041	4.72714267588721	0.774791212558208	0.379377689449715	0.686173109163832
ACAP1	-0.187957492257979	4.112550299894	1.9624564425237	0.16218785061571	0.466358307471958
ACAP2	-0.00473956270248014	7.12347972777899	0.00220610208935226	0.962566137962009	0.986296558025365
ACAP3	0.0408755786842328	5.51158888940696	0.159531939726681	0.689845460277379	0.874946222367626
AGAP1	0.0199298734356404	5.37910507238985	0.0565490152479649	0.812183095336503	0.929321447839771
AGAP2	1.1248006798594	2.87263233323595	50.774892312899	6.51966416773095e-12	2.81870694937382e-09
AGAP3	0.0604989382689891	6.34520653091953	0.595003401355076	0.441041252026058	0.732929490891817
AGR2	0.320282707117221	6.83675686541599	1.95871519406018	0.162587467161396	0.46679094715486
AGR3	-0.398941046784816	3.64841895557806	2.19235945671482	0.139648134221833	0.433686631303848
AKAP10	-0.0365943531909927	4.79707151172973	0.324701186352642	0.569182623678278	0.811288058688441
ALG1	0.106593372715079	4.23120227890366	2.36929192605122	0.124698768375052	0.409367034729273
ALG10B	0.056209707362658	3.76989841765119	0.43260578787115	0.511170327237438	0.779470113911116
ALG11	-0.0189878224609386	2.71645982038548	0.0850644701203564	0.770730756199868	0.912401495865698
ALG12	0.000385322684075871	4.28838286512149	3.07004799993905e-05	0.9955824413109	0.99822116563458
ALG13	0.0179398694095882	4.76683781450859	0.0576827622622377	0.810345346058939	0.928547076219082
ALG14	0.024756507132095	3.27263950672263	0.0819498312737715	0.774851370583178	0.914048262190086
ALG1L	0.153183609074477	4.0538270615185	0.998573845317964	0.318385955561363	0.634187603455841
ALG1L2	-0.0598284425374586	-0.613940987201491	0.186872508871755	0.665813996537309	0.863238153993283
ALG2	0.0646572451002375	5.16027302082982	0.964742494801303	0.326712427847415	0.641319490077328
ALG3	0.115909442914208	7.02723430486771	1.34835430888015	0.246402914286669	0.567887763711998
ALG5	-0.0609691561121786	4.88807699735655	0.480588685025885	0.488642039327684	0.765332670084265
ALG6	0.0150811595881251	4.19094833015827	0.0579616325257114	0.809896244621009	0.928296074351145
ALG8	0.202424413278635	5.1960985058083	8.73752684524939	0.0033410633451198	0.0551776839349901
ALG9	0.0866540888936463	3.10186460006247	1.59867662668694	0.206980627938235	0.52478877191461
AMFR	0.0218050921706548	6.88487405512346	0.0877145849642251	0.767288714025927	0.910996765531542
ANKFY1	0.0105119131384326	5.92094848381669	0.0255897280913995	0.873003958068438	0.95230001481392
AP1B1	0.00805593983993406	7.55858882183651	0.0153728812698009	0.901400506482057	0.962607641643588
AP1G1	0.0210082357194312	6.75169843969494	0.153188654972234	0.695758489650319	0.877797329184739
AP1M1	0.133669402344755	5.78535434548847	4.9484158048578	0.0267887140397254	0.186213481371172
AP1S1	0.253855827844796	6.03607990349764	7.54292276379701	0.00635421163664298	0.0817872503640421
AP1S2	0.0248372409835257	4.50350197809127	0.0539863385509581	0.816410112422104	0.930432368285236
AP3B1	-0.00953319812188454	5.74685971517643	0.0289883738963501	0.864909924943753	0.94883950109728
AP3B2	-0.0351777367719364	3.34892856101696	0.0274982515259118	0.868395170486287	0.950049314314008
AP3D1	0.0124965814839617	7.53371258493182	0.0324898997917429	0.857066988344972	0.946637417930581
AP3M1	0.200168164539864	5.8901942036945	11.6125294566078	0.000735926849581333	0.0215249982962817
AP3M2	-0.130233333856902	5.23879507330877	1.56225454877363	0.212218604682477	0.530677202435166
AP3S1	0.138181438934394	5.58925743541458	3.31084610844873	0.0697274748656549	0.308238178295341
AP3S2	0.0126776021702988	4.49568365789363	0.0471304882357505	0.828267643783766	0.935534776004141
APPL1	0.040478971539961	5.60226411346932	0.562140529831772	0.453931744592765	0.742371336140605
APPL2	0.0425770007045308	5.75196280077981	0.35595622966009	0.551168581252858	0.80144698291858
ARAP1	-0.0841028779784651	6.93245953362587	1.27135598499661	0.260329305085414	0.5810133485825
ARAP2	-0.0297469312501248	5.01373232931076	0.079718901423354	0.777855211592427	0.915636627738886
ARAP3	-0.173236982881346	4.3506759957289	2.88137747681739	0.0905494790916489	0.35020661953481
ARF1	0.15290230375295	9.13816173904	8.70239583775595	0.00340435932939296	0.0558831235689029
ARF3	0.0532280533737238	7.91215449076715	0.823202718466422	0.364905622450545	0.674450772392088
ARF4	0.0636879468667425	7.65158198243441	0.759576211488469	0.384093013651368	0.690164461445249
ARF5	0.156015788585026	7.49438576356317	3.90087687885043	0.0490916748733497	0.25780070018738
ARF6	0.146218346637497	7.53029081890484	4.23393743551953	0.0404064251229431	0.23331265410245
ARFGAP1	0.100693126449821	6.49472324288395	1.73951058476073	0.188112780203098	0.500771736958861
ARFGAP2	0.000649245735478292	6.6863584773058	0.000114427754905449	0.991471564778915	0.99711381801372
ARFGAP3	0.00151217057777503	6.21297978769351	0.000500012619614944	0.982173497003281	0.993336260839886
ARFGEF1	0.0239576522235315	6.42194489321712	0.137061062962629	0.711457204485248	0.884955946698808
ARFGEF2	0.0378746019956009	6.20199446523243	0.354722553260287	0.551858994563469	0.801647454093487
ARFIP1	0.152092000789332	5.1861546907042	5.81154871135643	0.0164659230118076	0.142734143229099
ARFIP2	0.0728998994133985	5.8373719732438	1.12002251091016	0.290685487569997	0.608125372894492
ARHGAP1	-0.0333304560262108	7.23933994427496	0.144273543202801	0.704312603058081	0.881519459917245
ARHGAP24	-0.107460407525208	4.32530261735392	0.664272104881545	0.415641930955594	0.714030206871401
ARHGAP5	0.0228397979336632	6.40677922566012	0.101703686196664	0.749995839023706	0.904155922832648
ARHGDIA	0.194472107897156	7.9110918760226	10.4147395160802	0.00137518899537884	0.0326418634971737
ARHGEF1	-0.0533923883230286	6.83303083150303	0.365905851675667	0.545658975528662	0.799211466245906
ARHGEF11	0.0568983870431566	6.27853445779944	0.747612823970701	0.387859394369586	0.693085897902789
ARHGEF2	0.0236407551511916	6.20729016435397	0.0779382442916791	0.78028551595662	0.916795581671814
ARHGEF6	-0.0885742657083205	4.1787970513995	0.426493875974316	0.514167827565271	0.781304040242439
ARHGEF7	0.0422244757489571	5.77942652817534	0.341493796919695	0.559366394349654	0.805935001088225
ASAP1	-0.00475108089105245	6.18577667013536	0.00411373861127158	0.948898724345328	0.980745739587064
ASAP2	0.0872572072601039	4.95749441643216	0.702987485003095	0.40238686391686	0.703762794357516
ASAP3	0.154081506747749	4.68845056106784	2.37564385429029	0.124196426176999	0.408548868773278
ATF4	-0.04182238760434	8.44909182397095	0.370773578872424	0.543000663460441	0.797845129533457
ATF6	0.0932281580026477	6.31668903338111	2.61015232736343	0.107134486604346	0.380550624292519
ATF6B	0.0162598909547518	6.90348765609088	0.0717941937184645	0.788909059263402	0.919598134947473
ATXN3	0.0707216193006762	4.60470429538269	1.60936087924225	0.205473304837961	0.523319015593488
ATXN3L	0	NA	NA	1	1
B3GNTL1	0.130262237773924	2.60680617658959	2.57893437267375	0.109248311603907	0.384214457306994
B4GALNT1	0.452838947271231	4.25780204141668	4.95687298650603	0.0266599842911307	0.185831981116339
B4GALNT2	-0.376750715797816	2.65080507615206	1.12228351355126	0.290199894497518	0.607617272074153
B4GALT1	0.217001053060473	8.1425487231016	4.8982917001368	0.0275651227572182	0.189059259794621
B4GALT3	0.206636931528776	6.05245755328375	11.2868119924677	0.000871747491721308	0.0241669605296282
BAG1	0.145894709596369	6.41171617361786	1.96683587069038	0.161721496302763	0.465901849950761
BAG2	0.268361322237209	4.38368934926452	3.50672097187506	0.0620018773140219	0.288234917751495
BAK1	0.0460436288502829	5.55340443577462	0.2303697928583	0.631566849223165	0.84480007243254
BAX	0.174721473922439	5.90223789676428	8.11163717434291	0.0046732351148707	0.0679121832360042
BCAP31	0.0774011695177322	8.50715506474302	1.14730545065329	0.284894478684022	0.603832637960155
BCL2	-0.288603105259573	4.9101664173297	2.18617067022532	0.140206321134398	0.434340096767415
BET1	0.0951360841488113	4.6506288176706	1.25612297055822	0.263198903897326	0.583557491284298
BET1L	0.0427086740784737	6.11093991055074	0.569066680734361	0.451166486811498	0.740354602968224
BNIP1	0.129183227005453	3.36233930369272	2.47824198336469	0.11638671663554	0.395430647833716
CALR	0.0518776762096051	10.2353019042762	0.62625166628482	0.429300390243124	0.72350525857748
CANX	0.0549352907981173	9.37488774208234	0.638250466212349	0.424918035305153	0.720370720391307
CAPN1	0.0456250397027529	8.68977435908734	0.364400661726741	0.546485866433787	0.799476485203666
CAPN2	-0.00730248577723232	8.2282982171517	0.00754362245060776	0.93084006911826	0.973546845479872
CKAP4	0.0601992058326279	7.92345406038078	0.50067067987869	0.479703588252366	0.759550450646612
CLTA	0.50181852882566	7.27617316582021	27.5185305786739	2.78339493116689e-07	4.18563817878767e-05
CLTB	0.0940319284024904	6.40371755177587	0.724212949350065	0.395380797653294	0.698014036166246
CLTC	0.116617101893354	8.90723672558893	4.39447630658896	0.0368145417315883	0.222018351418555
COG4	0.0667796366927443	6.15596702427623	1.35896398774977	0.244556617863931	0.566382272345862
COG6	0.0136077905871181	4.80465848174717	0.033845842372526	0.854147787590842	0.945461709776103
COPA	0.0271972241658687	8.24382978040819	0.234490195437573	0.628534534523471	0.844007188871201
COPB1	0.0747392347169399	7.50014229865457	0.76500362201785	0.382401492948664	0.688461410334722
COPB2	-0.0437951204359213	8.07847192666981	0.42205535714314	0.516363913052743	0.782195078965778
COPE	0.150162465230382	7.19093207412795	4.0213751597503	0.0457409431539531	0.248247920802591
COPZ1	0.133174500695567	7.54565279613299	5.46542017627163	0.0199918462076631	0.158852178711431
COPZ2	-0.078862996992805	4.71712245706309	0.325754561093261	0.568557061879658	0.811288058688441
CRYAA	0	NA	NA	1	1
CRYAB	-0.70470794021075	6.32612879721415	7.10757494460531	0.00805266109059648	0.0941850133644596
CTBP1	0.139240044786073	6.90776084250877	3.84302859394465	0.0507918907756792	0.261356410649966
CTSA	0.136254154620061	7.5877880365204	2.50736911894186	0.114270123192671	0.392257755936164
CUL1	0.106883795428026	6.49658687789383	3.38718354546198	0.0666003214544766	0.299939328657163
CYTH1	0.0674665228379739	6.42226658839344	0.733268057239227	0.392445548471906	0.695786799827023
CYTH2	0.140665810430753	6.14323679344624	4.07272746201965	0.0443873845215103	0.243612923741996
CYTH3	0.108159416987204	5.10461067902285	1.64221843600861	0.200918540183496	0.517675289520435
CYTH4	-0.141077495777924	4.32043515024082	1.06547107476209	0.302724434604253	0.619726836153457
DAD1	0.161383779652511	6.94893626068396	4.35736942707252	0.0376137629469915	0.224634142750274
DDIT3	0.0705955157184268	4.98675922158397	0.344064357441071	0.557892440748823	0.805050296994264
DDOST	0.0739244630210757	8.29608211554552	1.50565284367993	0.220675848238243	0.540603355428119
DERL1	0.101759651253939	6.9195676785333	3.65780158056487	0.0566702513717126	0.275843075183059
DERL2	0.0434836460040385	5.31622155168232	0.587530219494867	0.443922190833681	0.734641159417242
DERL3	-0.0657123598903136	5.41509597830139	0.11570835617881	0.733952369604275	0.897007613351293
DNAJA1	0.346258215027268	7.54568644086283	15.9472168280564	8.02893370039028e-05	0.00447899801428915
DNAJA2	0.0745000754311224	6.45749345761653	1.20119490935441	0.273879932065272	0.594220542632162
DNAJB1	0.0312699443355692	8.05646935842679	0.0947073693395178	0.75846949477753	0.908299221010392
DNAJB11	-0.0044898128143959	7.33045783450489	0.00333411036414832	0.953989182011985	0.983103434310554
DNAJB12	0.0838084638315807	5.6459142887513	2.24510063490931	0.134991448785988	0.426355709884667
DNAJB2	-0.0247446281255631	6.58516813107744	0.0894787058651439	0.765028688578475	0.910177680927619
DNAJB9	0.0623978011180182	5.63482893101696	0.316815957348257	0.573908571477267	0.813931224653285
DNAJC1	0.12703159069224	4.781696651807	2.57851811685068	0.109276806121844	0.384214457306994
DNAJC10	0.0465151590909921	6.90863778263455	0.445052048356905	0.505158964328103	0.77613933781874
DNAJC3	0.0900032143404802	6.45875559517373	1.67206618041292	0.196883978886487	0.512294986384112
DNAJC5	-0.0275797974692202	7.14998274801006	0.1239661524106	0.724996166686344	0.892250008405987
DNAJC5B	0.0546829951331209	0.834129867689658	0.0825872524336854	0.774001258334822	0.913802334107591
DNAJC5G	0	NA	NA	1	1
DNAJC6	0.576244002789581	2.44598074752384	7.84055939849379	0.00540873437270155	0.0742662542698834
DNMBP	-0.0488473085460558	5.068395600382	0.334114221078824	0.563639580631681	0.808336138297516
DOCK5	0.239283383192774	4.78419722062791	3.83516953736034	0.0510276574003039	0.261910242382607
DOLK	0.175499886598764	4.56910443702604	5.19254249490456	0.0233206958877193	0.172665861815772
DOLPP1	0.167890960010683	4.79729370576369	5.11267027297	0.0244006339086244	0.177260707096218
DPAGT1	0.22377516840772	5.48103611881065	12.5616788626216	0.000450399079949624	0.0151864481438226
DPM1	0.0471679560989427	5.57861687339499	0.441534435848317	0.506845515064654	0.777201644513923
DPM2	0.176649176916505	5.78999662117818	7.41988271135653	0.00679314222755271	0.085482726856174
DPM3	0.241674336077587	4.3472792644602	4.35192312165789	0.037732595932944	0.22499147203117
DPP6	-0.522409539809807	-0.230963778239115	2.19911927461881	0.139041304050796	0.432813029877413
EDEM1	0.0501201514476619	6.50994366762141	0.346287304576709	0.55662376585723	0.804244755922024
EDEM2	0.150467470329644	5.67579568588692	4.2126304262879	0.0409102238134762	0.234932976458271
EDEM3	0.0762159470875137	5.88255985362519	1.53715139472889	0.215920749291773	0.535072391105744
EEA1	0.0359860388996311	5.20757636220047	0.28431147921472	0.594247048486109	0.826240154208613
EIF2AK1	0.0439919557000464	7.79653685037359	0.668795682626397	0.414060222056499	0.713162307535696
EIF2AK2	-0.0272400029143685	6.6574043061434	0.132921704679789	0.715654604644743	0.887229946902242
EIF2AK3	-0.0186295961685447	5.1993166549105	0.0761392262368284	0.782771471617751	0.917890255210799
EIF2AK4	0.00504328670486762	6.14478977276627	0.00637624861978703	0.93640369662488	0.975878997377574
EIF2S1	0.156157533529511	6.58654771402583	4.53385872058156	0.0339684601622409	0.213170137114571
ERLEC1	0.156485293692558	6.60645656386905	4.49095458716512	0.0348190356237669	0.216043995768073
ERN1	-0.0325216791535118	5.08323665225741	0.135985748979504	0.712540596190372	0.885409586038036
ERO1A	0.116429360384084	7.98173856200026	0.824796285741471	0.364442450601073	0.67392180067628
ERO1B	0.0699080202407261	4.32552189363821	0.230035254918561	0.631814506380751	0.84480007243254
ERP27	0.3197551585156	2.76310545733844	2.54797980197364	0.111389846081399	0.387368509548515
ERP29	0.164178891357159	7.5226230275009	5.30586404444043	0.0218732202181155	0.165958174459666
ERP44	0.0622238636937459	6.42565652225655	0.960986125216481	0.327654659126642	0.642335785596366
EVI5	-0.00755107757960913	4.25997347826615	0.0193213082840753	0.889533822621315	0.957700042297681
EVI5L	0.051721225351958	4.42760415947061	0.360131103541932	0.548844139172147	0.800300756387694
EXOC1	0.108125802507317	5.57192956918259	1.92191109483069	0.166579433209231	0.471536847588998
EXOC2	0.108001698068687	5.2144368707833	3.44241009908315	0.0644319710272523	0.294221510852661
EXOC3	-0.0861991506581278	6.56911289886569	1.31574555818142	0.252185650480632	0.572817973898732
EXOC5	0.16337455682444	6.16549293420645	6.53448310342781	0.0110264351452561	0.114335025514171
EXOC6	0.140165988322666	4.1080985646529	2.78003452207104	0.0963921164741511	0.360703173408914
EXOC6B	0.0458754581444249	5.81255303376484	0.269081184095177	0.604295477405147	0.831567455010573
EXOC7	0.156023206025389	6.1957362047045	8.61361064767635	0.00356984516868909	0.0573520380750707
FAM71B	0	NA	NA	1	1
FBXO2	0.17738791591306	4.04959380413184	0.614974111868227	0.433482047317426	0.727205782123212
FBXO6	0.0887639953186884	4.4202068573553	0.900377067332406	0.343373041780645	0.656615173726498
FBXO8	0.164466071797387	4.13473216380738	5.52390192492916	0.0193451134202873	0.156434382437734
FUT8	0.297443798369511	5.62180378214792	7.12000914595063	0.00799819069673173	0.0938198618985329
GALNT1	0.0444112449357537	7.35888686230807	0.20197683286863	0.653424110606337	0.856990852756773
GALNT10	0.301919364269454	5.712283849769	8.16084969933369	0.00455111374328893	0.0669016483538362
GALNT11	0.245124414816318	6.00965883157369	5.57207349518917	0.018828736641906	0.15451378040335
GALNT12	-0.0729827405632539	3.64862000446998	0.362387899245146	0.547595247904734	0.799657493284848
GALNT13	0.805683780012548	2.78476280155228	8.20228066254148	0.00445083771964016	0.0658675012409583
GALNT14	0.0504500324897426	5.02935552704305	0.0639721474615691	0.800481541333843	0.924023009308366
GALNT15	-0.0461919434182278	1.96933818075789	0.0531082369899103	0.817882763750997	0.931146411792316
GALNT16	-0.643244752684844	1.08340909826295	6.36463873048571	0.0121099162087617	0.120013582206438
GALNT18	-0.191251905642909	5.25175755871186	2.32618520882566	0.128168388975821	0.4146846004936
GALNT2	0.0123258238159415	7.59238598101175	0.0151999179896809	0.901953927550992	0.96279734314788
GALNT3	0.0692027120540908	6.09664441117437	0.467444044794842	0.494643818757641	0.769011847167613
GALNT5	-0.0688941505311308	4.27072097244974	0.113231616453273	0.736707840053778	0.897868683699957
GALNT6	-0.00425129339570358	5.70604424905698	0.000732649662070044	0.978422209991625	0.992525744498064
GALNT7	0.250417777901592	5.81728712401361	6.25032764111595	0.0129005213065352	0.124287513470961
GALNT8	0.0414650642334155	0.891286090020746	0.0174761881690846	0.894908391108365	0.959606535060084
GALNT9	-1.11008143042598	-0.889852667950265	12.4846969223329	0.000468633566895267	0.0156497755697949
GALNTL5	0	NA	NA	1	1
GALNTL6	0.590724635331944	-0.42330771832504	6.66957434740116	0.0102363166856972	0.109590167375153
GANAB	0.0595183655585975	9.24390240192941	1.08743291595506	0.297801876386854	0.614775002489948
GBF1	0.0349262729370202	6.75887567475938	0.299650949606198	0.584470303836124	0.819506920145569
GBGT1	-0.144773730992307	2.92587909056529	1.65935165488093	0.198590838859665	0.51450859279094
GGA1	-0.0974872783049621	6.0724462292341	2.36978981375824	0.124659311189719	0.409293000164673
GGA2	-0.0568732385630318	6.77655160915488	0.73638127677255	0.39144363463316	0.695115963489506
GGA3	0.12503952951881	5.55980594097949	4.51717977336828	0.0342964977843005	0.21445054438422
GIT1	0.114513049899937	6.6961663521725	1.95224445473234	0.163281297025489	0.467688376924957
GIT2	0.0792736674952634	4.72592217097065	2.81253976831531	0.0944744530143889	0.35693369183587
GLT1D1	-0.450671030093638	1.19106878123778	3.17057727126439	0.0758932389407223	0.321064338283038
GLT6D1	0	NA	NA	1	1
GLT8D1	0.0508179777433866	5.29703235183585	1.06827937041458	0.302089143342247	0.619033453191633
GLT8D2	-0.144997094812687	3.49844484801112	0.64543071307902	0.42232773125017	0.719017798948014
GMCL1	0.145498315349552	5.5578953386281	4.07934983966211	0.0442159395197785	0.243242924724689
GOLGA4	0.0592270005594154	6.23159889202332	0.730293334218272	0.39340634193645	0.696440596078692
GOSR1	0.0322379843948431	5.7094025258688	0.336325519211126	0.562352546491526	0.807731223487562
GOSR2	0.111191435455201	4.58819314176466	5.11081155624472	0.0244263773989275	0.17732744324001
GPAA1	0.138536075903134	7.05648405340905	3.87114130207549	0.0499579544138289	0.259278035222553
GPLD1	0.144087980622324	1.35045778187714	0.931359212167594	0.33521468508244	0.649374519165542
GXYLT1	0.183061854056291	4.2738204126749	5.99087500404094	0.0148992441165264	0.135052639200756
GXYLT2	-0.134317498594676	3.29255191018517	0.694366161554405	0.405284256422212	0.705859104014028
HAS1	0.0342733008550763	0.0768652624191524	0.0180382396954674	0.893241846360107	0.959082972127846
HAS2	0.132377267458748	3.76072197923551	0.472176192050005	0.492468978946998	0.767990828000977
HAS3	-0.107207580341402	7.5954103765791	0.266242695999095	0.606207986281036	0.832684758643491
HERPUD1	-0.11866465601256	7.08925566529961	1.28594803811202	0.257616814077284	0.578640011654617
HSP90AA1	0.147059133714962	10.4541040108585	3.57686734167372	0.0594626630063423	0.281669249783482
HSP90AB1	0.134600081851965	10.6433176932811	4.04649184466585	0.0450735341891205	0.245918449055522
HSP90B1	0.0266764442744811	10.1151460325926	0.172183618019103	0.678447284341389	0.869738811881255
HSPA1B	0.111662938476446	7.0272609312841	1.13326635506994	0.287855813334257	0.605934276590941
HSPA1L	0.0363484075999427	1.0426503302847	0.228568630047086	0.632902865838177	0.845371912435623
HSPA2	0.629541184700146	5.04447205465992	7.48320224246957	0.00656350038227513	0.0835477868410991
HSPA4L	0.169460886492252	5.04257752399515	1.5390595647839	0.215636645162269	0.534641967846768
HSPA5	0.103094988989116	9.75642802102207	2.40105449710107	0.122209264742019	0.405452041420642
HSPA6	-0.287912125046416	3.79718977378685	2.80929668616099	0.0946638939539872	0.357328895622074
HSPA8	0.160663877639669	10.2145779032672	4.14506030109879	0.0425522277201201	0.239143914886683
HSPBP1	0.266159267108776	5.73986396279379	11.7956201100786	0.000669229693644327	0.0200777200902389
HSPH1	0.000559349594709319	7.37735684821367	4.62976692459814e-05	0.994575144471887	0.997666539555994
HYOU1	0.00365130051461218	8.15354707712017	0.00182800027507418	0.965922525306504	0.987571243534494
IFT27	-0.00576452415088849	4.90207599207291	0.00443010401114674	0.946972958023968	0.979956107811074
INPP5B	-0.450742073214835	4.66078908267045	12.7384371621004	0.000411206618727022	0.0143247819366905
INPP5E	-0.00784381642411257	4.25180775478328	0.00817728636348976	0.928001536885536	0.972516368431966
IQSEC1	-0.0265401912153027	5.42655976612175	0.0997391079101964	0.752342021840454	0.905208134577733
IQSEC2	-0.0334196488314622	4.35560420797507	0.175920379450994	0.675175039921327	0.868579324736198
IQSEC3	-0.205301766901687	1.10356363500309	0.89884651297037	0.343782991471274	0.657139586808069
JUN	-0.110622224122268	7.73685382756114	0.880084867969043	0.348862605741332	0.661057417997343
KDELR1	0.252033002345821	7.82119216565181	15.5887692799198	9.62011406454267e-05	0.00509938482755594
KDELR2	0.0493884756837122	8.31457199250064	0.470878421240272	0.493063818087629	0.768113032798883
KDELR3	0.0882585796210411	5.05816524305392	0.521875113042543	0.470553093431738	0.754224491564105
KIF20A	0.128641206541999	5.17269568053712	1.76674174911793	0.184701455662444	0.49703311582121
KIF23	0.129946539497322	5.42386096285581	2.20443391132401	0.13856629370401	0.432157090250181
LARGE1	-0.25499408498837	4.59138369055899	3.21037811895655	0.0740860999226047	0.317975281905014
LARGE2	0.145872944439605	6.0031969861574	1.1389438054607	0.286653540501178	0.605071392247082
LMAN1	0.0489172988070095	7.60081937959975	0.427192926941912	0.513823439148059	0.781074859371738
LMAN1L	0	NA	NA	1	1
LMAN2	0.137860974640774	7.27354427254497	5.14356550414996	0.0239768496290091	0.175219893259263
MAN1A1	-0.0833315255387188	5.62012259736743	0.355696895364312	0.551313579967933	0.80144698291858
MAN1A2	0.0919516211257697	6.00161758380287	1.82057783991256	0.178166914815774	0.488461009467185
MAN1B1	0.0978375105041005	6.70743148038563	2.34967640786744	0.126264426868278	0.411995523843309
MAN1C1	-0.160358284303458	3.68908339722111	1.18578839964012	0.276973094661484	0.596760309232819
MAN2A2	0.0457597016590545	5.95129458546999	0.237427597297087	0.626392850980392	0.842960856386207
MAP2K7	0.0479049964346783	5.39213687385711	0.470838393936709	0.493082183956063	0.768113032798883
MAP3K5	-0.0324318999216599	5.63953860259099	0.103728756545712	0.747603406159786	0.902934553852867
MARCH6	-0.121633841968335	7.69080477128557	2.62373455798019	0.106228920054239	0.379275638323281
MCF2L	-0.051945500170019	4.96925886612454	0.107906217952127	0.742748344977841	0.900745869996321
MGAT1	0.00505857263537213	7.52128651443583	0.00473889640577871	0.94515883869791	0.979003625029263
MGAT2	0.18113545212234	2.15349274220341	3.43174094380465	0.0648448972735096	0.295549662629695
MGAT3	-0.61513682841355	3.83021148540821	6.50568782240495	0.0112028330381774	0.115221661294525
MGAT4B	-0.0311308406896899	6.78386573462799	0.188701369923048	0.664282759501442	0.862507147731149
MGAT4C	0.259947623945064	0.202780156964996	0.608055280372919	0.436078299444068	0.728783855031431
MGAT5	0.0965986097076351	6.5530509566199	1.06215831993285	0.303476070830526	0.620091422316695
MICAL1	-0.131347981568741	5.25295384353369	1.20915704447648	0.272298418166049	0.59271784767651
MICALCL	0.159883609936034	1.84475506663679	0.840524780390457	0.359914358270759	0.67024585889799
MICALL2	-0.139402267613139	5.52948539960819	1.02379221411074	0.312360390389369	0.629151198821148
MOGS	0.119728607795512	6.66931096961984	3.89746177134336	0.0491903510258087	0.258060149227704
MON1A	0.145515373348719	3.19829481283948	7.58994060095454	0.00619426506676015	0.0804125209283271
MYO5B	0.0198765269580515	5.7051709363554	0.0215901091241015	0.883272222084914	0.955372512282795
NAPA	0.102623924253531	6.22548610688384	2.95860911879959	0.0863562753906547	0.34210633946283
NAPB	-0.0506051963692067	3.90762164575987	0.407482099845308	0.523691761780331	0.786642340517657
NAPG	0.0635909097482475	5.21010689638059	1.01220722891086	0.315109700381517	0.631172722530575
NCKIPSD	0.0737557163408391	4.67721042099165	1.431590290568	0.232361575898243	0.553714897406941
NDE1	0.116480261173057	5.89941754816546	1.7552838013809	0.18612795550636	0.498866455311816
NET1	0.0462268268032229	7.35837699483301	0.247681043861879	0.619043208679182	0.839105352226076
NGLY1	0.0444784628248885	4.69590566461866	0.7414852020006	0.389808995095721	0.69399702774193
NPLOC4	0.197988137452829	7.51927761825385	12.3958517633408	0.000490611830740262	0.0162270533252083
NSF	0.198165875128367	5.65196069134816	7.68606292228036	0.00588000111389033	0.0779204745311432
NSFL1C	0.151571448644711	6.78678628696378	5.93277230826024	0.015389206071624	0.137548937388156
OCRL	0.106648114963329	5.67519099965324	2.88421334614953	0.0903916461303737	0.349872116309558
OPTN	0.0239340156002889	6.31081650050343	0.0739913824375511	0.785781212537827	0.918660917318718
OS9	-0.0631567527242773	8.26829922270155	1.09045604624333	0.297132377690834	0.614545702739859
OSGIN2	0.237315517721099	5.05731790396676	6.72030444874131	0.00995489126436712	0.107789746154558
P4HB	0.212832336582004	10.2810458033079	8.68793481680552	0.00343076878105151	0.0560164450597969
PAK1	0.119665610355111	7.10196415526841	1.5837772441906	0.20910457431906	0.526980854472598
PARK2	-0.498055003059579	1.29599451431714	7.75351028950911	0.00566929053118786	0.076128226872207
PDIA2	-0.252283174357273	0.787870013959798	0.67538291121005	0.411772841582508	0.711536665858949
PDIA3	-0.042647432768652	9.25693362635815	0.360241388374901	0.548782984861622	0.800300255781515
PDIA4	0.233728686678124	8.8461369795653	7.34318480197553	0.00708239101442627	0.0873518944728855
PDIA5	0.0289088066889719	5.53370083840405	0.146446771004393	0.702200014607858	0.880257929026035
PDIA6	0.110694955702857	8.49974420384455	2.27313948414428	0.132587035545454	0.422999205988669
PDILT	0	NA	NA	1	1
PGAP1	0.168802168140916	5.5453366346434	1.74406161676969	0.18753757518578	0.500529117415099
PICK1	-0.144043430373524	4.89985226145994	3.4127873353598	0.0655854688540226	0.297531771720955
PIGA	-0.0572449974430567	4.4681142007526	0.53712298228622	0.464146306154601	0.749662856458241
PIGB	-0.0410151993785238	3.4070068728861	0.41699094990435	0.518889832948599	0.783848517314888
PIGC	0.137563298999202	5.32688729735067	3.54620851342187	0.0605585246261446	0.284446035087697
PIGF	0.180281218840059	4.11246896017699	4.48608505107931	0.0349169787049743	0.216319081736472
PIGG	0.109897165451231	5.38601531211443	2.10300509005794	0.147957055941178	0.445980056568669
PIGH	0.157849468118782	3.96956483441108	4.74511246744511	0.0300870774248585	0.198972475152486
PIGK	0.195409156668205	4.94917179096477	7.18876302336756	0.00770376465536993	0.0917746944675132
PIGL	-0.0403840482055045	2.91892434181079	0.252207988299991	0.615858626913901	0.837409125537841
PIGM	0.116360686143295	4.42584602595306	2.54658992493696	0.111487084225849	0.387430644332542
PIGN	0.163929371292346	5.29808611357118	3.4847225515115	0.0628218929400259	0.290283943142624
PIGO	0.224651648722024	5.77775453435289	5.68924407653805	0.0176315853909297	0.148676737395133
PIGP	0.188519460724995	3.82825234149399	6.50996410706807	0.011176453873555	0.115138228303443
PIGQ	0.0253916707281482	5.40098107870636	0.116699105044475	0.732859341151117	0.896395751672713
PIGS	0.00336307426616999	6.55968866387801	0.00204953601583923	0.963917969168136	0.986723256000767
PIGT	0.0411174728795543	7.57075644052995	0.333007252735658	0.564286002182975	0.808589512242661
PIGU	0.201448893026121	5.31200370953776	8.46657814752932	0.003862205504901	0.0602111123497476
PIGV	0.108528056199701	4.13505863506333	2.78759934366232	0.0959420547614565	0.359964836173814
PIGX	0.0353591495991812	6.20744466372707	0.0910043376064774	0.763093691202287	0.909310624081994
PIGZ	-0.212662961463336	3.20887540472463	2.65487075610268	0.104184624824803	0.375694660654348
PIK3C3	-0.0291350811994911	5.14233668177132	0.189437395718017	0.663669002519107	0.862392132889121
PIK3CA	-0.0313071357180367	5.89657223657811	0.102562145655775	0.748978470107037	0.903648663963795
PLAA	0.488040168260193	5.32470183516958	23.9154012131517	1.57343459304158e-06	0.00018582646308356
PLIN3	0.118338485342836	6.30738338986604	2.0573871784301	0.152413971709915	0.452272909556164
POMT1	0.0907491917349918	4.71181363463392	1.70777419894206	0.192181796179778	0.505971451425467
POMT2	0.180412121394748	4.68218541384954	6.85392815324381	0.00925112610094992	0.10320592478167
PPIA	0.0677713571448047	8.79605395360282	0.678869087425966	0.410569836484027	0.710327413185283
PRKCSH	0.0900627244528042	8.51181155318681	1.92591146863552	0.166140125167744	0.471022207926195
PSD	-0.240000308392982	2.66166747864413	2.81744941907956	0.0941884493633879	0.356311960552654
PSD2	-0.923300830303557	-1.1900703164276	12.5861195523868	0.00044476176628362	0.0151025625855438
PSD3	-0.425502254128126	5.51195146093763	13.2174042209037	0.000321502487739289	0.0119384919181839
PSD4	-0.0412644922467444	6.02129918581853	0.249282509966517	0.617912493415564	0.838633572190575
QSOX2	0.104352411384794	5.19993963171019	1.40713783959333	0.236383063650344	0.558835787194544
RAB10	0.156929067210051	8.1107944923289	4.87650366672932	0.0279099142680013	0.190101885017038
RAB11A	0.0344867676350829	7.39181401870706	0.267872241699593	0.605108463594814	0.831943266350442
RAB11B	0.0589979712545091	6.75946723947981	0.667928431394171	0.414362771467603	0.713162307535696
RAB11FIP1	-0.121979490153325	6.38007937112145	0.636387279827923	0.42559409233962	0.720513150803059
RAB11FIP2	-0.0855599059746417	3.85065137266004	1.66439069471177	0.197912297890202	0.513902808259605
RAB11FIP3	0.0559517487588695	5.3489873844694	0.530391649237199	0.466957260275272	0.751171658359368
RAB11FIP4	-0.121998241557041	4.78924337156167	1.47469775288384	0.225471798801267	0.545507916536171
RAB11FIP5	-0.00512081822652214	5.54663906544286	0.00439325449281015	0.947193632399481	0.979997797696357
RAB12	-0.00448424729997123	5.79272522840033	0.0046865479668104	0.945462105613747	0.979069186325873
RAB13	0.0447829699584051	6.56055559682904	0.524815635492007	0.469306523846333	0.753323625859814
RAB14	0.120388406521773	7.084784316556	3.88898256393284	0.049436260488341	0.258717327976184
RAB15	0.254776058642592	4.95737045578189	5.02081919936976	0.0257073072860305	0.182238124179995
RAB17	-0.070818435423572	3.3682595605734	0.137092642521546	0.711425460872567	0.884955946698808
RAB18	0.118493136445512	6.72390566433278	2.02849951363019	0.155315215398544	0.456144470283967
RAB19	0.175785966787715	-0.749803650186548	0.852032490757928	0.356650497345856	0.667498978952871
RAB1A	0.128092462303808	7.8030376010598	4.67802713810738	0.0312665793070341	0.203557405364003
RAB1B	0.115588703478248	7.66187115665229	3.51215162931965	0.0618012115473736	0.287799410035288
RAB20	0.288646053320273	4.27332806058699	6.55294569254129	0.0109148441041171	0.113843867229491
RAB21	-0.028959518418829	6.46873599541784	0.187414246033105	0.665359495835978	0.863003287430389
RAB22A	0.00800438084198487	6.1121499872702	0.0173834413375849	0.89518600352713	0.959719626772145
RAB23	0.137336030673654	3.87299107004877	2.26138578154271	0.133589049314541	0.424523613557229
RAB24	0.00705490031020544	3.0450658031934	0.00546034636799947	0.941139250275513	0.97747511425595
RAB25	0.10991900713697	6.72660797124721	1.36302439915076	0.243854511532278	0.565947237222774
RAB26	-0.0588595305640593	1.62225448603338	0.100825707486722	0.751041246494742	0.90452251578948
RAB27A	-0.0834742647968347	5.04399874136014	0.8503472733395	0.357125910004103	0.667856243294044
RAB27B	0.115215426230415	4.80544284435821	0.610582135803473	0.435127364502665	0.728099289651947
RAB28	0.0609492216891438	4.00265972236578	1.01903339096378	0.31348591997019	0.630068704001185
RAB29	0.0737560680822075	5.02839577544085	0.747631087994974	0.387853604264144	0.693085897902789
RAB2A	0.0985552272052581	7.15953602806982	2.28118278645817	0.131906195061647	0.421524357405453
RAB2B	-0.0186104265306206	4.65865289262105	0.0951353559345132	0.757941464015277	0.908134007054157
RAB30	-0.0879769862433046	4.57190655172189	0.737003259936399	0.391243905320976	0.694967438864721
RAB31	0.08503268316808	6.94953001497842	0.535163986652143	0.464961565531588	0.750189251241582
RAB32	0.183384732355314	4.91019893542264	2.71544078116688	0.100330599641369	0.368719583830773
RAB33A	-0.0774214642140698	0.211407602760588	0.361735265316812	0.547955864175211	0.799657493284848
RAB33B	0.248183040576804	3.51985366189075	10.2573526567637	0.00149368929674725	0.0345073583621638
RAB34	0.0375981306528966	6.38982323969484	0.225274286749196	0.635363284781306	0.846593893899316
RAB35	0.173876867580402	5.97041665096798	11.9822311949182	0.000607555082691716	0.0188425895669314
RAB36	-0.111492349100778	3.57724770294772	0.692197378374762	0.406017928937447	0.706489871891945
RAB37	-0.171459707646041	1.85713737680411	1.35795099053666	0.244732165977716	0.566620054444783
RAB38	0.140459429415357	5.25298389080686	0.649867773431499	0.420738869831152	0.717713575528925
RAB39A	0.38935004985085	-0.227870585438715	4.41369475545205	0.0364076517832755	0.220752731611541
RAB39B	0.21781918309199	1.229834447837	1.31355849852068	0.252579444248299	0.573274208196227
RAB3A	-0.0273944613514598	1.79300661343646	0.0563639218295772	0.812484965985761	0.929321447839771
RAB3B	0.671421674344761	4.35167462165904	7.02190866374954	0.00843845622002934	0.0971485799063863
RAB3C	0.055430826242336	-0.551365983537857	0.0423012210484883	0.83717312004239	0.938475879763276
RAB3D	0.254757464128565	5.57309096276276	5.99865064118174	0.0148349105258234	0.134671173131125
RAB3IL1	0.0847846168944356	3.59594558064392	0.623922179558631	0.430159116330753	0.724391901334344
RAB3IP	0.0741608947908822	5.03266416986669	0.563781583647026	0.453274154699803	0.742122868130785
RAB40A	-0.153657530368848	-0.334526717197189	1.02795845505763	0.311379352037251	0.628238254960487
RAB40B	0.0375597288468755	4.80246082125873	0.100864460183983	0.750994998224659	0.90452251578948
RAB40C	0.0929835752264401	5.4318034202026	1.38494568906678	0.240106276847569	0.562551832150495
RAB41	0.0727917134539521	-1.29007733544004	0.513231051560698	0.474248745157977	0.755983522444937
RAB42	0.489419597297415	2.61755265495656	12.9495196758763	0.000368903971289493	0.0133505740641105
RAB43	0.0115016819079339	1.56446292575997	0.0119503624892187	0.913016754890909	0.966784356069299
RAB44	-0.254433384304023	-0.949050675915554	2.55439526776804	0.110942222536687	0.386840985658433
RAB4A	0.0767989711826038	5.49811196758792	1.29185492791627	0.256528761704725	0.577311139148911
RAB4B	0.200420066839137	4.09559751376046	4.44440083305483	0.0357673355599207	0.218346687151094
RAB5A	0.0274447183076626	5.67108337220845	0.2874681223241	0.592207804207441	0.82479540261858
RAB5B	0.0592875668407978	7.48747542323481	1.55135543531027	0.213816600244719	0.532362828453524
RAB5C	0.0676107818691386	6.75918116723999	1.75260517975856	0.186463290761835	0.499277010908514
RAB6A	0.097155834992787	7.47072112729852	2.10370052559561	0.14789026537716	0.445954815673985
RAB6B	0.239572420545421	5.80712296646903	0.963446021637706	0.327037221897838	0.641667623453312
RAB6C	0.0627581479765811	-2.44293144288297	0.105077059787102	0.746024777566573	0.902079344131484
RAB7A	-0.00307193322970065	8.71019717042488	0.00228083109279059	0.961937880269113	0.986133865598111
RAB8A	0.154797412940754	5.53793033559731	6.59494358137615	0.0106653181780762	0.112261656425535
RAB8B	-0.0158559606317056	4.90537179327758	0.0314223154488488	0.859409937699237	0.946985891208639
RAB9A	-0.0438069022676558	4.82063877652741	0.301180302034735	0.583513491291137	0.819111338529912
RAB9B	-0.227974469239547	0.391099029682068	1.55255370659614	0.213640213160045	0.532308655018819
RABEP1	0.0750421648086732	5.57356506779245	1.49415954045818	0.222442091015312	0.542282592821446
RABGAP1	0.0637222734370658	6.03009799437913	0.945880112135549	0.331480535300862	0.645965489389018
RABGAP1L	0.0674034573472958	5.63693365716063	0.683978731494648	0.408815950686108	0.709268576285299
RABGEF1	0.0904331714246944	2.83429613754167	1.41342488664654	0.235341070032842	0.557518849957449
RAD23A	0.110192206678082	7.04594611812842	2.0935800078322	0.148865634874543	0.447334478933769
RAD23B	0.122206584776905	7.820654583965	3.22834301405219	0.0732856657766568	0.316334329491645
RALBP1	0.102277375550498	6.55800197799899	2.09123943275169	0.1490922463995	0.447334478933769
RASEF	0.0319602122928291	3.92623256375249	0.0401283065439888	0.841352971488861	0.939935872783735
RBSN	0.0239084583424224	4.71868427179326	0.231409857678937	0.630798304309189	0.844751244296132
RBX1	-0.00265647295898516	6.23846580021733	0.000948843499046814	0.975444974778544	0.991250177953699
REPIN1	0.339504472531837	6.64789385379969	11.2252582158609	0.00090014841717651	0.0247091761091389
RER1	0.0771202803782133	6.65302435886357	1.47486455965266	0.225445621003683	0.545499093555883
RFT1	0.053176710496835	4.62063678218672	1.05862408058509	0.304280629287282	0.620844287516803
RFWD2	0.0900812012782784	6.09165476433626	1.89014716012016	0.170115463035472	0.476903533965257
RNF185	-0.0284077422467203	5.50942232983355	0.188210546505548	0.664692838712432	0.862623371993127
RNF5	0.0924929762558903	5.37777549064338	1.30679387387564	0.253802269124252	0.574524294921126
ROCK1	0.0455956894498779	5.92448617492168	0.529463995666056	0.467346782034409	0.751623019784449
RPN1	0.0629120263746236	9.05908906242577	0.84073248077921	0.359855085181131	0.67024585889799
RPN2	0.0620975945468235	9.00717574932639	1.00023290966294	0.317984877014374	0.633588334902066
RRBP1	0.0794927842977952	8.11425720894994	0.784779989413433	0.376326491781528	0.683513930421798
RUFY1	0.0237709860148146	5.26686427741834	0.15172125085731	0.697146410736294	0.878430622489553
SAR1A	0.134473743089162	6.79957040801935	5.12784031816587	0.024191581586482	0.176257111583002
SAR1B	0.103695583935153	5.65291213761657	2.03837642880936	0.15431624079845	0.455239491406272
SEC11A	0.0592432561417463	6.88939155258461	1.02475815523634	0.312132577528119	0.628967277114713
SEC11C	0.447647360740933	5.87381093546613	11.6093986804241	0.000737124267547308	0.0215249982962817
SEC13	0.156693398548021	6.70730529544207	6.11178763752605	0.0139306884811612	0.129684140060604
SEC16A	0.00735932304088101	7.00108099156732	0.0111516236211849	0.915962714317169	0.968313379520859
SEC16B	-0.0409528550733324	-1.82246844969961	0.0544974111958601	0.815558806959225	0.930106079799855
SEC23A	0.17561068662379	6.12246479998657	4.46290915537697	0.0353871100536494	0.21736461781705
SEC23B	0.115941823980729	6.48358336099505	3.76479017331544	0.0531915832787343	0.26708237326481
SEC24A	-0.0163522894229676	5.26379297430587	0.0502456786216295	0.82277465115796	0.933326530118021
SEC24B	0.0792272168853113	5.4708413048546	2.0481880135673	0.153331113028028	0.453655737363564
SEC24C	0.149799532806545	5.8510333326381	3.9377034428291	0.0480408498128507	0.255573943049644
SEC24D	0.0351862046431559	6.12365497086753	0.155455845004203	0.693629101637879	0.876713869995024
SEC31A	0.0200866400712306	7.55125545162903	0.126640370163258	0.722167915499302	0.89115009389832
SEC31B	-0.2512637001885	2.28907423941416	2.89239906086695	0.089937742099966	0.348732010567309
SEC61A1	0.0519306578512674	9.11909724739918	0.833778158986278	0.36184705479097	0.671813021564846
SEC61A2	0.0970705861780859	3.1384170132449	1.46547787089053	0.226924432414347	0.546771526844035
SEC61B	0.144245907727466	6.21352998166154	4.8224190511687	0.028785430248838	0.193590014376283
SEC61G	0.123563652465727	6.41382642193181	1.02601953174685	0.31183541464718	0.628695732646552
SEC62	-0.058376175565516	7.63754985720206	0.457404620420993	0.499311831021784	0.772174601578583
SEC63	0.0479546615902532	6.66780090372615	0.707835146696406	0.400770955863829	0.702509818449114
SEL1L	0.112480638589392	7.10425009449232	2.61568020670378	0.106764904463408	0.379949085797487
SELENOS	0.0924414629268915	6.22421064358525	1.73944630122165	0.188120919748144	0.500771736958861
SGSM1	0.397010554554444	1.34165962087102	3.38692333357348	0.0666107215171129	0.299939328657163
SGSM3	-0.11508264866879	6.00758089329956	2.84462831581992	0.0926222017434724	0.35353557093035
SIL1	0.0196032544286683	5.56495935184171	0.0955504111588658	0.757430628620247	0.907908799206294
SKP1	0.0890527555067719	7.71469950709317	1.47335999402611	0.225681872275593	0.545526515328833
SMCHD1	0.0589604911182031	6.02396380104357	0.55999598987216	0.454793352065077	0.742882326733746
SNAP23	0.00623703802724442	5.71864957818841	0.0108712021107826	0.917022168947336	0.968694618247922
SNAP25	0.0232137356697492	1.81829818593592	0.00795362743918362	0.928990334827287	0.972976441546454
SNAP29	0.200944096359593	5.54329783961942	9.17076580112031	0.00265240617698067	0.0481389849706739
SNAP47	0.127132747422729	5.36500499823848	5.84919426196859	0.0161234404374656	0.141078647065948
SPCS1	0.0423844990452494	6.27064649617043	0.496325005910687	0.481614832092978	0.759881179524477
SPCS2	0.0576578392684137	5.45371584364143	0.893670619059507	0.345174248009199	0.658172855109644
SPCS3	0.108155540643429	6.9591537561729	2.17745482153615	0.140996703411219	0.435706991828498
SRP14	-0.0285002186974468	7.5404924037392	0.255413707072546	0.613625079342238	0.836089564362746
SRP19	0.0802847949360589	4.26364546974944	1.71805229339166	0.190852835019284	0.504007197715083
SRP54	0.175717659045322	6.10920079454056	10.5263577342162	0.00129698822064189	0.0312197263303261
SRP68	0.216320147073289	7.02891776513256	15.361307917929	0.000107918741289235	0.00550067504284982
SRP72	0.11594027288355	7.05279326990124	1.99702080404824	0.15854859634588	0.461150896940185
SRP9	0.203540184992882	7.410955791572	6.8082347719055	0.00948582881463119	0.104772537149195
SRPRA	0.033902384014726	7.75485548192076	0.297484183279809	0.585831353278281	0.820333307936406
SRPRB	0.119271432268303	7.02665466478875	1.95407673976438	0.163084485062904	0.46743677848443
SSR1	0.0689977926342602	7.94440835216467	1.15198859507555	0.283915271359622	0.603101284690339
SSR2	0.116517189270672	8.07889168193828	2.26036676045763	0.133676321263069	0.424523613557229
SSR3	-0.0547518043262653	8.07165993148525	0.421280508480511	0.516748975694129	0.782402870508515
SSR4	-0.0422383118855595	7.84895129457078	0.185432255593136	0.667026140629169	0.86401320498492
STT3A	0.0803619364702516	7.55749384968404	1.62237304756579	0.203655084353103	0.521185581194992
STT3B	0.0331392538938911	7.45680416890965	0.346025286553214	0.556773018633246	0.804249839158136
STUB1	0.143142318960186	5.33134595013394	4.08707303602182	0.0440168799508178	0.242865725729008
STX10	0.103795210045496	5.26007499218015	2.02905447208482	0.155258890593545	0.456144470283967
STX11	-0.13188380697251	3.09585596511012	0.84043070089196	0.359941210912051	0.67024585889799
STX12	-0.0598677957895876	5.7226410405302	0.90374653938808	0.342472878705982	0.655826217381202
STX16	-0.0768982295173422	6.30758742245583	1.11467935742428	0.291837169556934	0.609477245936593
STX17	0.107871605411931	3.958497120385	2.82525093120719	0.093735929323037	0.355560048696058
STX18	0.0263379784697238	4.68317908876317	0.217205736133573	0.641483912426783	0.850510819091407
STX19	0.238513066882228	1.02034577069461	2.72232211244073	0.0999027437539948	0.367968229842685
STX1A	0.12445553977683	3.45707080232372	1.02263962733367	0.312632507534534	0.62934610791707
STX1B	-0.241582989072388	0.420558246641008	2.34663585718098	0.126509074132644	0.412235692304905
STX2	-0.0186454272179059	3.53679058049703	0.0341702998406848	0.853458273217555	0.945338414129778
STX3	0.158948821068039	5.44881943849643	4.29569378902582	0.038982836408744	0.229247863077994
STX4	0.089701133125692	5.44439646360089	2.17689963928971	0.141047219193335	0.435739980080366
STX5	0.0571082930627413	5.65574988702896	1.17300461746835	0.279573224765169	0.598739260927864
STX6	0.0893654005728885	6.4760461238263	1.88902869423515	0.170241539207799	0.476954677842494
STX7	0.0603073005641025	5.65199031609453	0.776181606758025	0.378950886995282	0.68591068023119
STX8	-0.00937155300701032	4.4181795302908	0.0135694178224184	0.907336578493275	0.964888298262303
SURF4	0.144299693619078	8.30355971156949	4.82787806110689	0.0286957710492946	0.193094305968447
SVIP	0.451143236123249	4.25004575327136	11.1958306000418	0.000914056903691717	0.0248865562078114
SYTL2	-0.294333642965569	4.25515592352686	3.97820291824782	0.0469126988638223	0.25172946635461
SYVN1	0.0387959054824373	6.36547934202572	0.33254207808001	0.564558071700967	0.808683657767984
TBC1D1	0.137362667425136	5.41295271007227	2.31144517697435	0.129379447244556	0.417097975664173
TBC1D10A	-0.164489355380653	4.89525623095957	4.3070346372159	0.0387272075923649	0.228354706044507
TBC1D10B	0.15673800763944	6.32466933923679	7.97788094851538	0.005022394244776	0.0710263943109064
TBC1D10C	-0.201807597196537	3.41321654943284	1.55212191109129	0.213703754011535	0.532362828453524
TBC1D12	0.173887345799166	3.17071450415896	7.75385687446303	0.00566822800585418	0.076128226872207
TBC1D13	0.0142606128082495	5.15523225529099	0.0431129121215868	0.835640527253609	0.938156596898448
TBC1D14	-0.0458085023982749	5.13548091932743	0.259640182427598	0.610707081861749	0.834559309879348
TBC1D15	0.0409821548544302	5.61902805486647	0.406415046305052	0.524235535496666	0.786922099938607
TBC1D16	0.0243513367331316	5.88377504798894	0.0602060015789326	0.806322735854799	0.926832823329086
TBC1D17	0.0440242349207174	5.64677335148093	0.396748249445748	0.529208040337457	0.789686031717114
TBC1D19	0.00553369689436183	2.44726205900498	0.00548165031712395	0.941024747129999	0.977436900518768
TBC1D2	0.0760045896981973	6.14927861972905	0.482855107031066	0.487619498636478	0.764214542144551
TBC1D20	0.130866512316265	5.81449914092045	5.23643188803891	0.022748597805842	0.169884732102789
TBC1D21	0	NA	NA	1	1
TBC1D22A	-0.101871409925417	5.63878969409448	2.46335822391586	0.117485035509896	0.397377786355139
TBC1D22B	0.110162839198567	4.68703037709921	3.67232989718731	0.0561839759913424	0.274768136348564
TBC1D23	-0.0371605515279289	5.75596581490318	0.233361914485076	0.629361578137373	0.844139865001223
TBC1D24	0.0139449516371983	4.1023876834389	0.0345181937292171	0.852722704419346	0.945115158448283
TBC1D2B	-0.0609464037540518	5.6466332151242	0.581409328201285	0.446303581384501	0.736568235098852
TBC1D30	0.0850603486354924	3.58468919109235	0.405794881780024	0.52455203495437	0.786983097379125
TBC1D4	-0.112246778386957	5.2963723895961	1.36665585718055	0.243228666454199	0.56547044781281
TBC1D5	0.0519316778400619	5.75017187244092	0.667685249779375	0.414447666687372	0.713162307535696
TBC1D7	0.0675902840028839	4.73132941297362	0.588694782111003	0.443471337306327	0.734346798955167
TBC1D8	0.0195423011807244	5.36957530208566	0.0532618533530752	0.817624215350856	0.931003284491043
TBC1D9	-0.0697723138036673	5.50741787434526	0.507095987506231	0.476900414611042	0.757378546287172
TBC1D9B	-0.0420988072861283	7.10495557470547	0.452979852389148	0.501392976898957	0.773592614997228
TMED10	0.154368640675013	8.60572856525506	4.99462852114146	0.0260931265567419	0.18375238134534
TMED2	0.225267609377307	8.65011701364844	8.60499381393292	0.00358633769264609	0.0575406374265437
TMED5	0.120398268405939	6.04527493832539	2.01026346315043	0.15717908706295	0.459064510197608
TMED7	0.0775254565799532	6.5109753859792	1.02361436173708	0.312402359781315	0.629151198821148
TMED8	0.131415478117246	4.892050692327	4.27083166108326	0.0395494852135916	0.230876443108815
TMX1	0.190420610609311	6.24862668755034	6.54740772062535	0.0109481937356968	0.113860274284775
TMX2	0.103795443862072	6.651063285403	2.65182349572418	0.104382773430408	0.375881487172375
TMX3	-0.0104485619119129	5.65785516394598	0.0245647783550229	0.875551996178408	0.952949505077228
TMX4	0.0111357293997487	5.92916428943543	0.0122273126518589	0.912018674389892	0.966340661954209
TOR1A	0.0947152007379581	5.57479788549343	2.47929899806077	0.116309150510272	0.395222574456728
TRAM1	0.0716996471715193	8.05297343221887	0.652445243246489	0.419820011738084	0.717115026857203
TRAPPC1	0.107694518231506	6.10039667533942	2.65342787349878	0.104278396875198	0.375881487172375
TRAPPC2	-0.0487095941922308	3.98332026064081	0.38292794145884	0.536466121785011	0.793679658767371
TRAPPC3	0.063447461382675	5.91716186952803	1.12421081972141	0.289786787741766	0.607185453744345
TRAPPC4	0.129993945323579	5.36693425422208	3.67180634747571	0.0562014221708223	0.274768136348564
TRAPPC5	0.372490805419211	0.0276200030083341	8.43089971424937	0.00393677007004364	0.0608117283873786
TRAPPC6A	0.0267303632606255	4.51791616440952	0.0668244636735622	0.796178447457887	0.92208901164714
TRAPPC6B	0.18495246651834	4.94591343366153	8.0072607740574	0.00494347678033593	0.0703624434619125
TRAPPC9	0.149062013514443	5.33437776668316	4.49385667975643	0.0347608019206135	0.216043995768073
TUSC3	-0.190063587286374	6.30212512715868	1.9392126894872	0.164688967229453	0.469092304187327
TXNDC12	0.0753097625671342	6.66906406336	1.5760104482401	0.210222012192745	0.528690467700149
TXNDC5	0.0109562021222244	3.75092866992115	0.0119225997621437	0.913117449508934	0.966812190365419
UBA1	0.00139336703102098	8.59905025668687	0.000575708173917576	0.980871920134869	0.993012337795748
UBA5	-0.0702827815974352	5.56156730396257	1.28971824728025	0.256921681219142	0.577691163172762
UBA7	-0.166216145350629	5.20797508614561	1.83848190193901	0.176053485534617	0.486019214197888
UBE2D1	0.169408321220338	4.70573085424867	5.09390084286256	0.0246618986149244	0.178288810799025
UBE2D2	0.0864390295454862	6.49715693349269	1.99616835588376	0.158637219354139	0.461203905888749
UBE2D3	0.127748898398687	7.9791600548665	4.97105109724918	0.0264456220841699	0.185157592909149
UBE2D4	0.054767858904485	4.18565054895572	0.54319131935772	0.461635333713525	0.747552208182606
UBE2E1	0.0267560018589368	6.11697144872435	0.155485257147994	0.69360159544241	0.876713869995024
UBE2E2	0.0174689379389304	4.42055814149766	0.0334745808143319	0.854940972226622	0.945803086740675
UBE2E3	-0.0450704764886144	6.15727362072998	0.471539257447815	0.492760770218396	0.767990828000977
UBE2G1	0.0899941652434511	6.03952852793059	2.00187835702646	0.158044668965096	0.460331209872909
UBE2G2	0.117599496511366	6.17695731828688	3.60168627747127	0.0585910595456581	0.280456419557614
UBE2J1	0.0504760939069086	6.42240406669792	0.517910652450949	0.47224222970959	0.75503246539648
UBE2J2	0.102720182105075	5.74891625087699	2.74890006996164	0.0982689134503916	0.36445904772479
UBE4B	-0.00562455620133326	6.32502208953245	0.00630673255116929	0.936750586767037	0.975878997377574
UBQLN1	0.0694987238925634	7.32215312485658	1.20962891167784	0.272205052267213	0.59271784767651
UBQLN2	-0.0721031669843825	6.07872489030105	0.932480317032321	0.33492438380668	0.64922772268563
UBQLN3	0	NA	NA	1	1
UBQLN4	0.159747138926044	6.06222878842372	5.97557562245376	0.0150266716680088	0.13569964481692
UBQLNL	-0.373859814300716	-1.63157571408696	5.02614268259776	0.0256296171810537	0.182197562438294
UBXN2A	0.107647358974299	5.13639747120345	2.52106395657266	0.1132897211168	0.390611080221918
UBXN6	-0.0183814224036728	6.85002918343694	0.0917732816973526	0.762125125230572	0.909028281018902
UFD1L	0.223424663202929	6.57123927313226	8.2298282880901	0.00438541823809022	0.0652182806894363
UGCG	0.120999882140333	6.35568853632784	1.71376858804881	0.191405407122057	0.504915701877545
UGGT1	0.0382205104102994	6.9471257822854	0.39936078390259	0.527855880709782	0.788925624223663
UGGT2	0.0807298633436133	4.18795301049692	0.94904374938673	0.330674373031987	0.645492377686053
USE1	0.132515082782675	4.52089359734763	3.27231117824944	0.0713656935743393	0.312068391097852
USO1	-0.0217613957489579	6.60741176356666	0.0997047274159655	0.752383305889218	0.905208134577733
USP6	0.479972101913512	0.0405466035500505	8.30802363447876	0.00420503119981845	0.0634713281663369
USP6NL	0.0502051560938582	5.01383226578796	0.509795537039339	0.475730658641943	0.756873004244631
VAMP1	0.014217232915698	3.3332126672635	0.0163784214232945	0.898243954241102	0.960828151282642
VAMP2	-0.177633363121021	5.47371902607881	4.37229892240263	0.0372900321608873	0.223391026097878
VAMP3	-0.00298124714233838	6.73785646093741	0.00210245042534282	0.963455482050801	0.986626132966846
VAMP4	0.0513010315245225	4.70004378112433	0.430282673425234	0.512306075177333	0.780111509191774
VAMP5	-0.0284634534831317	4.65636269388998	0.0426638358803335	0.836486571680625	0.938426226169298
VAMP7	0.121329654712086	5.63523409827464	4.11201248774579	0.043380528960141	0.241778542047416
VAMP8	0.115162011207046	7.10226914672022	1.60256074073927	0.206431149807105	0.524164086835848
VCP	0.244526104592149	8.89965039391517	7.44853322679787	0.00668823015986277	0.0846022677118273
VPS45	0.0941833371158777	5.39542358362009	2.18053282658141	0.140717007084079	0.435164064186057
VTI1A	0.0902016555686965	4.42053521519852	3.56668183244986	0.0598243618483666	0.282450784850001
VTI1B	0.154149857943672	6.10678340171452	5.96545973678284	0.0151115453210759	0.136039703196531
WAS	-0.0879362754115445	3.76388253325215	0.398843041957589	0.528123353783704	0.788942711078995
WDR38	-0.844689629114484	0.891183888236531	6.09341178450205	0.0140735824672783	0.130530722966928
WFS1	0.0918827326364664	5.48840539978611	1.17465381949075	0.279236060308563	0.598328708002926
YKT6	-0.0626772078294963	7.24050032481336	0.755970890536669	0.385222548719495	0.691578164544542
YOD1	-0.091701566438919	4.2491156121345	1.47321402960067	0.225704807899257	0.545526515328833
YWHAQ	0.104473160599988	8.7967989846542	1.67318164844808	0.196735058437449	0.512294986384112
