pspGenes	logFC	logCPM	F	PValue	FDR
A3GALT2	0	NA	NA	1	1
ABO	0.0394367449867725	4.90473687096862	0.00728121999033667	0.932230956633805	0.985790964354047
ACAP1	-0.0178653203307166	3.61082679982332	0.00525352572669323	0.942415799328345	0.988237214558534
ACAP2	0.0625102959701921	5.32592105418939	0.131368791080214	0.718056949767113	0.924503474855042
ACAP3	-0.179636659261519	5.64546424820883	1.09685115749535	0.298389386545259	0.724889822717753
AGAP1	0.0730282974407297	6.01200432920509	0.209673801449991	0.648373794565956	0.897839069476433
AGAP2	-0.159975199573211	2.18887308469754	0.240144311364463	0.62556123423421	0.890003617588536
AGAP3	-0.0497987215717312	6.27425150160196	0.101648470341365	0.750764404528684	0.935222396305617
AGR2	-2.5176134284711	4.24819155161624	7.95926522133485	0.00614805127949399	0.180863570822665
AGR3	-1.32341252652487	0.11990774619864	2.95614837642202	0.0897596285619539	0.49432741548104
AKAP10	-0.276804732031121	5.2051385233973	4.37332229539412	0.0399613970988547	0.374869493481946
ALG1	0.170563470442047	5.14030816937726	1.28872930606051	0.259969987414464	0.69049947490483
ALG10B	0.100098795957837	3.97615739483903	0.327392519449959	0.568944176522298	0.868305663304755
ALG11	0.055012513655938	2.73331425145112	0.0789963035797623	0.779451777740272	0.943544762996662
ALG12	-0.184754617230003	4.4645242325931	1.77273582800651	0.187157866061655	0.621765113125071
ALG13	0.166840788828217	4.77769139996132	2.93753417030423	0.090756552528553	0.497459494403464
ALG14	0.0960349927334895	3.40809104651349	0.376046166216077	0.541619555962385	0.855958220001269
ALG1L	-1.06308862421448	-0.296260789225895	5.45599194380313	0.0222316979887279	0.298855219065281
ALG1L2	-0.260013709554995	-1.31772353333729	1.05661626500656	0.307358520467758	0.731519684337087
ALG2	0.102291657995218	5.42790055566637	0.413590285281334	0.522153802884503	0.847089584820641
ALG3	0.254810804963723	6.10875006914431	2.49752648160871	0.118318607624789	0.542508053309371
ALG5	-0.158024197969756	5.16597561004054	2.17596532075155	0.144451675121684	0.578948940715965
ALG6	0.141094456183382	3.77794925520345	1.25195994604201	0.266821237993284	0.696699480727865
ALG8	0.0977277207893843	5.22593790983291	0.917773060822609	0.341200462936466	0.754048839535094
ALG9	-0.024604960701429	3.0573818049572	0.0374505257172832	0.847084366179529	0.963365278894382
AMFR	0.0767680914196536	7.30061601884526	0.215714450374462	0.64369746474302	0.895972640892464
ANKFY1	-0.204803392007679	6.47370245467953	1.27086708752904	0.263270209027024	0.693539005114394
AP1B1	-0.347033729565029	7.42597941530758	4.51432879094997	0.036974211977376	0.364996324229258
AP1G1	-0.0185349555122951	7.32556950540026	0.0161480787120159	0.89922791045469	0.977616818178681
AP1M1	0.30472466645468	6.68439044401665	6.56498476559938	0.0124481526339112	0.241236236249625
AP1S1	0.015051549640379	6.62037182714365	0.00772390938547457	0.9302064289539	0.985573201473597
AP1S2	-0.366139075506254	4.44487108234675	2.38611848921048	0.126711403371526	0.553218235282518
AP3B1	-0.0049819494923957	6.23181164068035	0.00144811115549288	0.969747733432268	0.994205506062106
AP3B2	0.60019067248365	2.59594610739147	2.73942122789922	0.102163587275268	0.516609601656454
AP3D1	0.213401508933329	7.69608251390484	3.56596690412262	0.0629209363982993	0.436043472598614
AP3M1	-0.0387069226164968	5.47174730860448	0.107338461162405	0.744126046703499	0.933174103842289
AP3M2	0.0648783576418532	4.75361638328913	0.226772882324649	0.635339355428523	0.893388834133864
AP3S1	0.0954323315016834	5.19990085302327	0.498745898422191	0.482283910080403	0.824886271550289
AP3S2	-0.153887502729566	5.44369442112403	1.11514487907788	0.294424344678556	0.721224419738325
APPL1	-0.0502961777986721	5.87834021607632	0.102493186613476	0.749766143933399	0.934899338777648
APPL2	-0.184547889589	5.90918580667978	1.74340999665867	0.190803541036594	0.624453590685935
ARAP1	-0.0973118550884668	7.0253489439408	0.489106246383025	0.486533243846594	0.828179261640315
ARAP2	-0.228065888449624	4.36483626272174	1.90454357907413	0.171753264357316	0.609194363118139
ARAP3	-0.367605478687161	3.34088248154285	1.06377856903852	0.305736299683479	0.730754449692846
ARF1	0.191992846419262	9.23150443494538	3.24715738826004	0.0756470380973278	0.465416756532503
ARF3	0.121518069798807	8.17085252921123	1.23754988128276	0.269568393488552	0.699838018439031
ARF4	-0.00775393096919021	7.29864089539266	0.00221263108681139	0.96261000577912	0.993050093813684
ARF5	0.0374836919359799	7.45285061244511	0.0644424917461126	0.800316038767786	0.949220658110144
ARF6	-0.0461815771113662	7.42415884715514	0.0892668071604666	0.765954283029805	0.940510816906022
ARFGAP1	0.0751417624016676	6.6821841967624	0.246272831613461	0.621192380638679	0.888411492578128
ARFGAP2	0.1217577097087	6.58334392684352	1.15677224711648	0.285653178918687	0.714472817934523
ARFGAP3	-0.00622556939416042	5.99753675416457	0.00131043596241966	0.971221048369229	0.994709538071412
ARFGEF1	0.0182471436790846	6.22358598157989	0.015840189882236	0.900188044591539	0.977895108433931
ARFGEF2	-0.0125339649299565	6.51006170582549	0.00332442835465295	0.954177598624746	0.991272280060433
ARFIP1	-0.192900536693913	5.36040776172642	2.91481089618443	0.0919902050604677	0.499695440993523
ARFIP2	-0.127553234091878	5.72662206275923	1.45796550348361	0.231124635084773	0.665505811983863
ARHGAP1	-0.0227863089292813	8.12655005756592	0.0227022482622091	0.880646613384685	0.973815360821533
ARHGAP24	0.0334136464681357	6.49250703037053	0.0153750890658539	0.90165659542171	0.977947316488494
ARHGAP5	0.112774193047698	6.49689880597203	0.348173320929553	0.556958414149642	0.862933912213162
ARHGDIA	-0.121728821861373	8.2790599044534	0.989006927690821	0.323247383827844	0.743465614591228
ARHGEF1	0.160219111409241	6.40256442524973	1.67233721603117	0.19999484078758	0.632622507996954
ARHGEF11	0.189736881958459	6.16110232539139	1.91424708766762	0.170679224491108	0.608430639888925
ARHGEF2	-0.0838373448982998	6.29476268819807	0.20920462787988	0.648740405634487	0.897960869599571
ARHGEF6	-0.14139032453779	4.49163385662373	0.415150216760456	0.521372359625072	0.846787318624237
ARHGEF7	0.142462861823428	6.08107352893563	0.875341850307745	0.352543959057099	0.759209639496577
ASAP1	0.232319369325166	5.31212213188645	1.18107044206807	0.280688731176807	0.709948994831377
ASAP2	0.0082184932243546	4.25041659691921	0.000661205342170133	0.979555199830486	0.996771107476267
ASAP3	0.101064617287718	5.05904148915002	0.213111034559442	0.645702998554928	0.896869625904723
ATF4	0.241492489570114	7.71609303259598	1.97115813490291	0.164535536565368	0.598712973723601
ATF6	0.0847398434236836	6.32040456294786	0.335616032538334	0.564141800735374	0.86648820316136
ATF6B	-0.103826095189124	6.4277193834824	0.575800041413992	0.450389413839555	0.811326147491025
ATXN3	0.0282383751060239	4.34284368849615	0.0579632906558568	0.810414663416545	0.952517724472491
ATXN3L	0	NA	NA	1	1
B3GNTL1	0.0454874196694967	3.33886707952512	0.0556479397721823	0.814167673069928	0.95377941901527
B4GALNT1	1.16937840305631	1.52324872116885	6.28338579402628	0.0143981679467697	0.256505860443138
B4GALNT2	-0.63137895130703	2.97461419422738	0.990333797152961	0.322925171699222	0.743306536219907
B4GALT1	-0.449535164813215	8.33879390079007	3.25240920850588	0.0754158879026958	0.465416756532503
B4GALT3	0.130557982077674	5.40959868152794	0.834398069299196	0.363990010222661	0.765176332918551
BAG1	-0.163562657995404	6.45475905663435	0.887491556551687	0.34924356207177	0.75850643822972
BAG2	0.474251891845747	3.79706284613352	2.04849425962185	0.156594372412486	0.590971205710883
BAK1	0.0871291850105265	5.06910974464309	0.217861356007317	0.642054662992337	0.895481340537299
BAX	0.0150833750456277	6.58762008154856	0.0131694659802155	0.908949572187708	0.979572814162592
BCAP31	0.321734890396735	8.70096310161388	3.70435926939222	0.0581403416017689	0.422485644218376
BCL2	-0.359928908254793	6.35400932765175	2.56344877741071	0.113648621207282	0.534419688092958
BET1	-0.0136087198549458	5.25121632710844	0.00624571056335607	0.937223643688867	0.986834692949225
BET1L	0.132256225019869	6.357070901031	1.72818095937397	0.192729956378846	0.627243807838102
BNIP1	0.244464290707522	3.33989377054547	2.39529570814756	0.12599516131728	0.553218235282518
CALR	-0.00345829179123075	9.99767587879916	0.000533433472058087	0.98163613047977	0.997105714262228
CANX	0.239928704028907	9.82769568324135	2.14930735719921	0.146898738258796	0.580774785969719
CAPN1	-0.285060982943586	8.54972460867852	4.05394720410983	0.0477293860892942	0.395853630232614
CAPN2	0.156076789378326	8.21025726654976	1.0557837951046	0.307547803680885	0.731519684337087
CKAP4	0.22927441582675	6.68957444382948	1.70991385056934	0.195071249430604	0.629412028750435
CLTA	0.128415793081064	7.46597965761609	0.631818856630808	0.429247717292594	0.800638198641568
CLTB	0.578453136573011	6.29225325509208	8.65417525315802	0.00436205451051989	0.157410793984236
CLTC	0.0840884192061519	9.30089382502518	0.249975799319473	0.618585437287009	0.888270734715628
COG4	-0.02538417536962	6.57924448072458	0.0545117841005269	0.81603948419738	0.954485275689084
COG6	0.0402313915240667	4.60997409096357	0.0734947135136794	0.787074599382742	0.946335850150009
COPA	0.372985060397868	8.16282389500753	6.00096219273906	0.0166798342394746	0.268936436207394
COPB1	0.275605686904102	7.12131426328386	3.88022640904346	0.0526255479454683	0.41009407999498
COPB2	-0.0012649416229156	7.3211049214679	9.58012525743526e-05	0.992217094332501	0.998309054130756
COPE	0.143861854609711	7.3520011266204	1.09898244897407	0.297923880261986	0.72439676239511
COPZ1	0.0422985427752474	7.75271623098159	0.164333088882268	0.686375432317754	0.913147309779081
COPZ2	0.292037597863991	4.17627796913661	0.899740731176172	0.345959062031809	0.756974065843391
CRYAA	0	NA	NA	1	1
CRYAB	0.0141586866460055	11.9179442249811	0.00164851489831744	0.96772333108421	0.993652014025313
CTBP1	0.107119838199737	7.32770119494356	1.1186966085523	0.293662483944532	0.720649151736288
CTSA	-0.0589654831999234	9.05784772171408	0.0829948206001686	0.774089872726782	0.942636636742342
CUL1	0.00373134642089328	6.03379280360039	0.00117697425694342	0.972725277560096	0.995018467759299
CYTH1	-0.334506868830507	5.72415746176572	7.51263303751575	0.00768703645528152	0.197358358775836
CYTH2	-0.0652677725493977	6.50514442189399	0.330215791310794	0.567286462014135	0.867797873472009
CYTH3	-0.198899244780496	5.25331235733245	1.59002477220303	0.211309746364208	0.644881280781247
CYTH4	-0.412851474309088	4.34073011608637	1.72437103701313	0.193215503875734	0.627638270810704
DAD1	0.0569849666079333	7.05855490323347	0.190796241095765	0.663535069844861	0.903462168247385
DDIT3	0.488563068595642	5.75931070470625	4.09664646846299	0.0466027336447354	0.392761587293069
DDOST	-0.140204853419376	8.08401048494186	1.29388338807971	0.259027403825694	0.690141754054781
DERL1	-0.0769502845849139	6.93787364271009	0.360923133487568	0.549841807023173	0.858824397279624
DERL2	-0.0930292665364344	5.72334373335501	0.731347567438235	0.395225332182956	0.782902639366773
DERL3	-0.476205830782381	2.9884654074196	0.995241817779516	0.32173705056982	0.742502649909091
DNAJA1	-0.041250628134093	7.27738717642855	0.0888421688196185	0.766495081816766	0.940719818790185
DNAJA2	-0.0258292665325608	6.61425034356232	0.0513790488429335	0.821309875304629	0.955101041968235
DNAJB1	0.111399547836999	7.27724647680577	0.499594032980544	0.481912992608908	0.824886271550289
DNAJB11	0.0405403378865437	6.15866486739534	0.0606079902017196	0.806223647183585	0.951747489800154
DNAJB12	0.0506251798191336	6.14530086641058	0.226303370831117	0.635689078462668	0.893388834133864
DNAJB2	0.186315359966393	6.89064772982042	2.03501332357202	0.157946099562538	0.592814870879765
DNAJB9	-0.207482971907125	6.09518131857459	1.27861779452164	0.261831751099369	0.692344689887285
DNAJC1	-0.314416523387043	5.92319491287503	3.27765479348197	0.0743155031553554	0.462857252016975
DNAJC10	0.319674804368807	6.97149475175927	4.44059008878133	0.0385053075694841	0.370338847050642
DNAJC3	-0.0214931929323244	6.51626390993863	0.02561749619269	0.873276981619872	0.972068107747463
DNAJC5	-0.228418219942085	7.13285137375502	2.95834418947614	0.089642828599975	0.494269144325882
DNAJC5B	-1.33255940448792	1.21054974456637	8.70552265140306	0.00425368952761623	0.156399737289693
DNAJC5G	0	NA	NA	1	1
DNAJC6	0.59483697957081	3.97850479454635	2.88080615918436	0.0938711990650856	0.503405971079601
DNMBP	0.3302849843966	4.80055746182015	4.52780602219488	0.0367014886845684	0.363569756495118
DOCK5	0.277815547198031	5.09988132268343	1.78788102183932	0.185307382091199	0.619834001107349
DOLK	0.219208974275454	4.66269917348438	2.1547913841625	0.14639146806157	0.580774785969719
DOLPP1	-0.0459032857919083	4.11011272542581	0.116442646623118	0.733898624778456	0.929823724209609
DPAGT1	-0.0222991777909489	5.48868165208092	0.0351240158555087	0.851852333358438	0.964846278314653
DPM1	-0.101638315012506	4.79545689309983	0.902823364511187	0.345139167362544	0.756229585188945
DPM2	0.0594157698705937	6.05199249574387	0.113637764571623	0.737000547953097	0.930757859776242
DPM3	0.0365148878389625	4.80390397870094	0.038007429885342	0.845966017752965	0.963287516118401
DPP6	3.06886817537106	2.28104291202559	8.31083315164703	0.00516477217123884	0.16814456657191
EDEM1	-0.0587089287222515	5.99079916692781	0.109270712687952	0.741916222724415	0.932638168197747
EDEM2	-0.0999912075382827	5.85211307148188	0.609784283201718	0.437376444869446	0.805457222393066
EDEM3	0.353004063199535	5.27942486800949	3.7930665700138	0.0552843040861237	0.417621644111228
EEA1	0.371584169243605	5.24910394326302	3.12306817594676	0.0813414753226943	0.477393462716571
EIF2AK1	-0.0308711644029003	7.72025111744142	0.115578838748992	0.734849422462984	0.930011541885525
EIF2AK2	0.0954678310273383	6.00983703769254	0.55998225051892	0.45665481774845	0.813656843622899
EIF2AK3	0.122411549284969	4.80702353205612	0.388344199867956	0.535099654822614	0.85402291938467
EIF2AK4	0.0257917221588068	5.67399709823862	0.0392046073606038	0.843590366757	0.962794622721617
EIF2S1	0.184914156649896	5.7855146931833	1.85698387611202	0.177133279588167	0.614002105616943
ERLEC1	-0.0513191307430261	6.12523447749373	0.216678856233587	0.642958278969446	0.895481340537299
ERN1	0.100606502721008	4.99380445718087	0.430804200036148	0.513643886623715	0.8427379758019
ERO1A	0.177961853254381	6.44825218921913	0.602278728497442	0.440199570622561	0.806695198752531
ERO1B	0.36948825935152	4.15214558031783	4.6931871389077	0.0335245805659538	0.350373137704686
ERP27	0.583906094566709	1.93826944124965	2.30953927835634	0.13287159872767	0.563790256258629
ERP29	-0.0511110065421242	8.01114076727738	0.161450416951791	0.688990426033987	0.914071129703005
ERP44	-0.101645902601302	6.23244909731179	0.896286726407569	0.346880908803355	0.757849331974922
EVI5	0.00510272133159701	4.12560841374792	0.00112672128624218	0.973313673597359	0.995018467759299
EVI5L	-0.0193449347247803	4.72667960955617	0.0206453658335796	0.886142395337342	0.974994286638169
EXOC1	-0.133283676296654	5.31916834362721	2.12672079890192	0.14900939618378	0.582252233966774
EXOC2	-0.10583274044419	5.26274731298385	0.70243622111987	0.404683064064604	0.787798546589061
EXOC3	0.161551801859141	6.17715147521923	2.17523534879917	0.144518056577748	0.578948940715965
EXOC5	0.142626350264835	5.71083412636813	0.750914444970666	0.389006393903234	0.779499252846338
EXOC6	-0.0298808705691737	4.0402882170384	0.0545384322063424	0.815995347005349	0.954485275689084
EXOC6B	0.0120358758809531	5.25009067416834	0.00486351520800132	0.944590830170672	0.988747049531784
EXOC7	-0.176100642588136	6.6679039767675	1.76211049405097	0.188469154009429	0.622300618765911
FAM71B	0	NA	NA	1	1
FBXO2	0.664827212550983	4.51656065699596	1.57230475384559	0.213845385835085	0.648558560255266
FBXO6	0.0422046924737563	3.91105688708323	0.0283995446752824	0.86663571676514	0.969499137136161
FBXO8	-0.116686310152279	4.3021791911585	0.716786293559673	0.39994774757888	0.784924569423724
FUT8	0.0438811796735051	5.64203959215727	0.0522269917584829	0.819867002113046	0.954966281229295
GALNT1	-0.697499194127142	6.59301152070388	11.0526916730322	0.00138344297436686	0.0865063364679875
GALNT10	0.411541472012299	6.28941568820369	2.24834249075721	0.138040008703124	0.56951749532698
GALNT11	-0.81915028872316	8.80439430128029	8.91932808257287	0.00383176837659798	0.148644329308694
GALNT12	-0.0160366137554223	4.43808893881931	0.00512743521917464	0.943109828085261	0.98828632906029
GALNT13	0.320333312766425	0.677878511898822	0.210945404155075	0.64738266052363	0.897608314822783
GALNT14	-0.12961133309875	7.7517985608509	0.414046514638489	0.521925040250843	0.846905198372187
GALNT15	-0.522107952169257	1.69212933097398	2.35802207247249	0.128933074907586	0.556779111518585
GALNT16	-0.623379211274862	4.51601910966422	1.6350651651856	0.205025916738955	0.639761721270542
GALNT18	0.271765384336195	4.60049538703032	1.31876641824273	0.254536599147965	0.686654570509735
GALNT2	0.0770674714306226	6.38872599604673	0.164952293006383	0.685817221147525	0.913027809034091
GALNT3	-1.14694637430964	3.26854692367439	7.55974358321769	0.00750719606219398	0.19540841825567
GALNT5	-0.47100928931398	3.85512226765039	0.863877538921511	0.355697834490709	0.76152010804222
GALNT6	-0.0773162949749003	3.32978198905183	0.0649664250850651	0.79952352318285	0.948904855178932
GALNT7	-0.347222933106095	5.17778122666143	3.21735284844472	0.0769736488419459	0.468201263385454
GALNT8	0.349755829125261	-1.6585935148059	0.762433698635636	0.385411260610429	0.777313584029786
GALNT9	-0.0830333893580676	2.26254341707917	0.0209354619994386	0.885350858809073	0.974734108856684
GALNTL5	0	NA	NA	1	1
GALNTL6	-1.63236825011146	-1.47641463051417	13.1690308497935	0.000522716568427822	0.056282550316621
GANAB	-0.0207043839592052	8.80315299709699	0.0292918784024047	0.864577053072134	0.968769237661302
GBF1	-0.03719342664589	6.77279614699447	0.0890243133422157	0.766262939212288	0.940641133852414
GBGT1	-0.333781948314178	3.46354197737219	1.2104819652983	0.274826397974632	0.70529160279471
GGA1	-0.332563107377624	6.23129426978091	7.32344688210812	0.00845593996416225	0.208542940260406
GGA2	0.178970421672201	7.31945029594615	1.0199079758877	0.315853355035101	0.737369762632447
GGA3	-0.256562112417227	5.64866573263952	5.88654287940754	0.0177101043632157	0.275292347612154
GIT1	0.188920601569568	7.00779498624784	1.49559960527018	0.225255680798123	0.660089835948775
GIT2	0.037380380026068	5.0226556053414	0.0640517738950565	0.800909285592634	0.94940288837254
GLT1D1	1.20031987182248	1.15031688575093	4.20890266125148	0.0437751328700177	0.385727947241478
GLT6D1	0	NA	NA	1	1
GLT8D1	-0.247511367539023	5.92179862231655	5.03527655870826	0.0278473078369337	0.32660660248918
GLT8D2	0.532536275238019	1.26764498782027	2.02089774407737	0.159375966458016	0.593845272597988
GMCL1	0.0328978999547505	4.93441388520135	0.0489522525154893	0.825509963740308	0.95616806117569
GOLGA4	-0.0512224225346381	6.40539774087267	0.0733177419035709	0.787324819204799	0.946431232071283
GOSR1	-0.116048442180676	6.02676461573204	1.51974625106973	0.221585709672399	0.65809563123826
GOSR2	0.236347226957228	4.40053072511957	3.20737771403969	0.0774233329338717	0.469408029289095
GPAA1	0.220375891868119	7.56078825614567	1.73999896491289	0.191233029616915	0.625068364095093
GPLD1	0.762255043366107	0.492552883151096	5.48534219382444	0.0218876433815452	0.297246757969475
GXYLT1	0.245488402810332	4.76910444560361	2.7490560460698	0.101573307952617	0.516188551638704
GXYLT2	0.0226521611791152	2.35807256704354	0.00501800357239183	0.943719148300037	0.988340858506529
HAS1	0	NA	NA	1	1
HAS2	1.18290592387588	-0.486965786503203	3.50879988285652	0.0650190728585559	0.441602364669217
HAS3	-0.469867069529509	3.68902643179427	0.927691387777782	0.338621135552768	0.752307852056646
HERPUD1	-0.359416099591051	7.92634768423581	5.46757102852319	0.02209528406971	0.297565103886949
HSP90AA1	0.0923070868301594	10.145231871824	0.274419212184134	0.601958387065461	0.880985776269454
HSP90AB1	0.775704208613419	10.7284516817472	8.19806545393048	0.00546090005347429	0.17205119170634
HSP90B1	0.195595076519467	9.99353301708813	1.51004436910671	0.223051454482424	0.658702356208962
HSPA1B	0.0211406999864185	6.72867686200805	0.00522496412593988	0.942572268463371	0.988237214558534
HSPA1L	-0.0906438375629584	1.61311965999823	0.283004450726053	0.596342805489668	0.879649475111831
HSPA2	0.38626084908187	4.39444253515556	1.13538338256788	0.290117110136151	0.717447273765436
HSPA4L	-0.0797760602691241	5.31609317942678	0.121944656711648	0.727933136231602	0.928269432576968
HSPA5	0.0703537458548126	9.28631096260706	0.147714213638656	0.701838893221442	0.91867935065391
HSPA6	1.05537502773498	3.31435447221356	4.54551699289888	0.0363463614231313	0.362802615559587
HSPA8	-0.0448189616206819	9.96841305704585	0.0472801643466382	0.828467817204511	0.9576589494758
HSPBP1	0.161695279754004	6.10915981346065	0.980804304030314	0.32524886310837	0.744809436185398
HSPH1	0.404890973324097	6.76485626605149	4.02724888199219	0.0484487357694554	0.398234536697726
HYOU1	-0.0171102891650692	7.30603375702233	0.00924357892970202	0.92366819121322	0.984258548842091
IFT27	-0.235801547444316	5.18135943442497	2.54537952675924	0.114907689032975	0.537363860174759
INPP5B	-0.150484712561078	4.12325172034507	1.76900925907449	0.187616534127691	0.62184026646695
INPP5E	0.105179070298021	4.3536124978081	0.758565182745115	0.386613253478086	0.778027770221331
IQSEC1	-0.128435122359111	5.81011878895405	0.567894377179824	0.453503698348287	0.812667323587782
IQSEC2	0.140698108352431	5.05992148078698	1.63820149751633	0.204596769537752	0.639114179385654
IQSEC3	1.09963642358394	1.72435111693054	3.972487488128	0.0499610678958045	0.40253026175328
JUN	-0.292452986208948	7.98965691458858	1.35633833100459	0.24793852353123	0.681962246717115
KDELR1	0.121125298712892	8.03754603443528	1.14184901076865	0.288758275651049	0.71671276473743
KDELR2	0.0612220051124234	8.0121455015178	0.266319458050326	0.607360225893615	0.883502192312493
KDELR3	0.180901942293807	5.0742898584476	0.455259216528456	0.501964469782808	0.836814212225919
KIF20A	0.841829381508614	3.08945240575438	4.68034759757707	0.0337603749089192	0.351671899652937
KIF23	0.515522649490165	2.77037343274967	2.46379809822535	0.120791300062074	0.546302358543895
LARGE1	0.33098323290637	4.19188757075256	1.72803302482887	0.192748782508141	0.627243807838102
LARGE2	-0.190410174765122	4.43855404823024	0.183991850210352	0.669219301855673	0.907141704269646
LMAN1	0.170901490010769	7.34124230261218	0.989486981970136	0.323130759577722	0.743429774458938
LMAN1L	0	NA	NA	1	1
LMAN2	0.223063713240376	8.14288691965654	1.9181014376588	0.170254782890801	0.607884070237925
MAN1A1	-0.0914544360217664	6.25819726198815	0.167020039478544	0.683961962937951	0.912568157921133
MAN1A2	0.0415241576749458	5.77628879273235	0.0627391393771625	0.802916559510044	0.950181064661441
MAN1B1	-0.0399992085260324	6.9620511438605	0.0685992770314071	0.794119736841544	0.94786842228751
MAN1C1	1.15867871254674	4.26205660650281	4.17997391605743	0.0444857045341105	0.387809224400245
MAN2A2	-0.0559369809599807	5.82258081152985	0.11710782354926	0.733169144552746	0.929781996669774
MAP2K7	0.212982096518489	5.61644888380154	5.71931284480952	0.019338519073984	0.284762596077417
MAP3K5	-0.452026819577277	4.72046167978624	4.84517947286468	0.0308630700778815	0.337626242877653
MARCH6	0.159286407713271	7.39305426075996	1.73365729523646	0.192034573269614	0.626149477065007
MCF2L	-0.11039471175158	5.3536330701187	0.290317530874136	0.591645072360125	0.878177774339657
MGAT1	-0.265182742338274	7.545391353577	1.70847784940704	0.195256731926755	0.629433192048093
MGAT2	0.137415281506818	1.98115323028934	0.273102965549998	0.602829233966303	0.881558876463377
MGAT3	0.479792427663726	2.40004071707244	1.28819018814087	0.260068830603527	0.69049947490483
MGAT4B	0.0761448023744006	8.49304917874541	0.255249497728043	0.61491411083907	0.886498970950436
MGAT4C	0	NA	NA	1	1
MGAT5	-0.008060107033434	6.11346266499153	0.00156184152778687	0.968582826547866	0.994056719542112
MICAL1	-0.339350533484342	5.91272972977782	3.14645720548709	0.0802330957144084	0.4760037653562
MICALCL	0.259581338576942	-0.541711319552438	0.256066044111959	0.614349938477444	0.886498970950436
MICALL2	-0.16726544312083	5.52489450840244	0.27558242211127	0.601191008669905	0.880829864189551
MOGS	0.02649965055115	6.36020219309238	0.0486006233606113	0.826127527191984	0.956470648188233
MON1A	0.0450839922275802	3.17742002892991	0.0711229712158247	0.790455348258932	0.947421856109872
MYO5B	-0.357495744997246	6.86371136013791	2.73609652099157	0.102368163385554	0.516801609871426
NAPA	0.033726129133655	6.61727220879227	0.0529973196351391	0.818566853674861	0.954966281229295
NAPB	-0.067690557920524	3.80370908024844	0.206217828859878	0.651086035407304	0.898888044755155
NAPG	-0.107786710741507	4.86793747071695	0.689475693966368	0.409031294730632	0.790023652756945
NCKIPSD	-0.0543106202354632	5.45405585951161	0.148393074142391	0.701188088761016	0.918599294163935
NDE1	-0.044329968954986	4.65740165766897	0.0975341513612774	0.75569319012456	0.936908250923335
NET1	0.288912228761628	6.06274598697483	0.929493947973716	0.338155220973852	0.752044878147662
NGLY1	-0.129682886691721	4.84391880554587	1.19320892893104	0.27825009703795	0.708480360066075
NPLOC4	0.131860517170727	7.70891029797259	1.27939222910318	0.26168856781781	0.692264112828681
NSF	-0.130442367848389	5.86689325434339	1.11532555823948	0.294385526347494	0.721224419738325
NSFL1C	0.0220191013206603	6.67994960559783	0.0352323956040037	0.851626647822478	0.964846278314653
OCRL	0.0797002138895517	5.74979015770053	0.372253023061286	0.54366021171205	0.856806561009333
OPTN	0.21920383242312	7.07865925240585	1.39979926327565	0.240569247968522	0.675841289348249
OS9	0.0324888633849133	8.50091321003208	0.0697590443300956	0.792426954291948	0.947721744013793
OSGIN2	0.299245375401621	5.45448785136893	3.15428370568064	0.0798659260242058	0.475002490253887
P4HB	0.0811693683398822	10.2123921007352	0.311722001811327	0.57832196785754	0.872385707939613
PAK1	0.121820580665989	5.89606100806431	0.870815329849043	0.353784577791932	0.759860561019882
PARK2	0.175651722083798	3.86994909809862	0.205686276370301	0.651505629649007	0.898994249030226
PDIA2	0.142906252714957	-1.39586816574285	0.0940287077191183	0.759983484385842	0.938205562128002
PDIA3	-0.100823938221079	8.70092313871822	0.454942691361974	0.502112697072783	0.836814212225919
PDIA4	-0.0798293470211014	8.18770855423805	0.160953443671258	0.689443990894514	0.914071129703005
PDIA5	0.126789515909193	4.72913717707115	0.332804360056707	0.565774837607367	0.866825014958521
PDIA6	-0.0239952852601918	7.63700627563732	0.0147106367909214	0.903794301013435	0.978586865563035
PDILT	0	NA	NA	1	1
PGAP1	0.132448959965162	3.37914738425838	0.272246556867901	0.603397284518241	0.881872694412345
PICK1	-0.0103984308664555	4.95074410035853	0.0044781522944717	0.946827854091022	0.989125274360239
PIGA	-0.078225775357642	3.34731169091402	0.330914471997662	0.566877682748031	0.867611363978455
PIGB	-0.077412070985207	3.69764116149306	0.384819228236549	0.536953636999178	0.854804462794877
PIGC	0.349924786325577	5.19325774961502	7.11781829051163	0.00938378516095149	0.215380492542514
PIGF	-0.202166678390639	3.56022230459158	3.68881928806398	0.0586569446784514	0.42309842614835
PIGG	0.0131386758173567	5.51529940969929	0.0116390386474244	0.914381316257442	0.981861198372763
PIGH	0.164428834650609	4.1070592173353	1.61961094188944	0.207156375588751	0.641943143013332
PIGK	0.0755663558181208	5.43718646415482	0.291156124754558	0.591111283221234	0.877983623884972
PIGL	-0.39709386106054	3.51432070179001	5.28496469221439	0.0243540046138537	0.310372946790758
PIGM	0.20421386477385	4.34470624865919	2.04500384653785	0.156943065571549	0.591564939610792
PIGN	-0.252596896979055	4.50807768228668	2.70258985974624	0.104455618453594	0.517635272702377
PIGO	-0.154041883224561	5.78310056418184	1.05029082434611	0.308800624835952	0.732320937631039
PIGP	0.087228458913131	4.24646009868772	0.318853283871677	0.574016610082089	0.870091239825708
PIGQ	-0.0658751356702307	7.23294809048831	0.113562813739825	0.737084018970413	0.930757859776242
PIGS	-0.198499878844512	6.84962301652005	1.76870854106171	0.187653604627208	0.62184026646695
PIGT	-0.0282143269180252	7.732807702683	0.0275908062078476	0.868530461284837	0.970093501653125
PIGU	-0.00320484387683175	5.2531523646542	0.000460179396267409	0.982943377972673	0.997321534317788
PIGV	-0.254754477552101	4.76255274406321	3.17434572758298	0.0789331549980516	0.473353766596262
PIGX	-0.0481105832260541	4.82688139266892	0.204502803852614	0.65244219089481	0.899803591354024
PIGZ	-0.51854073157028	3.02058606320193	4.04342637775264	0.0480114709613884	0.396780342991772
PIK3C3	-0.22458759362963	5.37042248675793	3.43401876620733	0.0678796089583551	0.448998084668197
PIK3CA	0.00248156844005621	4.69120502824369	0.000212233275420442	0.988416111484871	0.997639799780781
PLAA	-0.0417537477139445	4.89872132013256	0.0744655425823168	0.785707670311071	0.945994949368694
PLIN3	-0.0568676741562546	6.30324889495336	0.191252758221533	0.663158057412825	0.90339432235594
POMT1	-0.0778986052985472	5.64622704321748	0.485704752335592	0.488047621685341	0.829111368022177
POMT2	0.0719243059311743	5.14382275579673	0.324557512360324	0.570618377707301	0.868638582836776
PPIA	-0.0919773530432766	8.73270468461674	0.519977808689739	0.473138180300881	0.821043184278461
PRKCSH	0.230580181353604	8.78620739541041	4.40069350492828	0.0393619141726856	0.373174476162025
PSD	0.0729992617418198	2.20421875351062	0.102282881668672	0.750014250417295	0.93499743304309
PSD2	-0.193883013872237	-0.708854411346465	0.179883951617595	0.672711540593713	0.908681343585155
PSD3	-0.525106363456243	4.62639704998936	2.77999232700009	0.0997035413909467	0.513475564424257
PSD4	-0.461431796340167	5.44169285730393	7.07807318462762	0.00957511619814827	0.217986417449037
QSOX2	0.239377727604854	4.66817359828136	3.2514543390769	0.0754578572107375	0.465416756532503
RAB10	0.18906678392531	7.55777434281505	1.77124507334987	0.187341189526914	0.621765113125071
RAB11A	-0.10637140045019	7.20022639531252	0.847976448998471	0.360137478253309	0.763413489178625
RAB11B	0.00274719427156355	7.0948083746398	0.000667508607378328	0.979458002791663	0.996757375020286
RAB11FIP1	0.356739630560069	6.10079013890904	0.862300068194816	0.356134859807227	0.761561041967273
RAB11FIP2	-0.272433026635852	5.23347188983231	1.73496967099797	0.191868371153431	0.625940076333089
RAB11FIP3	0.0098224165149893	7.30375220920317	0.00413588321774327	0.948897283395202	0.989886560630573
RAB11FIP4	-0.0984203636164957	5.01863324711931	0.280504759539441	0.597966444233149	0.880392551546497
RAB11FIP5	0.0104874896779681	6.69525514770848	0.00522666185310678	0.942562955797794	0.988237214558534
RAB12	0.0348181429768467	5.27901213066857	0.0819896735251474	0.775424352308421	0.942817828560264
RAB13	0.242155942420675	7.06509113961968	3.08923189541348	0.0829748901608334	0.480855428748871
RAB14	-0.166427891456255	6.95164447128973	2.2377170233964	0.13896057200836	0.570123500453511
RAB15	0.359945322643543	4.85053708028255	1.38469418589449	0.243099319442789	0.677887995456235
RAB17	0.12483757169633	6.099500568129	0.218263790401516	0.641747822249135	0.895481340537299
RAB18	0.0319356658216735	6.42802037705011	0.0384806482875003	0.845022392136295	0.963230850937231
RAB19	-0.486639752975652	1.76106351130798	2.64759540882087	0.107985668246857	0.522643134651308
RAB1A	-0.0553300607286995	7.7502395136276	0.195628443759946	0.659571375417928	0.902587602537769
RAB1B	-0.0129681397424567	7.56199978985653	0.0163733138167166	0.898531406239616	0.977490573185168
RAB20	-0.769255125118596	5.53763003105581	10.9264295631053	0.0014677868401774	0.0902852849067733
RAB21	-0.0858328014170973	6.93615819281211	0.483611070471818	0.4889836801615	0.829458382356196
RAB22A	-0.0479544662888178	6.08615751425246	0.156458306295788	0.693583969948035	0.915488403036624
RAB23	0.227071905584425	3.04603553405615	0.730034961529633	0.395647678551073	0.78324878028422
RAB24	0.237520639541301	3.81108758799772	1.71966500839512	0.193817262393235	0.627741776377419
RAB25	-0.682617409756517	3.75548433886165	0.578390226460858	0.449376395238562	0.810846494899107
RAB26	0.183532144035574	1.4407299625164	0.47697258846255	0.491971704421553	0.831292773374881
RAB27A	0.0282898054647054	4.04529175741707	0.0187189846206327	0.8915491825555	0.975677878701611
RAB27B	-0.617732115483384	3.10334842112868	1.06959773020089	0.30442656436948	0.729625330317672
RAB28	-0.0487550554038716	3.71217352012172	0.181926378123959	0.670969382287415	0.907652559065209
RAB29	-0.00941744800922117	6.4511601524286	0.00205130033071574	0.963997940038519	0.993370172722529
RAB2A	0.158314402647716	7.22265361211004	1.9190106032814	0.170154845276696	0.607884070237925
RAB2B	-0.055816891861345	4.70451061341868	0.251586814919823	0.617458803573881	0.887546768122315
RAB30	0.0882059491552463	3.40718500641857	0.225129177868934	0.636565650061765	0.89371031636009
RAB31	-0.64679049836297	6.68020196401893	6.54425435728032	0.01258175749357	0.242336067325978
RAB32	-0.158271531491996	5.38990985276723	0.452824888803337	0.503106393157091	0.837107448828318
RAB33A	0.257509215849555	-0.466008179515093	0.566589052643291	0.454021181781037	0.812787617686506
RAB33B	0.0804613138180021	3.51782184932905	0.306666103836329	0.581413752419616	0.873500359692174
RAB34	-0.156907502186935	7.15778733331789	0.502516838558528	0.480638368276879	0.824471571880623
RAB35	0.0676990510445007	5.90277024962869	0.372612170610928	0.543466383752144	0.856668820150044
RAB36	-0.200693567678219	5.75036498083882	1.18611358029176	0.27967225159065	0.709053071597578
RAB37	-0.320372192431452	3.53565440917247	1.37779244330088	0.244266304704696	0.679163480829811
RAB38	0.17005330556851	3.66280083157941	0.548992887235894	0.461089702852601	0.815058301518817
RAB39A	0.452172435475105	-0.234342348707911	1.12304926574373	0.292732305076315	0.719429121021671
RAB39B	0.561672740820206	0.381506806845609	1.6476687143815	0.203307877730805	0.637626425852807
RAB3A	0.213677841033985	2.93492845086266	0.806226107762317	0.372169714201339	0.77033965693606
RAB3B	-0.886122672077043	4.25159662338356	3.22486171986254	0.0766370369324334	0.467756556868801
RAB3C	0.45461221003255	-0.959802666096157	0.840271968648978	0.362316398731898	0.764295775607251
RAB3D	0.246025006488282	5.18231716922071	1.42216547743193	0.236882378031149	0.671644937865085
RAB3IL1	0.629281795049207	4.55462738671152	3.18984616995925	0.0782206719698852	0.471841947224878
RAB3IP	-0.24147270219177	6.80152972496348	1.00110060269237	0.320326402089394	0.741537983567824
RAB40A	0.0217482185688581	0.445245063821488	0.0108175739630839	0.917446574270442	0.98251305077037
RAB40B	0.399418513268591	5.53377444137017	5.42351692185422	0.0226190721224579	0.299957784968605
RAB40C	-0.0582872243090688	5.2466188142267	0.177568099431826	0.67470112641281	0.909365449307563
RAB41	-0.501782401276076	-0.157497166340028	4.87683768806702	0.0303376131340388	0.335833015866901
RAB42	0.636922669838869	4.80746372420763	0.945992192669904	0.333931023747611	0.75067313241481
RAB43	0.0596973722797301	1.49490495547458	0.0602041714173479	0.80685721052819	0.951977627742663
RAB44	-1.18543088202179	-0.773247937793718	5.41867703269589	0.0226774139902262	0.30027508038768
RAB4A	0.071425200672246	5.41206964495148	0.406123135985346	0.525923606003248	0.849272935497088
RAB4B	0.168775433112891	3.79790704884147	0.786136157111754	0.378162422133901	0.772600809307811
RAB5A	-0.0711585858107908	5.89652708981577	0.297739138093593	0.586955207498571	0.876310556607024
RAB5B	0.0512789301893664	7.75950598516485	0.309221032890345	0.579847215981846	0.872920682738798
RAB5C	-0.0260823508743301	7.25454059001636	0.0405727097711216	0.840921257512421	0.961594307468874
RAB6A	0.137917351913561	7.01416769965446	1.20794831539466	0.275325217945671	0.7058330393212
RAB6B	-0.244453911751839	6.10568310379878	1.20561460485956	0.275785695710199	0.706158981116169
RAB6C	0	NA	NA	1	1
RAB7A	0.0126650074132264	8.54566458359625	0.00964566388822345	0.922030979366827	0.984013036026455
RAB8A	0.123999959355779	5.32764497656592	1.4900444374048	0.226110445912921	0.661051108958399
RAB8B	-0.32300052634159	5.22379376308428	6.30069087112173	0.0142695161882637	0.255436715639354
RAB9A	-0.0245399589549482	5.07731693963165	0.027842715072113	0.867937252977846	0.969875750686887
RAB9B	0.467831444560331	1.75248367840813	2.83000204512389	0.0967614990581161	0.508104969509816
RABEP1	-0.166313300247159	6.00771641839359	1.80243123862437	0.183549920728732	0.617506572759271
RABGAP1	-0.169387415061766	5.70472774801657	2.14742789401903	0.147073052321187	0.580774785969719
RABGAP1L	0.222291246985602	5.00501621702851	1.52951191623522	0.22012213661052	0.657299231791667
RABGEF1	-0.309428782676953	3.2633444830811	3.70683321904656	0.0580585554684858	0.422485644218376
RAD23A	0.162440032633452	6.84943698822403	2.57531340097033	0.112830327573402	0.532997770791289
RAD23B	-0.00557154848108448	7.15681626799387	0.00190372728600036	0.96531626038613	0.993577010691885
RALBP1	-0.0502843048865591	6.474957045862	0.0815669856837078	0.775988177835835	0.942817828560264
RASEF	0.034735895075732	4.64734901721474	0.0284347496351488	0.866553871528799	0.969499137136161
RBSN	-0.224812926950296	4.74972969203119	3.02408907534151	0.0862223943160771	0.487621550022744
RBX1	-0.0713696759528083	5.65309335179092	0.197817733328738	0.657794857693354	0.901531724691928
REPIN1	-0.0525286992326769	7.16673041255834	0.173671332279829	0.678083725949104	0.911198227375781
RER1	0.0169784050089093	6.52695695871766	0.0220034090860632	0.882484160740957	0.974009855530625
RFT1	-0.143301327825158	4.90256066850052	1.68189157439622	0.198729033047406	0.632020987101269
RFWD2	0.159806608205122	5.37452547566501	2.27561883775007	0.135708565873982	0.566791896790239
RNF185	-0.019036080055938	5.58014587448662	0.0196793423184833	0.888819989355412	0.975558924122179
RNF5	-0.0494215915392417	6.53204694891848	0.0774387628749656	0.781580012939151	0.944128579798274
ROCK1	0.00150848918508325	5.48698300160689	6.31568965993754e-05	0.993680700213912	0.998749332107715
RPN1	-0.100923083399145	8.64206609339834	0.713471279247252	0.401034390903289	0.785895328829264
RPN2	-0.0478566557759073	8.65834769483876	0.0978797825477145	0.755274789411477	0.936838874008187
RRBP1	-0.149145470828659	8.77760564347215	0.953210312906017	0.332105370229294	0.74946236374775
RUFY1	0.244204523043858	6.27610931309191	3.67655321113496	0.0590682303227495	0.42309842614835
SAR1A	-0.0754148117814215	6.7276911607036	0.722273661248566	0.3981584818812	0.78415208049339
SAR1B	0.0852603052808612	5.94134868805603	0.30040415528964	0.585289669751865	0.875486524463638
SEC11A	0.0336727204396778	6.93748746438719	0.0967421161330769	0.756655063046077	0.937177422853636
SEC11C	-0.213772016271194	5.19011668439766	2.32340408462575	0.131731491161638	0.561984770856364
SEC13	-0.00581434908505362	6.6202769391354	0.00221260832302265	0.962610197972035	0.993050093813684
SEC16A	0.181366125195235	6.88303792152757	2.41041474319225	0.124825165517265	0.551343460840106
SEC16B	-0.16663293485457	-0.864594630095007	0.270690930067912	0.604432042390692	0.882382835429216
SEC23A	0.341802573785125	5.8744148001216	2.46325515029267	0.120831578736711	0.546302358543895
SEC23B	0.294955179029917	6.74836182071879	1.74003479631698	0.191228512067879	0.625068364095093
SEC24A	0.178749733751718	5.0447687132503	0.848735039733148	0.359923929546151	0.763413489178625
SEC24B	-0.078236583793134	5.53095057726456	0.32229490499012	0.571961530184309	0.869214738288896
SEC24C	-0.0637152251329129	5.64633045420482	0.0567324818359684	0.812399634523863	0.953126809019377
SEC24D	0.0395765230585804	4.99221351261922	0.0290025545790581	0.865240958410107	0.96893791657626
SEC31A	0.180455105365339	7.7680958932584	1.87408025725508	0.175176879382284	0.61181633838689
SEC31B	-0.134661026182569	3.25067597780748	0.191213575152722	0.66319039548116	0.90339432235594
SEC61A1	0.150228373785148	8.75098931647684	1.31563007994687	0.255097234776653	0.686790522794755
SEC61A2	0.38774995821386	2.88647475530748	3.51000079385349	0.0649742215424539	0.441556647816067
SEC61B	0.157325378878561	6.20432516136051	0.783627404994824	0.378920391171177	0.773218988104039
SEC61G	-0.116218538337894	5.65610195875428	0.439847278608897	0.509270506594869	0.840386716930521
SEC62	0.0579739297038956	7.36979716533575	0.218753646305159	0.641374791542967	0.8954500805647
SEC63	0.0709209676729726	6.42949727119202	0.275523580177212	0.60122977738882	0.880829864189551
SEL1L	0.226028165942452	7.01270331718142	1.49089438208074	0.225979410176319	0.660755533292078
SELENOS	-0.104823646456539	5.66441595318431	0.954894400569944	0.331681361434313	0.74946236374775
SGSM1	0.611195707018401	2.14472888968065	3.50073753745975	0.0653210583357493	0.441602364669217
SGSM3	-0.172500367957122	5.74740171467424	2.25302964941339	0.137636140997417	0.56951749532698
SIL1	0.28732454284849	6.42849987154407	2.30955998896697	0.132869887334623	0.563790256258629
SKP1	0.0361958707552742	7.97577902245966	0.0879086844392267	0.767688894714147	0.940879954806291
SMCHD1	-0.116198438471509	5.01103655685259	0.393749257970035	0.532279447939055	0.852303536768862
SNAP23	-0.0371240967839316	5.52795319202063	0.0895596710967706	0.765582122464874	0.940330176458476
SNAP25	0.036946299954512	3.47210774023609	0.00919921377260479	0.923851021310086	0.984258548842091
SNAP29	0.0486500671979785	5.27263216875611	0.184821259626953	0.66851981904386	0.90673279367639
SNAP47	0.156547259914633	5.19163700067693	1.94153275089568	0.167700885553111	0.602974694056658
SPCS1	-0.148744148766503	6.67021568302994	1.48217331902967	0.2273283511557	0.662243459820477
SPCS2	0.00803722295217504	5.25010687905326	0.00537151588861672	0.941773901138752	0.988237214558534
SPCS3	-0.234553844851037	6.67648631758879	4.53924884252878	0.0364716234562824	0.36328436125926
SRP14	0.124152500260721	7.91796998452715	0.709720702787461	0.402269044866244	0.786543062036727
SRP19	0.302257505978787	4.01281195444021	4.84683688281844	0.0308353213957362	0.337613119627026
SRP54	0.0507150706457205	5.64785403011449	0.160534962920159	0.6898265510989	0.914191132045088
SRP68	-0.0174849264969465	6.95943197226366	0.0263518343277981	0.871489409732724	0.971520855103267
SRP72	0.0823498761628632	6.22364407346619	0.412028452672748	0.522938293146251	0.847490230882319
SRP9	0.117943707503742	6.67120759125986	0.996470010621236	0.321440646636484	0.742502649909091
SRPRA	-0.0826443055284913	7.42748225460323	0.463778120909635	0.498003093804492	0.834909789575159
SRPRB	0.0686986634098933	6.58378149462475	0.31297065237322	0.577563470502566	0.871934784515638
SSR1	-0.0290141967001851	7.33902500929537	0.0490558302033939	0.825328495225752	0.95616806117569
SSR2	0.238917022789024	7.82807611959705	3.26775213594624	0.0747450199654984	0.463700625547624
SSR3	0.0980243169136666	7.2700811008682	0.621489699214698	0.43302906933666	0.803416882194511
SSR4	0.190942703342605	7.54091442182497	1.03717787093777	0.311818711205226	0.734441143641913
STT3A	0.0389446582465528	7.13456545974217	0.0683316608502279	0.794512515325783	0.948053320626831
STT3B	-0.159079342018364	7.43407246301429	1.19893966683337	0.277108200342291	0.707367793009761
STUB1	-0.0173201015793244	5.97341191069179	0.0160259975074624	0.899607491370944	0.977616818178681
STX10	0.128912996746528	5.45761999531573	0.933376587715327	0.337154616554781	0.752043400875976
STX11	-0.35008222525194	1.90698151392333	1.02386826603092	0.314922055880344	0.736924796308374
STX12	-0.147638372675279	5.69783956802594	1.29901691940212	0.258092840113886	0.689194684228624
STX16	0.0479414719888107	6.14582086958801	0.136492151639844	0.712855567269292	0.922621855384553
STX17	-0.0641228954478607	3.69094970703301	0.115269552171182	0.735190820400385	0.930185426694644
STX18	-0.156295398813539	5.16613021180299	1.6782852197424	0.199205693157601	0.632462416051212
STX19	0	NA	NA	1	1
STX1A	0.0378538916779492	2.52369077113764	0.0227345813880191	0.880562300812514	0.973815360821533
STX1B	0.504001438475379	2.36042789585318	2.2833887973851	0.135052673276394	0.565931664195346
STX2	-0.14563429247175	4.61816618390158	0.867158860149562	0.354791151537557	0.760904677412093
STX3	0.267388571926697	6.92597484193894	3.58602573228644	0.0622023035777737	0.434353510557482
STX4	0.0921992177134584	6.27919049051819	0.566566267102293	0.454030223199796	0.812787617686506
STX5	0.0838905081524245	5.52934980049239	0.619866906878573	0.433627790414142	0.803458535058888
STX6	0.389951951948738	5.62035292603526	4.37124767249505	0.0400072329332308	0.374980744176308
STX7	-0.0893370531503882	6.99251080523166	0.418536351412184	0.519683227129058	0.845816831766678
STX8	-0.261388186739088	5.18879221859377	3.69938263927196	0.0583052426242846	0.422485644218376
SURF4	0.0703345048579389	7.77899943769751	0.24290393745959	0.623585480971535	0.889202078480638
SVIP	0.114636084835853	4.98008608418349	1.06177458639265	0.306189054166623	0.730886881433965
SYTL2	-0.423821167289733	7.03727966754116	1.83517498002047	0.179666319160005	0.614389163467788
SYVN1	0.170456483021506	6.46189532880407	2.73645074108281	0.102346345752017	0.516801609871426
TBC1D1	-0.132672853265657	6.52673645575359	0.768479967593237	0.383543354696196	0.776479177126399
TBC1D10A	-0.121623069117289	4.00834477801265	0.580760988690077	0.448452332364961	0.810517481092363
TBC1D10B	0.0690725145632731	6.41775680411494	0.441705264185225	0.508379991812589	0.839804786654638
TBC1D10C	-0.0804668208910665	3.05646037523571	0.046835054157819	0.829264403719102	0.957809497099315
TBC1D12	-0.339892376016489	3.99435393229256	4.40885360519333	0.0391850636305875	0.373042824297234
TBC1D13	0.0593269039989095	5.83006741073133	0.190875267257468	0.663469767992886	0.903462168247385
TBC1D14	0.130080725974703	5.02911283753401	0.247358084986073	0.620425822442536	0.888411492578128
TBC1D15	0.0545461203992379	5.45360485768877	0.234999802827233	0.629282420223467	0.892262113690265
TBC1D16	-0.152455282808377	7.00798693756259	0.585317165160887	0.446684810263388	0.810079319723987
TBC1D17	0.0723821980938288	5.90819125920159	0.492778618392968	0.484907066409414	0.827359328692128
TBC1D19	0.0383705794089629	3.42627362216551	0.0493890342525743	0.824746080562095	0.95616806117569
TBC1D2	-0.200137527250009	5.07128524361729	0.450169182559826	0.504357272382109	0.837877965960785
TBC1D20	0.0301777507914497	5.78025003823695	0.0628190786157204	0.802793681601469	0.950086586992077
TBC1D21	0	NA	NA	1	1
TBC1D22A	-0.127720437335108	5.62369115317869	0.94112260715746	0.335170348842211	0.751621976022973
TBC1D22B	0.244159841731855	5.24580441559806	1.26287925692519	0.264763113539455	0.694900856736789
TBC1D23	-0.160912036811271	5.15032909934701	1.50627827895132	0.223623606569267	0.658948599100152
TBC1D24	0.153467896659447	4.57903194453174	1.44225654112188	0.233629708708817	0.668339626792342
TBC1D2B	-0.0501381854225751	5.16837088649817	0.0662531851809965	0.797591476886117	0.948250890293011
TBC1D30	0.131689038205241	2.36968151316075	0.231024002401757	0.632192925008411	0.89316141583329
TBC1D4	-0.506131599047353	6.09487512650176	4.94896435393072	0.0291757408465101	0.333047908110847
TBC1D5	-0.199952887025151	6.79176797606016	1.2783793406316	0.261875858101252	0.692344689887285
TBC1D7	0.176013576092864	4.73102351027572	0.663755389589072	0.417868751304596	0.794317684080808
TBC1D8	-0.015194701069898	5.44972224918015	0.00493158943252505	0.94420504007244	0.988495439647077
TBC1D9	-0.274515456083786	5.32154198137543	2.3255389625285	0.131556930043844	0.56167429726456
TBC1D9B	0.0583652890560979	7.53862203698433	0.173950290237131	0.677840100407745	0.911148196595832
TMED10	-0.11651098463244	8.11906321980038	0.725072049584339	0.397250518987306	0.783902923311797
TMED2	0.0458633149639282	8.0172592867455	0.110886399660272	0.740085038932872	0.93188247499355
TMED5	0.15160656542404	6.61368865067537	0.651752732714265	0.422091132860596	0.797315545880278
TMED7	0.11484634879079	6.70192766708778	0.541938012345572	0.463973255786944	0.816697711009334
TMED8	0.118545814700243	5.29680424435516	0.593087992632808	0.443695268954371	0.808664461814747
TMX1	0.101407595677876	5.72502051774773	0.443499180288557	0.507522749274107	0.83933677961329
TMX2	-0.150458633307	6.65191684056331	1.52047452221654	0.221476156977954	0.658072942464963
TMX3	-0.0827055756891256	5.34782434927045	0.437529609811629	0.510385155676078	0.84091923934016
TMX4	-0.144619901855995	6.99766425846973	0.516922604013553	0.474436583957816	0.821645469754868
TOR1A	0.116011090525912	5.40916493561463	0.889639646752328	0.348664480948575	0.75850643822972
TRAM1	0.25950453961122	8.58581015236498	1.74628036668349	0.19044301451064	0.624339275210266
TRAPPC1	-0.107268587242543	7.21274700777083	0.506879788922909	0.478746051029061	0.823575700521633
TRAPPC2	0.0425414468136452	3.98356364525747	0.150011147989213	0.699643760681983	0.918357539986385
TRAPPC3	-0.0951541956815888	5.76099190119861	0.790115062152483	0.376964701198266	0.771793176334834
TRAPPC4	-0.127259754983432	5.7321044937788	0.870560006051843	0.353854736247536	0.759922513565154
TRAPPC5	0.104453972793838	0.559704330966746	0.327679683825665	0.568775131154353	0.868305663304755
TRAPPC6A	0.111676229396933	5.21692926546623	0.388545971221257	0.53499388645092	0.85402291938467
TRAPPC6B	0.0995973682538241	4.68238872638431	0.657498412962911	0.420061891111549	0.795530610047026
TRAPPC9	0.0882839330821338	5.93063152022631	0.494568979280946	0.48411755376073	0.826452140968913
TUSC3	0.184188825407849	6.93867341575393	1.04441995963902	0.310147079714199	0.733670184388759
TXNDC12	0.0419971769284953	6.53849559146993	0.0967149904180836	0.756688081823835	0.937177422853636
TXNDC5	0.039000840605808	3.02700929305357	0.0178296499689236	0.894140906215596	0.976312221720576
UBA1	0.250567086717878	8.6653117571153	3.40214219599144	0.0691404625530458	0.452384182848378
UBA5	-0.238159857208954	5.39002693318606	4.45790513578472	0.0381397785259987	0.368912941018567
UBA7	-0.383835612888134	6.04818057805201	4.87197322839284	0.0304177284839027	0.335833015866901
UBE2D1	0.0343079600936409	4.26420223834241	0.0466923854502842	0.829520567701756	0.957809497099315
UBE2D2	0.0527368302869178	6.35852573687349	0.274689363813024	0.601779981017593	0.880841480172502
UBE2D3	-0.040701984028334	7.8721687173751	0.146740231695105	0.70277563145811	0.919267256398288
UBE2D4	-0.188296760181515	5.04991999692056	2.00074819419314	0.161443141202806	0.596616538312825
UBE2E1	-0.103210715625249	5.84327563146762	0.848623733614665	0.359955251957279	0.763413489178625
UBE2E2	-0.0708023549615969	5.47969512637563	0.195791068174006	0.659439004055953	0.902587602537769
UBE2E3	0.101214946665606	5.89924336215739	0.651122621314286	0.422314574218356	0.79748050275659
UBE2G1	-0.154670300332827	5.75811774583216	1.33406688528226	0.251823540313886	0.684579752209777
UBE2G2	-0.153357332202153	6.39947328875627	2.17567118666374	0.14447841858322	0.578948940715965
UBE2J1	-0.0576211915618001	5.997926552681	0.219085138806247	0.641122645563778	0.89538121831884
UBE2J2	-0.0258995325305753	5.48668832549158	0.0350968098492728	0.851909042626949	0.964846278314653
UBE4B	-0.00495947365710457	5.76134170865488	0.00106938836521945	0.974001249452236	0.995237921449829
UBQLN1	0.0114584907539964	6.96642929687956	0.00828576306611574	0.927719372237672	0.984812961232465
UBQLN2	0.228914793557594	5.95815242690019	2.15445770660313	0.146422275533725	0.580774785969719
UBQLN3	0	NA	NA	1	1
UBQLN4	0.190004477154748	5.77022741780027	1.66927725540593	0.200402273905408	0.632920216327669
UBQLNL	-0.272230000576039	-0.36466430047409	0.916862071886415	0.341438713104035	0.754185601355485
UBXN2A	-0.00371995449396199	4.41982602218577	0.000902000595984085	0.976121862926002	0.99583739509917
UBXN6	0.138717493664586	7.76859492087996	0.983550108202776	0.324577030328375	0.744574495984198
UFD1L	-0.00866042973546643	5.47496848364933	0.0043342002780347	0.947688183521799	0.989373375342982
UGCG	0.0215581445227974	7.54666296193141	0.0143425207359276	0.904999747945301	0.978812612701676
UGGT1	0.203034035926417	6.63825661480438	1.86243643468823	0.176506551949863	0.613582621435076
UGGT2	0.111413151226658	4.57290158351061	0.801587296786221	0.373541409351929	0.770569081005874
USE1	0.415743705837315	4.78192253487785	5.12590130545101	0.0265214998146984	0.318330106258748
USO1	-0.0768138327940274	6.34759731587748	0.25693398589894	0.613751495698069	0.88643177154639
USP6	0.65612086903168	0.622413951078212	1.90319846834116	0.171902771790379	0.609194363118139
USP6NL	0.185098307132909	4.68692170910883	0.801761181576506	0.373489862559112	0.770569081005874
VAMP1	-0.11742623304176	3.12329222148788	0.276928335448225	0.600305678664991	0.880669097778303
VAMP2	-0.115414739543656	6.26430134083626	0.589525061524466	0.445062079995145	0.809645620278097
VAMP3	-0.0676480097310842	6.7802980686538	0.226414965473044	0.635605915076587	0.893388834133864
VAMP4	0.102374641164121	4.25083754808677	0.890165935936246	0.348522805738799	0.75850643822972
VAMP5	-0.245764672378406	5.17533016725486	0.972870115898876	0.327200681458796	0.746637124785466
VAMP7	0.245812208090361	5.71581658254855	1.84329982480485	0.178717696923889	0.614142877310822
VAMP8	-0.244717641173854	7.37177378157266	2.06312356818087	0.155142615820175	0.587808767242511
VCP	-0.0458539414144511	8.43426094673054	0.154862825602526	0.695069947371392	0.915953136943201
VPS45	0.0955649275777059	5.17436869301443	1.19053680955332	0.278784594493963	0.708857900401685
VTI1A	-0.0316876792767787	4.00120033138982	0.066570345809175	0.797118347867776	0.948232666989007
VTI1B	-0.079176666242516	6.6148015015676	0.42109581743716	0.518412902867984	0.845241854838803
WAS	-0.431385970097181	4.01296650566586	2.05966190016513	0.155484727939245	0.588479835357158
WDR38	0.29342500688817	-0.579734742809509	0.360227633433641	0.550225570268276	0.858824397279624
WFS1	0.413713016216376	5.45833687522617	3.12836866840024	0.0810888220921245	0.477305819516481
YKT6	-0.111897816863668	6.94191464709183	0.954400453966973	0.33180564834753	0.74946236374775
YOD1	0.216575025447771	4.11534048594339	1.39393748132542	0.24154720114163	0.676504379015017
YWHAQ	-0.126707717889959	7.89523500065846	1.24291478585436	0.2685414538779	0.698621766947857
