pspGenes	logFC	logCPM	F	PValue	FDR
A3GALT2	0	NA	NA	1	1
ABO	0.207525503713391	4.75396449502592	0.293435162695899	0.588647690431079	0.889878073619644
ACAP1	-0.079371514235031	3.74426479173985	0.149994994853711	0.69896369459774	0.928037103151885
ACAP2	0.118010142089747	5.22742967460496	0.844706339112136	0.359192864632473	0.79320840955738
ACAP3	-0.133808768085314	5.93972004346735	0.69806760824314	0.404459170552361	0.815719226837784
AGAP1	-0.172081602956503	6.17132603562372	1.46489716586691	0.227621677983748	0.709010316308869
AGAP2	0.394388306808586	1.99583218983326	2.43970703346392	0.119924291030427	0.594457603644337
AGAP3	0.117169532527018	6.25379243018876	0.815403922654719	0.367644609473056	0.797336666088187
AGR2	1.33539713115088	4.43195802758534	3.04897261217959	0.0823674408660115	0.534686565049157
AGR3	-1.18163824877745	2.0367390127628	2.48353513132029	0.116668901859043	0.590888394553834
AKAP10	0.112265704920572	5.34826776274674	1.32600783010581	0.2509305389921	0.725236428458345
ALG1	0.157748284033955	4.93438902933487	1.52045134408063	0.219039756446982	0.700438740818642
ALG10B	-0.0126197825227077	3.96942962307136	0.0106960292884474	0.917734945262916	0.983470653674904
ALG11	0.0122813978176692	2.73462424118242	0.00530628596569115	0.942004923747388	0.987477101521745
ALG12	0.0938232133776571	4.56371074609966	0.697500075264251	0.40464991589382	0.815961284020643
ALG13	-0.10683775378673	4.8056405515512	1.2364362664146	0.267531829588815	0.740549149484087
ALG14	-0.12021567201376	3.50217875416467	0.972441943125735	0.325297327532104	0.777230513590545
ALG1L	0.604345996521317	-0.126675067873326	2.3298690105652	0.128537417856398	0.607077243617899
ALG1L2	0.386609277533305	-1.4110849787726	2.72463364743849	0.100424964899389	0.566346866967132
ALG2	0.00961636219810499	5.40109882322304	0.00979653251265432	0.921258144934853	0.983872606607105
ALG3	0.198197361680416	5.80453864053877	2.20671375148806	0.139030496039017	0.623218849790876
ALG5	0.0556815813361599	5.2810548504588	0.283060284545928	0.595309707666686	0.891843174200054
ALG6	0.0269390843143793	3.70509753053141	0.111802712818299	0.738461389062934	0.939368853063503
ALG8	0.0659222993823789	5.15214129955668	0.636517876801653	0.425947738781257	0.828229836071374
ALG9	-0.0260158264272864	3.15023997756964	0.11188637903684	0.73836715892017	0.939368853063503
AMFR	0.172519061620231	7.14738752396648	1.45976575493052	0.228434669409881	0.709261121403798
ANKFY1	0.0481577614674431	6.62683835399007	0.113166189292689	0.736930615077064	0.939038445351747
AP1B1	0.173689456871893	7.56031766836665	1.7563784886982	0.186631899186673	0.676895699787645
AP1G1	0.0639683710231562	7.33789569167824	0.33573975205329	0.562969366042936	0.879402071106128
AP1M1	-0.00949455550419334	6.52567635433383	0.00965608807225563	0.921822772672702	0.984000622437292
AP1S1	0.22256103473482	6.46965108022001	2.40286852195824	0.122738965924005	0.600045538039453
AP1S2	0.473986045277482	4.32719357050567	6.93461621116634	0.00913427764176345	0.230946679930421
AP3B1	0.108454592653145	6.19372133428008	0.838848620909787	0.36086068621014	0.794076981439609
AP3B2	-0.158224819395672	2.33890850234656	0.363616108008615	0.547207409401858	0.875012837948759
AP3D1	-0.0454081442115051	7.63623194067003	0.235432659785714	0.628070722660485	0.905352164240715
AP3M1	0.226335865060545	5.3515027535785	3.54961693041911	0.0610514439075702	0.491537868748926
AP3M2	0.0848367955102897	4.68392772347257	0.670988107047729	0.413710107965097	0.821756586880378
AP3S1	0.142584052003948	5.05682961021303	1.46888749610778	0.226991891128598	0.708792747835668
AP3S2	0.0720045250675283	5.54342487896798	0.494266300415031	0.482871197085948	0.852100455779605
APPL1	0.0755212569042638	5.90050691444475	0.369329294396242	0.544079162252373	0.8739891927201
APPL2	0.0316305492462387	6.0636376450652	0.048399161574298	0.826103423158267	0.962082269252086
ARAP1	0.0712249115968529	7.07768982973593	0.328986802690778	0.566919071962589	0.880726916099131
ARAP2	-0.0140734174450134	4.58257973093544	0.0106124326185742	0.918055908368757	0.983494588753373
ARAP3	0.751366971713097	2.97522573428037	6.4165422899654	0.0120957350294876	0.26246352236704
ARF1	0.0211858893007601	9.12824925412084	0.102574859512536	0.749105196191763	0.943268237972413
ARF3	-0.011523734253601	8.14870852703244	0.0133447854519499	0.90815246498355	0.98094377420298
ARF4	0.151212438974824	7.22410713345407	1.35033411766075	0.246643979551395	0.722879203207942
ARF5	-0.127776701493648	7.59888188935494	0.936901267516635	0.33427836275934	0.780470925700178
ARF6	0.0382787243572234	7.47775833657109	0.0966647721774024	0.756202379731289	0.945118964369929
ARFGAP1	-0.0395099808197187	6.7093327704766	0.0869822028577853	0.768363937315891	0.947421971832328
ARFGAP2	-0.0934048978230845	6.63408953850177	1.40333162584644	0.237612398056003	0.716187232299749
ARFGAP3	0.0121599363903373	6.04505803470006	0.00878524525984004	0.925420429614195	0.985393562163192
ARFGEF1	0.127929514352815	6.14947050417773	0.827816474189592	0.364031049389685	0.795808255579856
ARFGEF2	0.254261081922774	6.34748494181928	2.4575704162737	0.118585404222463	0.594042485355377
ARFIP1	0.0777418461761531	5.478978181121	0.973140661938673	0.325124007644219	0.777230513590545
ARFIP2	0.031046024925803	5.84209808816603	0.176068265461255	0.675237323435943	0.919861031527785
ARHGAP1	0.170110679232688	8.04703087254306	2.1272346384432	0.146314907925449	0.632669120451367
ARHGAP24	-0.0901053547611944	6.6076805005003	0.270397821339778	0.603656506045234	0.895724492178184
ARHGAP5	-0.0770145614560988	6.53951314404018	0.302755779466684	0.582791417274396	0.888413276267322
ARHGDIA	0.0806337011647365	8.34747172257957	0.66967428209807	0.414166866917299	0.821886751119933
ARHGEF1	-0.118937333598411	6.44454299348033	1.24097828264762	0.266657633519544	0.740353989270201
ARHGEF11	0.0456896353575638	6.03368501404314	0.246007306803723	0.620460726138357	0.902433670051073
ARHGEF2	-0.101186387520898	6.49089195135753	0.453448853312037	0.501501236443209	0.860020734848627
ARHGEF6	0.296390116517448	4.37590033364421	2.93255886104047	0.0884038600437801	0.545383471002903
ARHGEF7	0.0359529289121434	6.00060053329304	0.155889843523237	0.693401910869177	0.926527763307139
ASAP1	0.353069773180487	4.87928511700763	4.022981499213	0.046270379754253	0.446624020181123
ASAP2	0.0165651099876034	4.28714360897143	0.0028535211728474	0.957453415893171	0.990502623463795
ASAP3	-0.145538495924855	5.17497828420907	0.887019894092711	0.347454738602772	0.785530748330277
ATF4	-0.114083835723379	7.69138304590748	0.654927728772026	0.419345491524506	0.82412776683627
ATF6	0.0925132095652811	6.232549636383	0.532596127988281	0.466395643901344	0.845608420346745
ATF6B	0.128452356859069	6.43626317103539	1.64620321099817	0.20100357735203	0.687716488494523
ATXN3	-0.0876287117961216	4.45087484090018	0.966475450856019	0.326782356746051	0.7778385324101
ATXN3L	0	NA	NA	1	1
B3GNTL1	-0.00281839788034566	3.36009709779899	0.000372251548876133	0.984626495152794	0.997268422857129
B4GALNT1	-1.20547915843032	1.76795705418345	3.13660921165409	0.0781193212245255	0.527790163088369
B4GALNT2	-0.522353943233567	3.93311010829747	0.90676444727033	0.342156493302522	0.783240197527121
B4GALT1	0.1843703410846	8.53239883466869	0.637843550324169	0.425467108788999	0.827901142918272
B4GALT3	0.2209654369946	5.17193089749269	4.71164376643647	0.0311707051876425	0.396176166269845
BAG1	-0.0978322887653244	6.71116542678382	0.451737185155681	0.502308931971153	0.860501260010305
BAG2	0.0941388417580886	3.41835075912067	0.240491021049527	0.62440458815266	0.90374677087191
BAK1	0.167159215838799	4.91383994909748	1.25934662133633	0.263158558200797	0.736929441506537
BAX	0.0129481878006127	6.62155406836063	0.00971425590210452	0.92158842128297	0.983872606607105
BCAP31	0.0389813874055338	8.48646878138555	0.0940367729067424	0.759434736706927	0.94613935468709
BCL2	0.0763592159407634	6.58972608013251	0.182036425574548	0.6701009505983	0.918487835716284
BET1	0.28291803496037	5.06435976913435	7.52426999127125	0.00665629901681296	0.192091070950597
BET1L	0.0309489441264273	6.28630524528613	0.163955919639533	0.685985287759681	0.923112748120663
BNIP1	-0.00646268022573795	3.22135705653234	0.00294880297607961	0.95674960311801	0.990502623463795
CALR	0.233314727880485	9.84952958955596	4.25274113770647	0.0405165673804425	0.429128779803753
CANX	0.092228202961981	9.62560484290576	0.487710788494048	0.485784569701725	0.852973312019374
CAPN1	0.0467927334088126	8.75895715983976	0.168702526943905	0.68171973835193	0.921619537985725
CAPN2	-0.121483599293951	8.2632662980376	0.986535834723101	0.321824861777373	0.776626210593541
CKAP4	0.0636788313818744	6.51861195879746	0.289420641731668	0.591207233554686	0.890700595362143
CLTA	-0.0621464392900966	7.48320535831685	0.252331196656502	0.616006735211748	0.900252520385218
CLTB	-0.249885073127539	6.14040844831529	2.65393004676617	0.10491316482805	0.574769049137383
CLTC	0.142929834706493	9.16872866880375	0.94051627752729	0.333349817996633	0.780130286710117
COG4	-0.0129718856024026	6.66529322166256	0.0177689438826612	0.894093815205292	0.978647488787786
COG6	0.0350539265955234	4.60251293432805	0.0622462682809779	0.803243562176199	0.956440228694242
COPA	0.0910552264330491	7.86259887112941	0.589043232748675	0.443720239977062	0.836285130908975
COPB1	0.0557921981669245	6.92518813887905	0.213149768271645	0.644825827441732	0.910441143552554
COPB2	0.238573821932598	7.16632590884636	3.95209693642063	0.0482159915908466	0.451723211130561
COPE	-0.0192132909563209	7.32109272780727	0.0237563892068888	0.87766623123948	0.974292979209348
COPZ1	0.0933003068400481	7.69458471067915	0.912784126068979	0.340562995452772	0.783094630567511
COPZ2	-0.276161575053409	4.27040630168007	1.82003993020114	0.178877339874108	0.671321014004684
CRYAA	0	NA	NA	1	1
CRYAB	-0.0776361423356796	12.0434180272956	0.0682878090818351	0.794122801384124	0.953443183759521
CTBP1	-0.146079474989695	7.43572207904978	3.26724141491199	0.0722218001542052	0.516786261173235
CTSA	0.287934710238415	8.90064698792471	2.66670971701242	0.104085813047382	0.573267591734433
CUL1	0.047596588080981	6.0427277854913	0.33140235663431	0.565500093011071	0.880218199397738
CYTH1	0.123863959040873	5.89001976340985	1.26092714383126	0.262860165287047	0.73685002459764
CYTH2	-0.200614255318399	6.78417189082219	4.00549906149647	0.046742346535894	0.44782714330713
CYTH3	0.172405820075804	5.29411427497039	1.66577334715899	0.198358060802168	0.685848813142257
CYTH4	0.447883527856371	4.26940675066497	2.69681958366397	0.102164819038133	0.5700305762971
DAD1	0.0241355012133249	7.05407727219254	0.0368751235808303	0.847919898627308	0.967340860158431
DDIT3	-0.174071131568806	5.61133068834181	0.573247558603852	0.449887732481315	0.839026024095722
DDOST	0.293363171132116	7.97696008015776	10.1579359839597	0.00167430920274822	0.0865342338584933
DERL1	0.257752902243302	6.82196527200983	5.56921391447545	0.0192695611300214	0.32059612095491
DERL2	-0.0157225354596378	5.8574080862291	0.0322691452265394	0.857625273513502	0.969383965305162
DERL3	0.757333819603321	2.68233726255747	3.30567406027103	0.0705797764595769	0.513503809703096
DNAJA1	0.212881606662353	7.1700740502441	3.26294910585446	0.0724077343723716	0.516807539090578
DNAJA2	0.0703721660638942	6.62608937291119	0.469740698857034	0.493922709444145	0.856170995999681
DNAJB1	-0.0983758676007919	7.3385517878817	0.259701682318761	0.610903037767216	0.898051693211617
DNAJB11	0.168770126337587	6.03657601966305	2.68322545504701	0.103027233565853	0.571620430105375
DNAJB12	0.066712997686438	6.10502976137698	0.598239502160623	0.440189764997681	0.834988641715836
DNAJB2	-0.16439143635919	6.95979791576986	1.60741041754109	0.20637218234178	0.690917978932875
DNAJB9	0.07050713172138	6.23425624896645	0.199399778948816	0.655702650602773	0.913959131126895
DNAJC1	-0.0273910764128493	6.22208590604538	0.0287769960849973	0.865471311171989	0.971446921928396
DNAJC10	-0.0408244603861987	6.82820677736689	0.119997143389521	0.729412127765062	0.936715855675526
DNAJC3	-0.0543034343969473	6.63327735297243	0.154210245612746	0.694974062821365	0.926772193085242
DNAJC5	0.0741614389515042	7.27656479052088	0.545935825754218	0.460873993536186	0.844211985468034
DNAJC5B	0.803117639589065	1.36228819030075	3.66804941026798	0.0569324352711106	0.478959752497138
DNAJC5G	0	NA	NA	1	1
DNAJC6	-0.0397600493731931	3.62518510050497	0.0244678126227531	0.875862748952521	0.974011353537289
DNMBP	-0.0189174590095926	4.62999741636018	0.0157924413786414	0.900124579418528	0.979323007339304
DOCK5	0.127051893400337	4.83472616497832	0.681805898275942	0.409977450385867	0.819134451004679
DOLK	0.0504556100280697	4.51640807924648	0.236765736309192	0.627099856486144	0.904805482313302
DOLPP1	0.114501094294791	4.09504631510737	1.46131456791403	0.228188914636695	0.709010316308869
DPAGT1	0.0767546464061611	5.48968406224034	0.771636013745134	0.38079553030784	0.80579847123447
DPM1	0.199174803195198	4.74211453352275	5.4160572039595	0.0209816373677785	0.334186960466974
DPM2	0.00843062262344385	6.05899568096758	0.0047215035955473	0.945288518247557	0.987660601357472
DPM3	-0.274291683388542	5.08197225201309	2.05751866120197	0.153062848247782	0.641803985095694
DPP6	-1.97601431809002	1.53875089980971	4.87364095245245	0.0284393817479254	0.382806579154218
EDEM1	0.24621022090338	5.86566729304822	3.54449685870369	0.061236573410961	0.491537868748926
EDEM2	0.315663887730833	5.69607781560104	10.1874972039541	0.00164900742031163	0.0860239176159245
EDEM3	-0.0149006428979895	5.08373135448833	0.0126564565696588	0.91054229262371	0.981355576483613
EEA1	0.0100796427183306	5.01869019197019	0.0039104517631768	0.950202131505094	0.988646996163941
EIF2AK1	0.0707749791809121	7.73684307295172	0.836189141895895	0.361621439069421	0.794622237138582
EIF2AK2	0.108951856249308	5.89720237364682	0.899340718798187	0.344135610221135	0.78409916101166
EIF2AK3	0.150873190106512	4.6367739850108	0.901868606853444	0.34345995219642	0.783562103987113
EIF2AK4	0.180973222964368	5.54834185858056	2.52371100817538	0.113770981662075	0.587207085126134
EIF2S1	0.0616306635786038	5.65121842605772	0.307391388526704	0.57992244924915	0.887144671062698
ERLEC1	0.139528632551768	6.09147462229175	1.88319657066852	0.171552151445272	0.665086976753644
ERN1	-0.0434890113253365	5.01119004831854	0.0973891764149179	0.755319879034212	0.94488279153991
ERO1A	0.29278085075563	6.11238654883639	3.00842240999038	0.0844175229067145	0.540058082646759
ERO1B	-0.120639951784739	4.04361758152734	1.40204761947468	0.237826381667958	0.716465761762294
ERP27	-1.39198513462784	2.83773183304593	7.71608974952468	0.00600912436482947	0.18401441086199
ERP29	0.0177475206449231	8.08713510852599	0.0177658529944436	0.894102972038266	0.978647488787786
ERP44	0.139129055870291	6.23504758257138	3.09322572188995	0.0801917667893187	0.531312650726364
EVI5	-0.0151550849147624	4.18573065014671	0.017507073105898	0.894872510306454	0.978803967577309
EVI5L	-0.00289733175148745	4.79719744888301	0.000591935981792177	0.980614544038429	0.99614220480017
EXOC1	0.064235140425584	5.40830577175007	0.70651923061245	0.401634118019438	0.814160790781348
EXOC2	0.101387215718905	5.30162495170844	1.0053152792113	0.317273820325533	0.773313506152115
EXOC3	-0.173570228920992	6.27076166495459	5.53182004621546	0.0196736572888594	0.324119203942486
EXOC5	0.0438164172147578	5.62192867910811	0.126768202639434	0.722192675128027	0.935745312775864
EXOC6	0.144189614721198	3.98762439215167	1.77269779034396	0.184607279939009	0.676010335417914
EXOC6B	0.223090779824525	5.09805737467154	3.15228993832505	0.0773846081465626	0.526456020653843
EXOC7	0.179192859341643	6.68502867742139	3.27597519281378	0.0718450614985215	0.516562698254641
FAM71B	0	NA	NA	1	1
FBXO2	-0.38887248968495	4.42381216046638	1.16931547150469	0.280881156114476	0.75028698852497
FBXO6	0.0208546923845541	3.91350935853255	0.01718228802419	0.895846566257427	0.978803967577309
FBXO8	0.152426948968087	4.30382886535333	1.87065123578441	0.17297911334024	0.666693824046473
FUT8	-0.140635058752048	5.79198757004806	0.511771378227372	0.475231117238852	0.84948645823549
GALNT1	0.581198362840622	6.59337038542736	13.0695584497338	0.000382299439521124	0.0321840950838092
GALNT10	0.0675887954892989	5.98351827007442	0.13210613464418	0.716653075164378	0.933760612454895
GALNT11	0.184314195952031	9.23263949738629	0.657694772379462	0.418366440556398	0.82412776683627
GALNT12	0.124835858596546	4.39365618275992	0.444478080224752	0.505759219407128	0.860587040927744
GALNT13	0.430801325769162	0.139339229847266	0.693181643696445	0.406105651843615	0.816558547798891
GALNT14	-0.0326245502700557	7.93440942372759	0.03146232845705	0.859397498971732	0.969960127932636
GALNT15	0.191679060585734	1.91628916507887	0.452886131892375	0.501766526377314	0.860020734848627
GALNT16	-0.225780835311776	5.18524403214443	0.358380864129212	0.550103550471052	0.875012837948759
GALNT18	-0.304597137835193	4.73306916627027	1.55930510397443	0.213268241310379	0.695321450042809
GALNT2	0.294175971765044	6.12456006072517	3.72532767531129	0.0550480025543491	0.472951480614929
GALNT3	0.256489437424786	3.80122254207352	0.544216371816153	0.461579839391843	0.844714536643751
GALNT5	-0.120073318635562	4.33760260530915	0.104645797867994	0.746671788887031	0.941962278395102
GALNT6	0.117107402456501	3.32738046657649	0.203250836908423	0.652611864374445	0.913108392070862
GALNT7	0.335621822843091	5.17189006118166	5.423742516648	0.0208920523722178	0.33364634877092
GALNT8	-0.860834037282985	-1.14193330062803	2.95189071294911	0.0873689110815078	0.542463306861
GALNT9	-1.22497254306579	3.51104419776658	4.71093162673016	0.0311833032066868	0.396176166269845
GALNTL5	0	NA	NA	1	1
GALNTL6	-0.440169500616425	-0.174289224530054	0.570202221323605	0.451092186717299	0.839602016931637
GANAB	0.132056641738391	8.75418788524855	1.81012605788725	0.180059887117583	0.672940474186967
GBF1	0.115967271763921	6.74975209648308	1.79377975391988	0.182029645775536	0.674448256835499
GBGT1	0.373449382585257	3.41480967959765	2.36587513620466	0.125639953265206	0.604174508179677
GGA1	-0.0125351691090042	6.51928903496391	0.0144490135607413	0.904445614944905	0.980494703211953
GGA2	0.130453509761743	7.12712746104756	0.782724155894457	0.377401918784458	0.803568800846017
GGA3	0.169048415008673	5.72488256105632	3.96360487405287	0.0478943011448093	0.451274842094438
GIT1	0.134803092073033	6.80522067669774	1.73786081331892	0.188960802104964	0.679396462848251
GIT2	0.160555797346018	4.90534472670199	1.24071960828293	0.266707324038311	0.740373487171733
GLT1D1	0.258150308962222	0.0618749794831156	0.370119300842509	0.54364920767604	0.873847749702675
GLT6D1	0	NA	NA	1	1
GLT8D1	0.0297825289387599	6.12010241634232	0.121785224181325	0.727483862497562	0.936523473496991
GLT8D2	-0.888280289631912	1.72094541861596	3.46351934871881	0.0642460930825327	0.498385303462915
GMCL1	0.260233886604582	4.73508632249813	4.92205296436782	0.0276728398001403	0.378911568656497
GOLGA4	-0.0134181910327372	6.50648723573696	0.00590438160228719	0.938829852666417	0.986396367500352
GOSR1	0.0695292393938294	6.10147490098515	0.599910756266604	0.439552825430277	0.834988641715836
GOSR2	0.00811373196444071	4.27502409786176	0.00711168555706556	0.932880172483116	0.986208685911667
GPAA1	0.0492800398024736	7.41522423443245	0.153834546470379	0.695327080005718	0.926953669803428
GPLD1	-0.105345835294435	0.0725359673266189	0.174552537342246	0.676558082585387	0.920107175254024
GXYLT1	-0.0230939188379254	4.66190989021957	0.0467945101361307	0.828964779303985	0.962874172082358
GXYLT2	0.390824909448614	2.05073727123786	2.17364475207609	0.142010249816192	0.628312642224501
HAS1	-1.19697681261272	-2.39972790127384	4.79025979124737	0.0298123339265661	0.390994932082275
HAS2	-0.598927618461868	-0.802062753831675	1.24275865271691	0.266315944492005	0.739909192063589
HAS3	1.08114255077363	3.12443874101242	11.7836110153135	0.000730049420783039	0.0510992877438368
HERPUD1	0.166592569429118	8.07984675881912	1.29900262727102	0.255797441388049	0.730624191652497
HSP90AA1	0.244095301212411	9.91618341474961	3.51414564698712	0.0623464462140713	0.493968516732272
HSP90AB1	0.254350713726395	9.96785468328366	4.81606004533169	0.0293802199245516	0.389900665065907
HSP90B1	0.118320014304349	9.80201425407442	0.827740101205043	0.364053131663277	0.795808255579856
HSPA1B	-0.208039664494261	6.95595311513304	0.532078995181689	0.466611830580211	0.845608420346745
HSPA1L	-0.0674880752464525	1.78926089967026	0.314051258541804	0.575849823103709	0.885313396888293
HSPA2	-0.314310774739619	4.45269647928921	0.975637916733064	0.324505556320332	0.777230513590545
HSPA4L	0.13352415391072	5.30915713320744	0.512284715722345	0.475010063700694	0.849153279373876
HSPA5	0.161621997537266	9.14847344131522	1.09441768067629	0.296793111151049	0.760866224045457
HSPA6	-1.55342667478663	3.98635382903885	7.34240787549628	0.00733628914180789	0.202941225927728
HSPA8	0.253434968278446	9.83035709494277	1.85737213967861	0.174504532980577	0.668635329911735
HSPBP1	-0.128084539190632	6.16373134805495	0.926755165964043	0.336903109084878	0.782274003876085
HSPH1	-0.0293111265686243	6.54304745108777	0.0336314603205472	0.854684022751545	0.968860727840792
HYOU1	0.128484222769098	7.2573920004602	0.575434578277546	0.449025852908138	0.838729790335082
IFT27	-0.156256253624026	5.53914716036174	1.35587278318394	0.245680636364098	0.722718802111189
INPP5B	0.109616061122436	4.18147448779581	1.50063083665231	0.222056122189789	0.703533433919196
INPP5E	-0.152343856062253	4.46615759978432	1.78924527759837	0.182580500271337	0.674502132406036
IQSEC1	0.0600828029741884	5.89701907900738	0.174732091279179	0.676401273610489	0.920019899001153
IQSEC2	0.0412205636821545	4.97595820729457	0.223263352782529	0.637094449673494	0.908048628583969
IQSEC3	-0.420016334265219	1.29946885442787	0.95428450686619	0.329844823536475	0.778833846728909
JUN	0.198263028992173	8.06349560077166	0.762233764775832	0.383707204088893	0.806853455736702
KDELR1	0.10204163569096	7.9150855534906	1.36574821690403	0.243974438220009	0.722102941733447
KDELR2	0.0613177877277599	7.9707488821712	0.382922160601582	0.536767705959418	0.872576991412995
KDELR3	0.00824909909152476	4.99376265334026	0.00195554116143111	0.964773220582897	0.992240249151332
KIF20A	0.927784992576808	1.71027396834195	10.4059858912755	0.00147372026641784	0.0803846926976009
KIF23	0.134946119515974	2.31626853392752	0.242269100908889	0.623127263587577	0.903436805549415
LARGE1	-0.0742747948822416	4.06803401180616	0.186106543219139	0.666654946494853	0.91746041678731
LARGE2	0.0160911358322255	4.6111247204326	0.00353966884060755	0.952618853395749	0.989411823058849
LMAN1	0.160745466667177	7.12795107410337	1.01192318063566	0.315692657518087	0.772225534086679
LMAN1L	0	NA	NA	1	1
LMAN2	0.111319108386241	7.93801303470852	0.977039510349541	0.32415913286548	0.777230513590545
MAN1A1	0.192175883277735	6.20555033569347	0.970237449158365	0.325844966734318	0.77740510164833
MAN1A2	-0.00631749902631008	5.80467065651599	0.00255025225565624	0.959775766724989	0.990796288956588
MAN1B1	0.104096559587238	6.95383071556957	0.842507754017123	0.359817597452609	0.793375354550575
MAN1C1	-0.643036714516069	3.97660298034899	1.6872518881354	0.195501746147842	0.684241455032985
MAN2A2	0.0734833376807903	5.84701903974494	0.292363625433217	0.589328645891053	0.889932390250818
MAP2K7	-0.0821430553400515	5.58800829293811	1.05904339530276	0.30471180521365	0.766279851113806
MAP3K5	-0.0599221176052182	5.127166273597	0.0973236707491453	0.75539953241359	0.94488279153991
MARCH6	0.0235696763390134	7.31034974901779	0.055935179089464	0.813288847148763	0.959076852957889
MCF2L	-0.285269917240229	5.74212396106998	2.73487133794575	0.0997928008628103	0.564957846964486
MGAT1	0.404793740377834	7.41877969641295	6.83568657132525	0.00963545520373628	0.237474226942788
MGAT2	0.239872523962408	1.72462537704534	1.1452307784035	0.2858762727188	0.752244568105817
MGAT3	-0.139377828997799	2.2056649330789	0.0851223435210439	0.770783179867049	0.948213262494599
MGAT4B	0.0582077211934106	8.44210102262125	0.196651848217846	0.657930058167512	0.913959131126895
MGAT4C	0	NA	NA	1	1
MGAT5	0.229767766116753	5.97125851615528	2.56761854924764	0.110694966864978	0.581898504745014
MICAL1	0.103922505740372	6.10129394705198	0.45642404705266	0.500102576449752	0.859194990976974
MICALCL	0.587664944673043	-1.15002532676516	3.53801672002924	0.0614717438228692	0.492288902982753
MICALL2	-0.182645259050367	5.85105556550136	0.507958791938182	0.476878161720119	0.850234567675
MOGS	0.0834051270889221	6.32043498114963	1.36443930963297	0.244199742583195	0.722251031486552
MON1A	-0.0234049869819413	3.21851313002075	0.0302260580942874	0.862159151862914	0.970922186824161
MYO5B	-0.0991837608198093	7.25208769309299	0.295242283533443	0.587502913464498	0.88969454648765
NAPA	-0.0197972827673785	6.66696979660565	0.034398231472288	0.853055601648158	0.968326847022426
NAPB	0.0403441090835817	3.8638633535508	0.124671045539929	0.724405026317079	0.936500090516958
NAPG	-0.00912915537226849	5.00447798722986	0.00870931885778244	0.925742462207445	0.98565078183137
NCKIPSD	-0.084910476018552	5.62365510062538	0.500447296631477	0.480150609756333	0.851226084686914
NDE1	0.161174472045808	4.60009760545837	1.53658654551207	0.216620517575349	0.698081051481996
NET1	-0.101023610254079	5.99882360866771	0.313018924057058	0.576477376907907	0.885549908600837
NGLY1	-0.0218369541223639	5.00653757119359	0.0570823576329196	0.811419893243548	0.95836864389258
NPLOC4	0.0465119089810281	7.62529461959637	0.225694602235167	0.635267915284322	0.907187023528727
NSF	0.0942470808161078	5.93022185183832	0.836395218754533	0.361562410686001	0.794622237138582
NSFL1C	0.111718716043122	6.61972423921375	1.77781388712277	0.183977854863572	0.675551342738359
OCRL	0.176044698487487	5.59142383911234	3.3067208602948	0.0705356200875041	0.513503809703096
OPTN	0.00794142059164537	6.96904006092023	0.00286565203836733	0.957363161575989	0.990502623463795
OS9	-0.0168056625040112	8.54884113233483	0.0202238798720825	0.887060825144294	0.976361472320607
OSGIN2	0.0477752666225007	5.25099429381717	0.169447403692499	0.681056743974644	0.921381655455401
P4HB	0.213338870047101	10.0203305861974	3.57319231866845	0.0602067278778518	0.488230526167366
PAK1	0.0173970118591393	5.84662187103325	0.027244615503034	0.869068669105429	0.972277071030849
PARK2	0.152450640537011	3.67557386164825	0.432750075260942	0.511420594487744	0.861796759514383
PDIA2	0.0476335333838794	-1.48589614165202	0.0101187088185649	0.919978149272926	0.983872606607105
PDIA3	0.222786745208341	8.63014518366984	4.37814252521211	0.0377004614169206	0.416402994570136
PDIA4	0.355599553225642	7.98865004853165	6.36851940345783	0.0124164815432544	0.267292587738705
PDIA5	0.388334513952494	4.3518930875657	6.931943295083	0.00914745827439109	0.230946679930421
PDIA6	0.303440267914403	7.44147649261006	2.69083069688972	0.102543770826593	0.570537554547041
PDILT	0	NA	NA	1	1
PGAP1	0.0977122738536233	3.24330010309229	0.221872785110458	0.638144626020975	0.908379689557811
PICK1	-0.267149808311858	5.24962642156536	4.6793397397551	0.0317475997702509	0.397015160373459
PIGA	0.161932658213429	3.31016631608959	2.00073912080564	0.158821720124216	0.649329532218854
PIGB	0.215195448235661	3.61695351203998	3.49128484292016	0.0631966688298288	0.495562969781478
PIGC	0.0709894737282247	4.92866818624964	0.865776015242588	0.353281044163499	0.789534743757381
PIGF	0.178521911321274	3.5963827216407	3.96021946494217	0.0479886984213977	0.451523913520933
PIGG	0.000795730512446977	5.5584617885032	0.000116292605885008	0.991406911094049	0.998676525279677
PIGH	-0.0896798093867387	4.12208539095185	0.625751159978712	0.429881874628772	0.830543146586364
PIGK	-0.155200791926349	5.57925021171283	1.41634244612224	0.235457292698991	0.714332229912061
PIGL	-0.0667339335212434	3.89036825008521	0.159817798356129	0.689763094009568	0.925006940631277
PIGM	0.050824694971765	4.20675014088881	0.303928631733439	0.582062846436418	0.888047307217996
PIGN	0.224303053727764	4.53558907080714	3.79608845886788	0.0528115589911434	0.466730725889261
PIGO	0.18224033861166	5.78418495366891	2.42028001015559	0.121399542335895	0.597678052279896
PIGP	-0.0461309739928903	4.28022618028528	0.132248376812523	0.71650720649982	0.933760612454895
PIGQ	-0.0167252827479498	7.35272582964336	0.0117362690490503	0.91384240614641	0.982237958049986
PIGS	0.133854178247053	6.92710626584328	0.917509174811949	0.339319230297775	0.782775022421072
PIGT	0.195324715049504	7.63423909757685	2.81178087553232	0.0951812563095808	0.558372605157262
PIGU	0.18147562273332	5.14702517423745	2.23054069480212	0.136927300468432	0.619701645460123
PIGV	0.129942501247634	4.87961053509205	1.67319592615188	0.197365440433846	0.685303360971207
PIGX	0.0777143997478843	4.85024060978844	0.602736437357635	0.438479141494782	0.834911586910425
PIGZ	0.210176717852442	3.23494558263065	1.04259015014165	0.308488472799185	0.767867365030932
PIK3C3	0.0820474973725254	5.5070362523114	0.791668483496947	0.374695523682298	0.801469753485698
PIK3CA	0.100664682138172	4.65400555106332	0.365945150942171	0.545928115968247	0.875012837948759
PLAA	0.120951226197943	4.87399899235392	1.05027426097611	0.306717119300703	0.767156987615638
PLIN3	0.13949931412049	6.27516589386336	1.28746255625744	0.257912843484489	0.731459694337001
POMT1	-0.000769923911857568	5.75677038690403	6.94199725867081e-05	0.993360752128072	0.99915152234646
POMT2	-0.171194980853257	5.29891488444696	2.93901814656679	0.0880565747664383	0.544557704451616
PPIA	0.0579994164879103	8.80361056597471	0.249530430999784	0.617970636542497	0.901348217076571
PRKCSH	0.0411996364417581	8.63680893303146	0.232586675295346	0.630154851405633	0.905533403510623
PSD	0.0801494651633369	2.13446712652391	0.331497178443685	0.565444532126368	0.880218199397738
PSD2	0.389562603218173	-0.855447124151254	1.0970873911879	0.296206341183821	0.760768425361574
PSD3	0.517447524237091	4.56613045239641	4.13439291209736	0.0433790951901038	0.436248388328064
PSD4	0.247718973388902	5.58106109300883	3.22155920644254	0.0742274557134726	0.520652512819513
QSOX2	0.072898783837927	4.48303127822221	0.792857350140279	0.374337856463184	0.801208389319734
RAB10	0.196472152846487	7.30255523624049	3.327239260844	0.069676100837971	0.51315867369511
RAB11A	0.157793908332142	7.1889959929616	2.55925194474193	0.111273916536148	0.582564357726122
RAB11B	-0.0258889248556188	7.17034366226753	0.0745040518524194	0.785177999676575	0.950877478955717
RAB11FIP1	0.315552078601527	5.61400175438836	1.29397207049208	0.256716931078922	0.730624191652497
RAB11FIP2	-0.0572069135121172	5.52937773536243	0.11085004773591	0.7395371169145	0.939505110654179
RAB11FIP3	0.00396884580298062	7.34904253773205	0.000890394446096318	0.97622567695766	0.995196897095783
RAB11FIP4	-0.144181597492991	5.27154096250752	1.21190968848303	0.272315096651557	0.742997638910609
RAB11FIP5	-0.0932309422878919	6.83046832892786	0.484304253201883	0.487310021464361	0.853471593131978
RAB12	0.0379198780266351	5.27471527957847	0.157326020969648	0.692065358108978	0.925998222985067
RAB13	-0.120348155158548	7.05290672309413	1.18320800940953	0.278050263193364	0.748289063793369
RAB14	0.0894057768282312	7.04258433331603	0.859435880707576	0.355045805182552	0.790789775716588
RAB15	0.312685200793511	4.35957384122294	2.00701039558924	0.158173627056212	0.648525107217253
RAB17	-0.336715296999143	6.3743056538515	3.03985233563501	0.0828237626903559	0.535984571715829
RAB18	0.119634169866502	6.35364303317606	1.29390043697012	0.256730053907223	0.730624191652497
RAB19	0.21788608853868	1.95479169161796	0.734379110786009	0.392522292054089	0.810588477681957
RAB1A	0.197892707057191	7.67074596538686	4.12892494510963	0.0435164267123785	0.436809474002856
RAB1B	0.0576000158533572	7.57451221036643	0.450477767281998	0.502904642450887	0.860587040927744
RAB20	0.268445736768077	5.85519537973512	2.09431858087302	0.14945778426388	0.636342379819943
RAB21	0.0321702988271477	7.02422287436631	0.096442303410407	0.756474128648892	0.945118964369929
RAB22A	0.196683004742779	5.99797818264621	5.1677698855549	0.0241027245269192	0.356237913163677
RAB23	0.2151404039832	2.74654201702683	0.941557296985686	0.333083065622874	0.779729473638716
RAB24	-0.148890572327729	3.82072099638345	0.988659813039122	0.321305822278885	0.776626210593541
RAB25	0.176411673652946	4.09410323515459	0.0605417305653255	0.805901276493821	0.95705089824739
RAB26	-0.0468415109484312	1.40847200635444	0.0287468136468167	0.865541201971555	0.971446921928396
RAB27A	0.122605234773803	3.96952527463702	0.435837384670222	0.509919679620747	0.861518090437866
RAB27B	1.56309682611615	2.259083164043	13.6507741823819	0.000286103572441697	0.0263494936754763
RAB28	0.0108153901218731	3.78981737998183	0.0190073812500976	0.89048798170539	0.977391060566871
RAB29	0.0544923265730915	6.47014855989773	0.0661634737752914	0.797278903859927	0.954230398540106
RAB2A	0.0966478789679711	7.07760339381991	1.23679773133265	0.267462127469908	0.740549149484087
RAB2B	0.0924972457819094	4.71255535518697	1.32019128626046	0.251969057458103	0.726289912884882
RAB30	0.00209439481289432	3.39543909406727	0.000144957375991909	0.990406185257759	0.998597501313238
RAB31	0.441532173143762	6.77177015368976	4.60534969067694	0.0331116924538047	0.403319704164667
RAB32	0.410180876159554	5.189422557831	3.93826936411522	0.0486055683365098	0.452580468684081
RAB33A	0.335631397583161	-0.868200961762797	1.90787244824606	0.168784935290275	0.662001725697097
RAB33B	0.00650374671121893	3.50920155216177	0.00288171400511015	0.957243953900783	0.990502623463795
RAB34	0.042950335266487	7.28361395416041	0.0655307268197535	0.798229388606265	0.95447495817176
RAB35	0.090872997974514	5.82582939618451	0.891159133990478	0.346334820600591	0.785530083795322
RAB36	-0.134349737314966	6.06468581158843	0.850213957557825	0.357634429022388	0.792530435960019
RAB37	0.401345857672571	3.45269297406452	3.82613955902718	0.0518912983060033	0.463615253793023
RAB38	0.208086148032782	3.40862833497273	1.51236988893304	0.220263639866035	0.701601696715397
RAB39A	0.225875172416489	-0.693098291047397	0.280320176584546	0.597095359285875	0.892530915959429
RAB39B	-0.329012002926068	0.310659816939504	0.632892308569371	0.427266404951378	0.829284688941882
RAB3A	0.0649109744439402	2.78011515629116	0.114206201785889	0.735769884861795	0.938707038657077
RAB3B	0.757058826238852	4.22217994696693	3.21630602900664	0.0744619287367888	0.520748583284254
RAB3C	0.368231944260439	-1.51804758083858	0.949754936269349	0.330992453302617	0.778971301316062
RAB3D	0.0770559398096396	4.99065564222019	0.226707787279443	0.634510296924882	0.907010519021658
RAB3IL1	-0.0187673841054455	4.1473506291088	0.00509369669565269	0.943176524281415	0.987477101521745
RAB3IP	-0.172505750167002	7.18360297663077	0.81293607849909	0.368369010659476	0.79776379271003
RAB40A	-0.0584714845178402	0.5329140123002	0.128230307880796	0.720662436694314	0.935076393366452
RAB40B	-0.0739834455248709	5.35727203749567	0.136641815816639	0.712044838849675	0.932417920790001
RAB40C	0.0755158454794334	5.27433181074704	0.434024998636637	0.510799853909218	0.86175881688169
RAB41	-0.0978429470133544	0.31193171846237	0.244956088361202	0.621208016559671	0.902788637635217
RAB42	0.510261502760024	3.92781355006295	1.956801347656	0.16344877641425	0.656098332721007
RAB43	0.180231777501667	1.3505108982931	0.671949458210669	0.413376362063454	0.821756586880378
RAB44	0.853681849908377	-0.731035049926634	5.55770913620085	0.0193929573409403	0.321440236088198
RAB4A	0.0375878963168817	5.38332864767222	0.12740010498358	0.721530111604678	0.935438435335066
RAB4B	-0.268133066396737	3.96961899620375	2.27207462065387	0.133346336025027	0.61453280094696
RAB5A	0.0692116742861688	5.9399206010676	0.508876524529516	0.476480848331595	0.84992193260721
RAB5B	0.0775814893466277	7.70901392392082	0.915961381604638	0.33972597572391	0.782775022421072
RAB5C	0.109081748758872	7.23233771741094	0.856969155019634	0.355735688047898	0.791392379749129
RAB6A	0.0551125697024089	6.92024402681657	0.290794227946304	0.590328907470868	0.890030272066309
RAB6B	0.268197310283904	6.09883600861727	2.03444105527039	0.155374208215992	0.645221917702687
RAB6C	0	NA	NA	1	1
RAB7A	0.168005317979054	8.44430253107903	2.65629012296827	0.104759829409391	0.574397112997149
RAB8A	0.095592787411617	5.20655849407443	1.35306989231128	0.246167565486657	0.722718802111189
RAB8B	0.305501302504333	5.228050254596	7.04798266754672	0.00859293155504512	0.222056579362337
RAB9A	0.162344254903236	5.00692379017183	1.69165945926827	0.194921618807798	0.683705621697205
RAB9B	0.0741955126986638	1.39891737452132	0.129073049985436	0.719784893341723	0.934979596210789
RABEP1	-0.0239049747865115	6.19733152147905	0.064275216545131	0.80012994776019	0.955419970663633
RABGAP1	0.114497975798727	5.77458701143528	1.71853991692101	0.19142712412449	0.681772409605049
RABGAP1L	0.0377717400761816	4.85977630242484	0.08367918120256	0.772680236390078	0.948685432320159
RABGEF1	-0.0407181161282194	3.56813905802377	0.0793604667589191	0.778465534585869	0.949364125872357
RAD23A	0.118130977196693	6.68296145077795	1.72487025270828	0.190614915906014	0.681173167928961
RAD23B	0.20897285651769	7.03159485276624	3.49484630117137	0.0630633986822248	0.495562969781478
RALBP1	0.077304738961908	6.49481385160601	0.197521292026927	0.657223301492705	0.913959131126895
RASEF	0.187696539098676	4.50808603500542	1.03130110866509	0.31111515528759	0.769128671470306
RBSN	0.0950031257026204	4.87316279961592	0.913898125092089	0.340269205233482	0.783009110446162
RBX1	-0.0307677322371852	5.78490779665198	0.0546799318011535	0.81535720704265	0.959528988177435
REPIN1	-0.0311053473597281	7.28608752404516	0.0898311077790659	0.764712107236566	0.947057945656858
RER1	0.0467095345612298	6.5253974620139	0.337694241784989	0.561836121728069	0.879402071106128
RFT1	0.206311683222189	4.87419764134546	5.95031579437225	0.0156118049850918	0.293212513168723
RFWD2	0.00624626754192816	5.30836362749727	0.0054585764159712	0.941180080777756	0.987129082295801
RNF185	0.0641216347230406	5.59207823917442	0.390118822410676	0.532969111235793	0.870640294221182
RNF5	0.114035017754231	6.52474391345876	0.727392341214809	0.394779016439684	0.810874332075819
ROCK1	0.0203532068798224	5.51921993627204	0.0162683572430369	0.898638906833367	0.979134315050873
RPN1	0.206315644513912	8.5876198809218	4.51041974841088	0.034952865062792	0.408009917895214
RPN2	0.302311795432171	8.47906996082067	6.64669835575745	0.0106734604167416	0.250664257685137
RRBP1	0.22458674996092	8.73641225391611	5.02952376428363	0.0260476051123721	0.367582006095214
RUFY1	-0.0594720588357979	6.20695485920318	0.560825200551546	0.454832848622533	0.840890255074292
SAR1A	0.138576024765985	6.71200908474276	4.32909640591249	0.0387764099233684	0.421336653083497
SAR1B	0.074974338223278	5.86720941968884	0.470221611134443	0.493701949026419	0.855992896836655
SEC11A	0.0674732071017046	6.90891977170697	0.517109989693028	0.472940360935156	0.848016387541257
SEC11C	0.180968884979325	5.22965636464344	1.84678009251323	0.17573246756729	0.669428392235031
SEC13	0.076196048791334	6.61139469995871	0.541568780051335	0.462670067793508	0.845037748513036
SEC16A	-0.00629989049895013	6.81149405805761	0.00576934687374972	0.939532020181673	0.986404534069895
SEC16B	-0.426523960909637	-0.341311862450441	2.91183749537014	0.0895280860281833	0.548314762879608
SEC23A	0.245520425475148	5.4589852967234	2.39114155957462	0.123650394803462	0.600694542859922
SEC23B	0.0694197461142867	6.52462167730576	0.147756669898521	0.701108482533716	0.928417312012891
SEC24A	0.157184238606015	4.82611949963597	0.968222716028893	0.326346538882583	0.77740510164833
SEC24B	0.152036936803724	5.50324135889272	1.76832392443581	0.185147384861683	0.676406276901897
SEC24C	0.28414183113248	5.49335047897195	1.48472434544562	0.224513057477776	0.705505500524701
SEC24D	0.331487764970966	4.71943398473872	2.98345229784037	0.0857075312623643	0.540770603667102
SEC31A	0.0195572986817976	7.67469427571009	0.0280388210551213	0.867191597788898	0.971752802242815
SEC31B	-0.224661752603492	3.5926011714776	0.820583882871628	0.366130560324142	0.796325224616087
SEC61A1	0.181576163146715	8.53632411107236	2.84928241743326	0.0930178889241911	0.554810006554424
SEC61A2	0.014381091927268	2.63819795852892	0.0117777158114671	0.913691005290105	0.982210814322568
SEC61B	-0.00869003571798305	6.15496499267906	0.00465516355384908	0.945673639647226	0.987689716045105
SEC61G	0.0207559545752084	5.77676157648496	0.0199482397364174	0.887827949113678	0.976556428703704
SEC62	0.00725346582384337	7.37851576781076	0.00419079404046006	0.948450428288005	0.988127439751853
SEC63	0.0979831015861114	6.3459176509751	0.951841108673838	0.330463230327008	0.778971301316062
SEL1L	0.000812996943845514	6.90016436963835	2.80558504197636e-05	0.995779232864899	0.999489875507374
SELENOS	0.0460825613507821	5.75086283348051	0.276023166961515	0.599918249980384	0.893864309905863
SGSM1	-0.750842666267944	2.42399767176064	4.143451275568	0.0431525990492381	0.435630095610553
SGSM3	-0.0289041563416013	5.9447187093963	0.0901335789893282	0.764328115464658	0.947057945656858
SIL1	-0.0496291162881649	6.31900391821598	0.106292594146057	0.744755687648454	0.941590323913711
SKP1	0.0961003757408422	7.92002240195612	0.718885163649398	0.397552254527586	0.812337526914578
SMCHD1	0.248771743107805	4.91890747246565	3.30328506284069	0.0706806615364045	0.513503809703096
SNAP23	0.21053431696883	5.42021000217714	4.18014949524924	0.0422477436105705	0.433391045038474
SNAP25	-0.218348579808666	3.69097523242932	0.602044503920525	0.438741684307456	0.834948635295896
SNAP29	0.0166021554693984	5.27740748771324	0.0412872450738528	0.839196936712731	0.965570456821
SNAP47	0.0504478216806912	5.08906054002827	0.306958776077735	0.580188991112185	0.887144671062698
SPCS1	0.113157512008675	6.72919177263153	0.943731484154927	0.332526871177183	0.779401285690424
SPCS2	0.0511453295630791	5.25371559746053	0.325423711004948	0.569024854457716	0.88210914918086
SPCS3	0.141431184602512	6.76401149460401	2.10857568880539	0.148087164821455	0.634570467692145
SRP14	0.0292215556923629	7.85926872326557	0.0780579882328304	0.780243558001238	0.94954707935187
SRP19	-0.102883460781493	3.9372804937212	1.12018083339859	0.291192492004317	0.757182376294919
SRP54	0.130348540597248	5.5504283480015	1.51877395825454	0.219293112281971	0.700514104144441
SRP68	0.0749050000343224	6.96010100368557	0.771738974261898	0.380763819779659	0.80579847123447
SRP72	0.166168414218909	6.06988568292278	2.61510319548673	0.107471684286394	0.576492516235621
SRP9	0.035088542593804	6.60947125059571	0.141591054445739	0.707114616108767	0.93083792936231
SRPRA	0.0557650654459129	7.49040916866548	0.590201359470284	0.443273224701905	0.836081881107113
SRPRB	0.0535153719852862	6.54471153818304	0.249677922657281	0.617866872089462	0.901250528874524
SSR1	0.118599372964764	7.30801109235844	1.51744897937699	0.219493488702313	0.700553039962384
SSR2	0.0274153292912703	7.68423545226747	0.0741937016735112	0.785614859579314	0.950956883530617
SSR3	0.186779062428928	7.08922021240756	1.88819223957735	0.170987716683658	0.665003505844779
SSR4	0.0810014475990498	7.38199210130421	0.256048906584141	0.613420862670013	0.89928465744582
STT3A	0.137834838319057	7.03841414292766	1.57982665476047	0.210293327854172	0.693257214554237
STT3B	0.142732732143781	7.4719533530111	1.6452028175209	0.201139929091811	0.687716488494523
STUB1	0.0469657474698975	6.00103294826925	0.133082866898461	0.715653225827342	0.933617802869886
STX10	-0.11288187533648	5.51659642115504	0.742313017567358	0.389982124773432	0.809401054881979
STX11	0.35022908468224	1.88106801378946	1.60414033055012	0.206832465550605	0.690917978932875
STX12	0.0632657981556176	5.79857282036073	0.35931639032204	0.549583912820971	0.875012837948759
STX16	-0.0983138325140756	6.24680642208418	0.50697045036886	0.477306650068564	0.850406633853226
STX17	0.176937737164259	3.63299448838363	1.22048628665926	0.270630326294576	0.741885367183346
STX18	0.0262476014396146	5.30535271191321	0.074689650882579	0.78491721108969	0.950840476916412
STX19	-0.19869197771303	-2.88530157681518	0.270927666737769	0.603302303345265	0.895413778465546
STX1A	0.122446887420543	2.43406608698929	0.461029490127617	0.497950575882201	0.857891351356027
STX1B	-0.280273905693336	2.29382866239698	1.18157300285985	0.27838154611256	0.748419823406412
STX2	0.00272455589115437	4.76790523159073	0.000466952653159971	0.982781941996608	0.996577850884757
STX3	0.0685985539720846	6.7260649119217	0.359264219026443	0.549612867105218	0.875012837948759
STX4	-0.0130491240477431	6.28028886900897	0.0129638169397244	0.909467227709106	0.981150367274941
STX5	-0.0208693711944176	5.54265703675391	0.0543603590725781	0.815887780227487	0.959528988177435
STX6	0.11555632079444	5.28071447064752	1.56843252452569	0.211938919812357	0.694198666077931
STX7	0.0924702092368387	7.02810251670571	0.853763817009365	0.356634903048114	0.791863751766167
STX8	-0.0210602476925106	5.4457789303938	0.0201564647487038	0.887247950498596	0.976361472320607
SURF4	0.264357323006942	7.54968019543242	6.05299083745316	0.0147555355042917	0.287574469995336
SVIP	-0.214423854997558	5.1455634775987	3.19266518025985	0.0755270946152113	0.522719150677021
SYTL2	0.0759326707661041	7.30777188726325	0.127028500218315	0.721919522351528	0.935603392536367
SYVN1	0.025155806133018	6.36905893224292	0.0912084268893599	0.762969235948479	0.946738777921303
TBC1D1	-0.135676384591697	6.79549939254955	0.757130084058049	0.385300998287182	0.807451142518339
TBC1D10A	0.0207787073880758	4.12749412952642	0.0291598853863577	0.864587941441715	0.971323277512572
TBC1D10B	0.0669485345159406	6.36302385460811	0.628108707941121	0.42901573688731	0.830163906706046
TBC1D10C	0.185568347478515	2.9958774949154	0.401823682691772	0.526893871990119	0.868318264228432
TBC1D12	0.106511033873842	4.18182628456346	0.732581020859511	0.393101291346148	0.810867125747338
TBC1D13	-0.111445060504237	5.94265769325277	1.03628164666443	0.309952715506828	0.768659515825609
TBC1D14	-0.0776640697763937	5.05930398543128	0.0720350966030819	0.788680919573127	0.951958513970763
TBC1D15	0.0430127141117994	5.4303673766252	0.169977677204034	0.680585800415479	0.921210281614271
TBC1D16	-0.291938112495382	7.42956917003355	2.95277908541652	0.0873216701381747	0.542463306861
TBC1D17	-0.0835306197634397	5.98367614946561	0.957528553432013	0.329026165351179	0.778038899495481
TBC1D19	-0.0451182737367457	3.49706910998966	0.133878952640564	0.7148413708825	0.933617802869886
TBC1D2	0.389772345989451	4.91501372007244	2.92277119507531	0.0889329505156741	0.54669268106503
TBC1D20	0.142802768902857	5.68120766473433	3.42881783281767	0.0655840891128841	0.503345556105086
TBC1D21	0	NA	NA	1	1
TBC1D22A	0.0349512996998822	5.73632120956734	0.120615600435033	0.728743372965839	0.936523473496991
TBC1D22B	0.0638786140614202	5.06605712606153	0.628839212432468	0.428747894698273	0.830163906706046
TBC1D23	0.186428078208296	5.15156599602968	2.74698772229904	0.0990502807427928	0.564047833016489
TBC1D24	-0.0423075844994519	4.56165058299835	0.103310712289919	0.748237470043192	0.942788208965235
TBC1D2B	0.287565406071715	4.99538724520089	2.59255898099039	0.108988855018873	0.579177650813959
TBC1D30	0.235698296481075	2.11451657546764	1.0169097433283	0.314506313877024	0.771480492376022
TBC1D4	-0.160262482063808	6.63329388746273	0.556580184494245	0.456542360142651	0.842090355490201
TBC1D5	0.0523621723310782	6.93934888443755	0.150638480081254	0.698350510537959	0.927776074140939
TBC1D7	0.154578886167058	4.52229652767224	0.864639576323718	0.353596481331768	0.78964508656934
TBC1D8	0.225911212044642	5.31446194774901	2.01597359481534	0.157252593071192	0.647125748904175
TBC1D9	0.153911967750604	5.42478825477176	0.653355179315087	0.419903427594574	0.824224746343891
TBC1D9B	0.110553821104666	7.44975153463073	0.835057230003841	0.36194590081428	0.794706585720205
TMED10	0.120138490985985	8.14785109379531	1.16584601749614	0.281593830121239	0.750666362287902
TMED2	0.271969925195397	7.79727581392094	5.99060574197073	0.0152698070481458	0.290660243252118
TMED5	0.0310437881100745	6.53186322689587	0.0374384377017501	0.846777080012474	0.966810571655604
TMED7	0.103398951739402	6.58103556989444	0.572045157334019	0.45036268873497	0.839515880224279
TMED8	-0.000998105455543957	5.26654351237501	8.62496819571624e-05	0.992599617101733	0.998992014085051
TMX1	0.189088140860139	5.53793633523137	2.58775008711255	0.109315539904272	0.57994996059181
TMX2	0.107527356212731	6.71693590805998	1.15553216066942	0.283726058698469	0.751545068987781
TMX3	-0.0503152910748286	5.5001636030108	0.2136321207108	0.644452079960723	0.910371248235152
TMX4	-0.0257061793938789	7.17683163389319	0.0151674307821991	0.902110666560047	0.979686847953102
TOR1A	0.146531198339618	5.25130606783162	2.15335181931743	0.143874554799135	0.630631494818288
TRAM1	0.399525820670892	8.1000653164754	9.4980511988327	0.00235539763041252	0.106080203657669
TRAPPC1	-0.0474440315247861	7.38865533701465	0.119526414504076	0.729922435374984	0.936715855675526
TRAPPC2	0.0104976728888772	3.99598166796925	0.0127427978050745	0.910238971019561	0.981291120457533
TRAPPC3	-0.0288954008822856	5.90797991258653	0.100856010663607	0.751145548305672	0.943862402863474
TRAPPC4	0.00315522856660913	5.87450858919657	0.00108443592768483	0.973763568100445	0.994315702097855
TRAPPC5	0.168578133269169	0.393121365381677	0.975461723667746	0.324549139688535	0.777230513590545
TRAPPC6A	-0.11332587067403	5.29814114042408	0.526245386808057	0.469061778291426	0.846769185389149
TRAPPC6B	-0.107077724919479	4.75884898025534	1.61258207302251	0.205646724942303	0.690414163638007
TRAPPC9	0.103816612512808	5.82951172065567	0.910596171776008	0.341141014858565	0.783186966090478
TUSC3	0.0896384350594898	6.78175863398782	0.504765896832753	0.478264692284334	0.850478346833832
TXNDC12	0.231683924490052	6.3585652451392	9.01819573902857	0.00302425922025634	0.125149159422027
TXNDC5	0.275968797298344	2.80818913306529	0.911978197346757	0.340775753520444	0.783094630567511
UBA1	-0.0164582259539496	8.55473394266857	0.0196531164817715	0.888655313114157	0.976858918633699
UBA5	0.0350426761124477	5.57806751474271	0.117089945970827	0.732581915941611	0.937452404153707
UBA7	0.170873656263285	6.21132946647952	1.19607614146008	0.275460275220504	0.745741724717723
UBE2D1	0.188305689778437	4.12376624082888	2.92879266684421	0.0886070406207145	0.545914104430023
UBE2D2	0.0968537065358279	6.28851457537306	1.11134884517421	0.293097033738574	0.759062386779581
UBE2D3	0.0882175242409685	7.87547454151222	1.08315100582407	0.299285983845643	0.762182836489248
UBE2D4	-0.0330185163526165	5.2693106072406	0.0797697952378366	0.777910014173308	0.949364125872357
UBE2E1	0.159331829695671	5.82752753668529	3.88469784556936	0.0501468215379813	0.457674247770731
UBE2E2	0.0987534417646171	5.49810175077053	0.601401398499032	0.438985917106353	0.834988641715836
UBE2E3	-0.0976563627386053	5.9707691608743	1.12509035636369	0.290140661143619	0.755947029812341
UBE2G1	0.132840023745791	5.8039388423985	1.25558048374774	0.263871288367294	0.737209584765942
UBE2G2	-0.0295560752900807	6.58471417369408	0.123351746657104	0.725807540295441	0.936500090516958
UBE2J1	0.113634403553731	5.98890381721945	1.23914968881758	0.267009149529902	0.740533781696474
UBE2J2	-0.105815519417703	5.64896453606223	0.880194348043529	0.3493122791488	0.786241475063148
UBE4B	0.0697662885357722	5.75574436492746	0.437415019311614	0.509155649335471	0.861296443683218
UBQLN1	0.160666729886082	6.87039227497664	2.1027537362196	0.148645128635862	0.635625393760976
UBQLN2	0.189218081495958	5.67869727868711	2.91389134672579	0.0894159611008421	0.548172392120979
UBQLN3	0	NA	NA	1	1
UBQLN4	0.139095002892657	5.56205909057966	1.63537307960973	0.202485544369341	0.68847895433173
UBQLNL	-0.148939641163751	-0.0020210373694671	0.377072317898852	0.539891994365969	0.873502433802143
UBXN2A	0.0420369345506792	4.44005863514061	0.200622345778247	0.65471758504493	0.913956787638137
UBXN6	-0.120684395019178	7.83340407504985	0.976382131856695	0.32432155195426	0.777230513590545
UFD1L	-0.0176796368927136	5.55141453302846	0.0384845576316286	0.844678201588431	0.966810571655604
UGCG	0.0261293537055429	7.55825509779032	0.0297046576562128	0.86334131582557	0.971111789967785
UGGT1	0.103782225605782	6.45432721161143	0.668879131830993	0.414443669377624	0.821907549460188
UGGT2	-0.133108374992205	4.66546240777613	1.38152852595332	0.241278103198256	0.719705489558391
USE1	-0.0855444333094587	4.60860020277759	0.36397932677615	0.547007533565759	0.875012837948759
USO1	0.215310141589675	6.26311814795565	2.28599215063008	0.132170078869926	0.612395800515988
USP6	-1.14337166320917	1.22656742341298	5.22865252855861	0.0232950049270164	0.351404575555448
USP6NL	0.175751722018869	4.45063382628632	2.60034211486606	0.108462407086028	0.578597736888904
VAMP1	-0.139691625175733	3.37774521132238	0.498218117811647	0.481128872179265	0.851598078628846
VAMP2	-0.278453328357491	6.65056975224239	4.56234266076803	0.0339328203882305	0.405787230264681
VAMP3	0.0824632377897696	6.80836798888333	0.773602895949297	0.380190403258999	0.805131348405883
VAMP4	-0.0652074098335196	4.28849605581267	0.613141312093396	0.434560093693324	0.833403958631106
VAMP5	0.273128973138418	5.15621499411967	2.12299125628279	0.146715824268284	0.633223097920029
VAMP7	0.0447551018525676	5.55489460741347	0.110807649377786	0.739585111395454	0.939505110654179
VAMP8	0.0332094102814424	7.56935539406093	0.0557639069083238	0.813569610667805	0.959149680438936
VCP	0.172899085511422	8.36731824471283	3.40867792429635	0.0663743549503061	0.505443053768877
VPS45	-0.0787613398389527	5.22861846940781	1.29200103466909	0.257078316882786	0.730869746662933
VTI1A	0.0548899998975153	4.02833611713496	0.250156974032942	0.617530110432849	0.900937743699415
VTI1B	-0.00263027761923489	6.72835297896146	0.000808256612442745	0.977348469743708	0.995530831432925
WAS	0.381737094573635	4.01500995891728	2.24511321937822	0.135658691241668	0.617381872197361
WDR38	-0.225562060660317	-0.531058125562199	0.337998852975644	0.561659898922922	0.879402071106128
WFS1	-0.151246672915528	5.34038300703537	0.4956686073506	0.482251741249472	0.851842465724246
YKT6	0.0345790959349474	7.04606636531623	0.104803533486825	0.746487539704555	0.941962278395102
YOD1	-0.0874075111129073	4.08692041008863	0.45637116068652	0.500127380656855	0.859194990976974
YWHAQ	0.24179172440257	7.82810877403573	4.71292581040739	0.0311480388394821	0.396176166269845
