pspGenes	logFC	logCPM	F	PValue	FDR
A3GALT2	0	NA	NA	1	1
ABO	-0.738658995738241	4.77816657281858	1.94715390442261	0.167453759865655	0.734375681059321
ACAP1	-0.213599172211185	3.55919675180022	0.583984764971964	0.447409644445368	0.876549929775703
ACAP2	-0.158100895292732	5.30848208342102	0.60545240946957	0.439215841472608	0.874707975006126
ACAP3	-0.172921508013267	5.56337071824207	0.65899106580098	0.419761116967713	0.870902322886686
AGAP1	0.103221595390242	6.05934344412432	0.322397496199737	0.572048463163876	0.918987125272619
AGAP2	-0.246221380993786	2.0863002244214	0.533896967660929	0.467494001769674	0.885849551553105
AGAP3	0.273542724780972	6.33278352244486	2.43530181240788	0.123293267077567	0.705412168692381
AGR2	-0.502932453668519	2.89963390868022	0.232712729088548	0.631075541363413	0.936303763577897
AGR3	-0.490156999935622	-0.46573888272871	0.250570863907928	0.618296673046526	0.932042741822618
AKAP10	-0.21806621819701	5.07481253057059	1.90037960958804	0.172573711630931	0.738051217945132
ALG1	-0.154915180613935	5.15815804451079	0.72134799306643	0.39869512971953	0.861871362706661
ALG10B	0.105855479917895	4.0315236777156	0.275341683562907	0.601484700165005	0.928277840301952
ALG11	-0.23976649742797	2.69824046185113	1.07028504794104	0.304562017395351	0.81817248786672
ALG12	-0.0618312353863289	4.3994272749609	0.130271542048142	0.719274358824441	0.955053475099816
ALG13	-0.0632489015295916	4.81148085800395	0.298961217494291	0.586331880834851	0.921967185955066
ALG14	0.0512479518181496	3.45267342096834	0.0716096709977855	0.789820837192625	0.968591180565073
ALG1L	-0.190544770247578	-0.705274369025302	0.141001466569275	0.708461262226018	0.951689335870276
ALG1L2	0.271802896543247	-1.32339710124687	0.909783035655153	0.343564897717815	0.839176977963462
ALG2	-0.28088014127329	5.39576598202853	2.25584849042365	0.137760063126369	0.714802925183264
ALG3	-0.0620575127659574	6.17221138725933	0.108058490764775	0.743379988824797	0.961154892429521
ALG5	0.0657735146428772	5.13902515187243	0.247565207939226	0.620406790808682	0.932540200708103
ALG6	0.0742861764134901	3.83845923689921	0.281865038042349	0.597218630537452	0.926703175278936
ALG8	0.147949284337866	5.29422788334526	1.44050339421833	0.234240413709743	0.778797548047382
ALG9	0.169116923625743	3.0937364010573	1.20909179593984	0.275406368148356	0.801957783640567
AMFR	0.186018605180404	7.36822889871948	0.869510752707112	0.354404044958273	0.843380557244133
ANKFY1	-0.316301188575424	6.34726038857305	2.04111344219758	0.157694646223331	0.72986897961238
AP1B1	-0.234159226078245	7.27028174081418	1.35595781125945	0.248325796657067	0.788318661001164
AP1G1	-0.259124790674965	7.2685151216783	2.26420221003709	0.1370451468272	0.714302603663252
AP1M1	-0.0921773536665236	6.75076523778126	0.450714756863974	0.504279770881296	0.897549148359109
AP1S1	-0.0313331667405488	6.6254104822751	0.0172258734751508	0.895968822103601	0.98461815064721
AP1S2	-0.261507768443022	4.26947545994748	1.12749312888731	0.292083443919254	0.81300416135389
AP3B1	-0.132271764221982	6.20454094801222	0.683874022216952	0.411160828352659	0.867343880430493
AP3B2	0.0789134072727398	2.76752648498854	0.0388613263982519	0.844314216457431	0.976355863614023
AP3D1	-0.0246174584392983	7.75147671437152	0.0327089367789491	0.857020775731682	0.977711292630564
AP3M1	-0.104229291060341	5.43857360368167	0.450210122616864	0.504517740454668	0.897549148359109
AP3M2	-0.0950704125142862	4.75428991189697	0.442078441926938	0.508379347434102	0.899797960073021
AP3S1	0.230166476753725	5.28425619892692	2.72810817973008	0.103226766015473	0.685668581950382
AP3S2	-0.322689476522447	5.33902920406534	3.83887444866981	0.0541960607588449	0.605397166318033
APPL1	-0.0195474735988822	5.86246171218418	0.011740117044668	0.914037072157753	0.987396933652821
APPL2	-0.190408440119624	5.81454750489126	1.1653353991508	0.284192242622447	0.808252885602781
ARAP1	-0.186151889073221	6.96048994834218	1.67164306575879	0.200432941710691	0.76001733339024
ARAP2	0.1161303836547	4.32433693838991	0.393146199258965	0.532758874639377	0.905685505131575
ARAP3	0.457844973811758	3.33789928762607	2.11923915605315	0.150080034805721	0.722934714763038
ARF1	-0.0477991887509036	9.2768600040848	0.148243243983555	0.701426693403206	0.951339700186859
ARF3	0.0451099577188623	8.21854166696849	0.116807775714924	0.733581338602821	0.959124618026788
ARF4	0.0365336298609468	7.30650182285341	0.034751642782134	0.852674446698135	0.976661271063474
ARF5	0.19763788947089	7.52107704828955	1.24016635109358	0.269376767064905	0.797826080981522
ARF6	-0.0858570512466609	7.39448185943699	0.219291938593432	0.641083986009652	0.938633902011089
ARFGAP1	-0.178089426879645	6.66904229603419	1.10616362655025	0.296656583698855	0.815193160772149
ARFGAP2	-0.287438426085654	6.56436751311445	4.31965852993285	0.0414673744218163	0.5654664472649
ARFGAP3	-0.209537544744623	5.95183171238779	1.12683197673544	0.292223817158765	0.81300416135389
ARFGEF1	0.0375568660315295	6.23749457236074	0.04488003234064	0.832861189790118	0.974259061558746
ARFGEF2	-0.298289967571312	6.44334330801375	1.54928460793297	0.217532201087912	0.767050204901065
ARFIP1	-0.0019125631835226	5.30462000273097	0.000183136974120427	0.989242505065606	0.998233277091046
ARFIP2	0.22572963038098	5.74932555025662	2.46556192560848	0.121027875088956	0.704484993708826
ARHGAP1	-0.211390710539115	8.07901276208443	1.42425002881071	0.236870001756461	0.779871247694684
ARHGAP24	-0.372991422210589	6.43231477362126	1.42724482554408	0.236382759180617	0.779557984759526
ARHGAP5	-0.102753273177864	6.50843611704511	0.226919370146209	0.63535118755858	0.93716487359831
ARHGDIA	-0.019051487372858	8.24542603752762	0.0162716776728893	0.898874897763857	0.985042555566642
ARHGEF1	0.00112420438661793	6.45052268880509	6.77237740172367e-05	0.993458125833799	0.998698747215076
ARHGEF11	-0.224373736674205	6.16614008381347	2.10246019874316	0.151678909813886	0.725908719946231
ARHGEF2	0.180707690091065	6.31653120119969	0.60293271857287	0.440165397503815	0.874707975006126
ARHGEF6	-0.0217113480660429	4.44175646746779	0.00667620394173248	0.935119940247794	0.990070327044159
ARHGEF7	-0.284994841842271	6.06525365195102	2.59829394028409	0.111630829885265	0.697704241290225
ASAP1	0.0293037963145622	5.37825934496682	0.0153168875841462	0.901870849093528	0.985587766363893
ASAP2	0.187526992806483	4.29507058794302	0.239131615031497	0.626414342817614	0.93421652882832
ASAP3	-0.519510250424363	4.98903767016568	4.56754107087181	0.0361983549786432	0.550193092773047
ATF4	0.274418367728793	7.85344316882899	2.117547191017	0.150240378216325	0.722934714763038
ATF6	0.0253114191251615	6.35157590558995	0.019847763376642	0.888381390324841	0.983309550552575
ATF6B	-0.115878819302636	6.37438943817206	0.469388692963947	0.49560738654611	0.89497280515566
ATXN3	-0.164849815094548	4.31911888787182	1.39603986182785	0.241521089364694	0.784304364966877
ATXN3L	0	NA	NA	1	1
B3GNTL1	0.106633845814854	3.38633691939226	0.197469007351816	0.65818872085837	0.942509498233461
B4GALNT1	1.51974795719912	2.27447739914637	9.2614025773673	0.00332995900378071	0.298272916099432
B4GALNT2	-0.273918207944296	2.71849615723388	0.115108978226276	0.735451031236066	0.959806531574704
B4GALT1	0.228808910071167	8.25235966739938	0.847002910796377	0.360668984080898	0.845968398582029
B4GALT3	0.0925411599888954	5.4695446376466	0.338808143206685	0.562451171229336	0.916374611069581
BAG1	-0.213157197675318	6.36923014358293	0.909972546742311	0.34351497601671	0.839176977963462
BAG2	0.191983709963399	3.9665614663078	0.221856390293801	0.639143098078678	0.938363289292976
BAK1	-0.22259070687387	5.04836021140374	1.01428256960884	0.317464696615104	0.824221702669002
BAX	-0.190533300501856	6.55568984612151	1.47468100782435	0.22882699111208	0.775258138967334
BCAP31	-0.221872000147593	8.74379593750869	1.17328753049448	0.282569075619175	0.807476574029472
BCL2	-0.311483349329436	6.18365336087041	1.42021407415306	0.23752859766387	0.780968864148619
BET1	0.154989751818056	5.28487109170509	0.663919235775654	0.418036486256948	0.870169632971379
BET1L	0.00172874105244891	6.3992723280987	0.000198219772312091	0.988808314131336	0.998233277091046
BNIP1	0.167166205747367	3.45195665962932	0.84819170490516	0.360334245216318	0.845768931866529
CALR	-0.0193826399151053	9.99467322439074	0.0122217814812343	0.912298519484407	0.987390848830687
CANX	0.132347197564106	9.92485492003765	0.409658977703712	0.524302631069224	0.903477660977151
CAPN1	-0.226464356554933	8.42085531630892	1.56911191536453	0.214645205736244	0.76525784521632
CAPN2	-0.293741991193274	8.19670868998661	3.0244518887458	0.0865627741564301	0.667634538301285
CKAP4	0.342371993710153	6.83925053369245	2.26160287808623	0.137267143553438	0.714302603663252
CLTA	0.0142513127473203	7.51406243491763	0.00513183985470393	0.943102087821746	0.990637205065438
CLTB	-0.219620978141094	6.39609026821491	1.00331185874599	0.320076795161556	0.824605043223021
CLTC	0.00104614104846091	9.3268643186048	2.5687936438114e-05	0.995970981080414	0.999134101415234
COG4	-0.181347290181339	6.54061379691152	1.66763538277926	0.200966816771538	0.76001733339024
COG6	-0.0556790421018672	4.61093915357692	0.0940469676769081	0.760035089828884	0.96415114075308
COPA	-0.276056849811546	8.20283943784028	2.55029096677357	0.114930952048434	0.701659372157828
COPB1	-0.235984241996218	7.14516700826549	2.36909784519727	0.12841917325007	0.707994770988375
COPB2	-0.189280529504563	7.28104281439206	1.25254795931145	0.267021053361062	0.796680450265242
COPE	-0.131639898956192	7.36995338293559	0.63374015480704	0.42876901153247	0.872459766338276
COPZ1	0.110920184688298	7.79693246747439	0.757834684373593	0.387082988500563	0.858195868206918
COPZ2	0.303364991410147	4.33554164365103	0.706050108267975	0.403715631641821	0.864601278190586
CRYAA	0	NA	NA	1	1
CRYAB	-0.755964405645566	11.7942495137491	3.39292036394913	0.0698564432984232	0.638038821430231
CTBP1	0.141213099748716	7.39731173897911	1.37508239993288	0.245049734338102	0.786273807168902
CTSA	-0.469886944405679	8.95007267089352	3.8909801105886	0.0526314460958726	0.602939685011191
CUL1	0.0993429634837423	6.06089673653008	0.631265528663377	0.429667593088982	0.872459766338276
CYTH1	-0.0761675534245056	5.60365404749106	0.330621228829811	0.567199334036488	0.917512620641379
CYTH2	0.0024007190566207	6.49415779772773	0.000307294970987128	0.986065488757466	0.997734682729218
CYTH3	0.171318066335547	5.23769911641405	0.81711139654205	0.36923106626491	0.849824503218273
CYTH4	-0.343574236212457	4.13776895321373	1.15613866613794	0.286084452779573	0.809270264499177
DAD1	-0.0519844827288701	7.06884980839407	0.110864884790918	0.740190413183408	0.960832237568156
DDIT3	-0.00109030717222805	5.88541353216932	1.51669059310947e-05	0.996904121079287	0.999169887672405
DDOST	0.147406917299784	8.08140785061906	1.10727466247095	0.296416082481964	0.815107457123115
DERL1	-0.12208796868747	6.89292884537051	0.682061592633848	0.411778313919173	0.867343880430493
DERL2	-0.121711482067397	5.67289159324096	0.827325293051518	0.366273598080575	0.849306412592627
DERL3	-0.272751089559551	2.76985886369977	0.369869944306274	0.545109896973977	0.910360589184751
DNAJA1	-0.0314564014073516	7.25895438684842	0.0349158934633183	0.852330777941398	0.976661271063474
DNAJA2	-0.172223937927574	6.57484483235502	1.43948199594462	0.234404601197943	0.778797548047382
DNAJB1	0.0132763842899366	7.3132552889393	0.00502344314154329	0.94370517355324	0.990841479107007
DNAJB11	-0.274194366392532	6.11396953578932	2.23770724151323	0.139327344899678	0.715085461151743
DNAJB12	-0.0730281111765525	6.14895573473185	0.277458904189457	0.600093074588141	0.927948406788148
DNAJB2	-0.0197877045286927	6.943134435714	0.0167581047141271	0.897382929228197	0.984932851701649
DNAJB9	-0.123169391031858	6.00714186947603	0.33455954272185	0.564905530817423	0.916386583441634
DNAJC1	-0.0686140821781943	5.81566803891417	0.119179521378131	0.7309962611731	0.958491406001712
DNAJC10	0.322024684088905	7.13695440387287	3.28954498123026	0.0741537117752828	0.645367673919952
DNAJC3	-0.142708257649259	6.47916318825198	0.721317125976044	0.398705167240943	0.861871362706661
DNAJC5	-0.0252557206520214	7.06211780244534	0.0296474046776412	0.863806328201572	0.978045723685522
DNAJC5B	-0.719386981516422	0.554708123452997	1.96473293635917	0.165575590890178	0.73262567843542
DNAJC5G	0	NA	NA	1	1
DNAJC6	-0.402577966189218	4.05197569933087	1.00771757683128	0.319024374889115	0.82444590790865
DNMBP	0.168457346525972	4.93069390391502	0.781756531534572	0.379733360435958	0.853903734371629
DOCK5	0.197247577296362	5.22642657275013	0.698999686292764	0.406060866172353	0.865553521384741
DOLK	-0.243242198881603	4.67512744930922	2.03324717151042	0.158485836028716	0.730279134577231
DOLPP1	-0.0237358104928601	4.09777361860391	0.021957975938095	0.882639367201431	0.981540102229978
DPAGT1	0.00519649684700772	5.48792954510967	0.00123714899737851	0.972045178333496	0.995316862362093
DPM1	-0.0353725872652255	4.7586273673766	0.0700055620775359	0.792132439692054	0.969165044130022
DPM2	0.0996985326685284	6.10540922698287	0.221781172321556	0.63919983035642	0.938363289292976
DPM3	0.331447423057045	4.90923064380688	1.99181434673859	0.162730018952912	0.732270511849299
DPP6	-1.53662624131177	2.44596193244846	1.71740606818087	0.194455328783471	0.755880559010086
EDEM1	-0.144228637510701	5.94335748811873	0.39705623599726	0.530734337379579	0.904938335918042
EDEM2	-0.128178892847993	5.79661182993569	0.715602658770476	0.40056983219837	0.862690932256916
EDEM3	-0.111489877286453	5.34670557364249	0.279192500682787	0.598958654178682	0.92729096240077
EEA1	-0.123028003934632	5.31888029113851	0.258239882957981	0.612983625199714	0.930735159465571
EIF2AK1	0.155491304104576	7.75356900751725	2.87662340665491	0.0944679832395276	0.674704065444853
EIF2AK2	-0.0519086108019125	6.02606312882652	0.118564339978984	0.7316639891068	0.958491406001712
EIF2AK3	-0.337802127782576	4.76647992641557	2.14430387221723	0.147727670881118	0.721220876564534
EIF2AK4	0.0448012213580271	5.6946252038006	0.0891217506190183	0.766210925651706	0.96415114075308
EIF2S1	-0.188042734190229	5.79850843707966	1.31196133657546	0.25607227335845	0.792456283010086
ERLEC1	0.0123297536020604	6.11279911074368	0.00766362766599299	0.930498978252825	0.989249860691808
ERN1	0.173510357842652	5.06309769830903	0.732406596290408	0.395122692140675	0.860843031733157
ERO1A	0.376635973360224	6.59187840884907	2.30776451262489	0.13338505383379	0.709626984758863
ERO1B	-0.134379271245204	4.21829121930613	0.440489428670097	0.509139939820329	0.900030606477686
ERP27	0.0314012517791349	2.08661250074662	0.00500382948480607	0.943814994256026	0.990841479107007
ERP29	0.0194321551777065	8.00667803275705	0.0150570493818334	0.902702482490139	0.985858161551432
ERP44	-0.103059895185796	6.18257781968359	0.776384671122346	0.381366234086864	0.854955447658926
EVI5	0.139734648022413	4.15980575291329	0.604508308636796	0.439571256995709	0.874707975006126
EVI5L	-0.394633690921303	4.64408393867083	5.5181114452192	0.0217459401750115	0.500098139120438
EXOC1	-0.0232826149916275	5.27817784817866	0.0454061094639502	0.831899315755769	0.974106120042035
EXOC2	-0.0164155620410503	5.2278105895786	0.0112836494481322	0.915718307014197	0.987587101578773
EXOC3	-0.232329017326168	6.17811022345625	2.7853175261662	0.0997498410352006	0.679624576926946
EXOC5	-0.28747505712653	5.69085486225656	2.18317207312862	0.1441632675976	0.719834290375078
EXOC6	-0.130823909941207	4.00625762361401	0.645399510709863	0.424573608121037	0.872315530372672
EXOC6B	-0.1504790666052	5.22055346625104	0.556557450792298	0.45823296897435	0.881084274641692
EXOC7	-0.0317780882308065	6.61083935438642	0.0403030525934501	0.841491037468216	0.975624729095553
FAM71B	0	NA	NA	1	1
FBXO2	0.777965048515443	4.90316414955735	1.6369935493949	0.205105536122112	0.761551656820848
FBXO6	-0.179793159587289	3.89178411968219	0.35850655583437	0.551334807932676	0.913136204685413
FBXO8	-0.111955993918438	4.2466982911781	0.457065984333343	0.501301189479814	0.896994641198323
FUT8	-0.255779146031784	5.60316323736508	1.21658691840141	0.273936440716346	0.801396335952987
GALNT1	0.037559756544252	6.36765231876316	0.0299190597117037	0.8631900480734	0.977928732256561
GALNT10	-0.110297978585799	6.37861739910287	0.118204140325801	0.73205585671938	0.958593091775294
GALNT11	-0.459836908938637	8.43054835889828	2.00625970462495	0.161235477318711	0.731207777000159
GALNT12	-0.391012600700561	4.35800562504744	1.87045781975016	0.175945195476028	0.740614566206284
GALNT13	0.641094953193365	0.927823923028778	0.830087274356762	0.365479586679414	0.848452001153014
GALNT14	-0.0366031059488461	7.70971726658449	0.030421980996044	0.862056676461394	0.977711292630564
GALNT15	0.92163498179629	1.78900550452378	5.85082960436407	0.0182632492995565	0.485059159594383
GALNT16	-0.196672559263213	4.28237145592061	0.0987092337515539	0.754350146091103	0.963760582104647
GALNT18	-0.0580462955715581	4.66299234778708	0.0452144911383116	0.832248990631487	0.974106120042035
GALNT2	0.306443706421765	6.48468109088383	1.93037144237304	0.16927007372294	0.735547092767394
GALNT3	-0.305750799306452	2.77439656778062	0.354125353508116	0.55377079519781	0.914043532238836
GALNT5	-0.244717416802809	3.65465074553031	0.14652640628459	0.703076260167301	0.951339700186859
GALNT6	-0.752658190081189	3.16441933025194	4.20283609865384	0.0442313832157509	0.57222498935306
GALNT7	0.338342152632628	5.15337302311094	2.56695194034317	0.113773254484551	0.699988402047866
GALNT8	0.0418771347900265	-1.56906441657318	0.00964615708972198	0.922051866900325	0.988304926320539
GALNT9	-0.999030089781492	2.074089121396	2.57249262557937	0.113391170512111	0.699931147641869
GALNTL5	0	NA	NA	1	1
GALNTL6	0.459267031742514	-1.97228760586347	0.843200653831032	0.361742540305032	0.846621459538015
GANAB	0.0221509940547981	8.80656233709253	0.0268260507796263	0.870387063646376	0.979198268154452
GBF1	-0.0040315717799025	6.76397478620962	0.000700111424809394	0.978968572783888	0.996240640274305
GBGT1	-0.327819371782586	3.296887094019	0.911983172299733	0.342985940891226	0.839016752762069
GGA1	0.0480413793106194	6.14552199049169	0.0757761834711698	0.783943477254499	0.968021436763998
GGA2	-0.300730383078652	7.30586769709382	2.0734075518879	0.154494114593208	0.726891215771935
GGA3	0.0925282944644119	5.59451557650078	0.599449704258086	0.441483247034273	0.874912847452658
GIT1	0.193416016369053	7.11319523538388	1.15554828800654	0.286206475792914	0.809270264499177
GIT2	-0.20798869728644	4.98865933415458	1.28497406892094	0.260974012453023	0.79476887961525
GLT1D1	-0.525234392491913	1.3097995666209	0.642834469740736	0.425491213098571	0.872420762501739
GLT6D1	0	NA	NA	1	1
GLT8D1	0.163775881730563	5.89146035984978	1.28346662628952	0.261251277005203	0.79476887961525
GLT8D2	0.537173229359375	1.53766442592848	2.04792275358313	0.157013462203347	0.729250217781132
GMCL1	0.476140256296375	5.06830090555126	6.71169751504288	0.0117195846695465	0.423688591798287
GOLGA4	-0.139155128508375	6.36179594147258	0.474771389753279	0.493154727166648	0.894114935481851
GOSR1	0.0277591712841171	6.00242627480438	0.063823652341238	0.801316875695405	0.970460167431535
GOSR2	-0.248480087552499	4.41574990255878	2.34973604178696	0.129963715324813	0.708472845282589
GPAA1	-0.183459251090077	7.59054110755086	0.77246717990624	0.382563376199624	0.855748266303043
GPLD1	-0.227985653996111	0.625577144090641	0.364400052697217	0.548089751583226	0.911859422821215
GXYLT1	0.311208376731254	4.91260887729347	3.25826508986557	0.0755105450691848	0.64735133051076
GXYLT2	0.273610161734552	2.43382133262507	0.57740371872745	0.44996951207342	0.877151002868067
HAS1	0.369412999387918	-2.06552199157311	0.545041309199646	0.462902202566863	0.882935215768661
HAS2	-0.144839956321905	-0.275473098685293	0.049563956118799	0.824493986465278	0.973482731767297
HAS3	-0.939756087794982	3.36981962290455	3.29011423839618	0.0741292684014604	0.645367673919952
HERPUD1	-0.293533582776702	7.75480677457464	2.92656502108203	0.0917111192852611	0.673714454941821
HSP90AA1	-0.125682366504053	10.1431431364427	0.383008433430363	0.538074220216022	0.908228884418723
HSP90AB1	-0.415701323440054	10.8290441081536	1.71145556682842	0.19522043557509	0.756383667824309
HSP90B1	0.0926455072291521	10.0710968367473	0.217124414677604	0.642735304091878	0.93926532826376
HSPA1B	-0.215493615187061	6.69062648025201	0.432848501591254	0.512825208812804	0.901190023647137
HSPA1L	-0.0960860347376417	1.56886344378957	0.246571293545079	0.621108090898426	0.932910609865051
HSPA2	0.322348610537971	4.58170524799281	0.546016928066922	0.462503682807525	0.882764821509707
HSPA4L	0.160783500906062	5.3317811530107	0.345044502681248	0.558885659522503	0.915072527099028
HSPA5	0.156306162723793	9.3432728113882	0.510854118105355	0.477226483409023	0.888444869797498
HSPA6	-0.463630016243065	3.46177407826072	0.603481657090633	0.43995825637546	0.874707975006126
HSPA8	-0.366918812797201	9.88200629071083	1.98903843493005	0.163019062540649	0.732270511849299
HSPBP1	0.130195505034833	6.1948332610729	0.46534266301499	0.497464662573328	0.8950453880565
HSPH1	0.014972685245451	6.87147902266299	0.00360058284074973	0.952328525070377	0.993004646070003
HYOU1	-0.167505675036896	7.26503135097096	0.57189964783676	0.452128237884928	0.877486531430507
IFT27	0.177394463609106	5.16137384217297	0.712989430122741	0.401426813623016	0.863588270954891
INPP5B	-0.103017432417405	4.05873867795852	0.597816392062733	0.442103350199697	0.875065224770325
INPP5E	0.0603841810273947	4.40363040018835	0.153768315512064	0.69619153107209	0.950136696405455
IQSEC1	-0.0917093877914827	5.75389053703482	0.211077434762635	0.647395935736407	0.9400175306933
IQSEC2	-0.210357569883486	5.05738889553799	2.2988856586959	0.134121907243632	0.709795756105607
IQSEC3	-1.49863542688551	1.72040608925655	5.24168389752547	0.0251754364127592	0.51007517122914
JUN	-0.25142643279253	7.84841297418361	0.848325755426216	0.360296526698036	0.845768931866529
KDELR1	0.176517440879424	8.11774249061917	1.80085234935762	0.184092445225335	0.747901903388669
KDELR2	0.00224404229141838	8.03250987035557	0.000278124143603792	0.986743297752084	0.998006091864563
KDELR3	0.2402043373298	5.18155211025737	0.588021966802506	0.445850575990319	0.876039784036026
KIF20A	0.524778585008609	3.42112163627569	2.24387025313622	0.138792624620711	0.714843809327927
KIF23	0.323859444571499	2.9791089474249	1.00765512836374	0.319039260058105	0.82444590790865
LARGE1	-0.2770964844469	4.22488324211353	0.841638996088913	0.362184764705554	0.846793704668096
LARGE2	-0.717583847646329	4.24406502047825	1.48115930240133	0.227818249851521	0.775258138967334
LMAN1	0.34767439505316	7.47669301165444	3.33828227840503	0.0720926571631638	0.643182805100459
LMAN1L	0	NA	NA	1	1
LMAN2	-0.0793883590918548	8.19185346320899	0.193419909518171	0.661485993499614	0.943177356780263
MAN1A1	0.0294567503257906	6.23632580499073	0.0129870416435843	0.909606193126954	0.987390848830687
MAN1A2	-0.14689887432385	5.75844214979443	0.585415363246554	0.446856205420215	0.876130636755926
MAN1B1	-0.00462940719314546	6.95974700768825	0.000650033543000472	0.97973452793026	0.996544628536738
MAN1C1	-1.18949242476133	4.31367140234459	3.58514725196998	0.0625720757123307	0.627367654762783
MAN2A2	0.0462365556731581	5.81987506910714	0.0515502788937737	0.82107142998058	0.972831835190143
MAP2K7	-0.00310630435939448	5.67971795461188	0.000733962709147736	0.978466249621513	0.996225232860448
MAP3K5	0.0935329396077333	4.59646174823137	0.133006572482661	0.716471483931475	0.954895986470149
MARCH6	0.0264848722314602	7.44683207949003	0.0370071926907385	0.848026220787233	0.976496915308681
MCF2L	-0.0679807680439114	5.31249280817827	0.0672067038940662	0.796234666654559	0.96929525304902
MGAT1	-0.173587703776037	7.42543212397106	0.687602351566555	0.409894935270632	0.867019168624939
MGAT2	-0.38336867881831	1.93853931040678	1.30040162219977	0.258157593941065	0.792993390245868
MGAT3	-0.439244267268876	2.42795034217444	0.86109922139096	0.356727497593618	0.844363241482722
MGAT4B	0.120885374154979	8.54750856395291	0.551688621564722	0.460197790508719	0.881690623322395
MGAT4C	0	NA	NA	1	1
MGAT5	-0.042959177803077	6.10595519687291	0.0317220629070324	0.859170841208571	0.977711292630564
MICAL1	-0.494730087725343	5.70945724080916	4.11430093223246	0.0464582115829246	0.580882445499762
MICALCL	-1.43851944812451	-0.68502378210793	5.48524878925054	0.0221262935622989	0.502260314928362
MICALL2	-0.109477204377654	5.46026006917436	0.0810185668074122	0.776790555820287	0.966705484293595
MOGS	0.136166235249193	6.40328387146501	0.783002947149997	0.379355919999146	0.853653102017748
MON1A	-0.0644393344794741	3.182077611866	0.102370354047123	0.749988675657763	0.962603469358225
MYO5B	-0.446484466871419	6.66799502942999	2.6644499259175	0.10725584484934	0.690871616526728
NAPA	-0.260868471786514	6.57325576942229	1.95214497767395	0.16691799038952	0.733892939073537
NAPB	-0.0491909773320508	3.7747320006878	0.0871680989009576	0.768712144410095	0.964813920114125
NAPG	-0.11891157882886	4.81323342465813	0.525281364252335	0.471094683350284	0.886178688837905
NCKIPSD	-0.11443199149925	5.42106453894714	0.377626224617089	0.540935942911945	0.909903648029817
NDE1	-0.0981079370542634	4.62600373899001	0.316302284418258	0.575695696029646	0.919724903978577
NET1	-0.665023700007491	6.0181996206548	3.64498338570004	0.0604770836276282	0.620678575409313
NGLY1	-0.137699099118339	4.78022634910033	0.84722225173479	0.36060718971862	0.845910323545548
NPLOC4	-0.157850946771987	7.71430386400321	1.32179985144699	0.254314065151921	0.792456283010086
NSF	-0.181613645389874	5.79248240062172	1.39894018979114	0.2410377285952	0.784304364966877
NSFL1C	-0.0564458794637705	6.67841979979414	0.159535250053303	0.690841880529728	0.949143923062393
OCRL	-0.144014735783275	5.74210324900007	0.763597536952001	0.385293859286826	0.857308466162032
OPTN	-0.0694496181695005	7.12439948868552	0.10449008588206	0.747502704976289	0.961907117328584
OS9	-0.0530646932810063	8.50239035009122	0.0932821277920263	0.760982341405499	0.96415114075308
OSGIN2	0.0087909656808491	5.53951447035853	0.00178842707604648	0.966392140174527	0.994702511931954
P4HB	0.292395070740967	10.3112397777842	2.3190337682233	0.132456460432666	0.709626984758863
PAK1	-0.137641394195507	5.90333667369717	0.918866662602889	0.341183176359261	0.838889323400557
PARK2	-0.686039582570759	3.80482047715741	2.39388398295709	0.126472273369867	0.706835501627228
PDIA2	-0.00266949360713421	-1.36176155923433	3.10457549893357e-05	0.99557069672886	0.999068995224922
PDIA3	-0.0102386729873381	8.6695111705236	0.00363817168950641	0.952080638710582	0.993004646070003
PDIA4	0.0425405013838107	8.17315745037327	0.0374907250300585	0.8470490472906	0.976496915308681
PDIA5	-0.167965607115941	4.72783003061209	0.453333999523854	0.503047723209515	0.897549148359109
PDIA6	0.0607814301114471	7.63919128511526	0.0511262438458661	0.821796166928587	0.972906564653371
PDILT	0	NA	NA	1	1
PGAP1	0.286355032764686	3.48469545711608	1.27532821126403	0.262754608347045	0.79523862505226
PICK1	0.00578652845878411	4.95697973845705	0.00074288773659347	0.978335752131898	0.996225232860448
PIGA	-0.215925673272027	3.27871953673955	1.96289638967803	0.16577065619963	0.73262567843542
PIGB	-0.284897673804114	3.61687225426568	3.63774057822	0.0607265572698152	0.621511192746478
PIGC	0.111145624653846	5.31376682919859	0.628873920154955	0.43053876949258	0.872841420474927
PIGF	-0.00597589154557966	3.50038247974156	0.00195700981328208	0.964844817129154	0.994648492258155
PIGG	-0.164777863642207	5.48599775514093	1.26821302447883	0.264077879192514	0.796156464923299
PIGH	-0.0690492917301276	4.13938260112613	0.149231263505542	0.700482363048507	0.951339700186859
PIGK	-0.0251555335864367	5.45509652739088	0.025295757619294	0.874105776160962	0.97969224916499
PIGL	0.256916700804595	3.45569990931115	1.51316698212177	0.222913335471557	0.772661664607742
PIGM	-0.0575559505792713	4.39042900578004	0.122959966641513	0.726934712159963	0.957212582357903
PIGN	0.148721332138789	4.46817007319185	0.669353731060181	0.416146994866378	0.869246777297022
PIGO	-0.202283730023939	5.69747696349017	1.094737455556	0.299144785594593	0.816960220784537
PIGP	-0.243392225189957	4.22577644586657	1.77604100001453	0.187103719981289	0.749482259589857
PIGQ	-0.14999509511648	7.19286456272175	0.445948273454452	0.506535261359382	0.898631279287437
PIGS	-0.156385548029661	6.76135600090608	0.582619629866753	0.447938762844398	0.876549929775703
PIGT	-0.321804850500283	7.66178362761638	2.41329975135194	0.124970594495491	0.705663711399023
PIGU	-0.014716215169012	5.2550748907739	0.00741470844582623	0.931634138005486	0.989351474756045
PIGV	0.290096726655001	4.76189958004182	2.90325812618818	0.0929864166321355	0.673714454941821
PIGX	-0.16586261098109	4.7824220583352	1.87497741792999	0.175431018279273	0.740227266031
PIGZ	-0.162347867460261	2.82074628992373	0.262333771656766	0.61018802419453	0.930735159465571
PIK3C3	-0.0153510398828146	5.30309994306897	0.0103158236214995	0.919400677781102	0.988142207662018
PIK3CA	-0.0923011516294732	4.6724415941048	0.204953468590608	0.652199220466387	0.940692025590984
PLAA	-0.0546558346659331	4.87615279475586	0.08977158154544	0.765385593627439	0.96415114075308
PLIN3	0.0185206183887952	6.29356627646759	0.0125136252261057	0.91126195806201	0.987390848830687
POMT1	0.0678774224682499	5.64609669249481	0.270257958191627	0.604854316762717	0.929208867983403
POMT2	-0.0713895839473258	5.1551494612205	0.219954662662519	0.640581083680482	0.938547399429571
PPIA	0.180850516966593	8.7560624763748	1.55543622862951	0.216631473352669	0.766810342213766
PRKCSH	0.133447531198543	8.88668256831096	0.945790896388501	0.334254567257996	0.833943746947604
PSD	-0.0269654202143827	2.22143994228253	0.0100789789587805	0.920328118023728	0.988304926320539
PSD2	-0.139520943066882	-0.783896865552388	0.0772577559569338	0.781895596570677	0.967638863480548
PSD3	-0.137831990951723	4.42201242598977	0.15145558528372	0.698369491067291	0.950221704479767
PSD4	-0.225876297904487	5.24551656330869	1.31196299135426	0.256071976359756	0.792456283010086
QSOX2	0.197996402066719	4.78470106694214	1.65332333579877	0.202887321534606	0.760837107524945
RAB10	-0.0650058043147638	7.59562386401969	0.143538615842613	0.705973644087997	0.951599916154333
RAB11A	-0.106447328603049	7.15003742567121	0.695594793982132	0.407200682499283	0.865773711994541
RAB11B	-0.0170243015728751	7.09774008830707	0.0149804555973538	0.902949015151507	0.986051752489748
RAB11FIP1	-0.234518497794479	6.14384197342398	0.238900606682266	0.626580739707633	0.93421652882832
RAB11FIP2	-0.089571646059662	5.13472115303953	0.150793017312278	0.69899698044814	0.95068417473002
RAB11FIP3	0.0835017625618507	7.33086617068792	0.19574047291391	0.659591304952775	0.942546850683851
RAB11FIP4	-0.292126305782469	4.93377220486648	1.6333153297715	0.205609191726949	0.761551656820848
RAB11FIP5	0.0181084483255715	6.7071300653963	0.0131196508600121	0.909147898571399	0.987364112615979
RAB12	-0.10636546617871	5.26894892442169	0.528837895846872	0.469602871289704	0.886178688837905
RAB13	0.156523453657087	7.17289535350053	0.84852000666465	0.360241878962156	0.845768931866529
RAB14	-0.0169881970988766	6.90130250579002	0.0150842631597451	0.90261504274703	0.985839094230154
RAB15	-0.502438392083203	4.84339103492044	2.41988175973976	0.124466118727104	0.705663711399023
RAB17	-0.272648593356118	6.07974730967804	0.859554667571167	0.357156436559745	0.844363241482722
RAB18	-0.163811818172833	6.40252384566819	0.68179827982368	0.411868138285211	0.867343880430493
RAB19	-0.467160233755493	1.51803631287478	1.39699714564038	0.241361418516463	0.784304364966877
RAB1A	-0.170268314023856	7.69553585078849	1.39735531704386	0.241301710648876	0.784304364966877
RAB1B	-0.0658183001842274	7.55042365824455	0.219680093040269	0.640789325926058	0.938547399429571
RAB20	-0.428633431729222	5.18673617686674	2.81201046004636	0.0981724439871594	0.678653658428723
RAB21	-0.0671692745193662	6.89939684340258	0.234505403661817	0.629765828856091	0.935515172795394
RAB22A	-0.169495772719061	6.03833825099372	1.62793790854257	0.206348195508391	0.761551656820848
RAB23	0.0578134534032015	3.11772997855127	0.0327632133618341	0.856903503813494	0.977711292630564
RAB24	0.229147428527001	3.93704879001826	1.06498430981441	0.30575328657345	0.81817248786672
RAB25	0.228615515312839	3.59340054252606	0.047931487972404	0.82736114674775	0.97384986669027
RAB26	1.23656760742656	1.88026222090416	15.1689754098413	0.000227588591098278	0.100738740897723
RAB27A	0.0189542728728544	4.0551191095711	0.00744632510889554	0.931488901396334	0.989351474756045
RAB27B	0.115710342342767	2.91866668232887	0.0317160150409277	0.859184123131519	0.977711292630564
RAB28	0.187469986641498	3.7458916259284	2.15792111834346	0.146467488572701	0.720722263000235
RAB29	-0.422364246272128	6.36344837439753	3.39473349747802	0.0697835502851733	0.638038821430231
RAB2A	-0.147441738615515	7.23735955306867	1.25710502774819	0.266160604084131	0.79616828475322
RAB2B	-0.169112805464376	4.65401186006144	1.61746923070315	0.207796061135095	0.763065889451239
RAB30	0.0315169137460097	3.4408121132116	0.0229567044103638	0.88002025339817	0.981305913325334
RAB31	-0.26314165236886	6.41191038927812	0.740373208478871	0.392577981664345	0.860843031733157
RAB32	-0.285623760073106	5.27974407844809	1.340326999516	0.251043954024321	0.789799853051179
RAB33A	-0.263414951293877	-0.45345270863016	0.504021320698264	0.480176456849322	0.888869196819701
RAB33B	0.0906873500975	3.56487256503892	0.315037971823579	0.576458032951162	0.919898077764229
RAB34	0.290259644621354	7.19064707537198	1.21478601514145	0.274288715006524	0.801396335952987
RAB35	-0.0212399043400914	5.92014038497146	0.0200069860479483	0.887937580520097	0.983309550552575
RAB36	0.0396204783737318	5.70936812517463	0.0315467222237817	0.859556444571459	0.977711292630564
RAB37	-0.494857811169726	3.33782778960444	2.33178007568374	0.131415024384598	0.709626984758863
RAB38	0.121935870406639	3.73603570873245	0.206221457538676	0.651197628361447	0.940638788780417
RAB39A	-0.576307621506881	-0.233697738936226	1.8182396707352	0.182016325009713	0.745315833994358
RAB39B	-1.38411837732426	0.299037884509687	7.69705571765525	0.00714172786903448	0.373281936513996
RAB3A	-0.290694520222586	2.93909688162551	1.05409575156011	0.308219638147632	0.81975369759316
RAB3B	-0.506003723419355	3.83933121847721	0.755081681948039	0.387941915922607	0.858696061760143
RAB3C	-0.0385852739248497	-0.852766408533973	0.00491705558853397	0.944303474077351	0.990988425535468
RAB3D	0.284007831645396	5.32080202105915	1.17580663151743	0.282057370450055	0.807008650440046
RAB3IL1	-0.347660606110426	4.63204597596169	0.8632377467548	0.356134788037248	0.844028880991814
RAB3IP	-0.418479377372945	6.65037062731279	2.16079055774545	0.146203522487791	0.720722263000235
RAB40A	-0.198746372711393	0.413434925948835	0.448199846844314	0.505467651560864	0.898088915667916
RAB40B	0.214760639682865	5.69381727059432	1.00466999452407	0.319751875941533	0.824605043223021
RAB40C	0.222084442666275	5.29100820035213	1.79046978686699	0.18534551318124	0.749059598430218
RAB41	0.586945392045333	-0.159597465136371	4.63797815590675	0.0348357163278594	0.550193092773047
RAB42	-2.90271141358054	4.6174105710891	11.7554297042717	0.00103668153431162	0.203501050010314
RAB43	-0.0513558352248031	1.49963229615986	0.0236179529366817	0.878318126218384	0.981106431971543
RAB44	-1.09437735492189	-1.3571113694633	3.51931718066097	0.0649687355768233	0.632142023018079
RAB4A	-0.0183232306729857	5.43209267851681	0.0169850323700749	0.89669443308854	0.984744643891123
RAB4B	-0.160295917129379	3.81793813733963	0.472152857293715	0.494345300539598	0.894550414128746
RAB5A	-0.00813039767140563	5.87736004026596	0.002823498915923	0.957779531376964	0.993619111085287
RAB5B	0.0639169454116094	7.7935784316028	0.275464281239927	0.601403931786328	0.928277840301952
RAB5C	-0.201833179553055	7.20632561609092	1.69127997994871	0.197841445297369	0.759347746633738
RAB6A	-0.121875821846815	7.02895172205376	0.677599747961912	0.413304350833382	0.867898275343896
RAB6B	-0.512894516612062	5.93237523198616	3.86569577724779	0.053384474044669	0.604394187572334
RAB6C	1.03763281773552	-1.98385599905824	3.86030720750348	0.0535464630946519	0.604394187572334
RAB7A	-0.261276744819642	8.49481661350489	2.97715344968026	0.0890092920581096	0.671720145464557
RAB8A	-0.110514155885486	5.34112006976752	0.802698041593165	0.373462185248791	0.851712351731678
RAB8B	0.0628670227233503	5.13923073199105	0.196631224256485	0.65886759979467	0.942546850683851
RAB9A	-0.261223293240251	5.01638204813493	2.31027628280781	0.133177441389738	0.709626984758863
RAB9B	0.0770091230100737	1.88799709969533	0.0564882361817083	0.812852813098236	0.971658247544186
RABEP1	-0.185816341310098	5.9187331253148	1.41423215501153	0.238508901774845	0.782056547135105
RABGAP1	-0.0552236056140933	5.64397080617998	0.16169620488661	0.688866228144528	0.948738529758291
RABGAP1L	-0.313030519678253	4.99904646534018	2.18637055800277	0.143874380480289	0.719834290375078
RABGEF1	0.184336234143325	3.22002176682767	0.864316133038813	0.355836423595067	0.84384142869121
RAD23A	0.15913324062229	6.93661428132198	1.83509741184555	0.180029775046509	0.743021825061939
RAD23B	0.170679190370386	7.19701066570576	1.31291657330628	0.255900899862135	0.792456283010086
RALBP1	-0.0339979477310445	6.45561277180721	0.0264016121512349	0.871407316891531	0.979303870839687
RASEF	-0.0353179752877582	4.64973625471084	0.0220544492391249	0.882383748299606	0.981540102229978
RBSN	-0.00491868511567102	4.68387321183077	0.000906731240165345	0.976066331151277	0.996083060934069
RBX1	-0.082734523985775	5.62144591996798	0.170710760037745	0.680786498035627	0.947228728005476
REPIN1	0.166385520194564	7.1964881033992	1.17741581675552	0.2817311194757	0.807008650440046
RER1	-0.0375008977560119	6.52914652110583	0.0748211149724099	0.785275055383332	0.968021436763998
RFT1	-0.0277770429199258	4.86036527493266	0.0447247129131057	0.833146300085619	0.974382269894905
RFWD2	-0.249210708692529	5.3701287540023	4.29345245364534	0.0420708195365828	0.56664369031659
RNF185	-0.30579883797248	5.51423066311856	3.46887501363715	0.0668729776351159	0.634430464828933
RNF5	-0.0566658853638382	6.51260845010092	0.0716822413312736	0.789716919203946	0.968591180565073
ROCK1	-0.0953198068735448	5.46751854643846	0.188855828244247	0.665252482536698	0.944673808089296
RPN1	-0.22657299216418	8.56827308761737	2.68687693344384	0.10581663374828	0.688003908751625
RPN2	-0.239768762418947	8.59529343447793	1.58311163234025	0.212634664607192	0.763663432352099
RRBP1	-0.239293526121731	8.68494728991256	2.10370299620047	0.151559811046063	0.725908719946231
RUFY1	0.117913261893108	6.37374417347263	0.52042305246126	0.473145061748924	0.887070801160006
SAR1A	0.0625289021643966	6.72376895675275	0.306731048376416	0.58151757663243	0.921030337052877
SAR1B	-0.208352559889961	5.92238635404289	1.30918494065203	0.256571188203754	0.792456283010086
SEC11A	0.0090312052799441	6.95518705121627	0.00520005500497257	0.942725837814182	0.990637205065438
SEC11C	-0.176333905354745	5.09025000681193	1.47444210034222	0.228864296061891	0.775258138967334
SEC13	-0.1448309153523	6.59213794593636	0.940831562990583	0.335516322359269	0.83430000956392
SEC16A	-0.0705277005279913	6.92102494686157	0.256638979393158	0.614084440704678	0.930735159465571
SEC16B	-0.154638742105235	-0.937391914053841	0.124176368951667	0.725642814858692	0.957117718668787
SEC23A	-0.254211537682314	5.90731376857549	1.01818092750705	0.316543345596009	0.823823420799333
SEC23B	-0.3109009790942	6.76685013903312	1.25863540272966	0.265872431508685	0.796156464923299
SEC24A	0.11558164614216	5.11798398947711	0.262063561103243	0.610371690143827	0.930735159465571
SEC24B	0.0484398968028821	5.52180911944372	0.0837037628130135	0.773223589593487	0.966148797040746
SEC24C	-0.213085232930302	5.58157215095072	0.421066024425548	0.518600560934171	0.902618845798143
SEC24D	0.238877783011442	5.05737506464921	0.669882406087937	0.415963867419973	0.869023204586078
SEC31A	-0.130752193295357	7.79212939151568	0.699159877364715	0.406007357263762	0.865553521384741
SEC31B	0.132776066372188	3.24784278590851	0.142751338235046	0.706742841062339	0.951599916154333
SEC61A1	0.0225880173236924	8.80128850767182	0.0158352766853306	0.90023283864253	0.985378557024521
SEC61A2	-0.100438358970984	2.96362219171276	0.207374077796369	0.650290390704782	0.940638788780417
SEC61B	-0.206836977244161	6.20684376333924	1.05058387145654	0.309020697186096	0.819924002857091
SEC61G	0.118519011720392	5.65600707916459	0.339281158584135	0.562179195649218	0.916374611069581
SEC62	0.114171284219022	7.41643541429177	0.599425068813361	0.44149259006425	0.874912847452658
SEC63	0.0979058839913257	6.47377452953032	0.407829235344959	0.525227698495292	0.903605596452926
SEL1L	-0.180575988453843	7.03423278033755	0.662666751221826	0.418473784905058	0.870413589492703
SELENOS	-0.184351181742176	5.59927404139956	2.00492565482338	0.161372829376319	0.731207777000159
SGSM1	-0.254786649255081	2.24573115156076	0.451847291408662	0.503746407943836	0.897549148359109
SGSM3	-0.0477704593600597	5.69314385791108	0.0952673521309699	0.758532344519351	0.964001763588299
SIL1	-0.209697842835895	6.47111259424498	0.963626500086272	0.329769557584603	0.830391177067562
SKP1	0.0742610360749327	8.00890498168143	0.266855251244744	0.607132325000339	0.930035165479459
SMCHD1	0.076177721720489	4.99253271796521	0.153700201060765	0.69625540489638	0.950136696405455
SNAP23	-0.160537151811935	5.48277365057013	1.21351163571026	0.274538345115092	0.801473714311581
SNAP25	0.233797720887029	3.54156230170868	0.267042717353316	0.607006343284235	0.930035165479459
SNAP29	-0.295274433124909	5.22868492492387	4.60109528943423	0.0355422429808584	0.550193092773047
SNAP47	0.0102884805369036	5.24127051901492	0.00741233189866092	0.931645067681278	0.989351474756045
SPCS1	0.031073157525333	6.63854350239654	0.0382524101936415	0.845522928824612	0.976468823878058
SPCS2	0.089245800607419	5.27743094109645	0.528080411248194	0.469919958373744	0.886178688837905
SPCS3	0.0563659691291745	6.61910930456492	0.183302938957171	0.669908805240739	0.945073021621677
SRP14	-0.0660483251095269	7.94456364855025	0.151865958620717	0.697981637785224	0.950136696405455
SRP19	-0.0394812027625155	4.08848214849968	0.056993708124403	0.812033295102565	0.971658247544186
SRP54	-0.246666851922834	5.61075308151719	2.44888205858503	0.122270711624964	0.704670615504771
SRP68	0.118657864681254	6.98639157775958	0.855029090883165	0.358417377700054	0.845329890074471
SRP72	0.167912453218943	6.28940637482845	1.32497630915934	0.253749641477039	0.792412691077899
SRP9	-0.00551792189123846	6.70556915822842	0.00165913114434519	0.967629076346857	0.994702511931954
SRPRA	-0.0525264333497789	7.39668764770586	0.131249110890542	0.718268745643637	0.955053475099816
SRPRB	-0.0919050431818053	6.58980276522249	0.361548640763684	0.549655277737801	0.912579603107124
SSR1	0.134465144772393	7.36373878074763	0.750696938684752	0.389315638907393	0.858752794355348
SSR2	0.0681260363857789	7.91509018430327	0.20418211013722	0.652810352422099	0.940852096681211
SSR3	-0.333123088705159	7.23253534815312	5.70881816653524	0.0196713529477254	0.488941009793298
SSR4	-0.133915115971682	7.56893027227863	0.450099845421324	0.504569769512861	0.897549148359109
STT3A	0.0818003001480924	7.16840611631093	0.204808581623932	0.65231390551357	0.940692025590984
STT3B	-0.0711425051219362	7.37252292844182	0.190182601496826	0.664152022206205	0.944593466395684
STUB1	-0.167155460292485	5.93878255922274	0.943304360727762	0.334886386406143	0.834089039270735
STX10	0.20513379346139	5.55131828875105	1.69484190257158	0.197375677236397	0.759347746633738
STX11	0.0913356508474155	1.80907031906317	0.0569634230529232	0.812082287562636	0.971658247544186
STX12	-0.054558049331377	5.64510909029809	0.130873683669953	0.718654439785924	0.955053475099816
STX16	0.179903210141879	6.20603359299938	1.12426732871803	0.292769162189734	0.813089442595918
STX17	-0.108527308466642	3.64890825978351	0.221163209497758	0.63966636806232	0.938509246117093
STX18	-0.055542071408308	5.11001804441419	0.178670271105556	0.673857891723396	0.946301143858229
STX19	0	NA	NA	1	1
STX1A	0.199034602600737	2.58618678922019	0.555683910736502	0.458584498543222	0.881178479308713
STX1B	-1.06005922965011	2.31473080397079	6.56761273226966	0.0126134179397196	0.426819376535016
STX2	0.417615118129317	4.68223343723018	5.4396141184991	0.0226662282109719	0.503800077007442
STX3	-0.553482773135882	6.8932216134108	9.15284698293509	0.00350807791895387	0.302986571119012
STX4	-0.081173609210572	6.29365855904145	0.321758580547074	0.572428623329461	0.919199046400219
STX5	-0.186665590142885	5.52019015694252	2.17448709630336	0.144951062304644	0.719834290375078
STX6	-0.141616241305065	5.68867916885512	0.427144025735125	0.515607107416345	0.901778393511695
STX7	-0.0747288631484836	6.95162653988671	0.18790942498787	0.666040270783425	0.944673808089296
STX8	-0.0417244175813595	5.10561201616966	0.0686960235969996	0.79404066779395	0.96929525304902
SURF4	0.0664380941353258	7.81448326167142	0.153668361289531	0.696285268016714	0.950136696405455
SVIP	-0.173965773875479	4.9793656586333	1.89685579919648	0.172966800039506	0.738051217945132
SYTL2	-0.425697159999072	6.82399139937315	1.16494629142552	0.284271973664261	0.808252885602781
SYVN1	0.0630230604607201	6.52745231776135	0.293277548938286	0.589905424998639	0.923637908719078
TBC1D1	0.0684106011932435	6.50810606695771	0.157635549518819	0.692591558764725	0.949150044623813
TBC1D10A	-0.357258727497336	3.90194092387364	3.37788850110875	0.0704639873103429	0.639285825834955
TBC1D10B	-0.0162052885734279	6.44017360135535	0.0170378673531514	0.896534804911583	0.984743999951213
TBC1D10C	-0.465905263622286	2.93614255719583	1.32905794599454	0.253026675850225	0.792130249875959
TBC1D12	0.0231583144088093	3.89631005646934	0.0139262220005608	0.906409586337579	0.986703930978229
TBC1D13	-0.0810287020463168	5.83490879260474	0.273975315776919	0.602386433917617	0.92895012488328
TBC1D14	-0.178914191904348	5.0271114312131	0.327305281112736	0.569144825624763	0.918006590626626
TBC1D15	0.0461622595331094	5.48243053616589	0.124694653369272	0.725094527676408	0.957014306922078
TBC1D16	0.715133590064217	7.16334897226108	8.80312991644153	0.00415268144956058	0.321950075700209
TBC1D17	-0.0704593046069115	5.91933096824059	0.324991884452886	0.570509893024848	0.91823668658401
TBC1D19	-0.17251268019389	3.40545009989217	0.687713580286071	0.409857258541909	0.867019168624939
TBC1D2	0.169014594796565	5.04632120295087	0.245293442366661	0.622012334364527	0.933039347999599
TBC1D20	-0.114152164859228	5.7650761684944	0.720301821386829	0.399035535838427	0.861884583823378
TBC1D21	0	NA	NA	1	1
TBC1D22A	-0.154216221192739	5.55969013333546	0.913435524653638	0.34260449193322	0.839016752762069
TBC1D22B	-0.301185899758919	5.25112689749653	1.33717733974332	0.251596157360725	0.790176437496471
TBC1D23	-0.205023280565519	5.06062199710607	1.71611884357485	0.194620534904585	0.755920332457367
TBC1D24	0.0505500856369433	4.63792972879632	0.108336784002925	0.743061658755133	0.961154892429521
TBC1D2B	-0.0112772204682215	5.14876145049403	0.00274006628871828	0.958407416484163	0.993619111085287
TBC1D30	0.441005177928982	2.51720579433129	2.52159162340198	0.11695640474735	0.703073628158063
TBC1D4	-0.0592511176396869	5.92116269509111	0.0503167862954129	0.823188475883841	0.973161222383045
TBC1D5	-0.178462485365205	6.69934467818799	0.775757995885546	0.381557377915027	0.855101925564865
TBC1D7	-0.548923768091756	4.6790862503488	4.74323238893164	0.0329008996754073	0.542752979991378
TBC1D8	0.197829189952993	5.49633708798155	0.626395860574287	0.431444293853056	0.872841420474927
TBC1D9	0.216344193518888	5.29055731116318	1.06776650739691	0.305127263310222	0.81817248786672
TBC1D9B	0.0184150812458532	7.56182475640572	0.0125294893588125	0.911205964918671	0.987390848830687
TMED10	-0.109381528870523	8.06157572335001	0.435427773461741	0.511576009984957	0.900818222095717
TMED2	0.105370878689278	8.05587465470849	0.404691969276745	0.526820651223829	0.904066305537212
TMED5	-0.030128917022793	6.64654893812788	0.0193832297398049	0.889686689558362	0.983474802946702
TMED7	0.012434232519999	6.73608899149008	0.00519234361952323	0.942768246144021	0.990637205065438
TMED8	-0.192552481287436	5.29075458912619	1.08931508296733	0.300335115368877	0.817031214153339
TMX1	-0.196499483713435	5.71154555225292	1.26067930124139	0.265488176759821	0.796156464923299
TMX2	-0.138662105618617	6.58466005900446	0.726183828967199	0.39712714609326	0.861871362706661
TMX3	0.17405345697681	5.36672354241649	1.3832420696083	0.243668325994375	0.785772728227802
TMX4	-0.175898737401068	6.91932447453615	0.622322897006595	0.432938982954012	0.873205536619894
TOR1A	-0.1621195440603	5.40890089105355	1.49134686007621	0.226242916586334	0.774972209115758
TRAM1	0.356528048311488	8.74274941302603	2.92125693963269	0.0919998476819412	0.673714454941821
TRAPPC1	0.044879276089123	7.19867015515466	0.0567766218424116	0.81238478272438	0.971658247544186
TRAPPC2	-0.178615422444364	3.96368315655871	1.88312480011134	0.174508573150035	0.739310228826356
TRAPPC3	-0.0316461462722212	5.73167685096809	0.05723555007517	0.811642558002271	0.97160168758055
TRAPPC4	-0.229071081714991	5.6539711069375	1.86392459063652	0.176691589173576	0.741875949473502
TRAPPC5	0.173265525556121	0.633844695869044	0.665444896053613	0.417504737796752	0.869934839994127
TRAPPC6A	0.0292074364268956	5.26575240010906	0.01939883356954	0.889642586870635	0.983474802946702
TRAPPC6B	-0.240554922157766	4.66231906924792	2.44828072919645	0.122315786376666	0.704670615504771
TRAPPC9	-0.120949990446032	5.93441966372771	0.480078069059891	0.490756745317179	0.892650565402116
TUSC3	0.059777802746502	7.00378880537374	0.0788477449184801	0.77972127797902	0.967279759759944
TXNDC12	0.205186750098526	6.60440808776683	2.00841335705219	0.161014026726804	0.731132451808163
TXNDC5	-0.270820013348453	2.97780503120244	0.574944191118097	0.450932135859846	0.877224126066759
UBA1	-0.313202431982062	8.67187775401821	4.14390738143972	0.0457003849017821	0.57734651080841
UBA5	-0.274437824217539	5.26435727678221	3.46149670834378	0.0671565921951537	0.634430464828933
UBA7	-0.205118642488543	5.89065687600699	0.781566084281859	0.379791079089417	0.853903734371629
UBE2D1	0.0616003503331559	4.28766335231049	0.110766181551131	0.740301826978655	0.960842926790492
UBE2D2	0.061317575510413	6.39016600976935	0.299446708166948	0.586028688501404	0.921964722254377
UBE2D3	-0.0445998459567274	7.85377525923756	0.123972070130563	0.725859294193051	0.95713790959653
UBE2D4	0.0953542186492854	5.02566608478338	0.377566276293322	0.540967975791688	0.909903648029817
UBE2E1	0.0760961799679924	5.83398111684564	0.30658250304298	0.581608865693691	0.921030337052877
UBE2E2	-0.0935046599857267	5.44413012638341	0.269172783038271	0.60557881771928	0.929379980173969
UBE2E3	-0.0634774497708707	5.92044423095698	0.153128117107676	0.696792519068599	0.950136696405455
UBE2G1	-0.117259971912059	5.6868247506863	0.498895769756903	0.482409207703828	0.889133488447872
UBE2G2	-0.0798367549840092	6.34027881694249	0.328849965879083	0.568236921918581	0.918006590626626
UBE2J1	0.0956501952630801	6.0044141409209	0.488717875442505	0.486894353432308	0.890269771118652
UBE2J2	0.230685525758197	5.54313745672359	1.74881012759426	0.190476075910646	0.751259973062615
UBE4B	-0.0294694858490452	5.75772129388825	0.0295095037331845	0.864120285133936	0.978121544593891
UBQLN1	-0.0303571079569013	6.96364499703291	0.0366644366892662	0.84872291627607	0.976496915308681
UBQLN2	-0.269887828147213	5.96399609681691	2.19197436955775	0.143369845625375	0.719834290375078
UBQLN3	0	NA	NA	1	1
UBQLN4	-0.0177941792070186	5.82016852449645	0.0103542563966825	0.91925120048081	0.988142207662018
UBQLNL	0.393545540948945	-0.343971626763558	1.35753444441996	0.248053665020037	0.788318661001164
UBXN2A	0.0744772879581644	4.43853578738388	0.219536157994135	0.640898554346933	0.938562792834411
UBXN6	-0.0317428283361437	7.807865415321	0.0318112736734274	0.858975074042584	0.977711292630564
UFD1L	-0.0145360596868648	5.47647304090794	0.00781557539006777	0.929815158897621	0.989249860691808
UGCG	0.305127933883718	7.63258739096642	2.10265195287949	0.151660526736466	0.725908719946231
UGGT1	0.00650577613451192	6.69609666186419	0.00131702500563946	0.971157236641896	0.995316862362093
UGGT2	0.0718702366679744	4.62354139426742	0.283301817847399	0.596287554844958	0.926593775105078
USE1	-0.0841778782483786	4.88054862332204	0.136686092951005	0.71275180965648	0.953745829481186
USO1	0.106349988650711	6.35200944077944	0.392451158897641	0.5331202236552	0.906094131148778
USP6	-1.04199140812387	0.594457412885814	3.43704719025759	0.068105846234498	0.635979408766218
USP6NL	-0.2691725098827	4.6797448474473	1.29578666995263	0.25899606460659	0.79309085194851
VAMP1	-0.182995453057622	3.05324027912989	0.542453423447282	0.463961980872524	0.883554744464677
VAMP2	-0.204035455042868	6.19299519917931	1.43130645972287	0.235723918035287	0.779332198823219
VAMP3	-0.246691003910944	6.71217888343906	2.08683497835685	0.153185555427629	0.726891215771935
VAMP4	0.0069616917026665	4.28337695330318	0.00251859885719113	0.960122206101175	0.993619111085287
VAMP5	-0.0694288686192128	5.09341801591756	0.0607992754616032	0.805983121421423	0.971395865426604
VAMP7	-0.399597780582819	5.70060878630079	3.80263327543338	0.0553140085524595	0.608255361420849
VAMP8	-0.253096259785897	7.25160217961177	1.78560720556641	0.185935844608242	0.749482259589857
VCP	-0.169453215974822	8.38773810800016	1.49296060910755	0.225994600984944	0.774806180772948
VPS45	-0.120063761896428	5.17822559409511	1.41834865285921	0.237833764452953	0.78157130908258
VTI1A	-0.0875893651648704	3.97442998026001	0.320491901954006	0.573183788590813	0.919281107752896
VTI1B	-0.203559290133506	6.55226770295212	1.60160035382511	0.210014198189337	0.763663432352099
WAS	-0.0691616044821252	3.85796004604758	0.0446466144876018	0.833289856093586	0.974395106887094
WDR38	0.104721780757025	-0.47626780944829	0.0321044734197013	0.858333654754071	0.977711292630564
WFS1	0.233331320896109	5.62176725858593	0.623481579949857	0.432512963273202	0.873205536619894
YKT6	0.204148036152616	6.96153724842452	2.32407894272015	0.132043124529222	0.709626984758863
YOD1	0.00646416999602207	4.17648163487477	0.000838653425712116	0.976982070758287	0.996150013253901
YWHAQ	-0.0234911600013135	7.853532667419	0.027435359102534	0.868936813350298	0.979130213725432
