pspGenes	logFC	logCPM	F	PValue	FDR
A3GALT2	0	NA	NA	1	1
ABO	-0.482343085316266	4.70150406174732	1.05427995836757	0.305838811369606	0.52905007286629
ACAP1	-0.299045892480542	3.73117369935309	1.53083329224305	0.217526031376833	0.434299381794036
ACAP2	0.037862723123295	5.22124767379549	0.0598771457229309	0.806956304371927	0.903311972053897
ACAP3	-0.473919505258275	5.92097276452182	5.8719012852797	0.0163293860738181	0.0852335754661164
AGAP1	0.0140278424000884	6.19459752942092	0.00721095981128025	0.93241717576988	0.968041406983608
AGAP2	0.0218816351750557	1.95151939777795	0.00571280692366658	0.939830903431843	0.971407749585122
AGAP3	0.360655328716734	6.27443699039096	6.04087422991431	0.0148816840993142	0.0801174657964786
AGR2	-1.63386694819647	4.13652481038078	2.04334616985148	0.15452773273657	0.354203611070424
AGR3	-3.02544537759715	2.02418956248958	8.52301840239731	0.00393403393217502	0.0322166172794177
AKAP10	-0.370319083759172	5.31236311398095	9.39016766723391	0.00250126504080747	0.0231557759566116
ALG1	0.18979698807662	4.93351599693841	1.56856153584546	0.211967172870565	0.427224602705195
ALG10B	0.205222586570271	3.99262427072711	2.0868077689393	0.150235913905833	0.34806876079629
ALG11	-0.161600177501132	2.72534975128768	0.630055631997235	0.428332675445	0.642052966049363
ALG12	-0.143644085058799	4.54581312853498	1.0784415478042	0.300376295636798	0.523958097575718
ALG13	-0.000881801493346425	4.81955931903855	6.03634494420211e-05	0.993809198394096	0.997264846981772
ALG14	0.0352230543017336	3.51882775809679	0.060039810700081	0.80669949176971	0.903193025088695
ALG1L	-0.63443963208426	-0.235935312379172	1.57250316385958	0.211396271344899	0.426620098956739
ALG1L2	0.408895512520197	-1.41825661400909	2.28018666477173	0.132710020193806	0.323491911039478
ALG2	-0.16731032492489	5.38965067970876	2.06649196570355	0.152224935169129	0.350827641071395
ALG3	0.41012599737436	5.81882916705003	7.26336123059229	0.0076734482652805	0.0512988752129553
ALG5	-0.0286562537409784	5.27484615283325	0.0521794116472219	0.819560959466789	0.910101418134739
ALG6	0.248936995389824	3.7258741544417	7.75565803230186	0.00590082757733504	0.0425907870123409
ALG8	0.320042329263869	5.17551635834595	11.12984325435	0.00102312228447903	0.0120657539073159
ALG9	0.129612063034158	3.16667996668921	1.91951555420911	0.167546733999697	0.371568612367799
AMFR	0.455713665119291	7.17190664251295	7.42963739102904	0.00702031287642333	0.0484365054388123
ANKFY1	-0.460904866478604	6.59298834232969	6.63456217157681	0.0107674999963727	0.0644106684655967
AP1B1	-0.389918784682964	7.51387781631718	5.66723792600858	0.0182812989517367	0.091297763797432
AP1G1	-0.205544140141757	7.31791840352427	2.39595834656015	0.123325917622424	0.308881980632052
AP1M1	0.214405613529642	6.54620574185143	3.81654764302842	0.052228102925558	0.181415597448264
AP1S1	0.221530132342945	6.46249384084567	1.50570015751655	0.221326249880907	0.438612873456064
AP1S2	-0.134223716524001	4.25958664865957	0.4051601031024	0.525208267447085	0.72011736648117
AP3B1	-0.0162397120102202	6.18379412203812	0.0127139064647355	0.910343986731098	0.957443223245031
AP3B2	0.538162745312686	2.40925602507712	3.54395430625882	0.0613029811563306	0.200288209510761
AP3D1	0.156685688692977	7.65658121666321	2.00814204162981	0.158106980067523	0.359256253644317
AP3M1	0.10073796714084	5.33793895871866	0.448786586591861	0.503731311688124	0.7031860205832
AP3M2	0.070116784398444	4.68362650273142	0.358077135085277	0.550294211827006	0.738671597352781
AP3S1	0.483204657886136	5.08778355698366	13.9271728274229	0.000251428184398295	0.00417814600887541
AP3S2	-0.38929080261156	5.50950884813632	10.6848311961023	0.00128380071097568	0.0142211697051352
APPL1	0.0198773626553594	5.89808441236965	0.0182312918725172	0.892737476235199	0.948217174679183
APPL2	-0.335365519962243	6.0388363156985	3.51467384330223	0.0623738846928662	0.202507398947557
ARAP1	-0.190355617657351	7.05798172128394	1.75025141893027	0.187447256377574	0.397023155482307
ARAP2	-0.103983668600729	4.58100703565987	0.413330395069063	0.521064968722828	0.717325749378514
ARAP3	0.878948306368846	2.97282873346886	7.69761057760742	0.00608578357346632	0.0435637647671545
ARF1	0.177493009271059	9.14269781836644	5.41519035373853	0.0210242195452164	0.100111109727044
ARF3	0.17074781544671	8.16738646775205	2.08410829424904	0.150498492254138	0.348557851300468
ARF4	0.196701999839921	7.22601800929802	1.62240613215984	0.204324448893544	0.418109899888577
ARF5	0.116497355908542	7.62263911460198	0.589660441876296	0.443511019074745	0.653888754593932
ARF6	-0.0800994890388065	7.47058087501053	0.29287361063605	0.589023706854858	0.767854687991096
ARFGAP1	-0.127272559602336	6.70470148561064	0.669249764130522	0.414345890540023	0.630009837792188
ARFGAP2	-0.246076661624054	6.62776613476379	6.79480408368176	0.00987329404294682	0.0608142573862207
ARFGAP3	-0.194261436371656	6.03329339867798	1.57099071923919	0.211615115029507	0.426822383504948
ARFGEF1	0.200586757239173	6.15709651175016	1.39879297017417	0.238414927599038	0.458090250146787
ARFGEF2	-0.0469047912827073	6.31890511412106	0.060299928665777	0.80628958752322	0.902976381340267
ARFIP1	-0.101750633550207	5.46617296327225	1.0439442035906	0.308215011583652	0.531339730481262
ARFIP2	0.138246320024238	5.85193652228711	2.19086754121958	0.140499989158909	0.334707275100522
ARHGAP1	-0.0476768110410704	8.02529304460061	0.1182527202794	0.731320499599671	0.860678536017366
ARHGAP24	-0.422138251857147	6.59098188029375	4.233554001502	0.0410085740499014	0.155152595421601
ARHGAP5	-0.054878855614991	6.54759289251961	0.113793317043725	0.73624135633517	0.862881857631924
ARHGDIA	-0.040347468967886	8.3364454517253	0.117500163445134	0.732143568894009	0.861117045612187
ARHGEF1	0.0549062820275412	6.4634414423048	0.204568165911693	0.651578449314317	0.80921269724536
ARHGEF11	0.024183538194471	6.03397474602922	0.0500641614215233	0.823193903753197	0.912125206102886
ARHGEF2	0.00206183626685328	6.50366490493531	0.000127489311324384	0.991003121302864	0.995945287277844
ARHGEF6	0.153904989914179	4.35751094381744	0.531636901397483	0.466824181051912	0.673660983473123
ARHGEF7	-0.0961788441869545	5.9921621527808	0.808001333445562	0.369858256895849	0.589818874522653
ASAP1	0.633594981040153	4.90249563923006	9.9931851947775	0.00183098515803984	0.0184268941793942
ASAP2	0.233060926876735	4.31284400554731	0.408788956446646	0.523360806970081	0.718366321249801
ASAP3	-0.55620858599087	5.15504951099315	9.54074784811768	0.00231331510920266	0.0218740268771828
ATF4	0.413158743676834	7.74307108805919	7.0923364935278	0.00841090517311593	0.0544589375608134
ATF6	0.220158058442549	6.24506892239788	2.08161788283014	0.150741198740961	0.348894539880178
ATF6B	-0.0764884546324793	6.41904054898257	0.378907309259309	0.538930868372904	0.730188714195001
ATXN3	-0.217136504717813	4.44636768729485	4.15943490710259	0.0427984238745544	0.159675897716284
ATXN3L	0	NA	NA	1	1
B3GNTL1	0.162373784245304	3.3743607245953	0.876706646776308	0.350302951973467	0.572519299639738
B4GALNT1	1.51564683061389	2.0671511725502	5.80575429759946	0.0169353347183208	0.087346658794943
B4GALNT2	-1.46455405509082	3.91324357565893	4.15852961637336	0.0428207902472552	0.159682562002718
B4GALT1	-0.0210693685082636	8.51414060424401	0.00635543570665481	0.936543712632866	0.970326003422939
B4GALT3	0.465903679041751	5.19138160164341	16.3338550864234	7.72851300174572e-05	0.00161293490069573
BAG1	-0.461611999436485	6.69170918945674	6.40429998560215	0.0122017853272802	0.0699028820546257
BAG2	0.764352832881548	3.4879508503965	11.35216757771	0.00091382012488493	0.0110911206021598
BAK1	0.0444088616277411	4.90014705353168	0.0625187379743636	0.802830575169459	0.901377348391811
BAX	-0.147129338376841	6.60877634782174	0.889736394575939	0.346755758951778	0.568966751432731
BCAP31	0.155446671603501	8.49556132969539	1.06737463268973	0.302862471414756	0.526354727881061
BCL2	-0.593467534223441	6.54595092639411	7.29773391627016	0.00753347242939585	0.0507648588018346
BET1	0.432973446822471	5.07262804225749	14.1762952872961	0.000222279895604101	0.00379094825339695
BET1L	0.182196362806647	6.30105508773558	3.96465231269242	0.0479090173480064	0.171758158481051
BNIP1	0.415199439339576	3.26114332834419	9.69066493477961	0.00214053863953666	0.0206483708496501
CALR	0.225057912778781	9.84301807492372	2.87174395013534	0.091798022380003	0.258903639876791
CANX	0.472906502447396	9.66301893387768	8.9602526587913	0.00312882853642603	0.02715892172039
CAPN1	-0.443755863522124	8.72437571042553	9.58532060160172	0.00226050338358536	0.0215444874129834
CAPN2	-0.248256135836389	8.26122584038424	3.02854329465308	0.083442893611964	0.243729880575762
CKAP4	0.6587713344244	6.58020178753512	20.5207835461818	1.04467702757279e-05	0.00030886636531172
CLTA	0.0961495078397759	7.49841749513663	0.435065327823789	0.510318684095717	0.708846300103177
CLTB	0.124998347297511	6.1760961186562	0.538034050567273	0.464159625662055	0.671424197222187
CLTC	0.246168664113344	9.17712844921046	1.94547733538106	0.164715971761926	0.367836465308769
COG4	-0.211906968995957	6.65185681223403	3.22313327417007	0.0742059331032088	0.22617707468334
COG6	0.0289532809220239	4.60538083832356	0.0290992794222857	0.864732909626873	0.933994597097202
COPA	0.195487123358446	7.87194435943022	2.01540156221485	0.157361197444274	0.358240267837438
COPB1	0.102421778327293	6.93151872275112	0.532000058492148	0.466672260988271	0.673550349756176
COPB2	0.0642645142367637	7.14675364533952	0.183012300153874	0.669285383962193	0.820201280600008
COPE	0.00679203409908819	7.32341487070683	0.00217378122740163	0.962862384384082	0.982401209552231
COPZ1	0.26188208171619	7.70851520049824	5.27345129196213	0.0227523496193136	0.10562692349991
COPZ2	0.338836708415653	4.32963394669349	2.12714115006287	0.146374119155506	0.34263598594864
CRYAA	0	NA	NA	1	1
CRYAB	-0.819847952657122	11.9980217892273	5.01164402389449	0.0263465599505372	0.116109265493731
CTBP1	0.111861005393383	7.46165650420317	1.46984138539986	0.226887585725697	0.445290088385688
CTSA	-0.226551649572169	8.84880991272938	1.12635168959112	0.28991232397689	0.513312113655574
CUL1	0.160553288902633	6.05467362386043	2.72815463297632	0.100257498254247	0.27287805305505
CYTH1	-0.26705140858394	5.85852780395837	4.12039293854356	0.0437743596929996	0.162087983517392
CYTH2	-0.255170701738027	6.78794476273697	4.63938336834856	0.0325153933337387	0.133072747047421
CYTH3	0.163056534303243	5.29207748848836	1.03424549375821	0.310466722126488	0.533205764542735
CYTH4	-0.27329575336863	4.19391186942106	0.71272716511248	0.399609762989994	0.61785968142143
DAD1	0.0396339616652393	7.05493089466478	0.0726950053010416	0.787747355455152	0.893361961278375
DDIT3	0.313505228648372	5.65831864940151	1.45537871803834	0.229178283509264	0.44790138580172
DDOST	0.318529364224868	7.9724833877083	8.96513504788481	0.00312086183075061	0.027108451557451
DERL1	0.074036265223571	6.80060428253234	0.324961024808076	0.569319981927684	0.753094068411403
DERL2	-0.224972341033859	5.84382397664923	4.54144473102588	0.0343789840184479	0.138251374109946
DERL3	0.0504921865922213	2.58907399241791	0.0107709805417724	0.917451594346176	0.96076834296325
DNAJA1	0.15381720052878	7.16169753329007	1.15519562663585	0.283837568204353	0.5072627416153
DNAJA2	-0.117928093634784	6.61129493121191	0.887424806280225	0.347381473129335	0.569622399956252
DNAJB1	0.0385569592398101	7.35312535053103	0.029139564309438	0.864640220494574	0.933943342336797
DNAJB11	-0.0606250525561416	6.0139287763354	0.267626771405528	0.605534550567624	0.779217997194294
DNAJB12	0.0596841571698611	6.10432951832342	0.317292539458513	0.573908508762283	0.756774408717933
DNAJB2	0.0159340539636423	6.97909475699576	0.0113377351794864	0.915315672058848	0.959805040319853
DNAJB9	-0.255534637073122	6.2112801920917	1.79731816746891	0.18164998550948	0.390235531605893
DNAJC1	-0.407992443384995	6.19880144968983	4.4369273544502	0.0364925494069214	0.14401493334801
DNAJC10	0.615727235995097	6.89679741883912	20.879297827281	8.82549690816664e-06	0.000268820153708244
DNAJC3	-0.203971929676685	6.62790021364347	1.43262040489196	0.23283993650476	0.451797719962633
DNAJC5	-0.160501625284918	7.25840357924486	1.89294256542568	0.170502418068682	0.375498855669707
DNAJC5B	-1.21368255892072	1.18404743073305	4.46394685809363	0.035933335391593	0.142544995041611
DNAJC5G	0	NA	NA	1	1
DNAJC6	0.157579501362394	3.64551452483631	0.293990254422766	0.588314962847901	0.767340854043319
DNMBP	0.498631169863558	4.68448498771873	8.07773014651951	0.00497467299224582	0.0379006251864457
DOCK5	0.62866533335512	4.88561154963594	13.1569983216259	0.000368644964497635	0.00562116625647423
DOLK	0.039771231350337	4.51616827420617	0.1101565337926	0.740334622588125	0.864617573388759
DOLPP1	0.0626842006614065	4.08879660180572	0.315758509250781	0.574835178473917	0.757565038493145
DPAGT1	0.0741748374855308	5.48981020808077	0.485931105970853	0.486606531242912	0.689575045101103
DPM1	0.0688380589101794	4.72766226834584	0.423120995388399	0.516175619117408	0.713519390087665
DPM2	0.17912958852826	6.07368209827179	1.60689224277684	0.206492372940439	0.420533341195028
DPM3	0.0947522656636011	5.11625180762842	0.183670099748575	0.66872717822752	0.819879179380474
DPP6	-0.443624505253983	1.63099776087619	0.225837710585309	0.635177443761144	0.799245531149629
EDEM1	0.0685443772405501	5.84562201690284	0.171305483865863	0.679424570370054	0.827079229126561
EDEM2	0.101642137142293	5.66820153673079	0.735868449885279	0.392076629472136	0.610370823583407
EDEM3	0.240448455970782	5.11063217106576	2.38957398164241	0.123823598036043	0.309626877098183
EEA1	0.27309648277575	5.04646993739792	2.12835517286964	0.146259642441014	0.342484774092835
EIF2AK1	0.20203362768209	7.74827845056561	5.83198126328276	0.0166923265271305	0.0865184578638719
EIF2AK2	0.168437856147384	5.90358016262055	1.49669008286751	0.222708013882398	0.440292784922826
EIF2AK3	-0.0514944146446606	4.61929101737292	0.0717361688951896	0.789118250640078	0.893910542502297
EIF2AK4	0.269997525078665	5.55532621858506	4.03742745685013	0.045927555170325	0.16706355447516
EIF2S1	0.0696701660939968	5.65259594500209	0.274116079042284	0.601198723731072	0.776071498278771
ERLEC1	0.11554913233606	6.08915620326591	0.835538440483358	0.361843268844413	0.583151379449792
ERN1	0.248185393456763	5.04228117150997	2.09786768036271	0.149165548331739	0.346658767826639
ERO1A	0.86559393506707	6.17305615377473	21.9767549509776	5.27967788309559e-06	0.000175455258410525
ERO1B	0.116634876053382	4.06880943121511	0.927380101514188	0.336777994669224	0.559335246635311
ERP27	-0.790671148590207	2.90646984856408	1.92844952890978	0.166566331153787	0.370098428311183
ERP29	0.00215020891071569	8.08563508265663	0.000184454584265095	0.989178298285664	0.994944950240212
ERP44	-0.054866784463839	6.21723127453325	0.365406202804892	0.546245668902904	0.735716518350723
EVI5	0.147810003980325	4.20473781695194	1.15522711319035	0.283831026111479	0.5072627416153
EVI5L	-0.397919761494534	4.7713908498132	7.21856795253367	0.00785989790246959	0.0522265439628618
EXOC1	-0.0839228657253532	5.39767600400121	0.831058291817099	0.363130687541308	0.583702128822996
EXOC2	-0.00922947504379068	5.29273809462136	0.00552250913471824	0.940839644438529	0.97142069284775
EXOC3	-0.234785990210704	6.27320850827512	6.69863770512623	0.0104002823983939	0.0628799929960345
EXOC5	-0.0909296956027875	5.61382159467861	0.375181263453355	0.540931475606345	0.731600744726112
EXOC6	-0.0030059645313848	3.97480653820312	0.000497670311855815	0.982225437948868	0.991443452013633
EXOC6B	0.101168754587642	5.08471070287804	0.448042513130012	0.504084769921814	0.703463357794473
EXOC7	-0.0126722760271632	6.66711079143233	0.0110279399965877	0.916476324734131	0.960437601200348
FAM71B	0	NA	NA	1	1
FBXO2	1.08640980713158	4.58812491495063	8.07677581070669	0.00497718412531808	0.0379006251864457
FBXO6	-0.103851922747767	3.90399427275437	0.299486119029414	0.584851882298801	0.764883386901344
FBXO8	-0.0609440659086888	4.28499210085698	0.20233324635977	0.653360743221489	0.810347470297849
FUT8	-0.342169345754991	5.78511076174592	2.06171439030287	0.152697034537964	0.351599576206609
GALNT1	-0.0541902964601267	6.51465654165261	0.0838316570116968	0.772488610670618	0.884057430502606
GALNT10	0.388263670118156	6.01484624569488	3.2880310406223	0.0713767495869298	0.220584016942064
GALNT11	-1.0966959748321	9.14946607685925	13.9908724821367	0.000243623718053554	0.00407945920317912
GALNT12	-0.261568265430128	4.36142243944241	1.2438359181721	0.266152443886699	0.488693057912818
GALNT13	1.41425319091084	0.267971249915438	7.16255191459986	0.00809966093352692	0.0532528396889273
GALNT14	-0.18888001864303	7.92682323954745	0.800251711896289	0.372158576134407	0.591479417758031
GALNT15	0.625288141538809	1.95979824554985	3.81009855566315	0.052425364575814	0.181900128603961
GALNT16	-1.0400022906097	5.1457818579082	4.47342852494149	0.0357392467450332	0.142012362560975
GALNT18	-0.0753357716428919	4.7637464522349	0.0705731936678472	0.790794261130092	0.894928323701546
GALNT2	0.702454837333675	6.16309422564824	16.0810672795012	8.73850628495917e-05	0.00179839030488661
GALNT3	-1.18095682600588	3.70981605699562	6.41685962278354	0.0121186655642316	0.0696484566650681
GALNT5	-0.810355219335632	4.30165068321227	2.88431502915304	0.0910955380896111	0.257604436946504
GALNT6	-0.691967324187007	3.27090768632501	4.43187009094536	0.0365982350037246	0.14427379338714
GALNT7	0.348163736983289	5.16665710219929	4.42616316979483	0.0367178853012615	0.144429033531976
GALNT8	-0.444794288592332	-1.10905902908181	0.627338457059839	0.429328576033383	0.642742590650239
GALNT9	-2.30025772887684	3.5127259963948	10.8348615229801	0.00118908235436808	0.0134017827769718
GALNTL5	0	NA	NA	1	1
GALNTL6	-1.6106855893402	-0.200399005635145	4.4991855888057	0.0352175666378198	0.14047988972394
GANAB	0.151738669852651	8.75563018052628	1.75737117306684	0.186556573577051	0.39582263946167
GBF1	0.0918730073169529	6.747795224038	0.744474759141012	0.389327306475395	0.607818707785261
GBGT1	-0.263052256936482	3.34945644593854	0.804498232880366	0.370895604513629	0.590683236324417
GGA1	-0.290735810801408	6.50061933739799	4.63393900686417	0.0326161433982743	0.133311804673459
GGA2	0.0217020843017965	7.11470696803408	0.0153530750568297	0.901520478270195	0.953465313573544
GGA3	0.0178022563242758	5.70949636039837	0.0317564924548085	0.858754459309554	0.930980387147987
GIT1	0.535663056752365	6.84233092803553	21.4764100047648	6.67017848826482e-06	0.000211082658441446
GIT2	0.00639176924260421	4.89214214494431	0.00129751698522151	0.971303669002244	0.986387339790439
GLT1D1	0.970019481642463	0.134257609369563	4.41727905564829	0.0369049709332015	0.144961206581529
GLT6D1	0	NA	NA	1	1
GLT8D1	-0.0436816344292742	6.11592258803946	0.16913620639488	0.6813476763417	0.828257309480139
GLT8D2	0.21502760173239	1.81812101169507	0.183755379458274	0.668654896989765	0.819830462651359
GMCL1	0.787364869632608	4.79037229928751	32.2723797821785	5.01161611477963e-08	3.16397518624809e-06
GOLGA4	-0.193845855388934	6.49765003711941	0.904048021491419	0.342915741232869	0.565317246181673
GOSR1	-0.00859610470626372	6.0964107250863	0.0064456404764926	0.936095936420003	0.970101478521408
GOSR2	0.00858708655019074	4.27750956214838	0.00541566527719849	0.94141367856845	0.971674960663447
GPAA1	0.107439531182723	7.41919062244928	0.511782551617741	0.475253110353506	0.680703850427774
GPLD1	0.449569705351536	0.128946297130559	2.48308672186011	0.116752496518357	0.298366175032708
GXYLT1	0.549309392413816	4.72077910393439	19.8464141022039	1.43625855179832e-05	0.000401992810219996
GXYLT2	0.717515663751569	2.07763781298137	5.72975152435071	0.0176605650255384	0.0896191847287092
HAS1	0.682178409240928	-2.26711138753938	1.62809318690236	0.203536510485484	0.417101386684645
HAS2	0.47495426929972	-0.702583897927947	0.727450782466843	0.394792837937594	0.612960888789204
HAS3	-0.304771715570839	2.94480654409691	0.638991760807619	0.425081946966005	0.639463376773585
HERPUD1	-0.477646504164145	8.02925964024347	7.22679575529934	0.00782530284415112	0.0520790960750771
HSP90AA1	0.221912218943274	9.90931795217622	2.09956642424301	0.149001916188457	0.346442520656012
HSP90AB1	0.626088014537432	10.0021404078853	21.5514339802071	6.44009878295638e-06	0.00020462616629591
HSP90B1	0.420941833019801	9.830435034275	7.36381654082756	0.00727171650330626	0.0496407964006192
HSPA1B	-0.399091705431339	6.9502049653898	1.40554650527957	0.237289010624413	0.45685459701302
HSPA1L	-0.25171004575711	1.78117257006648	3.2062209871982	0.0749629837607696	0.227562974323185
HSPA2	0.412647491739613	4.52814960110753	1.30646828122825	0.254484260212234	0.475094896750675
HSPA4L	0.229853942503562	5.31851873913597	1.07210538747707	0.301796457111153	0.525470332681194
HSPA5	0.401357323751861	9.16949875803375	4.90723956163038	0.0279415672330689	0.120687256275893
HSPA6	-0.949726662564447	4.03087213002761	2.11104955465776	0.147901140740347	0.344774175018448
HSPA8	-0.14478695573095	9.79244619660554	0.388656462397536	0.533759846740964	0.726739664850812
HSPBP1	0.175947357829638	6.19234364188471	1.36614716753444	0.243950498803234	0.464081406095294
HSPH1	0.393975336494766	6.5848852305651	4.35890693309545	0.0381595173432104	0.148109156638879
HYOU1	-0.0401470382319038	7.24370725923274	0.0372806872161369	0.847102508063564	0.924585648343567
IFT27	-0.216623863616019	5.53984552409059	1.62882144056844	0.203435871865703	0.41707706940937
INPP5B	-0.129077579494073	4.16182185752808	1.43148079031339	0.23302515281205	0.451913434393374
INPP5E	0.0202107625289429	4.48586697698372	0.0221245111481404	0.881915303029172	0.942842188730769
IQSEC1	-0.137150157532956	5.88305179956892	0.627464435900771	0.429282324573606	0.642715279298393
IQSEC2	-0.0106854589543734	4.9723116864201	0.00999515669976451	0.920469768604284	0.962092313694512
IQSEC3	-0.823413123863597	1.29111818077035	2.48553325674524	0.116573640995652	0.298195414796262
JUN	-0.335032394186745	8.02071390857534	1.50869397436008	0.220869410833117	0.43810663163457
KDELR1	0.416398997997555	7.94342115071578	17.4737609430485	4.45500261053952e-05	0.00103567508077777
KDELR2	0.134716597920387	7.9770810315107	1.38798685233382	0.240230078265093	0.460217177846049
KDELR3	0.432780267417742	5.03610660266882	4.0771424993698	0.0448831306335557	0.164595437568681
KIF20A	2.3089061893585	1.97472412590997	69.8353057285966	1.38357611108117e-14	4.41168129596643e-12
KIF23	0.989198544816288	2.41565965143378	12.0351059524356	0.000646915084151445	0.00864957057843679
LARGE1	0.00500029327683918	4.08038851993032	0.000590651968811791	0.980636355335635	0.990704651917247
LARGE2	-0.917630455161229	4.55636653615811	6.24887478331629	0.0132807178001664	0.074111936505581
LMAN1	0.700094168074323	7.18444662294091	15.298591903909	0.000128006021770479	0.00246707856801712
LMAN1L	0	NA	NA	1	1
LMAN2	0.266744835209516	7.94947296831484	4.48478763011486	0.0355081828813921	0.141325821896392
MAN1A1	0.137581292625069	6.19923515967886	0.354516554570858	0.552281427553531	0.740122849131225
MAN1A2	-0.0938400737813453	5.80248303555633	0.394440222354323	0.53073453745352	0.724303987347176
MAN1B1	0.0813749490647984	6.94913531189	0.380811679026588	0.537913601252107	0.729459603613531
MAN1C1	-0.633034034145827	3.99678091418732	1.22673741388173	0.269453343921016	0.492180995193978
MAN2A2	0.0854229237724755	5.85033041951121	0.263693443797401	0.608195167181733	0.78113681034558
MAP2K7	0.143366387482762	5.61105955011613	2.23815790936418	0.136313168348451	0.328838221671852
MAP3K5	-0.396395687252685	5.11092735881423	2.71258851487897	0.101224866559835	0.274620828071324
MARCH6	0.218910122160229	7.32993630704534	3.60951318285732	0.0589761061963013	0.19550902672356
MCF2L	-0.46813394096559	5.74071927620852	4.7923593220891	0.0298143519514138	0.125776953032836
MGAT1	-0.0107279760665167	7.36908901098351	0.00364210355672902	0.951940921065526	0.977394301852148
MGAT2	0.016196162030311	1.70325179868356	0.00335973782709074	0.953839284745014	0.978266928399971
MGAT3	-0.0703080022725168	2.22724091222846	0.0158940012753974	0.89980972027913	0.952247010402823
MGAT4B	0.270383494622621	8.46046846033825	3.38824216393198	0.0672344083607967	0.212394625860104
MGAT4C	1.92579660300178	-3.05340174358171	14.195868651701	0.000220140819376145	0.00376032477038481
MGAT5	0.201423052384197	5.96479173567006	1.3964338321529	0.238809768303995	0.458413841361932
MICAL1	-0.722095750615054	6.04366189492522	13.2401119870822	0.000353685561833284	0.00544247972057447
MICALCL	-0.560805933306747	-1.24612748884061	2.0223036689333	0.156655865443782	0.35730532502098
MICALL2	-0.441057678126224	5.84075032828267	2.00595235517577	0.158332724332068	0.359639434258323
MOGS	0.262376014469912	6.33609339065294	8.53013133687712	0.00391936116273848	0.0321277929350414
MON1A	-0.0236657910487115	3.22003864177318	0.0222770100513733	0.881512055619219	0.94253952549124
MYO5B	-0.896292943132537	7.21135530108727	14.5381139586764	0.00018594477048931	0.00329855547086318
NAPA	-0.238444950814273	6.65404181970031	3.15391193616373	0.0773579569678036	0.232341354002501
NAPB	-0.068280726671089	3.85661614746416	0.263870729008231	0.608074707687305	0.781095547491571
NAPG	-0.227878144353891	4.99132550099451	3.48726273021813	0.0633946453769257	0.204810967942126
NCKIPSD	-0.239440412930693	5.61557362991179	2.59308475235812	0.109003894569967	0.287609521757356
NDE1	0.0374815859740196	4.58891143384924	0.0556618471963581	0.813744891490142	0.906812187534735
NET1	-0.470053120066796	5.98000022704921	4.83894534199715	0.0290394878221348	0.123805609087938
NGLY1	-0.277435060457945	4.99076286854929	6.01673883035983	0.015080017914002	0.0808224789901512
NPLOC4	0.0341377770542706	7.6237508164113	0.0884398200227718	0.766497428081653	0.880842619223396
NSF	-0.202285328235541	5.9068601251792	2.52337077752741	0.113845949905873	0.294360993369158
NSFL1C	0.0927613696955369	6.61722635517396	0.856724251296935	0.355840114490075	0.577892474026823
OCRL	0.128989864446233	5.5854007193543	1.14010753039256	0.286994732374021	0.509921645608052
OPTN	0.16619826483421	6.98519106730539	0.926464242223778	0.337016112038932	0.559625217923064
OS9	-0.0195914830238065	8.55153172364471	0.0171740204732013	0.895875716877396	0.949914101449745
OSGIN2	0.367595610691031	5.28202872103811	6.99667889398835	0.0088549264098458	0.0563841244347865
P4HB	0.610399663959883	10.0561892911593	19.8826414625663	1.41185350641654e-05	0.000396926225743667
PAK1	0.0144297440267529	5.84843023928751	0.0141638558138956	0.905392546555338	0.955482652233687
PARK2	-0.34695642653411	3.63738985150505	1.6362972948878	0.202406174593222	0.41614968081933
PDIA2	0.186742566673263	-1.47556034556983	0.118460824707643	0.73109341377468	0.860451483109106
PDIA3	0.122867181022474	8.61680743821261	0.972876828906341	0.325227717087458	0.547919087308257
PDIA4	0.326956404356147	7.97676219540108	4.11350375499832	0.04394900636751	0.162375399002285
PDIA5	0.363757208801719	4.34010176140322	4.5070318834186	0.0350602501766229	0.140117838081331
PDIA6	0.357078425050458	7.44158813591731	2.39241907078156	0.12360153794929	0.309341553993306
PDILT	0	NA	NA	1	1
PGAP1	0.539315288461407	3.2900522047213	5.76331591160503	0.0173363812840455	0.0888150182113291
PICK1	-0.270894151712717	5.25762127613938	3.02034641794673	0.0838584850871735	0.244433607885432
PIGA	-0.120577542649796	3.28634897496928	0.766781636664652	0.382328630295426	0.600588279189617
PIGB	-0.136022467931358	3.58434993428086	0.931606733704533	0.335682028333651	0.558288016223734
PIGC	0.540947141033523	4.97462670385651	43.917709999157	3.49286377725345e-10	3.82544515430497e-08
PIGF	-0.0151199481722104	3.57756955524167	0.0182074312939663	0.892807262764624	0.948217174679183
PIGG	-0.143305333194088	5.55041930791933	2.54115014606005	0.112588794370078	0.293047295947744
PIGH	0.0126990227826739	4.13500285385255	0.00791578328271015	0.929199632379882	0.966293966050829
PIGK	-0.0947985508931207	5.59178028344684	0.386086627280833	0.535114101652685	0.72759791469844
PIGL	-0.203522168000327	3.88338965947637	1.0334889350453	0.310643272637176	0.533205764542735
PIGM	0.206976828836849	4.22170501240309	3.75987010441837	0.05398922252238	0.185007280007992
PIGN	0.143240838883778	4.52520924029628	1.06441720106463	0.303531374385994	0.526866606932554
PIGO	-0.158153508648793	5.75475497328436	1.1310513807248	0.288911276224404	0.512175282476835
PIGP	-0.193792498193592	4.27274517433811	1.65660575272935	0.199639968430104	0.412644622975138
PIGQ	-0.216480521639193	7.33867574462219	1.44890168951139	0.230213235938916	0.448740339959861
PIGS	-0.199640609082396	6.89920385299757	1.24606957217077	0.265724984048263	0.488121661793607
PIGT	-0.137653131897533	7.60337457740378	0.924810365023673	0.337446684217056	0.56018729243625
PIGU	0.177029621083861	5.14287328080179	1.58388797902582	0.209757579263648	0.424708095944964
PIGV	0.176491908941594	4.88144636985068	2.25840387283803	0.134563894423565	0.326211577377499
PIGX	-0.127218927939324	4.8334836639145	1.1781924893371	0.279110053826774	0.502246410151114
PIGZ	-0.449590056430107	3.18049247855311	3.01107169348758	0.0843314451623768	0.245453541172182
PIK3C3	-0.147289804292285	5.49032026596187	1.64954004374996	0.200597280346746	0.413946546402435
PIK3CA	0.0263592719970952	4.65021607152441	0.0172304315486166	0.89570583329689	0.949906019779539
PLAA	0.0360660568534635	4.86678205320106	0.0642791754050564	0.800132294468327	0.899831800422213
PLIN3	0.119521054370309	6.27218568977398	0.633131992051718	0.42720934590086	0.641251266160547
POMT1	0.00459248562113064	5.75883111846195	0.00184051836888471	0.965825637518011	0.98394655403961
POMT2	-0.159754620290066	5.30602838143008	1.8433737514836	0.176178631245063	0.382623589473245
PPIA	0.15475713151726	8.81086643064738	1.37847925889186	0.241841105182019	0.462038486123251
PRKCSH	0.416505511500127	8.67217234135267	17.4138616920809	4.58530896419416e-05	0.00106455237611107
PSD	0.133397018155157	2.13852213377314	0.669275118860436	0.414337064732329	0.630009837792188
PSD2	0.0652241417762403	-0.892332962355645	0.0222858377837395	0.881488756032056	0.94253952549124
PSD3	-0.112870086739583	4.49849322055483	0.131610902080646	0.717173941336921	0.851468708218742
PSD4	-0.420279775063019	5.5257717087304	6.14012643172209	0.0140941303111784	0.077113627832012
QSOX2	0.52511353274484	4.52734682669906	31.3937923758801	7.37915729087473e-08	4.52265139068454e-06
RAB10	0.332291746835773	7.31298123795596	6.6127670553738	0.0108954456695318	0.064944693898605
RAB11A	-0.04261150949214	7.17061607817673	0.136088627925062	0.712614719640417	0.848336572692585
RAB11B	-0.0252528431562892	7.17291354080702	0.0474819095018606	0.827739978588184	0.914403061275242
RAB11FIP1	0.464665614999206	5.62676666364755	1.9188491275561	0.16762013313308	0.371620414858501
RAB11FIP2	-0.407558686567089	5.51151835563437	3.97826347737491	0.0475316232247894	0.17099796931915
RAB11FIP3	0.105300614084623	7.35860718836028	0.444818813731107	0.505621057913467	0.704535592921796
RAB11FIP4	-0.520912702641295	5.25416819229303	10.2630946260805	0.0015935548863911	0.016575800255809
RAB11FIP5	-0.0488394439568932	6.83990290820615	0.10015441712131	0.751994482007248	0.872485612204329
RAB12	-0.0203597750227021	5.27133515871885	0.0315016884381969	0.859316275255001	0.93111355183407
RAB13	0.290049984654353	7.09249239190726	5.05653883379141	0.0256903232561829	0.114033346752995
RAB14	-0.0763027535916348	7.03005367936907	0.409803895190663	0.522846167472053	0.718032451898493
RAB15	0.188045775286411	4.34278152967312	0.566095453544996	0.452752893835918	0.661644441724347
RAB17	-0.492267121930161	6.37348269545264	5.02667024317171	0.0261249839160651	0.115435864029957
RAB18	-0.00266300723593689	6.3434278194391	0.00042353337460486	0.983602514499805	0.992077849225113
RAB19	-0.725418392207467	1.88799269253881	4.62455644181524	0.03279054375984	0.133829195934927
RAB1A	-0.0208406296166335	7.64894544583597	0.0317522446793399	0.858763806104432	0.930980387147987
RAB1B	-0.000762928559406865	7.5702783250285	4.90556335471369e-05	0.994419088583648	0.99736347342247
RAB20	-0.916502300058892	5.76822521916313	15.9313343816167	9.39902411407568e-05	0.00191554544849164
RAB21	-0.111276837903743	7.01546781116325	0.832374980858854	0.362751663891834	0.583547600088162
RAB22A	-0.00815575438887617	5.97777105293733	0.00657941394030854	0.935437652033173	0.96972652371111
RAB23	0.514393183253678	2.77591133340201	3.91404080394519	0.0493405321766102	0.17505464866603
RAB24	0.322864206570281	3.86533621371261	3.49070089840814	0.0632656327751352	0.204499074760125
RAB25	-0.264105192612798	4.06214731907667	0.091875515874058	0.762140383756137	0.878319895087249
RAB26	1.38729595317162	1.5869106099748	22.8135794509732	3.57707025161237e-06	0.000126272288867728
RAB27A	0.186452299176709	3.97618732618297	0.766647945245819	0.382370038583105	0.600604930592281
RAB27B	1.10680254174755	2.11834719121783	5.01755796296357	0.0262591190420483	0.115872044557528
RAB28	0.159943099099911	3.80575767370535	3.13911575222644	0.0780503596934441	0.233807653784975
RAB29	-0.372900366977444	6.43925763522157	2.15191604218882	0.144057965212497	0.339681750791237
RAB2A	0.117733977772126	7.07902467352322	1.34505638255045	0.247610671449866	0.468091017922861
RAB2B	-0.123205601852316	4.69533205328627	1.59275035947601	0.208492432515687	0.423235101544859
RAB30	0.136708519300239	3.41147089493599	0.459501672705064	0.498687910682321	0.699713054647561
RAB31	-0.446323185804673	6.68788123518309	2.90661533795666	0.0898638019126319	0.255325723144843
RAB32	-0.0150988924733963	5.13621408746854	0.00390132180044317	0.950262227350162	0.976546406125595
RAB33A	0.356363021533533	-0.8738565898541	1.70293120967691	0.193495377271562	0.404728768037087
RAB33B	0.185213406509943	3.52813850442711	1.77727626790428	0.18409258855537	0.393317392559429
RAB34	0.198777099666291	7.29728591872437	1.0255088386901	0.312513541226816	0.535233621396756
RAB35	0.155723621713993	5.83238171503662	1.63611491235767	0.20243122168876	0.416162774368716
RAB36	-0.286953111523051	6.06083130068847	2.68027294980797	0.103266147599175	0.278092180673853
RAB37	-0.411140454471625	3.37489137355856	2.58594719547128	0.109488996624093	0.288285546666761
RAB38	0.509292664316031	3.43476018072889	6.77201897900129	0.00999560557381979	0.0612477023606228
RAB39A	0.116113940520891	-0.705807960683266	0.0560515945564678	0.813106056410549	0.906650505111846
RAB39B	-1.1492329278315	0.284165356388956	4.97644074575268	0.0268734172071301	0.117688000599375
RAB3A	0.00265737410849579	2.77563338889173	0.000135834938558946	0.990713327813419	0.995733500683079
RAB3B	-0.635750952730358	4.07906969442765	1.31969717270433	0.252101589410354	0.472820721388728
RAB3C	0.814084254315885	-1.47709006576415	3.78011271719935	0.0533530597586786	0.183752197883663
RAB3D	0.63094242608274	5.04925659018375	10.7055565200925	0.00127027041070737	0.0141038916122422
RAB3IL1	0.269345995885943	4.17189792658976	0.86889919817191	0.352452242002966	0.574459526111595
RAB3IP	-0.830092863339458	7.15393029099586	12.3700770962233	0.00054656971726393	0.00759409331377738
RAB40A	-0.233161129001046	0.525035631040695	1.17320922631103	0.280125934922485	0.503343483893102
RAB40B	0.557252799731608	5.42294277684964	5.94945684142698	0.0156475472244835	0.0827375555383582
RAB40C	0.25672193038753	5.28977681385527	3.70794435548302	0.0556584448382278	0.188344468763428
RAB41	-0.0175605372119787	0.323750574402588	0.0056522695681864	0.940149945236661	0.971407749585122
RAB42	-1.76701229160817	3.77795419256549	12.3853748335187	0.000542385775018061	0.0075526244735793
RAB43	0.218908067515634	1.35271780610992	0.629327771724934	0.428599107425231	0.642262641409365
RAB44	-1.39333989818609	-0.906849636765823	8.08962499097677	0.00494348333843724	0.0377352561500709
RAB4A	0.104159942634364	5.38953871083329	0.682854195292606	0.409650021378971	0.626158012047104
RAB4B	-0.243319155230894	3.97787850918658	1.33058892563244	0.250160536133627	0.470557097027286
RAB5A	0.00386011267926924	5.93540318356269	0.00111927027199711	0.973346742204358	0.987163527302492
RAB5B	0.209445290100929	7.72146832395933	4.37232302653005	0.0378672400508225	0.147430568296788
RAB5C	-0.105146532629976	7.21360005843018	0.547965848132565	0.460070759038358	0.667771963133175
RAB6A	0.0839947995955751	6.92486477636764	0.473939957700586	0.492026280072322	0.694038637866603
RAB6B	-0.47569528699693	6.03674691629535	4.14706652474016	0.0431050754302932	0.160386536202228
RAB6C	1.66862918981191	-2.51127251710435	19.7567842501992	1.49849472757236e-05	0.000415757161307935
RAB7A	-0.0719698797053731	8.42089124845452	0.340620676845835	0.560168641212298	0.746081958025579
RAB8A	0.123024883232522	5.20881629108792	1.54346026406154	0.215646362507712	0.431566844487905
RAB8B	0.0611221609889686	5.199745048841	0.200645835266976	0.654714275275299	0.811021588766996
RAB9A	-0.111859419070361	4.98221575390221	0.553610066488654	0.457772564294479	0.665428420316972
RAB9B	0.633211506264798	1.45620557958337	7.3032300987473	0.00751133583959847	0.050699504233517
RABEP1	-0.364199847563912	6.17683530897217	9.29117797945773	0.00263328059363353	0.0240160529158684
RABGAP1	-0.0961419656683205	5.75838614218569	0.803100089847422	0.37131076561781	0.590917834840753
RABGAP1L	-0.0369779057323834	4.855848851224	0.0556235586743657	0.813807777466982	0.906812187534735
RABGEF1	-0.163121517984215	3.56179647245426	0.884221453651971	0.348251123037316	0.570475478879725
RAD23A	0.453221951315288	6.71348202952388	19.6005878446259	1.61356729261201e-05	0.000443731005468304
RAD23B	0.387338781361128	7.04587200977194	8.73181106598003	0.00352589709302041	0.0297047985863492
RALBP1	0.0131614291119655	6.49264291059232	0.00396627166298239	0.949850460374601	0.976202900727711
RASEF	0.202521552644766	4.50747527635003	0.866216674732794	0.353194878387253	0.575228939734773
RBSN	-0.11635937439285	4.85674888317164	0.873338312871705	0.351228002807392	0.573401200681596
RBX1	-0.177328491752509	5.77573307202386	1.24117544532264	0.266662709408376	0.4893025006643
REPIN1	0.0877122605691041	7.29892020227838	0.51406272087852	0.474272588253506	0.680109373244515
RER1	0.0411250557906581	6.52504679430091	0.189608928459085	0.663740333561333	0.816626892762038
RFT1	0.0518847184572662	4.85610708507128	0.271081870909737	0.603217808145564	0.777519141748286
RFWD2	-0.0737397725022725	5.30440706268943	0.559574179138369	0.455363827091449	0.663693502542012
RNF185	-0.252821411630145	5.56857332023076	4.08701698485287	0.0446273873786871	0.163872286890543
RNF5	0.0172579912521307	6.51402574106884	0.0119962106382551	0.912900814418246	0.958549410857229
ROCK1	-0.0545480509669802	5.51794894023914	0.0820819968604744	0.774810079636085	0.885386767648021
RPN1	-0.106723321804389	8.55665599528113	0.860990676573319	0.354647839159713	0.576694794941139
RPN2	0.0335791844660118	8.44852465559269	0.0530235993448318	0.818132734682567	0.909196967469582
RRBP1	-0.150575291293758	8.70115102937249	1.73395992678468	0.189504131948511	0.399462529399646
RUFY1	0.304686615493962	6.24189045272876	9.86827616075761	0.0019528307609595	0.0192934376627971
SAR1A	0.139596543281551	6.7109698411469	2.84135673413433	0.0935207134615148	0.261695931137032
SAR1B	-0.0424276609227568	5.85750174600995	0.107559154443914	0.743304177854712	0.866683588231819
SEC11A	0.121190829323992	6.91389650964671	1.2410926756167	0.266678603875354	0.4893025006643
SEC11C	-0.194563500770867	5.19698357325852	1.54841200802389	0.214914554962401	0.43051273475172
SEC13	-0.0596491261073192	6.59912715884779	0.234236591763416	0.628961720510922	0.795468255440107
SEC16A	0.122268595846375	6.82561151973356	1.51554720979652	0.219827909549423	0.436880871128202
SEC16B	-0.753784011507358	-0.345887187017567	5.27864086204023	0.0226865268885419	0.105399043216963
SEC23A	0.347374427882303	5.46410615444132	3.49894207302175	0.062957541197102	0.203712326622351
SEC23B	0.0680678675543274	6.52610477001149	0.0970340580104675	0.755762476189885	0.874852110437167
SEC24A	0.463345722905659	4.85600403159062	6.20781552808662	0.0135819500724298	0.0753588815692745
SEC24B	0.14135379561112	5.50256089405132	1.02914447549902	0.311659644591275	0.534352899912621
SEC24C	0.0255427328139122	5.46677421799753	0.00795339494810804	0.929032075280853	0.966199495327389
SEC24D	0.639858453788644	4.74747585464785	7.73210910171937	0.00597515332026225	0.0429988486549406
SEC31A	0.0828797539225386	7.68234905674587	0.358271266176165	0.550186250713193	0.738609305340039
SEC31B	-0.229207166251708	3.59896074630079	0.633303871189115	0.427146716009861	0.641251266160547
SEC61A1	0.378367802080347	8.55120663185348	7.92574016510521	0.00539150670127618	0.0400625527448811
SEC61A2	0.309437610027289	2.66691156536379	4.54427877902696	0.0343235044486036	0.138149541014033
SEC61B	-0.0518474647834271	6.15212628178139	0.126276078764132	0.72272200408317	0.855434981808809
SEC61G	0.0286248068644375	5.77786361374915	0.0281120748085192	0.867025295301284	0.935016816394135
SEC62	0.194681586798503	7.39858128911883	2.15288893706551	0.143967863514159	0.339501074885009
SEC63	0.278566267584704	6.36353290066877	5.65820061714997	0.0183728988154266	0.0915736686111189
SEL1L	0.0615978053565724	6.90997686088157	0.111706607035357	0.738580933334433	0.863891078423042
SELENOS	-0.233427670204378	5.73115150741424	4.80928657377606	0.0295303181575366	0.124998943772197
SGSM1	-0.391008165937252	2.46951555986229	0.847678049069878	0.358386457240888	0.580125924284064
SGSM3	-0.239006853857445	5.93168933873665	3.92681645178558	0.0489749356039672	0.174174590973307
SIL1	0.0453973993377508	6.327512970817	0.0693497464664123	0.792573460854248	0.895632685925239
SKP1	0.221459079360651	7.93130615333889	2.78580964181802	0.0967620939298351	0.267262844966288
SMCHD1	0.223523624165776	4.91384501316338	2.05863504681617	0.153002207336078	0.352135733466953
SNAP23	0.0261293582278739	5.4008771335848	0.0440256487226607	0.834032437763656	0.917590643342257
SNAP25	0.0647937114931671	3.72219551868317	0.0392570551657886	0.843153725824946	0.922336315855301
SNAP29	-0.221142289866198	5.26203267309383	4.8989542992502	0.0280724084978552	0.120970002721948
SNAP47	0.229271168499802	5.10563287154518	5.0789478762057	0.0253691966645288	0.113179403384198
SPCS1	0.0114646891055601	6.71862738329493	0.00648782888931288	0.935887595850189	0.970005288819382
SPCS2	0.155362503801396	5.26369833291502	2.29995191629265	0.131052691973823	0.321161329975738
SPCS3	-0.0176145976767832	6.75036415639721	0.0217025867855572	0.883038443776453	0.943320929631981
SRP14	0.0977579952534693	7.86577841721425	0.667834621023896	0.41483893538082	0.630437068938819
SRP19	0.164140820534357	3.96369046134064	2.08708518607642	0.150208959078584	0.34806876079629
SRP54	-0.0579807818774356	5.53397289302241	0.197525029670367	0.657235710767767	0.81246650756115
SRP68	0.188197659378978	6.97083163251369	3.47580890722392	0.0638264788737656	0.205631281601626
SRP72	0.434400733575183	6.09504530799425	13.2652916021147	0.000349276698677364	0.0053952202215803
SRP9	0.15595739969376	6.62124426205286	2.08041188417653	0.150858891264415	0.349010645946715
SRPRA	-0.0637824273420746	7.48217992951419	0.531643765178936	0.466821308978281	0.673660983473123
SRPRB	0.0460568795872827	6.54327840393255	0.130862354155226	0.717944645987596	0.852062456180331
SSR1	0.236106396372785	7.3179983163288	4.26369424148703	0.0403035755285367	0.153505161199421
SSR2	0.344869258866668	7.71314679467831	9.39096109198235	0.00250023475787536	0.0231547476290001
SSR3	-0.0325748941618055	7.06669340158544	0.0408443927856891	0.840056462083072	0.920716135822792
SSR4	0.158070496455413	7.38621435951805	0.773659341345247	0.380206967692697	0.598787672222948
STT3A	0.272968236083528	7.05035127554388	4.3082185361076	0.0392855062628537	0.150845455481628
STT3B	-0.0711842489226314	7.45317329645481	0.293383014516727	0.58870016700156	0.767604803911657
STUB1	-0.122466358520002	5.98646159237974	0.621072633890445	0.431638578202588	0.64459187721859
STX10	0.236536940735422	5.54934981994978	2.5267325942388	0.113607050258132	0.2941773098961
STX11	0.12377351118773	1.85283628328066	0.145171438454634	0.703622024112535	0.843288552069405
STX12	-0.124175771289926	5.78458382096877	0.971870433771656	0.325477443006726	0.548119854882967
STX16	0.131540251110039	6.27055116170415	0.63557749647618	0.426319549941833	0.640521857511319
STX17	0.0234684006924713	3.61931358224043	0.0143292544286756	0.904844391841867	0.955242036398165
STX18	-0.177248456442812	5.29166961450578	2.54556502465287	0.112279017785087	0.292708773695352
STX19	-0.348597255958284	-2.88362715136705	0.554778499158611	0.457299081199767	0.665023907208388
STX1A	0.385014277930413	2.45663084255388	3.78581505609292	0.0531753015836267	0.183466079563287
STX1B	-0.836361157810126	2.2683542722429	6.81109403392001	0.00978679856565065	0.0605128757655228
STX2	0.272149740930686	4.79455869652263	3.53616999349308	0.0615857443323876	0.200795353317738
STX3	-0.213737842951106	6.70415661186304	2.23761267872188	0.136360630135369	0.328921217381015
STX4	0.00815382538327334	6.28238134994534	0.00380872260582783	0.95085528148625	0.976837053043991
STX5	-0.104659304807376	5.53874007841288	0.982741807094247	0.322793255529731	0.545642337055021
STX6	0.379002351860367	5.30467307196944	12.1547577319016	0.000609076340567319	0.00823506997272678
STX7	-0.0651073972124934	7.01507959906563	0.277781008839474	0.598778845311629	0.774770860560917
STX8	-0.317674827956789	5.42510314552061	3.2236423616492	0.0741832733406014	0.226157072154308
SURF4	0.419773761607429	7.55962435797492	10.8558485378984	0.00117641399282273	0.0133208558929009
SVIP	-0.264907211337643	5.15181527116017	3.47901946833745	0.0637051158229571	0.205418825855132
SYTL2	-0.760874757848497	7.25389687095518	7.61979734187961	0.00634313068141437	0.0450221081614055
SYVN1	0.273784139588558	6.39281889998168	8.23038588925946	0.00458930060245378	0.036013857375642
TBC1D1	-0.182126240740384	6.80038647015593	0.973796564144764	0.324999717640045	0.547718129882434
TBC1D10A	-0.439832417660911	4.09668041388325	8.51604303156974	0.00394847772574085	0.032303395229429
TBC1D10B	0.137503154034928	6.36820594344267	1.96616453714375	0.162499702605575	0.365055516689061
TBC1D10C	-0.337687781271614	2.9497198938149	0.955489572268824	0.32957832950411	0.552403893819185
TBC1D12	-0.193800530987253	4.15916319370087	1.59168772820347	0.208643647616081	0.423371474419935
TBC1D13	-0.116854545895312	5.9468360832075	0.854913781449644	0.35634772789136	0.578264463414505
TBC1D14	-0.114475534208406	5.06728769906975	0.109065060306391	0.741577708862335	0.865632181938935
TBC1D15	0.155072998620877	5.44272029198282	1.5818948789309	0.210043362515858	0.425113759220299
TBC1D16	0.296395405132326	7.48872357971075	2.27580537101125	0.133080578309616	0.324091268813028
TBC1D17	-0.0678417626827707	5.98834205776992	0.464172881813801	0.496516081279886	0.697621383526366
TBC1D19	-0.17061931375682	3.49239094215566	1.31860174876861	0.252297836543218	0.472941100053852
TBC1D2	0.38644815633134	4.90335891440443	2.10803386833578	0.148189326759192	0.345190414376184
TBC1D20	0.0757956226824299	5.67433132186413	0.702727863686887	0.40292999500954	0.620469178015521
TBC1D21	0	NA	NA	1	1
TBC1D22A	-0.232465278300054	5.71640677537875	3.67101586421154	0.0568791000045453	0.191212311376296
TBC1D22B	0.0173496427649235	5.06255361669249	0.031402039510419	0.859536628017733	0.931136956941757
TBC1D23	-0.168316145241134	5.1203240095372	1.49596856678027	0.2228191125795	0.440349895645806
TBC1D24	0.177953440573333	4.58305157591523	1.34563489749805	0.247509376626538	0.468004893951546
TBC1D2B	0.251411858841413	4.98813261556479	1.43547856065775	0.23237619999596	0.451185745929689
TBC1D30	0.833929298434625	2.17814959610376	11.0551589913238	0.00106276341070124	0.0123653627323622
TBC1D4	-0.726696659726946	6.60832456536686	7.53859485398402	0.00662366551750794	0.0464246339415762
TBC1D5	-0.310349203016618	6.913974981078	3.72845091858366	0.0549927349669251	0.186945613200653
TBC1D7	-0.207480596185629	4.48841287328302	1.10461381406366	0.294600888616865	0.517876895371895
TBC1D8	0.428396660023055	5.3318960608163	5.38476256125098	0.0213832820608268	0.101210987431835
TBC1D9	0.117496061520111	5.42317592092731	0.267396255001211	0.605689792412643	0.779349536235097
TBC1D9B	0.202227194373861	7.45730472194447	2.01228229824382	0.157681149903252	0.358741129284174
TMED10	-0.0927003717130898	8.13039527236206	0.461248118943555	0.497874036812838	0.698999386206409
TMED2	0.441496347521621	7.80953556406518	11.0741751748996	0.00105252344143723	0.0122984576640935
TMED5	0.163056716058871	6.54521066510617	0.756699327797028	0.385469447737703	0.603816640041834
TMED7	0.237416735208636	6.59426365952599	2.25297270602771	0.135030657029461	0.326816114154188
TMED8	-0.0629339163731918	5.26526585194327	0.234071923054717	0.629082254747423	0.795511144432107
TMX1	0.105986038372182	5.52817909222997	0.578448151179119	0.44787123698333	0.65756696739582
TMX2	-0.167189548262592	6.69410939039852	1.76088477475256	0.186118847059975	0.395276938765261
TMX3	0.0549512264155049	5.51332349471328	0.180222467743914	0.671666110468542	0.821682741134602
TMX4	-0.330814654678844	7.16141390028858	1.74441913595246	0.188180588039066	0.397940649152458
TOR1A	0.113695256052897	5.24597964297205	0.994641038158379	0.319888829325201	0.542334069908588
TRAM1	1.03198634532461	8.17098499838577	54.0689080757944	5.74162494139864e-12	8.9278723625822e-10
TRAPPC1	-0.105750220627	7.3851985979542	0.417653111087875	0.518896215530044	0.715630751119727
TRAPPC2	-0.113703525905268	3.98809049792055	1.0717871698863	0.301868010453759	0.525470332681194
TRAPPC3	-0.14387791262657	5.90112528093676	1.75716818756456	0.186581898410793	0.39582263946167
TRAPPC4	-0.343625133864932	5.85085632493745	8.81582442195989	0.00337417915404737	0.0286953318333739
TRAPPC5	0.464090710024148	0.417027462139957	5.67964180469739	0.0181563504766027	0.0908899977157435
TRAPPC6A	0.0404754430335028	5.31286510885845	0.0510974921027337	0.821409281819126	0.911297994150539
TRAPPC6B	-0.236844872991285	4.75577732368438	5.03301294833467	0.0260320417647934	0.115176705202779
TRAPPC9	0.0955830202273092	5.82738947374838	0.482019363301768	0.488363557795599	0.691055644788725
TUSC3	0.348311816370198	6.80579391341642	5.5480261575335	0.0195288664065588	0.0951512852574885
TXNDC12	0.488234580846475	6.37914484751866	35.8658165761174	1.04911919561502e-08	7.59405532687995e-07
TXNDC5	0.0625223108089964	2.78768048506117	0.0314514146085255	0.859427400304744	0.93111355183407
UBA1	-0.0657242103191802	8.5536413426097	0.230067201559897	0.632029884001267	0.797317346654243
UBA5	-0.471926275361923	5.54415090662737	13.2059995746643	0.000359749097427288	0.00552229114210445
UBA7	-0.40640807765544	6.16437129303171	4.10084927279255	0.0442717379414971	0.163005643177343
UBE2D1	0.298647442392041	4.13214064949887	5.23695608810349	0.0232209197817699	0.10703293125394
UBE2D2	0.222697465360783	6.29915611994253	4.42978636709784	0.0366418741934866	0.144316503254632
UBE2D3	0.0187382365845139	7.87009115939091	0.0336522668111523	0.854645556494196	0.928776178090467
UBE2D4	-0.119453500352484	5.26417090682862	0.786103582043463	0.376410338366781	0.59557712266199
UBE2E1	0.14786077634844	5.82376179348405	2.29207538775411	0.131710338347065	0.322146171760615
UBE2E2	-0.0496057530116657	5.48396473473066	0.113340726504287	0.736746749956279	0.863152905976404
UBE2E3	-0.0473017400536436	5.97987128609387	0.173198322730742	0.677758157912808	0.826197352142062
UBE2G1	-0.125924677495159	5.78209288326116	0.737804548558909	0.391455704345726	0.609751837863161
UBE2G2	-0.257386397392923	6.57134533831708	5.80071568679282	0.016982440507854	0.0875179370689123
UBE2J1	0.165541990828849	5.99361455221224	1.92975884510785	0.16642320488149	0.36997621842421
UBE2J2	0.115248124247219	5.67063151699585	0.74131926337434	0.390332114353682	0.608632990440684
UBE4B	0.051872449934722	5.75519426145229	0.180071148686926	0.671795860520525	0.821740559678999
UBQLN1	0.157922153879534	6.86901490395715	1.343334566453	0.247912454264656	0.468310065461319
UBQLN2	0.16447320399246	5.67433323117265	1.54437048353306	0.215511619568308	0.431365728798227
UBQLN3	0	NA	NA	1	1
UBQLN4	0.330147498900226	5.57721946473718	6.68257326142572	0.0104911130602517	0.0631774176399094
UBQLNL	-0.0322169639622284	0.0117628020155986	0.012843171165222	0.909891312722157	0.957209882252873
UBXN2A	0.127218286142844	4.45009245580866	1.17370786364628	0.280024072424048	0.503232245442089
UBXN6	0.00141942841618991	7.84649014404959	9.51891375824713e-05	0.992225883870205	0.996658328855424
UFD1L	-0.033591227755454	5.55221544285986	0.0960176000580249	0.757004235505034	0.87544471087925
UGCG	0.364166639985169	7.59181986402381	4.34145317188558	0.0385433318099049	0.14907209093989
UGGT1	0.328449481079387	6.47534159460928	4.77906022879445	0.0300395200780349	0.126357186709204
UGGT2	0.0580523537794653	4.68782796501617	0.201012963162235	0.65441920833584	0.810941551455127
USE1	0.249995524289878	4.63910590127479	2.29554046620541	0.131420567609727	0.321700553782969
USO1	0.258434960689595	6.26547018262827	2.40196669346475	0.122859590679736	0.308108672236255
USP6	-1.55407355166692	1.23353039314544	6.46983540039997	0.0117744773724388	0.0683408029980952
USP6NL	0.103369280616988	4.44343299105088	0.65472348970816	0.41944878330848	0.634735068656911
VAMP1	-0.431597081782296	3.36388527628505	3.41535141698468	0.0661588980566757	0.210152963893485
VAMP2	-0.587935345422304	6.64135647752188	14.5474876934537	0.0001850882844906	0.0032884480115731
VAMP3	-0.215869935709283	6.78522528556452	3.58955522875623	0.0596742776911467	0.196650321172159
VAMP4	0.0529875820082589	4.30360175770828	0.260230295869879	0.610558597558047	0.783054379740706
VAMP5	-0.0170194995828001	5.12386788241459	0.00598579283132462	0.938412906308082	0.971008212488736
VAMP7	-0.0982418596486377	5.54552426618285	0.385616535118672	0.535362507753123	0.72770243742182
VAMP8	-0.447684961126635	7.53468492057848	7.34657418307303	0.00733909624724887	0.0499403241932204
VCP	-0.0250846185448666	8.347699257533	0.0494366494175895	0.824287107705696	0.91253371904309
VPS45	-0.0945339483302143	5.23164130569377	1.37438547508177	0.242538855110412	0.462880048506044
VTI1A	-0.0493900458260709	4.02168184649658	0.132998831741763	0.715751469860354	0.850501416377297
VTI1B	-0.273479334858979	6.71065454901172	5.40234644662954	0.0211750096357793	0.10052742041562
WAS	-0.0883671606668049	3.9610003252962	0.0854347681850024	0.770384534513406	0.882999662461155
WDR38	0.174459415046148	-0.49199273878989	0.151119999452098	0.697905941455026	0.839528323083342
WFS1	0.525372537721564	5.40872020699292	4.45413934343163	0.0361352651525169	0.143075656899073
YKT6	0.136589749102296	7.05529439773373	1.21311905684951	0.272119248383072	0.494740495835376
YOD1	0.139700262790065	4.11117970709688	0.81384679042094	0.368136310413902	0.588685118768934
YWHAQ	0.102998165877849	7.81167859068696	0.569162244431198	0.451533173712276	0.660518039826494
