pspGenes	logFC	logCPM	F	PValue	FDR
A3GALT2	0	NA	NA	1	1
ABO	-0.853854980056211	0.0528891981960629	8.80320680605709	0.00328865217383298	0.0498609407877661
ACAP1	-0.0628758131300554	2.8713193032944	0.157773955653707	0.691542005598998	0.871222825692704
ACAP2	0.00754386412323598	4.49452558208175	0.00964840666420392	0.921828703548747	0.973077032672143
ACAP3	0.220246323239357	4.85906383433952	6.05944591620361	0.0144855709241386	0.119220418519569
AGAP1	0.14922077342887	3.99236984136103	2.96961681582533	0.0860374986233164	0.326915980901538
AGAP2	-0.0873480652453953	1.75239016472715	0.581639437101743	0.446365658192979	0.722861739027343
AGAP3	0.0329006330324429	6.05048541042551	0.172371725291101	0.678356843503481	0.863952473120508
AGR2	1.69192539192097	5.18447399212369	9.70700450675185	0.0020425860318789	0.0365663677285906
AGR3	0	NA	NA	1	1
AKAP10	0.0575930310589082	3.25725593275759	0.613532948970795	0.434177581635678	0.713966435818009
ALG1	0.0594716549373616	4.5488481580435	0.614064432326981	0.433978823364524	0.713877614219572
ALG10B	-0.0488594338944842	2.41722235134629	0.190025361121961	0.663259246675699	0.856109553678237
ALG11	-0.094203129959793	1.8674037064091	1.19482325252856	0.275376203383725	0.583731504145709
ALG12	0.0543364445689968	4.09973881510702	0.291725113475709	0.589582067403651	0.817034561484572
ALG13	0.141230518462497	4.50671841313944	3.81108938877732	0.051993623636418	0.245735184824185
ALG14	0.126178436580813	4.09378055046502	2.84944992500862	0.0926110070008963	0.339780818064995
ALG1L	-0.0397509752777691	2.99318058911753	0.0222486185897445	0.881543890314145	0.957683682363726
ALG1L2	0	NA	NA	1	1
ALG2	-0.0602270742995787	5.21383720577606	0.721852959463282	0.396322799724	0.682677183955632
ALG3	-0.0253159691974893	6.42565920978875	0.0999622428345474	0.752130040431439	0.899856442328468
ALG5	-0.0266130236683577	5.24597971548563	0.104832957648917	0.746366969881024	0.89779895120918
ALG6	0.0376293754437187	3.75206036011311	0.350227074690684	0.554501724152291	0.793271212043249
ALG8	-0.0555331220124113	5.68931260015318	0.577758905843295	0.447884649897898	0.724141317273106
ALG9	0.106451044444452	3.23565893726652	1.59690615693013	0.207480405393555	0.511248898727837
AMFR	-0.172445670071974	7.22460060987236	3.89417520855521	0.0495186941277471	0.239378779160058
ANKFY1	-0.211880460960256	4.83804185329771	6.10481736448188	0.0141268262943168	0.117443754376015
AP1B1	0.018845997477561	6.6108210182966	0.103572762086944	0.74784362844457	0.898177225249876
AP1G1	-0.120584687299413	5.92489536328545	3.18995218138013	0.0752640016147322	0.302220277601351
AP1M1	-0.0496242564915769	6.61158626363355	0.496281928483366	0.48177243524674	0.746942205623748
AP1S1	0.00236119418749536	5.77593925229612	0.000880372044996131	0.97635227936593	0.992655007592819
AP1S2	0.23088981232584	3.15916807487197	5.68580919284302	0.0178241947725796	0.134663175474617
AP3B1	0.099084369510583	5.18373443245699	2.4873467317679	0.115987763990538	0.382963449038549
AP3B2	0	NA	NA	1	1
AP3D1	0.0476614543462491	7.22549691496377	0.409818151018535	0.522628714772411	0.77239815060946
AP3M1	0.0309401456776789	5.15505283648156	0.241904817838615	0.623251036246183	0.834724809440916
AP3M2	0.060260935855457	2.87788317713825	0.456626592218335	0.499808719373131	0.758012485838955
AP3S1	0.000805958172843918	5.60353062651568	9.15379910524652e-05	0.992373695045232	0.997531247113641
AP3S2	-0.0725057681172167	4.49999075034678	0.959757914527754	0.328163666271373	0.630504163191229
APPL1	-0.0108351079642404	4.71561868537115	0.0263611949253752	0.871148154106654	0.954014871427128
APPL2	0.102506538081299	4.51370120576054	1.93988444782834	0.164877556271121	0.454860079725449
ARAP1	0.0245408347651297	6.29361627989178	0.140731560103258	0.707862374930843	0.879350863763085
ARAP2	0.0513775575679154	3.11156926358349	0.160555165299566	0.68897681199475	0.870230779629452
ARAP3	-0.115977201664782	3.17189120133254	1.05304584827973	0.305765741776519	0.610179432800881
ARF1	0.024870422270815	8.95392662656624	0.124445114805116	0.724549944847674	0.887476203872962
ARF3	0.0954424509591719	6.38649223478792	2.8581770591578	0.0921155986028342	0.339230264931251
ARF4	0.0939646997034544	7.26995934304882	1.75864853707879	0.185963482036434	0.485279669688387
ARF5	-0.0324161813259311	6.71341910240374	0.194794301234709	0.659324827520117	0.853880404209077
ARF6	-0.0484891903458496	6.42052729242619	0.841026486921525	0.359957990377612	0.657523262423104
ARFGAP1	0.0738902948417131	6.08470961417336	1.09013923209154	0.297415572434421	0.602462319741454
ARFGAP2	-0.0764894871087557	6.64255724738191	1.65266618362068	0.199746690265789	0.502466454583823
ARFGAP3	0.0326530229059206	5.60464511213028	0.205912680141436	0.650370694146165	0.848903917663443
ARFGEF1	-0.0210048168905955	5.4003004505817	0.0645728563407297	0.799611084721036	0.923008797586595
ARFGEF2	-0.030738456921896	5.86337659650718	0.0978124943730624	0.754722799614447	0.900946128027103
ARFIP1	-0.00440930259413102	4.26205075605297	0.00428931101505384	0.947832224435628	0.982597694359751
ARFIP2	0.0660197812980355	5.4748557523437	0.9148398667911	0.339726977158851	0.63951658448376
ARHGAP1	0.203195529678794	6.16627632622807	9.64336276745637	0.00211190670089452	0.0370704657650226
ARHGAP24	0.0383545206233833	2.91322069179404	0.0735160271611751	0.78650094062462	0.916945786543218
ARHGAP5	-0.0450676109711372	5.24516590320098	0.295741025460921	0.58703343423787	0.815218611195601
ARHGDIA	0.114803811079722	7.46003641880096	2.39393673605875	0.12302966379038	0.394014481697502
ARHGEF1	0.0481664689466567	6.05442461476582	0.52867765564769	0.467821166621673	0.738145538590376
ARHGEF11	0.111515435083759	5.8011015543451	1.30030944907127	0.25521191221255	0.564159579159765
ARHGEF2	0.172335730532962	4.83386552639899	1.67236749994875	0.197095987161754	0.499141159785247
ARHGEF6	-0.0692150098750278	3.09428781979136	0.294444224515854	0.587853965043628	0.815811450024373
ARHGEF7	-0.0611686088369827	5.09408279754022	0.712486172167901	0.399400004470284	0.68516202505998
ASAP1	0.128951990561484	4.63730961357633	1.27139053327331	0.260551276121195	0.568824457335646
ASAP2	0.330639436850396	2.12514251805151	2.83313516946746	0.0935449675864694	0.340867218423692
ASAP3	-0.0287397937303884	4.42141745753641	0.0488999092088033	0.825163226503034	0.934973300353331
ATF4	0.115504835371641	8.04814110534823	2.03942836142269	0.154474034434154	0.44089463994748
ATF6	-0.10969760052073	6.47164259945844	1.45556556017368	0.228739758605299	0.535109445958181
ATF6B	0.0549325404070988	6.30764732948852	0.605047859458133	0.437369687053613	0.716463098177926
ATXN3	-0.152184533782633	3.74217240335993	5.25429673050047	0.0226964767929136	0.154817830985157
ATXN3L	0	NA	NA	1	1
B3GNTL1	0.397368185836141	2.67985267530161	9.60994239272605	0.00214926669967467	0.0374524135097858
B4GALNT1	0.485370671471444	3.10277364921225	2.99738477660751	0.0845919354706972	0.324178348832086
B4GALNT2	-0.0654386640902926	2.45506699178254	0.0168010695459577	0.896968698640699	0.963751682170461
B4GALT1	-0.0558981414651603	7.3515979909522	0.449211671014241	0.503307745433091	0.76022166770569
B4GALT3	0.1457251828854	5.28950018540003	4.05812097795277	0.0449948199213839	0.22735097255517
BAG1	-0.0752017073382856	5.72517959862934	0.691404273436484	0.406454412655645	0.690692008176937
BAG2	0.179454420935889	4.14943618324229	2.26062153731299	0.133921268102465	0.41191125305978
BAK1	0.342798236587663	3.90827171072687	11.584687754562	0.000770558746284585	0.0197423155151978
BAX	0.0547963362668289	5.8093155424088	0.322018507846044	0.570889503504421	0.804688671025035
BCAP31	0.0579782910257913	8.45428901503879	0.288817685640838	0.591441406881193	0.817823809254842
BCL2	0.173139859124362	2.45349659533051	1.62145930493231	0.204032066622857	0.507316522915262
BET1	0.0376278222965038	4.27032401335126	0.343223184925051	0.558485664705684	0.796557046701142
BET1L	0.00800503310413074	5.92850479202064	0.022486994838119	0.880915734626038	0.957387177396788
BNIP1	-0.00634098190127445	3.18398310458021	0.00558879458346883	0.940464875861706	0.980357548997726
CALR	0.0219997086706531	10.5664665271714	0.0696188702789483	0.79210269272621	0.919653888237462
CANX	0.162547436176195	9.6991563194209	4.53889448078081	0.034077053162718	0.193507065066693
CAPN1	0.0547563020178619	7.03247649987515	0.523754410414102	0.469898803017157	0.739170656071373
CAPN2	0.0017584506393603	6.65151983184238	0.000340894881744184	0.985283463866792	0.99520103883856
CKAP4	0.182710502342605	6.88162933412428	3.02923081519987	0.0829665030829932	0.320524665911659
CLTA	0.168908127047212	6.9161694265876	4.04338324239362	0.0453829601856534	0.228280224003715
CLTB	0.141201383730726	6.12135801772717	2.03212492973086	0.155211289239631	0.44164612649788
CLTC	0.166503541890033	8.33507503942834	6.8423055585976	0.00942579712239066	0.0928368076038557
COG4	0.0507136080530403	5.58368573129701	0.537316759836178	0.464210938612347	0.735501950299446
COG6	-0.178170728463422	3.37526857494449	3.81552059109451	0.0518583602862829	0.245515174400717
COPA	0.109439507376665	7.94957131499694	1.96962798421534	0.161687203283688	0.449642676399859
COPB1	0.0682357305237487	6.6426387182268	1.06202018081037	0.303717935004783	0.60803164961738
COPB2	0.0904742080326287	6.78307325431498	2.53283230245808	0.112721793965264	0.376719558080082
COPE	0.13828858813417	7.28663173281696	2.30787467615294	0.129941809990191	0.40499589569762
COPZ1	0.0613618753560556	7.13860244011616	1.17914477340331	0.278541554670672	0.585516013909752
COPZ2	-0.0964284490610951	4.42942158393636	0.472560545817084	0.492427728907942	0.753933951848055
CRYAA	0	NA	NA	1	1
CRYAB	0.00835192686657937	4.68378928448847	0.000617948019587462	0.98018695604206	0.99343314465929
CTBP1	0.0315065177978196	6.76620570506121	0.348943222925343	0.555227955816817	0.793849624029146
CTSA	0.0798233022021869	8.38843907735071	0.683720209085596	0.409071071438837	0.693133565004327
CUL1	0.033483087533829	6.12330163036375	0.255301209161428	0.613797259420939	0.830065282002761
CYTH1	0.00607549053258744	5.86946404601284	0.00885213611052393	0.925113877798585	0.974784144507823
CYTH2	0.169333053573182	5.45184370065191	5.51210608961585	0.0196395627330277	0.142339931519901
CYTH3	0.0498976016888939	3.4228452031659	0.240501085938811	0.624260356329432	0.835465089600042
CYTH4	0.047219959917764	3.20728571226581	0.118165617986382	0.731311983956511	0.890190832325172
DAD1	0.0464519286862211	7.02186026217798	0.379363822280085	0.538485745531845	0.782960410938914
DDIT3	0.254479085171376	5.02935516406055	4.54247970358839	0.0340070326164956	0.193284569132304
DDOST	0.183835471102488	7.58432514179506	7.12849808363152	0.00806743552649197	0.084075207642173
DERL1	-0.00502122561135007	6.91614705327261	0.00321384743090424	0.954835284002462	0.984837689276969
DERL2	0.0213946528074508	5.33845863729335	0.0627658632959333	0.802375577096412	0.923965955623392
DERL3	0.36879895056569	3.42053191207089	2.36193326084016	0.125550869488028	0.397954298402925
DNAJA1	0.108697897956467	7.69266399619137	1.81090807314198	0.179578210113777	0.477519737043347
DNAJA2	-0.0444552650478585	5.95761881447656	0.292827458491376	0.588880233010588	0.816518782459438
DNAJB1	0.242559791544573	7.03495535779124	4.05600061788977	0.0450504454374178	0.227535890319861
DNAJB11	0.0862517665279044	6.8949105959617	1.37632717619985	0.241807409060971	0.548445224874089
DNAJB12	-0.0336504223241438	5.6429316831759	0.35106146341082	0.554030702209426	0.793057443998516
DNAJB2	0.0503505568874861	6.54576724944859	0.331050867217927	0.565541345041535	0.801150012294861
DNAJB9	0.0200893823283878	6.41998593657313	0.0314303523316244	0.859422494342259	0.949735994195837
DNAJC1	-0.000897427589055943	5.65662354154199	0.000115477362732784	0.991434353090865	0.997166854399949
DNAJC10	0.240078664352818	5.5317712935244	9.83379287399221	0.00191132558846487	0.0352069385707142
DNAJC3	-0.0841839572073601	6.7697231861322	0.83098791748571	0.362836155236439	0.660521991327851
DNAJC5	0.103694876823429	5.86586379499671	2.06161103586501	0.152259133212908	0.438466335012158
DNAJC5B	-0.204036232226929	-0.837656329109009	0.882448494851864	0.348408689400675	0.647396310115525
DNAJC5G	0	NA	NA	1	1
DNAJC6	-0.0253533513500685	2.36394060287695	0.017343721358795	0.895327517212897	0.963318354189563
DNMBP	-0.204458550277439	4.34229863607317	4.0677751740706	0.0447424702001087	0.226735024944193
DOCK5	-0.247096110517646	4.38889468153807	3.71908928549158	0.0548885294349471	0.252057939639813
DOLK	-0.0253177339544431	4.50827721543979	0.120230215679878	0.729066975224136	0.888993960518063
DOLPP1	-0.209745572842364	4.75808834801246	7.04810929765429	0.00842726351394079	0.0864550465954362
DPAGT1	0.0415135700983768	5.49648546474306	0.447281877361726	0.504225265037713	0.760894794311926
DPM1	-0.0472347309658217	4.75086728006553	0.62392580341586	0.430315987585913	0.710577869180121
DPM2	0.0581783314065775	5.55043144918035	0.352746005642129	0.553082060583465	0.792389461960101
DPM3	0.14359471516705	5.54667290400794	1.08009068631353	0.299648177258524	0.603974974602784
DPP6	0	NA	NA	1	1
EDEM1	-0.11014039282724	6.19467547985793	1.53119350339685	0.21705602165852	0.522990676114596
EDEM2	0.101119430290014	5.52860523757495	2.62707288164936	0.106274131305996	0.364621923896469
EDEM3	0.11726032418851	5.90483342128594	1.35080456074996	0.246209211702233	0.554097117095785
EEA1	0.00118332719027892	4.4431221532469	0.000186883742904671	0.989103367279101	0.996484960050943
EIF2AK1	-0.0153928264232137	7.51302704649396	0.0724288446069172	0.788047303970961	0.917769688857387
EIF2AK2	-0.0674788891317193	5.17984535644582	0.768163358005422	0.381599409198886	0.673237043819101
EIF2AK3	0.0605556773157452	3.76463250912433	0.648075101534167	0.421541397816078	0.70368663869653
EIF2AK4	-0.0550910986375554	5.49269433680686	0.589595775022994	0.443276164350463	0.721003610017917
EIF2S1	0.0190987847880762	5.49186069034806	0.101840493432354	0.749889724469788	0.899042924980809
ERLEC1	0.0724444243302603	5.84228218538681	1.44634077015652	0.230216200951317	0.536817319642937
ERN1	-0.04071000923653	5.37434301049477	0.130629912070871	0.718074989564085	0.884281110744086
ERO1A	0.190867969485301	6.1133308659004	5.27702883237485	0.0224080123489267	0.153388364892306
ERO1B	0.0862444382785902	5.54565667664159	0.340918542093329	0.559808539524041	0.797091903959076
ERP27	0.624729169718406	0.96401633841882	4.01203739544142	0.0462203505723317	0.230961265473901
ERP29	-0.0298885868297329	7.75560473856323	0.159962892473214	0.689520910228729	0.8704484762879
ERP44	-0.0898232569945624	6.52881014547013	1.74177276193081	0.188081720746608	0.487411450245351
EVI5	-0.0397675326818787	4.15379084558548	0.231234988589876	0.631016273873687	0.838916978972983
EVI5L	0.00171110394543238	3.58727550036248	0.00047877276077009	0.982559856275766	0.994439689779552
EXOC1	0.0835109461379325	3.78009941906626	1.68286315949021	0.195700781891024	0.497255758976066
EXOC2	-0.00584140905818928	4.70403009335768	0.00822796100534597	0.927794760230757	0.975785238861989
EXOC3	0.0544467345050633	5.55607166580688	0.749103422712951	0.387562617621107	0.677042001277711
EXOC5	0.0574193987267953	4.78260481434224	0.702192331029024	0.402821989691346	0.687505165899375
EXOC6	-0.0500647399979641	4.26044156404888	0.561486127481329	0.454343288582622	0.730098656629715
EXOC6B	0.180440776925959	3.58997200590578	5.17604273338553	0.0237194796161695	0.158878713583762
EXOC7	0.0674629133535861	5.42821759312898	0.94296058836529	0.332425169090323	0.633814993313414
FAM71B	0	NA	NA	1	1
FBXO2	-0.209981896640767	5.55044454301239	0.755073661546417	0.385680524171808	0.675968850467434
FBXO6	0.0491483930315193	4.38231188193303	0.210565719134216	0.646709875514064	0.846461410987936
FBXO8	-0.224374545966566	4.38603682751628	5.48425063632068	0.0199481157442648	0.14341706538005
FUT8	0.352043537508757	2.03792803941312	5.14123890890706	0.0241898192687813	0.160516903644305
GALNT1	0.0559728277230094	6.33300929701016	0.374204933756928	0.541258610965433	0.784734243024153
GALNT10	0.155095541319719	4.29520646643557	3.65549077940116	0.0569899416452734	0.257866414857329
GALNT11	-0.11099225178347	4.89768050398654	2.00443132088219	0.158043583208815	0.444967005786142
GALNT12	-0.558229681537504	0.253460196582625	3.47344951219336	0.063494654515796	0.275180699535945
GALNT13	0.576423017924818	-1.24741057569425	3.7181196427348	0.0549199401682708	0.252143490723679
GALNT14	0.269345393765243	0.0507791374444267	1.36760699444419	0.243300426167486	0.549871784560907
GALNT15	-0.366179988882133	1.98486911595811	3.37980367474333	0.0671469309601833	0.283388769218135
GALNT16	-0.38924224070648	1.40588139230527	3.42076311481313	0.0655224514312599	0.279426485481171
GALNT18	0.102681260099316	4.22004109254447	0.403194975854769	0.526005347117013	0.774838652927026
GALNT2	-0.0945674234396164	7.27935745328555	0.94801463948493	0.33113521451692	0.633068660915766
GALNT3	0.270782217365672	0.307672591290458	1.32653026363986	0.250487324015411	0.559575804345604
GALNT5	0	NA	NA	1	1
GALNT6	0.297812114760512	1.34059540249625	3.99262357288392	0.0467471860286707	0.232592304154758
GALNT7	0.502671834937242	1.66836307347001	5.77295327153247	0.0169800283512426	0.131161599186427
GALNT8	0	NA	NA	1	1
GALNT9	0	NA	NA	1	1
GALNTL5	0	NA	NA	1	1
GALNTL6	0	NA	NA	1	1
GANAB	0.0115036531590044	8.6292156391279	0.038242721661148	0.845110154814234	0.944080175077963
GBF1	0.0417973005009573	6.04010864823512	0.41773905433471	0.518640659510889	0.769590126951124
GBGT1	0.368806880196424	1.18671820473575	6.12166399416697	0.0139959768725245	0.116963859004488
GGA1	-0.0358493841500794	5.52123560534014	0.254704778475219	0.614211466572711	0.830092122653265
GGA2	0.0757848317722718	5.88941979351091	0.938692681583165	0.333519717465686	0.634491512648318
GGA3	0.193167065565903	4.69727194404479	9.16068693209218	0.00272235515585159	0.044094107154877
GIT1	0.210110647641081	4.92179679588747	8.55206789724646	0.0037574522767268	0.0539337883547904
GIT2	-0.0162151667816225	3.65784670440993	0.0406515457862741	0.84037056041141	0.942246684614737
GLT1D1	-0.277978451848714	4.619160655121	1.4534364965539	0.229079499533602	0.535586675373181
GLT6D1	0	NA	NA	1	1
GLT8D1	-0.031812399985823	5.86758451961846	0.119185555008007	0.730200200846525	0.889496113757348
GLT8D2	0.32694103449729	0.86171935608529	3.10068564265473	0.0794414767612913	0.312028016981726
GMCL1	0.0583389675325909	4.27345008358947	0.564300204302813	0.453215978158228	0.72910746286435
GOLGA4	-0.126977872551084	6.27296979647531	1.9599770898	0.162714549915414	0.45129096594001
GOSR1	0.0440833040026135	5.25095572524901	0.722995990428161	0.395949642081013	0.682586523618669
GOSR2	0.10345025024704	4.17438370170799	3.06322703161749	0.0812686797857162	0.316886290924836
GPAA1	0.0473581078422604	8.03227404433339	0.14644541525119	0.702270061450879	0.87652687411761
GPLD1	-0.666800682959366	5.25441749279024	6.53528320980538	0.0111477503513205	0.102147152313447
GXYLT1	-0.0323753692945988	4.33401763826054	0.212726402825285	0.645026578975366	0.845920414074866
GXYLT2	-0.228777809887904	0.546134580468726	0.518289253861145	0.472222637401035	0.740717833398078
HAS1	-0.229352234052334	-1.1136546920358	0.401581500972369	0.526833828459102	0.775282230242549
HAS2	-0.523354663167797	0.388223691272076	2.11520577967116	0.147055321353182	0.430984174484874
HAS3	0.299943006955739	0.642068973647974	4.85768965663112	0.0284046807306476	0.175005979570486
HERPUD1	-0.0335800013453237	7.00102038645252	0.120837997619605	0.728410203321228	0.888710757940782
HSP90AA1	-0.0113512054042986	9.58849928918496	0.0173830767997474	0.895209514295533	0.963312593490062
HSP90AB1	0.12275391164682	10.0395972184056	2.06587709697229	0.151837333926621	0.437708447635704
HSP90B1	0.0537801527318212	10.2911964264654	0.448007005952976	0.503880167170697	0.760894794311926
HSPA1B	0.346183603785795	6.37870346125544	2.87849912081441	0.0909731709677412	0.336467700947056
HSPA1L	0.0470557237124436	0.823536955660256	0.212710839583015	0.645038666478686	0.845920414074866
HSPA2	0.216271685734995	3.11815759946939	3.00304197025993	0.0843006807230703	0.323560509870983
HSPA4L	0.0332406271497435	3.95398717413653	0.0513620636621114	0.820888982363139	0.93262647908651
HSPA5	0.0923753023400695	9.93749514125123	1.00681763340138	0.316604587751493	0.620586310077412
HSPA6	2.24495500011701	3.60013134981239	64.681973024763	3.17993009708819e-14	2.50934643821424e-11
HSPA8	0.128163813640329	9.47472571686409	1.61065594012682	0.205540892793038	0.50898131144173
HSPBP1	0.196987336636895	5.47513190945079	4.87499564538964	0.0281266154390043	0.174371694529206
HSPH1	0.208590726126862	5.9151699615376	4.04497559163242	0.0453408528308395	0.228184781797654
HYOU1	0.157916316083256	7.82643405805804	1.98211874382755	0.160368570322294	0.447707708497512
IFT27	0.146511066657636	4.60749961275698	2.33008195787321	0.128117541617109	0.401935416137314
INPP5B	-0.0858258868372853	3.39918256524054	1.30332041233463	0.254663819146836	0.563924999902209
INPP5E	0.0543566651953864	3.41619238496236	0.443060988758473	0.506242116253141	0.762285744764694
IQSEC1	-0.0624020646342041	6.67558298500322	0.54376519207119	0.461545155443962	0.73442190890454
IQSEC2	0.402096344103314	1.58801803723901	7.86102829501069	0.00543417808793668	0.0665872455396366
IQSEC3	0.0434993395408352	-0.118426253556595	0.0325683624147315	0.856927278372313	0.948406929738474
JUN	-0.0290203205030602	7.20354724176415	0.0439167189855313	0.834173662872474	0.939284249589578
KDELR1	0.119981977258086	7.52346648514423	2.90489816248179	0.0895121577408238	0.333416688343829
KDELR2	-0.0428405845372728	8.47829761989548	0.404850401788215	0.525157740539422	0.774260726174694
KDELR3	0.124753851143484	4.6113364471029	0.459650744182624	0.498393524848465	0.757228658677548
KIF20A	0.505120839617289	3.29186158693401	8.73394544495205	0.00341162361580395	0.0510023329764254
KIF23	0.581928486776994	2.53752301988071	11.971991256085	0.000631565561443943	0.0172330918342546
LARGE1	-0.0395600753275444	4.51302025903144	0.129850368706778	0.71888143501091	0.884777150782658
LARGE2	-0.357822067657116	2.97525158815529	1.69206358936432	0.19448730291047	0.49569020431753
LMAN1	0.0690026601352709	7.4279563240428	0.572354917797337	0.450013451064544	0.725908860392586
LMAN1L	0	NA	NA	1	1
LMAN2	0.0366640479560279	8.58107206417829	0.166642871323875	0.683450654182404	0.867024659522952
MAN1A1	-0.160169138111538	7.20215644451103	1.80049729439158	0.18082962108113	0.47871803068821
MAN1A2	-0.0358991383613904	5.44025021531593	0.214724720512579	0.643478982838703	0.845340686210497
MAN1B1	0.107012846536581	6.29471815176097	1.97904376491336	0.160692044883193	0.448114240840247
MAN1C1	0.0402434023401643	4.19872987901184	0.0471969780446622	0.828185906757037	0.936468241345932
MAN2A2	-0.197274073583481	5.71311342058964	3.00935255292208	0.083977072611915	0.322817554264976
MAP2K7	-0.0534277902516052	5.16649252475636	0.826476072176171	0.364140144508107	0.661534374742347
MAP3K5	-0.183810506543726	3.99690610091501	0.911787981377587	0.340532371842878	0.640236827806921
MARCH6	-0.0442048069442207	6.70095030976056	0.420853849459664	0.517087082291822	0.769139256537214
MCF2L	-0.248534630829443	3.90421586113567	4.86590304543833	0.0282723542204834	0.174706612892475
MGAT1	0.0640061330642927	7.78384719633431	0.87826032598179	0.34955316406117	0.648606548212825
MGAT2	-0.0503672406954279	1.69694906759452	0.108221138098005	0.7424448149734	0.895797764428453
MGAT3	0.535333728774992	0.445191602028205	7.49197906426171	0.00662748582093696	0.0757953856669242
MGAT4B	0.0493366322906399	8.11789096438823	0.235599816947063	0.627813419204575	0.837287002104025
MGAT4C	-1.56715830676658	1.38996221322216	11.5927499588587	0.000767369318236483	0.0197117993621997
MGAT5	0.125153102999735	4.43447586700314	1.32608723117408	0.250566250761969	0.559630173099218
MICAL1	0.314393321053762	3.99371913999462	4.37989582645515	0.0373400981359392	0.204339932323387
MICALCL	0.205899754060621	-1.42337602767203	1.35965505536214	0.244671759602246	0.552022469514308
MICALL2	0.192605886630963	4.32239839028042	2.69317253360578	0.101994842765699	0.357271707755987
MOGS	0.00415524332478136	6.21448918582794	0.00610145479206812	0.93779952986734	0.979246764686545
MON1A	-0.0445095438557814	3.75047390271761	0.276503919522364	0.599452592815272	0.822735546894371
MYO5B	-0.131233363359153	5.15051999110095	1.42236480115383	0.234107924901907	0.541183533428203
NAPA	-0.0524314414893037	6.46897703596829	0.489163966842665	0.484929208182908	0.749146561235545
NAPB	0.168703532661196	3.22020899670101	4.10781149848977	0.0437118552754556	0.22382918222315
NAPG	0.0166329769600189	4.39837733516729	0.0661317630360744	0.797259050168386	0.922369555069904
NCKIPSD	0.0381284141591291	4.86787142779868	0.254661317183019	0.614241673215231	0.830092122653265
NDE1	0.25708555267247	3.03101497630248	7.00745910277906	0.008615471372177	0.0877017643087244
NET1	-0.0506469057157147	5.58475214181798	0.408128429740383	0.523486498047568	0.773178231150888
NGLY1	0.0216715936646352	4.5088885771976	0.151518479550822	0.697408852236736	0.873831809268106
NPLOC4	0.134863926346285	7.00539222673672	4.10543675627174	0.0437722790639626	0.22382918222315
NSF	0.132298111465523	4.99897481145395	5.05699911794613	0.0253690097834711	0.164577384086918
NSFL1C	0.074296533733705	6.40293317189802	1.18366660817122	0.277623938360946	0.584894369589464
OCRL	0.193040699923999	4.95109192866462	5.50889891979614	0.0196748339031978	0.142490867563248
OPTN	0.0424618682161851	6.98281584736468	0.287672616617224	0.592177007914022	0.81838655076202
OS9	-0.0651773741862554	8.50224047296645	0.84606106866445	0.358526401757715	0.656467616718599
OSGIN2	0.0954067692801792	4.70248327366367	0.778708961596883	0.378355966431654	0.670879606845557
P4HB	0.0878561341014815	11.1447920805262	1.08902696602303	0.297661639038111	0.602653850130506
PAK1	0.0557927881252208	4.92679069595652	0.300763927237128	0.583877123155866	0.813031708284247
PARK2	-0.14945480823164	2.05149435194018	0.669589381123946	0.41394831366588	0.697265397199495
PDIA2	-0.833489873329714	1.88886073851502	3.26462210139978	0.071951834366521	0.294352063059028
PDIA3	0.0436574125618337	9.25441701007081	0.399326227584247	0.527995778373656	0.775946120065219
PDIA4	0.0464592807345301	8.87327604817851	0.266247666874733	0.606301026894659	0.826056710575888
PDIA5	-0.225618326087586	5.97795377962636	6.23054820626039	0.0131799813467026	0.112658003469562
PDIA6	0.136197880611996	7.78039889567293	2.07982588900137	0.150467424776542	0.435955552355943
PDILT	0	NA	NA	1	1
PGAP1	-0.00237772492667485	2.4603614967712	0.000409171936221614	0.983877094094439	0.994768722442348
PICK1	-0.15647115753798	4.69986903394455	3.45456006208711	0.0642138193060158	0.276596614141707
PIGA	0.0417924509232819	2.95256024707771	0.204020612216493	0.651873573807276	0.849528462417092
PIGB	-0.0938030071613741	2.81503687636027	1.44440246061967	0.230527895065529	0.537217504664803
PIGC	0.0885592069474098	5.06317955114896	1.27207161786465	0.260423939847427	0.568824457335646
PIGF	0.042115028700215	3.08944210152773	0.374064304210468	0.541334565760122	0.784734243024153
PIGG	0.0413257034839488	4.69644324620317	0.389724243271616	0.532994839519705	0.779744047278932
PIGH	-0.0873296965681855	3.77841296242893	1.69318894962385	0.194339482979446	0.49569020431753
PIGK	0.00690676138019538	4.49090680439049	0.00817038527292882	0.928047141990745	0.975785238861989
PIGL	-0.231461646328095	2.78998347884033	5.48793202005743	0.0199070496288318	0.143173997476337
PIGM	-0.0636206156156732	4.39472449308526	0.767314497182113	0.381862200309609	0.67352503242807
PIGN	0.0563583311893847	4.15012115950262	0.610141620460162	0.435449114491117	0.714984613456575
PIGO	0.029320749549117	5.09448294376763	0.170228200278286	0.680250990271446	0.865303471279585
PIGP	-0.0489053629063389	4.09568239300916	0.352049029737375	0.553474186669769	0.7926676733351
PIGQ	0.0366734504287521	5.26715108269457	0.202874220591003	0.6527882472542	0.850158868618356
PIGS	0.254038492889613	4.21664718684453	10.9067633984337	0.0010933426735348	0.0249646577123779
PIGT	0.0847929111357383	7.14204471234466	1.53269887199297	0.21683083005364	0.522714746507642
PIGU	0.127341036846634	4.81351201289827	2.31533915561155	0.129325396634837	0.404395534127765
PIGV	-0.110859835127524	4.38704748704448	1.24387294313946	0.265761498576589	0.574639150583065
PIGX	0.133107163973504	3.77455228291625	3.58875532501553	0.0592876989922192	0.263964731599752
PIGZ	-0.172040437866799	2.39075656746634	1.3551849338042	0.245446804229144	0.553138514260059
PIK3C3	0.0310783893480292	4.26212532420971	0.274320933873489	0.600896521940197	0.823056764898716
PIK3CA	0.0219054241793515	3.71943096690181	0.0910886591765979	0.763040303393121	0.905764790564638
PLAA	0.0105127558434743	4.88080767323849	0.0249600628548487	0.874589935878423	0.955101591752535
PLIN3	0.18739995150786	5.15186221452828	4.84282310506457	0.0286458494584965	0.176051500971096
POMT1	-0.0682896576273092	5.02907615589349	1.00611441640716	0.316773324334932	0.620586310077412
POMT2	0.163447571075019	3.53347342623009	4.79536885822716	0.0294301223753181	0.178607712312048
PPIA	0.133030996887142	8.34464965738782	2.6982644799095	0.10167314552463	0.356714887944139
PRKCSH	0.0368283629192482	8.63540983569792	0.323460495704773	0.570029070939922	0.804065628481273
PSD	0.0817180683822449	1.5805899761074	0.58631840056612	0.444544757803584	0.721667570872484
PSD2	0	NA	NA	1	1
PSD3	-0.299242581384318	4.95266237273158	3.17707015222368	0.0758518913664236	0.303038904997328
PSD4	-0.0883545108527589	6.1048439457497	1.01362430015511	0.314977422606329	0.618911812069488
QSOX2	-0.00774168723004226	4.08460553632129	0.00967058950594431	0.921739182636216	0.973034599478128
RAB10	0.162420281983754	6.59461316025537	5.74794271863487	0.0172179697037115	0.13201558737459
RAB11A	-0.0135541819881151	6.27580813729099	0.072119946502991	0.788488936158698	0.917825686366462
RAB11B	-0.0900404317350784	6.75723596030728	1.56059201889841	0.212708332596097	0.518062961167383
RAB11FIP1	-0.187918180262529	3.84096768946916	0.849304031192784	0.357608419699844	0.655702888293076
RAB11FIP2	-0.12754620903109	3.42011847437023	1.64479690910362	0.200817197591003	0.503715406748291
RAB11FIP3	0.0551665887867183	5.21324299442269	0.392256124642853	0.531668407889499	0.778628088965741
RAB11FIP4	0.162884682680479	5.35621817719407	1.23339428155941	0.267779703840111	0.576914236965287
RAB11FIP5	0.274043902423882	4.05247796155144	5.74925686404276	0.0172053816174203	0.131986404190457
RAB12	-0.0586859132766237	4.65577641879801	0.974254378571761	0.324544221769197	0.627797359059442
RAB13	0.135796458467376	6.64462167812137	2.94009508134083	0.0876039039344765	0.329344953024692
RAB14	-0.133595863632177	6.51101331507312	4.77860973791393	0.0297124494901802	0.179115558343743
RAB15	0.148599066459281	4.54185870315654	1.59624930240219	0.20757360221862	0.511294499540725
RAB17	-0.0935880976213135	6.42444868421446	0.409766792443128	0.522654750058743	0.77239815060946
RAB18	-0.061307376282192	5.69751401237504	1.13473950140249	0.287760417456393	0.593778669773065
RAB19	0	NA	NA	1	1
RAB1A	0.0356025194340188	7.1401988768907	0.384271190825901	0.535872116663685	0.781416251377147
RAB1B	-0.0423600806443663	6.84481270044837	0.604487404429667	0.437581796030566	0.716463098177926
RAB20	0.0878782853043242	4.74214183483607	0.530021904203531	0.467256457231708	0.737619859827729
RAB21	-0.0864914365959595	5.56447288714125	3.3115329591476	0.0699516410818869	0.289917221694005
RAB22A	-0.012234221318852	5.04937655511627	0.0447584702530005	0.832615443158725	0.938388643354343
RAB23	0.262503084794215	1.31145947834974	2.94921379457274	0.0871167812251753	0.328822495249383
RAB24	0.102872289577588	3.24553760050216	1.3750155098243	0.242031267029084	0.548597324609847
RAB25	0.386663606107733	2.01322904815628	0.601642674585644	0.438660847654107	0.717387035607964
RAB26	-0.116706561510636	3.78075460298757	0.40191024313588	0.526664837919306	0.775282230242549
RAB27A	0.069770267220636	4.77362978466231	0.397561993855546	0.528907944790696	0.776534061000431
RAB27B	0.58199763998902	1.67636074620687	5.04429967587522	0.0255519214005383	0.16480537928576
RAB28	-0.0138774873587205	2.8635395672457	0.0465031238830697	0.829433849296104	0.937085756618582
RAB29	0.0861644103840718	5.31589159976982	0.945199790757948	0.331852825666325	0.633512321783719
RAB2A	-0.0804217810390581	7.20180904808339	0.819152491301065	0.366270668907208	0.663054235045009
RAB2B	-0.0189519494350406	3.37281849167551	0.0849674430663823	0.770908972488771	0.908992490966767
RAB30	-0.028381307017892	3.05866494221804	0.0650695667192232	0.798858410204016	0.922631757196696
RAB31	0.267056332482776	3.71757476905069	3.3967526115871	0.0664695354920288	0.281958942802021
RAB32	0.172712898017726	4.55790124512323	2.26916326742971	0.133191901969566	0.410820800821702
RAB33A	0.199608089415891	-1.22130383890945	1.21668518645556	0.271037782881373	0.579676216964143
RAB33B	-0.0151063761961569	3.33349189790779	0.024697775825253	0.875245141260594	0.955446887272521
RAB34	0.649987546310817	4.33342284554224	8.22969510401428	0.00446128761854916	0.0596015752811841
RAB35	0.102056767040367	4.95052202526933	3.53810089798877	0.0610978594555431	0.26844957045411
RAB36	0.371891748018729	0.0809209393869156	2.05156574476186	0.153257623951387	0.439705041128602
RAB37	0.0295102514619664	3.95299438815078	0.0410335006436193	0.839632580279861	0.942034889870358
RAB38	0.349105492454394	-0.393968211879456	2.53913767776179	0.112277152831611	0.376125602150112
RAB39A	0	NA	NA	1	1
RAB39B	0.10156793818461	-1.47333853343699	0.297939449960006	0.585647728576412	0.814211302984881
RAB3A	0.0669179296362381	1.92063566199222	0.267234331346103	0.605634989157769	0.825991501286171
RAB3B	0.00833713386951458	3.91092734577611	0.000947391567531067	0.975468954807799	0.992370644618825
RAB3C	0.244799711665098	2.10113104725418	0.419136297270252	0.517942738002786	0.769553358367112
RAB3D	0.113055066682197	2.7394738646747	0.217653807254727	0.64122629291149	0.844222792457352
RAB3IL1	0.388976165244402	3.16304845912278	5.71473493898193	0.0175392596047288	0.133390329021623
RAB3IP	0.0760306321276165	4.10846527334989	0.533620887513312	0.465749930553519	0.736615179100207
RAB40A	0	NA	NA	1	1
RAB40B	0.235325231761188	4.3356463443099	5.1517990209486	0.0240460892544573	0.159939733247449
RAB40C	0.0132633344038448	4.25070855437559	0.0337274480359027	0.854431711417248	0.947379746905546
RAB41	-0.00336820119592263	-1.14996711193526	0.000744216124087423	0.978257193834173	0.993056391888472
RAB42	0.263740984646175	0.466243388461274	2.00381515201358	0.158107268500621	0.445082790094214
RAB43	0.0563204804266526	2.23098275315184	0.219349238655858	0.639930804080045	0.843746425822213
RAB44	0	NA	NA	1	1
RAB4A	0.0129043241198609	5.99110263150901	0.0212895672068101	0.88410656451419	0.958463508287566
RAB4B	0.144962972591075	3.56970681679065	2.1863973069573	0.140451890695168	0.422468889794648
RAB5A	-0.119918031421761	5.2495557404185	5.09188482194984	0.0248735552492858	0.162916831991338
RAB5B	-0.00311735261349945	6.97289054492613	0.00478998101166644	0.94487620760715	0.98189529969166
RAB5C	0.0549301976633046	6.30101736509511	0.860292473710499	0.354521886987515	0.652270332965948
RAB6A	0.0195253787260702	6.2489791189367	0.0936461001707812	0.759838341040978	0.903561831950356
RAB6B	0.26568770869063	1.99467553483083	3.85499494279924	0.0506697944042064	0.242338839985003
RAB6C	0	NA	NA	1	1
RAB7A	-0.0284634144139089	7.58357059955155	0.360948240201239	0.548506377167366	0.789503415201941
RAB8A	-0.0911953078797337	5.3530085670359	1.76089608708208	0.185683478679929	0.485163135875092
RAB8B	0.120330751502929	4.00685316314146	1.96090290695151	0.162615671844589	0.451228123984998
RAB9A	0.0566302219877407	3.96541985102359	0.685129757733371	0.408589224977369	0.692852692999272
RAB9B	0.221021123747676	-1.73083588988133	1.16985522149378	0.280438759419666	0.586866575623472
RABEP1	-0.183799864869646	5.16601550278904	5.61465404129673	0.0185457730263963	0.13759722085925
RABGAP1	-0.0583528416653451	4.56880021065598	0.74078784561216	0.390206048974393	0.67870560238948
RABGAP1L	-0.0525298793143383	4.6231230577106	0.389558011650371	0.533082136370693	0.779744047278932
RABGEF1	0.291968934958791	2.81225590910939	8.39102423853071	0.00409358979617359	0.0563954884768943
RAD23A	-0.0243616667019451	6.39668933079153	0.17349410434914	0.677370548215867	0.863143131939062
RAD23B	-0.0280740028711975	7.64090073871667	0.177461805775466	0.673913649105617	0.861814290035518
RALBP1	0.000502174957075456	5.62036249872124	4.28900429597302e-05	0.994779702490754	0.998118655614149
RASEF	0.475117262360069	3.07917604450095	2.949104038061	0.0871226268587047	0.328822495249383
RBSN	-0.00016428035864759	4.36911612833418	9.18319404220602e-06	0.997584448263531	0.998748845234354
RBX1	0.114683377763593	5.31923468760229	2.23063017390698	0.136517980568283	0.414981004722816
REPIN1	0.0185060053389555	7.08215922315996	0.0588714588143306	0.808480984402555	0.926931153494411
RER1	0.110727333370988	6.8486156968678	1.97830713398383	0.160769646212699	0.448228318327322
RFT1	-0.025722459711729	4.32422090048151	0.18388536970194	0.668412321443005	0.858778153850869
RFWD2	-0.00784323643495129	5.69906348116577	0.012448900442848	0.91124724825845	0.968229108624623
RNF185	-0.0943486086362075	5.47599843300191	1.67475878231528	0.196777082788379	0.498909945925862
RNF5	-0.00568940658198049	6.52467682929796	0.00403168919400229	0.949420936832217	0.982941270582428
ROCK1	-0.0514032530161145	4.89593022160096	0.397240736696395	0.529074349808424	0.776605563468793
RPN1	0.0531189325547035	8.61358888257605	0.873125952818345	0.350963216211593	0.64945148948713
RPN2	0.0624972246667262	8.6005078487316	0.984078402508767	0.322121455573657	0.625719975931184
RRBP1	-0.149912464777092	9.22815317357724	2.6095099098377	0.107444166811762	0.367040436859295
RUFY1	0.0322609331976647	5.50105538389784	0.254404631680236	0.614420141830139	0.830092122653265
SAR1A	-0.020956482913707	6.48790010842849	0.160851997209826	0.688704562194466	0.870038770084343
SAR1B	-0.113882890569487	7.28386474908576	1.20189265688462	0.273963803450319	0.582320398810228
SEC11A	0.0455989104720705	6.48524755640654	0.500337477977019	0.479988944354942	0.745901685248861
SEC11C	0.0277193874881422	7.0035967336072	0.0627011906859377	0.802475298238605	0.923965955623392
SEC13	0.0460931401722531	6.79062690851517	0.46180268289835	0.497390629447277	0.756555307458433
SEC16A	0.0123516261099084	6.966373589212	0.0251370488729542	0.874149808445904	0.955018749710663
SEC16B	-0.368366416893902	1.8825911075821	7.507998001184	0.00657047492447589	0.0754056598662364
SEC23A	-0.0898689141528037	6.02925169197461	0.974193666629047	0.324559269315047	0.627797359059442
SEC23B	0.144098026062632	5.73893458812065	3.65916873445253	0.0568661047604981	0.257667997164182
SEC24A	-0.0713988710986435	5.68252566666278	0.599140482122163	0.439613354291714	0.71798772472277
SEC24B	0.0168349196440656	5.19184286554978	0.0253303061913199	0.873671028147507	0.954964254404233
SEC24C	0.0206983375467628	4.83998821185808	0.0165920199019256	0.897608122595347	0.963751682170461
SEC24D	0.0329264600992937	5.56784229358563	0.0813570190789985	0.77569512973614	0.911639089990635
SEC31A	-0.00291750074452334	7.13769711256791	0.00208643113613966	0.963602582152264	0.987896285713701
SEC31B	-0.393705001412001	2.28011721532081	9.15530532460589	0.00273009476757547	0.0441831907914101
SEC61A1	0.0854230497278753	8.62633639436276	1.46459215462876	0.227306104916874	0.533613762288695
SEC61A2	-0.0349554485311005	2.88913120599706	0.131789598967443	0.716880302389711	0.883637276197702
SEC61B	0.0144547567359214	7.08542406660893	0.0274129427825964	0.868625890579144	0.953316110743271
SEC61G	0.239114100616033	5.9547083385521	4.73834571364198	0.0304024152225242	0.181219956135526
SEC62	-0.141457210997744	6.99184100791168	4.79071286367187	0.0295082748160081	0.178773704921752
SEC63	-0.0136099111891963	6.62969164158184	0.0397829212155627	0.842062389536188	0.943027073989971
SEL1L	-0.0978690717650096	7.21622485474009	1.04249620379516	0.308196034496929	0.612314011578809
SELENOS	-0.00344699030558153	5.99474054015346	0.0016662285816224	0.967471325858507	0.989387502801132
SGSM1	0.436038314709683	0.558096013879166	3.82698638121205	0.0515101001231615	0.244692445531599
SGSM3	0.0678061932884899	5.62037445540858	1.27354963256714	0.260147874789386	0.568475550935423
SIL1	0.0466858210303133	7.34149124316051	0.191316699198711	0.662188122215122	0.855454605137838
SKP1	0.0282600445148888	7.57043723874496	0.167880782514289	0.682341395322321	0.866565665438313
SMCHD1	0.127621305594185	4.52645806614495	2.17713727735745	0.141291539321601	0.423660498497084
SNAP23	-0.0996205836387314	4.838740029796	2.71294481773187	0.100751903518355	0.35487119311018
SNAP25	-0.150478642240482	2.00003080768406	0.242167259186557	0.623062737971896	0.834724809440916
SNAP29	0.00535910252088476	5.73114799109117	0.00754298058835837	0.930857700977719	0.976800710481682
SNAP47	-0.00422175084659289	5.23591203250622	0.00280859029960507	0.957775911187828	0.985871710029447
SPCS1	0.0665157037919868	7.0410713146008	0.598965365268006	0.439680134954166	0.71798772472277
SPCS2	-0.0485949378187053	5.50069837492336	0.578330627733938	0.447660350255594	0.724066851671917
SPCS3	0.0670223028794382	6.34989789739389	0.810352247342468	0.368853812622113	0.664355598237966
SRP14	-0.0198326963510869	7.55336493866579	0.105457852050405	0.745638374436622	0.897504271528931
SRP19	0.103028435736521	4.47708493280417	2.07892659719284	0.150555318942307	0.436082121875471
SRP54	-0.0375778685399221	5.67604585898354	0.337852269774569	0.561577925370563	0.798024406769822
SRP68	0.269439591989165	6.32330342304443	20.697369527867	8.27853396781906e-06	0.000674871562467498
SRP72	0.146613785682217	6.07505711753401	6.1220391009457	0.0139930777096749	0.116963859004488
SRP9	-0.0130702126033365	7.23046046780338	0.0349185014243824	0.851913082643126	0.946600434837788
SRPRA	-0.0303261823364882	7.66595881873238	0.173773963723567	0.677125204279432	0.863143131939062
SRPRB	0.125248059786173	6.66683548792507	2.50566997678745	0.114659655914126	0.380169023844348
SSR1	0.17669523745077	7.52900430267135	7.22970571494772	0.00763680049253343	0.0820532384762688
SSR2	0.168310279593132	8.20003458395136	2.68800651434725	0.102322364121019	0.357847119195082
SSR3	0.0702747954456253	7.37454223962735	1.27152518699699	0.260526094982615	0.568824457335646
SSR4	0.166548391335212	7.67735576421352	1.90087791923679	0.169171753599009	0.461033340931239
STT3A	0.162679369295048	7.27155719001235	5.81764968979552	0.0165632677925275	0.129407526772264
STT3B	-0.0514913588012434	7.1959264344231	0.605794402246373	0.437087396492028	0.716339695900803
STUB1	0.032725802605135	5.17736401855782	0.16273251145979	0.686986525823648	0.868979481969641
STX10	0.0381768362120023	5.3939276399305	0.183776976220986	0.668504202321395	0.858778153850869
STX11	-0.0132380300454451	1.24673785653241	0.00525378325238061	0.942273584568714	0.980787723952971
STX12	-0.0014906365611162	4.76070651972753	0.000752338793611012	0.978138890748379	0.993019130589804
STX16	-0.0462559859011945	5.37559800142367	0.67043664274738	0.413653463886455	0.697125878656414
STX17	-0.134393909502563	3.35019084924865	2.21327925987264	0.138046110323401	0.41817740840482
STX18	0.0162410394890592	4.62709217726476	0.0522193096326839	0.819426182092656	0.932012258942047
STX19	0	NA	NA	1	1
STX1A	0.427145459141579	1.24708473747827	11.1700979847453	0.000954151120158281	0.0228718023067832
STX1B	-0.168157065029212	2.16913998493313	1.03570713393231	0.309773339821168	0.613465652369122
STX2	0.0425885367429492	3.40314013466332	0.175763569520216	0.675387632409539	0.862203745088622
STX3	0.118799695852201	3.97549581451921	0.899550908585534	0.343787800541976	0.642927834779799
STX4	0.0588841544657828	5.48946748328271	0.723513473791398	0.395780869926078	0.682570108191426
STX5	0.00254675105074165	5.66191622575761	0.0014641742908037	0.969506298897055	0.990082838008132
STX6	0.148562778213461	4.22647526304393	4.33728948218737	0.038269293248099	0.208043273976743
STX7	0.0647204812661122	4.78551567397808	0.695888567614327	0.404938715032381	0.689348343267855
STX8	0.0482080825670798	4.33402855799355	0.208135076987859	0.648616034648688	0.847447607495798
SURF4	-0.111097789017178	8.42498793519033	3.12183377491655	0.0784295906361202	0.30938991483091
SVIP	0.00515055452406501	4.05729346729918	0.00354090514113597	0.95259544784106	0.984219173843907
SYTL2	-0.342640133170658	2.38115638295863	4.48596025083655	0.0351287138387626	0.197385577288819
SYVN1	-0.0923082153828397	7.3966203395901	1.320403366557	0.251581562746663	0.559991094422448
TBC1D1	0.0651891674193167	5.29065634330115	0.457896826828603	0.499213464876033	0.75760384914804
TBC1D10A	-0.14319502922229	3.60134361321371	2.82651849523828	0.0939266797204119	0.341458470379942
TBC1D10B	0.0795127848387432	4.69487530925426	1.6716124099849	0.197196813311869	0.499268317892268
TBC1D10C	0.0854324090823314	3.06395323882406	0.191501689095693	0.662035031989435	0.855368859197562
TBC1D12	-0.0357323942038034	2.82487599387469	0.180651783890389	0.671167217790089	0.86057369508403
TBC1D13	0.022677523811272	5.06128453671803	0.0631905465562783	0.801722094512206	0.923795134221493
TBC1D14	0.135651399705879	3.41563363295191	0.846122787152322	0.358508900847795	0.656467616718599
TBC1D15	-0.0216520371676874	4.95788212022444	0.180808735204641	0.671032831005224	0.860569179618479
TBC1D16	0.27921167239476	5.53903469041705	7.49398264886047	0.00662032738838415	0.0757574354513007
TBC1D17	-0.0230446092120066	5.79851338501051	0.103767853708181	0.747614379497816	0.898120599119042
TBC1D19	-0.0639202297266954	1.25104241270866	0.324696784421424	0.569293398719756	0.803636584118723
TBC1D2	-0.223197161999737	3.96646102462765	3.43257021582599	0.065062050584274	0.27836567641001
TBC1D20	0.0565610706334618	5.08348207719495	0.885944133521814	0.347457366082057	0.64657842999406
TBC1D21	0	NA	NA	1	1
TBC1D22A	0.0803688657308265	5.15605978490193	1.30253573029069	0.254806516320124	0.564051049591945
TBC1D22B	0.140222266873215	3.16888243599982	3.18908553639924	0.0753033972725312	0.302232057743928
TBC1D23	-0.098448761828985	4.56335122943198	2.01698637314512	0.156752295672845	0.443546943349669
TBC1D24	-0.19900817391828	4.83046927384752	4.1051407462951	0.043779817043473	0.22382918222315
TBC1D2B	-0.0379010184681466	5.32339022252211	0.114335496267723	0.735535612427283	0.892271875318812
TBC1D30	0.52099840844501	2.20791026005545	6.7002072095819	0.0101858009245193	0.097194105919796
TBC1D4	-0.22023601238019	4.37664509182531	2.11693298179977	0.146891009107472	0.430845350531106
TBC1D5	-0.0583663759755687	5.19040714682357	0.77368094295465	0.379897509162002	0.672102130189695
TBC1D7	0.199717705941267	4.14547050228659	5.55115966191451	0.0192153071778048	0.140192152368244
TBC1D8	-0.112689017024632	4.83332220893966	1.46203767272369	0.227710717773311	0.533905044001887
TBC1D9	0.00512505773686029	4.65865398422682	0.00156021209361485	0.968522618788468	0.989892708218635
TBC1D9B	-0.0362155976354917	6.99942284224881	0.290250831553394	0.590523388136189	0.81724625753425
TMED10	-0.0656395900858507	7.88674779551401	0.945289751585599	0.33182985910348	0.633512321783719
TMED2	-0.0505266878159639	8.16618614566234	0.77135925717564	0.380612319049814	0.673046980249471
TMED5	-0.0317099161013201	6.94378190021748	0.128163319526161	0.720636120246053	0.885090323274159
TMED7	-0.0317819842019166	6.69264895581671	0.161123787743433	0.688455535712639	0.869873816823124
TMED8	0.0345347746648678	3.15516089480675	0.214985046371405	0.643278018634199	0.845340686210497
TMX1	0.0320761915380615	4.84502755605362	0.25810529320409	0.611857994366084	0.829161269209061
TMX2	0.0256821346285748	6.24943804136019	0.178856146152759	0.67270963094154	0.861330023479703
TMX3	-0.042972400056072	4.15951861669386	0.290065861862934	0.590641708055348	0.817295336783047
TMX4	0.016679153657059	6.19454490359487	0.0438248215875901	0.834344720848755	0.939284249589578
TOR1A	-0.150013924615629	5.18234040309802	5.5562908012549	0.0191602783059206	0.140096358507086
TRAM1	-0.147088975928189	8.12517567729967	2.43991972941407	0.119505420134237	0.387625088765538
TRAPPC1	0.0955802724105848	5.82626861158343	0.869789941597399	0.351883554772689	0.650440355285181
TRAPPC2	-0.0234022098849606	3.44538518057395	0.122384288636251	0.726747580883008	0.888197018687894
TRAPPC3	0.0955175974546009	5.45171198198865	2.43403853012705	0.119949834826423	0.388311509920525
TRAPPC4	0.23312658770561	4.90068220098615	9.90656397204427	0.00183990967605011	0.0346352462682411
TRAPPC5	0.108967385842884	-0.240444088247135	0.917673141413588	0.338981573556234	0.638844906679154
TRAPPC6A	0.146916355307355	5.11019761940869	1.56686054694495	0.211794786499044	0.517114795551131
TRAPPC6B	-0.129076707823031	4.36817036084565	4.71563222112653	0.0307990299771758	0.1826828813559
TRAPPC9	-0.110978734505357	5.3944700781451	1.47830946037203	0.225148155510494	0.531513456072065
TUSC3	0.581814498739725	3.46301280261858	4.80829653813786	0.0292142623959221	0.178212420700913
TXNDC12	0.0652769469515707	6.03070701051011	1.32485583408905	0.250785786627082	0.559672171784963
TXNDC5	0.0531196250409395	2.51653802173774	0.0839939764563722	0.772188417509307	0.909646518588914
UBA1	0.06904232936562	7.85987206124007	1.40883462731419	0.236339367551714	0.542782659261957
UBA5	-0.0824815286206119	5.0982058892329	2.33261150780325	0.127911571577349	0.401749350276904
UBA7	-0.160720976632715	5.70540366157981	3.28777536671447	0.070957025529494	0.292218858783033
UBE2D1	0.162830952576287	3.52753289069199	4.52895426754977	0.0342719828851589	0.19411934492059
UBE2D2	0.0333470128185249	5.89232724225722	0.358352872844572	0.54994651747313	0.79002976133044
UBE2D3	-0.0791126655034283	7.39476083393576	1.97622285955632	0.160989449472763	0.448587550734276
UBE2D4	0.0382890379014004	4.47554077621399	0.216106679724118	0.642413837092516	0.844893698976204
UBE2E1	0.0334999817743401	5.13784479290928	0.361309463514248	0.548306497635876	0.789366856535195
UBE2E2	0.0453631261957457	3.86172580115055	0.127982726187621	0.720824724596262	0.885180838271712
UBE2E3	0.0971711662722298	5.03557310094565	2.18383131179728	0.140683995304819	0.422733273751949
UBE2G1	-0.150869845320142	4.9283590478945	4.29756837913823	0.0391575487830347	0.210777659588461
UBE2G2	0.0079149557351479	5.91592695595957	0.019105353208424	0.89017246650844	0.961117148678879
UBE2J1	0.0784138663338093	5.5602930413881	1.40655643317035	0.236717635425106	0.543208736962485
UBE2J2	0.251832656408032	5.10147315499047	12.1635131790389	0.00057254404465461	0.0161861313333654
UBE4B	0.261717860607217	5.22071286646925	10.5226048357023	0.00133444984640503	0.0279399740414229
UBQLN1	-0.0538985218389231	6.7120539671156	0.763245857110766	0.38312535057981	0.674315266592973
UBQLN2	-0.0161589441294433	5.13125384196595	0.0462900083332983	0.829819105555611	0.937341615482456
UBQLN3	0	NA	NA	1	1
UBQLN4	0.0329900804105619	5.49522775403635	0.166938733373504	0.683185103835349	0.866911669676707
UBQLNL	-0.137583899684876	-0.999541919618679	0.526230531818223	0.468852010982627	0.738763780089327
UBXN2A	-0.0224335854334107	3.81148150088843	0.128822867634379	0.719948586163947	0.885007038186189
UBXN6	-0.0716360177681655	6.91470878996201	0.892209943898032	0.345760982468459	0.644921535654232
UFD1L	0.0609057764259642	6.07224654665378	0.718334082358251	0.397474786260622	0.683881264900536
UGCG	0.0525498922362452	5.40811547796395	0.250142366686675	0.617400262287048	0.831816505851465
UGGT1	0.142078685635809	6.66584121851265	2.50282826939805	0.114864518917357	0.380464612021762
UGGT2	0.0320389510917394	3.82276732889603	0.180954759971498	0.670907861747232	0.860520791661751
USE1	-0.0515007560231286	4.98777535292566	0.22871827472575	0.632879966850329	0.839923039759387
USO1	0.00899232984099466	6.08318022597592	0.0106171655565665	0.918011391780064	0.97117807470169
USP6	-0.0453028884654481	-1.33975549718987	0.0756492681428084	0.783502005143111	0.915729451257248
USP6NL	-0.130598891422937	4.43227614343259	2.3887828292008	0.123431838610688	0.394533913174279
VAMP1	0.0222773180983087	2.66446909069307	0.0331474353049385	0.855674870927893	0.947748078105648
VAMP2	-0.118354274927467	5.10627280967247	1.75329655798285	0.186632227271597	0.486056842193276
VAMP3	0.191962725843082	5.63939295013543	6.03401729910426	0.0146907458135552	0.119924063179486
VAMP4	-0.0531540759621342	3.91283202183523	0.506076128573192	0.47748373983033	0.744477217449932
VAMP5	-0.0829970175226129	6.05449402234645	0.488530203998921	0.485211936089524	0.749281778659595
VAMP7	0.0627327229801966	5.66420111691123	0.454027456853271	0.501030490346311	0.758879053479829
VAMP8	-0.0898950125700174	6.58163390357848	0.668332605558414	0.414386250018605	0.697387860660304
VCP	0.104230249545166	8.22131612516327	3.58315041137538	0.0594851397225023	0.264418736878805
VPS45	0.19475908407254	4.91147662213496	9.60349141745338	0.0021565554860223	0.0375172192488959
VTI1A	0.0356326313077072	3.5968727634653	0.457190597755738	0.499544267536178	0.757902738595226
VTI1B	-0.0541914884534502	5.71843932027805	0.776948243183081	0.378894777041907	0.671525089007298
WAS	-0.00422618640490579	3.06952027973872	0.0011358519523701	0.973140466376767	0.991177403101908
WDR38	0	NA	NA	1	1
WFS1	0.19561899561585	5.47284559322769	3.38804572155153	0.0668166002202015	0.282623904190423
YKT6	0.243191689827149	5.57066685397595	11.3972768416472	0.000848625444207358	0.0210058754872306
YOD1	-0.0138501712559263	3.49610363359513	0.0235754660423351	0.878089820155705	0.956573811950765
YWHAQ	0.164552177023049	6.7318809820981	4.80262716107953	0.0293087218045115	0.178457550543026
