pspGenes	logFC	logCPM	F	PValue	FDR
A3GALT2	0	NA	NA	1	1
ABO	-0.0211435624582982	6.257282680092	0.041685587140416	0.83832224490357	0.891520717855287
ACAP1	-0.339097773881254	3.23198257810216	10.5619108033526	0.00125027307865362	0.00562105059258221
ACAP2	-0.0329466698778126	5.72710623766497	0.276734407180416	0.599135922651859	0.712441653401863
ACAP3	0.0117289677985412	5.52544618177625	0.0246038067547983	0.875436048580986	0.918038243816146
AGAP1	0.0866926579666849	6.04362951153465	3.57669812222065	0.0593047842808467	0.12458432756275
AGAP2	-0.519184674107462	2.72427599448267	14.3780722341654	0.000172164076049691	0.00111479727169162
AGAP3	0.142933039200406	6.59435057907125	7.23157549013066	0.0074574154521476	0.0241754837832036
AGR2	-0.904590812886118	10.0985270504625	45.0084734562845	6.58285264948417e-11	4.06725198483435e-09
AGR3	-0.501026302349724	5.49902091217713	8.16852543563525	0.00448109612105773	0.0159619072956935
AKAP10	-0.187858159930967	4.48003654900535	17.1448976440721	4.2120495536694e-05	0.00034768554497562
ALG1	0.0172595484418546	5.20560588522141	0.136041421992768	0.712440161559496	0.801670268348174
ALG10B	0.255951621497918	2.88825032739242	5.16725058602077	0.0235366321798944	0.0601545246194435
ALG11	0.253910313353527	3.36012305559139	14.9399182210809	0.000129125123850326	0.000875264158138482
ALG12	-0.0956244804536582	4.15939280878353	3.24475200483376	0.0723919431999244	0.145424523065335
ALG13	0.036176494064306	4.9463407509803	0.535862927081839	0.464573300188232	0.594930203510489
ALG14	-0.0942916816060055	4.09204855739396	2.80088447303024	0.09498001939328	0.179619508416185
ALG1L	-0.303962135830219	1.56380761992469	8.02821589419185	0.00483434703275186	0.0170266847218115
ALG1L2	-0.0358243732828401	-0.556176465267959	0.11524815352551	0.734421480224247	0.818044133431447
ALG2	-0.181403848654759	5.52775060005468	20.189820644697	9.14913044395614e-06	9.7682004141351e-05
ALG3	0.127059963991102	6.46546594064878	4.37418532159422	0.0371061512016413	0.0857015234598204
ALG5	0.219506656118829	6.01157470073979	11.0401874495895	0.000972141097565211	0.00458006852947232
ALG6	-0.0334981699450763	4.12626414034756	0.291463250008909	0.589579383365967	0.705024708896652
ALG8	0.127136703505312	5.35441788145671	5.651620730875	0.0179001533295071	0.0484188846188537
ALG9	0.120221099486086	3.10346589628665	6.89758039475455	0.00895664312376008	0.0278949022513613
AMFR	0.090307262294342	6.86420503923422	4.37711924413068	0.0370430326578023	0.0856052314174294
ANKFY1	-0.379050634112699	5.81790216551865	60.0880447689436	7.3182629200786e-14	1.2388950855211e-11
AP1B1	-0.115109527458957	7.25025055038075	5.74435423663395	0.016991642399782	0.0464838466965277
AP1G1	-0.056066422867948	6.7137423774646	1.68596485468128	0.19486838552994	0.311839371092372
AP1M1	0.0799408409087493	5.42093412383822	2.29729515744492	0.13037512392945	0.229201896122514
AP1S1	0.0766160272306916	7.04851584188976	1.31511819834005	0.252143241335691	0.378224328972123
AP1S2	0.172237163142311	4.07765747168725	4.44901923753025	0.0355309784229953	0.0828199329028884
AP3B1	-0.114812277071399	6.19861525476404	5.37399964321431	0.0209335510936767	0.0548705703513036
AP3B2	1.97046956328415	0.251792642611175	58.7478139561546	1.32589783140982e-13	2.06922930314395e-11
AP3D1	-0.030347368863807	7.7772874298113	0.455414935554478	0.500157496877282	0.627151224506973
AP3M1	0.00329217577487991	5.95272750008167	0.00531921599308768	0.941895268173188	0.963355684656576
AP3M2	-0.0573268152809752	4.51248409142644	0.900156733729711	0.343302234738505	0.47654675821875
AP3S1	-0.0790721510922707	5.87849848962898	1.67156731595947	0.196781567791027	0.314196195203706
AP3S2	-0.0359167758807519	4.65849741352756	0.686436192226323	0.40786440849563	0.540500160813899
APPL1	-0.0228291190644772	5.69758139058073	0.127948338883375	0.720754099450747	0.808009370649176
APPL2	-0.0657432380566529	5.90042631214993	2.01361593327799	0.156658102824645	0.264129157834664
ARAP1	0.0339830684178294	6.65133794695389	0.432051778566341	0.511355119301208	0.637669633757471
ARAP2	-0.262946720055311	4.35022698952552	11.0785160325879	0.000952776547067419	0.00450413670010956
ARAP3	-0.0883910192841162	4.62776572862882	0.922403921788272	0.337414318085878	0.470458553030754
ARF1	-0.114767246628939	9.47901941933714	5.02470637965256	0.0255259470080089	0.0640585825919581
ARF3	-0.0946003667051023	7.88665470895258	5.23795305332203	0.0226105096350451	0.0583022512546355
ARF4	-0.159003674172875	7.91762157148987	8.34925048508244	0.00406463773406114	0.0147119411805772
ARF5	0.0796256309565024	7.45322069984967	1.87152313827207	0.172054924170232	0.283789048404307
ARF6	-0.24120995342691	7.53530520937375	26.7768415649261	3.59226408089565e-07	6.38994365805623e-06
ARFGAP1	0.320311360824022	7.12467728263804	22.8148069992549	2.49326830361128e-06	3.29360667541078e-05
ARFGAP2	0.0898806721556553	6.67034146376058	6.43880344869581	0.0115373345262998	0.034126030021918
ARFGAP3	-0.241816255941379	5.76650610250809	13.8487137887236	0.000225964173402978	0.00138802593108791
ARFGEF1	0.22156941426289	6.66469642236961	12.3846379002061	0.000481710442273079	0.0025639882213821
ARFGEF2	0.359233200437108	6.99724152702744	34.1324302771984	1.05476917693041e-08	3.1542019578386e-07
ARFIP1	-0.129373308021413	5.9428446101899	4.62020279491531	0.0321859323091929	0.0767238882826298
ARFIP2	-0.0564538102122191	6.18988359812191	1.58356840698007	0.208968248525991	0.328637201429318
ARHGAP1	-0.117025333493215	7.17840803171161	5.89335095839273	0.015630651108199	0.0434508609153052
ARHGAP24	-0.436434233545957	2.46820693314392	18.6861009351502	1.93946101965826e-05	0.000183353872828649
ARHGAP5	-0.285838518243336	6.47241198412775	12.8681077033345	0.000374857646085163	0.00210518873719348
ARHGDIA	-0.0470703679418639	8.28345487663055	0.619623276524433	0.431645075442414	0.563431618489031
ARHGEF1	-0.0049310719870904	7.00894095780955	0.00787304584024676	0.929339950517043	0.954669075981099
ARHGEF11	0.0149760104822656	6.17133410864479	0.114722423882913	0.735005004118004	0.818514295054969
ARHGEF2	-0.202529004944924	6.41922884548541	15.6079953314601	9.1830252328917e-05	0.000661045448836917
ARHGEF6	-0.124641253065588	3.4459274729409	1.46231843963085	0.227263004490726	0.350097142730701
ARHGEF7	0.272679122106315	6.22770036319236	43.7992374708344	1.14889050493157e-10	6.5061149725516e-09
ASAP1	0.283561849101875	5.29316601788132	14.0536249824237	0.000203366348485013	0.00127951060703516
ASAP2	-0.131466903433706	4.95663760249426	4.76648365157851	0.0295891717475156	0.0719417350083216
ASAP3	-0.241059722855834	3.7249669426681	7.86186185478892	0.00529034127354072	0.0183249275672359
ATF4	0.0315415268340544	8.36679400494512	0.471833568067661	0.492535716108434	0.619850908144779
ATF6	-0.128599964344425	6.16946817683812	9.14963242863044	0.00264525346976017	0.0103448675238702
ATF6B	0.164031468291263	7.11207675365367	13.1461174364279	0.000324637581453356	0.0018683861487799
ATXN3	-0.112672542401197	4.42527090247748	5.37664171921354	0.0209022947342264	0.0548102178538864
ATXN3L	0	NA	NA	1	1
B3GNTL1	-0.0957403797453937	3.13457816587738	2.50948242316904	0.113939135600892	0.206706763487732
B4GALNT1	-0.119291937530116	0.753810958300045	1.17071786270299	0.279893914081869	0.408770348567
B4GALNT2	-0.497476820385897	3.61888628902375	2.77085452080739	0.0967638831906034	0.182158262439587
B4GALT1	-0.0954220984098307	7.34648258309284	3.57056101791349	0.0595223228383972	0.124949340166017
B4GALT3	-0.0302871145975217	5.80451000921365	0.525133551489204	0.469076073989308	0.599083412442326
BAG1	-0.217826646482618	6.71827341142428	18.4193073481469	2.21721574367693e-05	0.000204766998130792
BAG2	-0.0312064702701928	3.8883821985708	0.0535920904673375	0.817042899541822	0.876826526337565
BAK1	-0.173319012659451	5.75770161903675	8.2822804308034	0.00421414066785083	0.015147269627048
BAX	-0.413603136673668	6.62171839831296	54.1858080921936	1.01714387391593e-12	1.16105520144826e-10
BCAP31	0.276944938105226	8.7137982291266	27.6164372897088	2.39110227911309e-07	4.50185288666948e-06
BCL2	-0.446252546647301	3.36332656404127	17.8731971096626	2.91755522271035e-05	0.000256518851799569
BET1	0.124049206109179	4.56379619125696	4.23529776221451	0.0402274348828515	0.0914081181300937
BET1L	-0.0215823646632758	6.25981718619481	0.262319387316226	0.608808744075964	0.71932119664408
BNIP1	-0.171391468063125	3.52602800214066	11.4075035423581	0.000801861974943054	0.00390016917737094
CALR	-0.148943159556797	10.1592442466938	12.4340152468583	0.000469510067362464	0.00251580823648943
CANX	-0.0768552302130481	9.75712420783939	2.42536390444734	0.120162104254641	0.215484152730792
CAPN1	-0.0195335289508841	8.64045691058329	0.142028415758069	0.706469010671608	0.796771960093498
CAPN2	-0.148388362980548	7.9992425853837	5.54670842365774	0.0189889645667798	0.0507320524523196
CKAP4	-0.611595562097612	7.31840399146105	80.7067323998125	9.84743042891565e-18	5.62035057851483e-15
CLTA	-0.0165801905813316	7.76178265243272	0.109839512737962	0.740497363904359	0.822564385328002
CLTB	-0.247723274641107	7.15408228333242	11.6133948219011	0.000719995584861573	0.00357066330764518
CLTC	-0.188443342056546	8.89672086162572	17.7322719120173	3.132078678833e-05	0.000270967534380113
COG4	0.141863094003559	6.2556173319053	13.6992239960953	0.000244039847169325	0.00147994535126121
COG6	0.274809703536518	5.32993840467046	16.4768913232886	5.90582696752259e-05	0.000459045912463935
COPA	-0.0908162514329444	8.14598498910522	6.33627075130839	0.0122122542409354	0.0357135444863407
COPB1	-0.0755660341265819	7.34573711327107	3.15518084191673	0.0764326783373414	0.151937424864835
COPB2	-0.0700083913903358	7.47902827732768	3.62352403485855	0.0576726385595061	0.121886228085558
COPE	-0.115718592990752	7.42706732646205	3.70913940873177	0.0548109677957291	0.116989410480552
COPZ1	-0.137740966970698	7.77922180454053	11.1473824611573	0.000918962160548699	0.00437284138140086
COPZ2	-0.12548103245086	2.63010020950201	1.24800362824753	0.264592614587542	0.39212864967733
CRYAA	0	NA	NA	1	1
CRYAB	0.443428440177803	3.58934685616854	10.2809976090611	0.00145010264128012	0.00633163942343424
CTBP1	-0.0158018664766875	7.20930596878118	0.126172943452291	0.722617394765776	0.809363895589635
CTSA	0.438869619842172	8.31993059668114	41.5111878958989	3.31194538250841e-10	1.62794724788776e-08
CUL1	0.0471366087075156	6.45162098624234	1.81054508194241	0.179191372901761	0.292373345183825
CYTH1	-0.11127131439185	5.82241084753931	6.20181191389826	0.0131595643775854	0.03800425878367
CYTH2	-0.0826192849803382	6.33620464772504	3.29894404281389	0.0700593680732435	0.141880263384216
CYTH3	0.246568207584564	4.91352076990227	17.7889507576772	3.04394767119796e-05	0.000265760046677668
CYTH4	-0.403679902428739	3.45164733590867	12.2680868426075	0.000511799093413219	0.00269825776986605
DAD1	-0.186734177352499	6.95663842845376	11.2082757790141	0.000890078837911955	0.00425771428786619
DDIT3	0.179601457299958	4.46755576554625	4.88975182434205	0.0275712513960928	0.0680988402268104
DDOST	-0.0523888265048784	8.53424857147235	1.43555589529417	0.231556519624529	0.355194597485017
DERL1	0.148565195360162	6.75900268163636	9.13068776113078	0.00267216986378254	0.0104256377341641
DERL2	-0.257276289594643	4.90068596854357	24.1947523206683	1.2656475385443e-06	1.87139713027099e-05
DERL3	-0.373474037562206	4.15532353659886	8.7429160250674	0.00328894723021654	0.0123542703781131
DNAJA1	-0.0230882944868863	7.76141182672135	0.245495399400642	0.620532111369942	0.728390495753083
DNAJA2	0.0551416032170637	6.5837993989468	1.94189698106537	0.164222577066338	0.273695160977572
DNAJB1	-0.0767894949138118	7.94518272140919	1.19098598821944	0.275775860277813	0.404411876736866
DNAJB11	0.0284213928347962	6.49631842387925	0.441836208450787	0.506613657632427	0.632981887970063
DNAJB12	-0.0180310711968528	5.90349289755039	0.29245237073269	0.588948858454591	0.704738497615439
DNAJB2	0.134320870598965	6.13553602386366	6.3414213009639	0.0121773983328492	0.0356325777325275
DNAJB9	-0.169243133742769	5.16746707079467	6.39534163650647	0.0118185977020196	0.0348366987893676
DNAJC1	-0.1924942224306	5.20400951373421	15.166153994552	0.000115032620050204	0.000794019218425318
DNAJC10	-0.19513474985934	7.12967216524699	10.5010923436201	0.00129101933108714	0.0057711705896686
DNAJC3	0.0195767925116709	6.96478776111709	0.109872444919917	0.740459871619095	0.822564385328002
DNAJC5	0.454163356472479	7.33716412238712	66.3736447463087	4.62195613155075e-15	1.04918404186202e-12
DNAJC5B	-0.164287319243824	-0.210187017299991	1.14041377998412	0.286197391208679	0.415908561529505
DNAJC5G	0	NA	NA	1	1
DNAJC6	0.407174562785226	2.53154607125503	9.57228924502039	0.00211153510095417	0.00858888722799031
DNMBP	0.120279307601208	6.33606611524532	6.77977831524791	0.00955658072480605	0.0293560289956521
DOCK5	-0.511118170885938	5.46882629165819	44.3965662042877	8.72382102267622e-11	5.13910093804675e-09
DOLK	-0.0462803067059474	4.529521414382	1.10338927014392	0.294146296576779	0.424655408955133
DOLPP1	-0.0853538107497344	4.87713581698222	1.86699801236477	0.172573090339481	0.284423194019182
DPAGT1	0.0608803458343007	6.0529101481004	1.75688661535931	0.185756250591442	0.300531858898084
DPM1	0.518013293562411	5.89633970422014	57.9972013054725	1.8510912584332e-13	2.73906659099715e-11
DPM2	0.149082998252337	5.89427410108957	8.58491819544647	0.00358028030590073	0.0132443850723469
DPM3	-0.109225258373974	4.91334602458261	1.21523708467113	0.270948309618622	0.399414318717555
DPP6	0.734588784904216	-1.00393379410157	11.3790884837939	0.000813879817019547	0.0039509266645887
EDEM1	-0.222318130358927	5.93198463478936	19.4584506643761	1.31767913400179e-05	0.000133073601520828
EDEM2	0.199940410644498	5.74563156479132	17.761826780002	3.08580644530904e-05	0.000267892523039954
EDEM3	-0.376209404538775	6.13922277497767	24.5889619596327	1.04346389314805e-06	1.58631923360163e-05
EEA1	0.0644776178596994	5.30104746085444	0.606116001847063	0.436705977198498	0.568204168600091
EIF2AK1	0.173610765227334	7.99568827676397	14.5170161701602	0.000160327554122933	0.00105075564998678
EIF2AK2	0.0205009271290001	6.43394403647443	0.131027740663402	0.717556523218368	0.805728449005628
EIF2AK3	-0.189671419719249	4.67255823082019	14.7694813291454	0.000140885137931615	0.000943137237038181
EIF2AK4	-0.136758770409296	5.70398689131885	10.2479085717386	0.00147568756211579	0.00642089626243192
EIF2S1	-0.159875652616221	6.53901971756762	8.61193104063866	0.00352866458963513	0.0130800897833645
ERLEC1	-0.146065406476991	6.3277343172461	8.88466726340233	0.00304819294042045	0.0116248661961242
ERN1	0.0111028659663626	4.91518774331538	0.0383964774052804	0.844746868148743	0.895635233699872
ERO1A	-0.392869600103491	7.40511620662336	28.586360101137	1.4962993548193e-07	3.05937317419349e-06
ERO1B	-0.408327081736145	2.60612325363698	12.5382638485819	0.000444770406799728	0.00241039979550498
ERP27	-0.000538054018254655	2.93391685227403	7.84967160124276e-06	0.997765920173787	0.99842634607582
ERP29	-0.209624484713164	7.56259972977606	19.6222147012559	1.21420082407951e-05	0.000123875769467887
ERP44	-0.0286735792834584	6.72804224528319	0.416927210344448	0.518837870118351	0.643596460367599
EVI5	-0.150896086742123	4.39420679645578	6.41542056773985	0.0116877885738875	0.0345173365688907
EVI5L	-0.138884093439683	4.16013067989012	4.42421815674182	0.0360450806311536	0.0837251779869679
EXOC1	0.0792212761234024	5.6429803134542	2.60510477131833	0.1072944763959	0.196869152244374
EXOC2	0.0562409350906416	5.25647454650963	1.94917547455406	0.163436130484885	0.272626144016922
EXOC3	0.0614920329258644	6.15137170574561	2.15706919098469	0.142686972177172	0.24561093978554
EXOC5	-0.174566665368619	5.59309762786277	7.05665524955356	0.00820737433010676	0.0260073777947672
EXOC6	-0.195223829812238	4.73229982767903	12.9539670169288	0.000358559781063054	0.00202906237578345
EXOC6B	-0.020035261169025	4.30472058534392	0.166401666801415	0.683544088119986	0.778387681238447
EXOC7	0.0792714344146763	5.74054615565539	4.01595761604612	0.0457332876699884	0.101024898208082
FAM71B	0	NA	NA	1	1
FBXO2	0.764814884955118	3.38453099538638	12.952557318364	0.000358821487636454	0.00202996829142617
FBXO6	-0.202814470772773	4.11551685219914	4.59910334552668	0.0325797435611932	0.0774132220029018
FBXO8	-0.137292551801492	4.15330047171546	7.75557181568215	0.00560453313886106	0.019183713841996
FUT8	-0.558401502562466	5.79415242106227	43.3495305493831	1.41392540682116e-10	7.78087435996128e-09
GALNT1	-0.435365051124092	6.79615773945285	41.8785869449676	2.79291571912629e-10	1.4305457539812e-08
GALNT10	-0.167610021981384	6.47055334636307	7.89669035802818	0.00519135919447916	0.0180552978447559
GALNT11	0.0181886692863076	5.31031061590522	0.139988239511395	0.708487388754074	0.79864251891831
GALNT12	-0.212018074462518	5.5933427077055	7.96188548637214	0.0050111400113002	0.017534881462645
GALNT13	0	NA	NA	1	1
GALNT14	0.27745002934743	0.306733540967311	1.53563476305936	0.215982274272355	0.33725177134875
GALNT15	-0.259822647257301	1.60545586948225	2.5980098805739	0.107772518277242	0.197582950174943
GALNT16	0.358860280502461	0.270676902898539	4.26156543890458	0.0396165696262234	0.0903505645454321
GALNT18	-0.0387639544670476	3.85187590172181	0.114686588729299	0.735044832911222	0.818514295054969
GALNT2	-0.114125127547723	6.88835075236715	5.79313889250461	0.016533006971442	0.045464872645792
GALNT3	-0.187409410993729	6.89403761263626	7.79767215032039	0.0054778605414368	0.0188600038220857
GALNT5	-0.375966559503529	5.8590302368192	13.7346254637893	0.000239631128981402	0.00145896721503581
GALNT6	-0.0658144562090657	6.55510277608199	0.620272754531078	0.431403983637056	0.563250063864956
GALNT7	-0.449562806533605	6.62644403373969	32.1007705203079	2.77190583591277e-08	7.04473167661496e-07
GALNT8	-1.13611362111296	3.52916175582672	33.1392399089735	1.69030640057877e-08	4.6254192682139e-07
GALNT9	-0.115561631832718	0.377000746282982	0.219636632175915	0.639567630311428	0.743962011664597
GALNTL5	0	NA	NA	1	1
GALNTL6	-1.28825943913399	0.3273615795818	28.5248604371325	1.54137062715167e-07	3.13270497849776e-06
GANAB	-0.0173918980888256	8.97629694440689	0.208821730607658	0.647936091985292	0.749894054084484
GBF1	-0.10038340154099	6.69796650903825	5.02834776606287	0.0254730054923494	0.0639578629606802
GBGT1	0.110956437046172	2.54209562694834	1.06251081946731	0.303254873061264	0.434283414171039
GGA1	-0.104800019840688	6.05800043558183	5.34758239363145	0.0212487572375254	0.0555291960461549
GGA2	0.10955089290889	6.28630562625448	11.7123220087278	0.000683729659724339	0.00342911967930037
GGA3	0.0773628525331221	5.62105232685548	2.98375311232851	0.0848620692978058	0.164553751991786
GIT1	0.282978484030539	6.91939073553048	23.8913815869462	1.46863536762857e-06	2.1197586780165e-05
GIT2	-0.0988246958814969	4.46573378648812	5.21565973380884	0.0228983610649862	0.0589152061610208
GLT1D1	-0.393789201759103	-0.83744837164876	5.6679809616043	0.0177362877724407	0.0480537209470061
GLT6D1	0	NA	NA	1	1
GLT8D1	-0.0400534508407488	5.47366883666081	1.23006220919668	0.268049315595396	0.396026692458792
GLT8D2	-0.072407353176577	3.04686912467637	0.392422213954061	0.531379821010814	0.655196796772546
GMCL1	0.0444889145435807	5.19476542307363	0.910560709542112	0.340531622332838	0.473727192844332
GOLGA4	-0.0426873884616668	6.65571322046441	0.316267222000444	0.574168942471494	0.691648000651907
GOSR1	0.00619651560625709	5.7339398086937	0.0271745947713263	0.869146038168258	0.913071851614468
GOSR2	0.0655517123966056	4.45896664091456	3.35221252035965	0.0678450996790117	0.138208618314087
GPAA1	0.0602346704597854	7.21497602414807	0.703249983967766	0.402185643323556	0.534962072914593
GPLD1	0.0311139672537733	-0.469456547465241	0.118273628101923	0.731091932210255	0.815836681628516
GXYLT1	-0.0585109178684608	4.46952443605527	0.97481781135629	0.324067671973478	0.456522857944262
GXYLT2	-0.206176164481162	2.52159741580713	2.37480206380884	0.124083699209794	0.220642333577964
HAS1	0.165135632042518	-0.191490539148103	0.534292756732425	0.465227909961013	0.595539425144581
HAS2	-0.0824787178683888	3.31234770492276	0.452227348976628	0.501660400436911	0.628601691075632
HAS3	-0.375905786789658	4.42056689292845	7.4103039807052	0.00676356033470978	0.0223099209455354
HERPUD1	-0.144291892703886	6.85996462523435	8.55919913950586	0.00363014050730729	0.0133965798584834
HSP90AA1	-0.155192622127021	10.3786087460707	6.69375655358311	0.0100206723003458	0.0304909291502982
HSP90AB1	0.0735599599400618	10.7258090997983	2.89364901234254	0.0896924753616024	0.17186540890392
HSP90B1	-0.262846596255142	10.1081784321059	19.7286626640664	1.15137462409973e-05	0.000118985305178563
HSPA1B	0.117928099577394	7.16073225234063	1.74545071690024	0.187191322746661	0.302251779195446
HSPA1L	0.0655283164286341	0.779928037809045	1.04879070519001	0.306393565169737	0.437617464452357
HSPA2	-1.3292653888216	4.94571145197734	78.8088476022658	2.19867593648564e-17	1.07123781724968e-14
HSPA4L	-0.943431149444369	4.03582989802488	46.827555243434	2.85778086533276e-11	2.00305370406622e-09
HSPA5	-0.198360446245395	9.61501133660131	16.124289378221	7.06264689956023e-05	0.000532591296585939
HSPA6	-0.516410525441696	2.74705317698467	9.78219794944729	0.00188862734392007	0.00784186651884169
HSPA8	-0.206664280929543	10.7141498728832	12.6626456410406	0.000416974311772158	0.00229399032001119
HSPBP1	-0.0409878751867778	6.35449632369609	0.367942027699056	0.544466098542195	0.666886675116738
HSPH1	0.602041384194003	7.83664377848548	52.4180326067994	2.25399735213638e-12	2.29723730134063e-10
HYOU1	-0.0863292436412177	7.9361555523772	2.84925167687008	0.0921819209814419	0.175574566506987
IFT27	-0.056725451382901	4.32262930339007	1.3099512361797	0.253075572601426	0.379281089225455
INPP5B	-0.132137947533756	3.98096481317551	9.82432577355152	0.00184686026887613	0.00772140659921923
INPP5E	0.125038965934641	4.24411604843376	5.08088128713715	0.024721840529105	0.062432804855803
IQSEC1	-0.100814435162347	5.51568865678105	3.02266807892391	0.0828638680694047	0.161791479674952
IQSEC2	0.127350683051743	4.43537894651349	4.80087954621422	0.0290110345841691	0.0708898381472002
IQSEC3	0.0610863029040644	0.261797840502738	0.17540673902086	0.675571450498073	0.771908618039723
JUN	-0.108345274632172	8.36024284417271	1.89149234610304	0.169789589512952	0.281003880705114
KDELR1	-0.168757477455687	8.26412882899492	11.3800787322708	0.000813457942611996	0.00394983856626574
KDELR2	0.0689281859692047	8.6053551200664	2.00008754921434	0.158054003522215	0.265882151235594
KDELR3	-0.525131023223242	5.53593380793507	34.303119407523	9.72794834545361e-09	2.93716590534196e-07
KIF20A	-0.0327927693948289	4.94815458318437	0.294123549940042	0.587886674068959	0.704012001750586
KIF23	-0.0104401177060118	5.00303774216095	0.0277285651056237	0.867831187247721	0.912266263035335
LARGE1	-0.0936641427404641	4.64861648230286	1.96258996698167	0.161997960084717	0.270914294738577
LARGE2	0.0359449283502933	5.52930168466127	0.0759797597883991	0.782961089415313	0.853493443591486
LMAN1	-0.490117388919164	6.97730337014802	42.0632549445108	2.56376455620798e-10	1.33369168684402e-08
LMAN1L	0	NA	NA	1	1
LMAN2	-0.188551437638581	7.98228878261834	12.2166764387358	0.000525670226484279	0.00275900904998685
MAN1A1	-0.0923928170030875	6.02788425117579	1.06695613991605	0.302246880158087	0.433181495052228
MAN1A2	-0.153728401368427	5.62684906460295	6.40960506598896	0.0117255207935828	0.034608304280823
MAN1B1	-0.00582094931927313	6.5242605256412	0.019118912435858	0.890094449724901	0.92829313603971
MAN1C1	0.172997266275031	2.97686226639514	2.72952335194535	0.0992792781885477	0.185658384300171
MAN2A2	0.0633442312356117	5.81705733079045	1.32117955256249	0.251054913261281	0.376931450380108
MAP2K7	0.079772219681227	5.47192957913587	3.26756070462122	0.0714001692988068	0.143866227749946
MAP3K5	-0.322565752658728	5.2211467490922	22.9226721613936	2.36426425749521e-06	3.16970085957881e-05
MARCH6	0.0516784148141221	7.03808405351737	1.51201554438796	0.219541558840241	0.34139523661066
MCF2L	0.159381189019616	5.85579832805254	4.66566505705909	0.0313542565122472	0.0752622720606405
MGAT1	-0.212251216651633	7.22869229468453	18.7560841850014	1.87260254414906e-05	0.00017745307600532
MGAT2	-0.263436721706024	2.34316948304771	14.0693303646675	0.000201731723401199	0.00127082715441891
MGAT3	-0.0874758436345862	3.92457851615118	0.36412555657882	0.546559749246675	0.668467369800501
MGAT4B	0.213693138535075	8.37731549599837	13.8809228832044	0.000222250527198064	0.00137027053435448
MGAT4C	0	NA	NA	1	1
MGAT5	0.122198709093951	7.74881524881368	2.51336856259046	0.113660400043962	0.206238545851411
MICAL1	0.119990299768841	6.13996423203035	3.99507007177672	0.0462976299965388	0.102012073330119
MICALCL	0.0943744525424386	1.72275074380053	1.22647068086469	0.268748045993871	0.3968443943505
MICALL2	0.032357941180765	5.95771542007487	0.170546126397511	0.679844201122948	0.77536784251396
MOGS	-0.0250343707463811	6.66625686249027	0.494940079976001	0.482133819328993	0.61041356159944
MON1A	0.00691538419678033	4.24002417105529	0.0149328252606455	0.90280093903618	0.937921341698915
MYO5B	-0.240338536010288	7.22760847839394	15.7368936702308	8.59982774054771e-05	0.000624918730248021
NAPA	0.027438206473858	6.31335128034768	0.394467597603169	0.530312308604055	0.654082407796653
NAPB	0.351417067444811	3.92390265362189	28.2001936683665	1.80298502210948e-07	3.56812801776094e-06
NAPG	-0.280051115589643	5.18543598404664	21.0226361266014	6.04761759140991e-06	6.86014815479866e-05
NCKIPSD	-0.0805696250726645	5.23438408177882	2.23045327031566	0.136088323366882	0.237195737507794
NDE1	0.0689596324900986	5.47782739593119	2.21969216449373	0.137034109960882	0.238439599513443
NET1	-0.0672528060283299	7.7574856235021	1.8188409556156	0.178200633729892	0.291113498477945
NGLY1	-0.0241253812886281	5.19955894612331	0.315566952738725	0.574592956104269	0.692117033956758
NPLOC4	0.0179137200561786	7.01394126378766	0.215210044686395	0.642961927482381	0.746166899491689
NSF	0.0141705445651445	5.88780941652618	0.136427340902946	0.712050806568956	0.801483457036201
NSFL1C	0.0493552828309769	6.49363913367842	0.854158791827253	0.355925658024958	0.489330927853366
OCRL	0.103997070616939	6.03440159021537	3.9910985120643	0.0464057652735075	0.102182712423235
OPTN	-0.000201813759789378	6.64574155836932	1.16074334222977e-05	0.997283305704042	0.998132737849789
OS9	-0.169978368336374	8.11422875524477	15.9842598914551	7.5833301432469e-05	0.000563558790704985
OSGIN2	0.262188162857058	4.80022850089104	18.6974440902574	1.92846295070619e-05	0.000182400454087627
P4HB	-0.274595083313521	10.0651619283668	26.4291793617274	4.25320965017708e-07	7.35602735687768e-06
PAK1	0.0323172779524045	6.87076526629406	0.64482321159105	0.422437921895493	0.554697950948818
PARK2	0.411915716448928	0.858880995800194	13.394034811293	0.000285621519204396	0.00167959242497115
PDIA2	-0.597542167720983	1.44069325370084	8.98425768682107	0.00288986864730574	0.0111315110101387
PDIA3	-0.242714193860709	9.23204228359744	17.321017947241	3.85368275573023e-05	0.000323178701630844
PDIA4	-0.173489097132148	8.91407712427139	12.1236359192263	0.000551750574796143	0.00286652002135962
PDIA5	-0.148449392996929	5.55507304087758	9.7887670668912	0.00188205173118157	0.00782757971727735
PDIA6	-0.0263958812961883	8.25272141482449	0.38678021545775	0.534344666542342	0.657918457769343
PDILT	0	NA	NA	1	1
PGAP1	-0.179670122165422	4.52546712927337	2.99322453709412	0.0843709654170749	0.163916981635041
PICK1	-0.0575389430408557	4.99221246104534	1.17212565264073	0.279605381241175	0.408438544473398
PIGA	0.0871777072330652	3.88061208169821	2.11849430389081	0.146299804139836	0.250191326726937
PIGB	-0.187733075584889	3.12347407086819	12.0366563894544	0.000577318283116303	0.00298383183015039
PIGC	-0.0426033040541356	5.25393654221695	0.737480781069135	0.390974137632578	0.5236756988969
PIGF	-0.0697777458863957	3.94972411024245	2.06519093746953	0.151463727643089	0.257238515847505
PIGG	-0.0381247451688029	5.51102983187469	1.00745038062846	0.316110302768103	0.448513346693347
PIGH	-0.0419154015216983	3.74219554549531	0.815694091948773	0.366975912609117	0.500116716487905
PIGK	-0.033521744839733	4.92283631156527	0.337490943269843	0.561602375387837	0.681151733500147
PIGL	-0.0397972043155385	3.45870100705082	0.493974240168486	0.482561299553388	0.610761231697299
PIGM	-0.0260957600848673	4.41439862411563	0.274937513026789	0.600323925613138	0.713134558637491
PIGN	-0.362715012996166	4.89663587651776	39.4309814099719	8.72235323570214e-10	3.787776700791e-08
PIGO	-0.0868236990135383	5.82839535943535	3.71424778589838	0.0546450714337766	0.116745984886961
PIGP	-0.0391222148413035	4.10147426306442	0.386946435321651	0.534256890683519	0.65785093067213
PIGQ	-0.0145156838152357	5.65231293652333	0.0536852191025848	0.816886832015368	0.876739907116128
PIGS	-0.143456690888695	6.10870893826392	8.49433793995328	0.0037590575435852	0.0137655240129529
PIGT	0.25334812868778	8.0811025644049	19.6800532326728	1.17964675992141e-05	0.000121342037467508
PIGU	0.573037895742277	5.92341214024708	85.4470057165772	1.3438130543216e-18	1.03246190665878e-15
PIGV	0.0319387441929801	4.30500698344011	0.398418443196563	0.528261198006186	0.652277518319419
PIGX	0.156604809087383	4.85704072260913	9.31542452375853	0.00242117722085132	0.00962113311392999
PIGZ	0.00726367664845549	5.02219321027133	0.00381145875083202	0.950802545151921	0.969173088996009
PIK3C3	-0.282869808028669	4.63507888162584	28.1948544661972	1.80764194732382e-07	3.56812801776094e-06
PIK3CA	0.0825269745611931	4.30464291683877	1.80690461659394	0.179628152235464	0.292894618321413
PLAA	-0.0123248491449608	5.61708815384605	0.0865547575148123	0.768753491758415	0.842612880733394
PLIN3	-0.101912484953368	6.70346118087883	2.99882199589366	0.0840821811577846	0.163562727705512
POMT1	0.0640709697249257	5.0426490930639	1.49523024250011	0.222113738871098	0.344215985080609
POMT2	-0.222995094756022	4.23792331202793	21.7806005371744	4.15425287456081e-06	4.98111377084195e-05
PPIA	0.106554932671934	9.12712325020826	4.01967115243513	0.0456337190612653	0.100827250521827
PRKCSH	0.0206605704294625	8.69187740269313	0.168892165067556	0.681314372863361	0.776556881907937
PSD	0.502632153798906	2.6802112352635	12.3120107144666	0.00050024219849186	0.00265062020081522
PSD2	0.293061561360527	-1.24531570850941	3.08645115760367	0.079698136840831	0.156912131096737
PSD3	-0.478789847605766	4.76267652233058	29.0586433295122	1.1915965923576e-07	2.49510833636639e-06
PSD4	0.0895477047269286	6.37371007519825	3.34343557952247	0.068204707423324	0.138799636867188
QSOX2	0.104876963724027	5.25441586526551	4.60230508942341	0.0325196609639295	0.0772980422912251
RAB10	-0.00816145198781533	7.72269573878811	0.0388499797929854	0.84384447953058	0.895050691060524
RAB11A	-0.255085811002833	7.56682244693414	32.0602292931053	2.8260424763639e-08	7.12790713482894e-07
RAB11B	-0.0738793744577998	6.89422126198918	1.19622051023818	0.274724752803962	0.403433188415198
RAB11FIP1	-0.138893445039252	7.20180772357346	2.7080055525521	0.100617120175288	0.187422138475623
RAB11FIP2	0.194447736341998	3.91948820053012	6.29851937772107	0.0124708958139756	0.036346456781438
RAB11FIP3	0.2380276708543	5.82037421409344	14.9050522965053	0.000131447246041035	0.000887691070627357
RAB11FIP4	0.142880752578765	6.23607840947219	6.18232231003883	0.0133030413421044	0.0383089711181276
RAB11FIP5	-0.0375163813828565	5.25566208703284	0.51020974561183	0.475457191110961	0.604335253858014
RAB12	-0.0828631924371688	4.19096998670092	1.88328324414557	0.170716656625593	0.282304299068944
RAB13	-0.153855548403701	6.1195075420707	7.48332691014346	0.00649946363685128	0.0216064712281147
RAB14	-0.0936737848032355	6.97154047247542	5.61112129558171	0.0183125865245609	0.0493540513241538
RAB15	-0.0348973935215649	6.75689857395717	0.201232797887099	0.653966138203965	0.754861179750515
RAB17	0.242753668081374	4.96395821755309	13.1620913851419	0.000321968271370119	0.00185563710008352
RAB18	-0.0696543932449651	5.98420311627926	2.0186201856244	0.156145314268692	0.263548708164541
RAB19	-0.351331522201602	1.31680266614506	15.860670401404	8.07504542169226e-05	0.000593258945729035
RAB1A	-0.0899649389754586	7.66681599186514	5.83775612922144	0.0161247719088274	0.044644274934267
RAB1B	0.0140737334343096	7.41875655740789	0.0914805311453169	0.762457722622532	0.838001601716253
RAB20	0.142315331084094	5.66002666476607	6.64684690154078	0.0102834649699001	0.0310963512320201
RAB21	-0.111867094846334	6.08678713393032	5.10984266129929	0.0243176364399572	0.0616536496413992
RAB22A	0.371455085335979	6.31406312159168	54.964807597874	7.17103352364105e-13	8.57775842324872e-11
RAB23	0.157795129011632	3.78655145112238	3.65295569502759	0.0566713431211066	0.120100440291452
RAB24	0.168348739023199	3.10265616003741	5.925727171548	0.0153501393198846	0.0428080948002255
RAB25	-0.217206805856945	7.53930086728168	12.6094835888475	0.000428632551488906	0.00234521058574155
RAB26	-0.818915444556283	2.52725353019359	19.9366947750084	1.03789756433546e-05	0.000109236257877583
RAB27A	-0.337658425968603	4.7696118756862	23.5526052713625	1.73437219723616e-06	2.42617780196006e-05
RAB27B	-1.14062535355119	4.09960125239466	55.1505584040758	6.59824294712439e-13	8.186739199488e-11
RAB28	-0.0331700052079955	3.8778658101183	0.555033277105511	0.456697993351086	0.587330143255089
RAB29	0.0824042797329109	4.56819238907903	1.30153245947536	0.254603791248596	0.38080003998068
RAB2A	0.0615456779479626	7.47699775349228	1.40139006351661	0.237181335312351	0.361563976968828
RAB2B	-0.146883254821956	3.89069053106887	9.80302992366953	0.00186785489938206	0.00777987270017847
RAB30	-0.0256200640140955	3.67738576297374	0.104426337176942	0.746746985965942	0.826427578485078
RAB31	-0.148232839155538	5.92455660075206	1.34021366114181	0.247674661468978	0.373343573611855
RAB32	0.230982941535662	5.34118196838174	5.43911079780779	0.0201772272003352	0.0532955345097076
RAB33A	-0.27339260952925	-0.403271124259349	7.12940822313908	0.00788646270162258	0.0252144652573004
RAB33B	-0.192872779233737	3.52829932418826	10.3690983841797	0.00138415915647464	0.00610778955373039
RAB34	-0.0462858365092449	3.95932838537988	0.198473301839628	0.656192662609593	0.756687907884848
RAB35	-0.156190624948127	6.04885197864195	17.2934268392033	3.90772102199421e-05	0.000326750251717691
RAB36	-0.0963973612121342	3.63872986222201	1.15206354016172	0.283753044221259	0.412836912699481
RAB37	-0.224211215418687	2.21547421932893	4.40893827511327	0.0363657036691797	0.0843424238355432
RAB38	-0.526122802153792	1.15850184725648	13.9197357647569	0.000217857443253816	0.00134943264695759
RAB39A	0.142871031333705	-1.00063760446119	0.644627575724401	0.422508256899812	0.554723676239676
RAB39B	-0.216736643754719	-0.861390423047138	2.13587467695811	0.144659357063951	0.248236003497078
RAB3A	-0.381059459870011	1.78952561421379	12.6185754444257	0.000426615573104651	0.00233582746854807
RAB3B	-0.854234797390891	2.69103532600239	25.7476584701334	5.92601852935963e-07	9.77523915297175e-06
RAB3C	0.716284885311855	-0.174890989290962	12.4080411553252	0.000475888298602602	0.00254316336353279
RAB3D	-0.228678288833959	5.37863484067205	16.4707742806497	5.92416599356297e-05	0.000460292259383173
RAB3IL1	0.155323047264943	3.0990734436471	2.29271869155435	0.130757601703893	0.229667972534685
RAB3IP	-0.042144525523585	5.22148311238851	0.644614238988686	0.422513052362168	0.554723676239676
RAB40A	-0.330801800210716	-0.963232584711368	7.27193740373396	0.00729458876775449	0.0237424899011554
RAB40B	0.247294477167351	5.0195958782471	12.9641564889696	0.000356673875985059	0.00202354937423389
RAB40C	0.162499100954683	5.7498032305832	7.97426914396228	0.00497763810117864	0.0174413784790641
RAB41	0.47727572758977	-1.17187088878162	30.7751276548505	5.2240786820359e-08	1.22627727088542e-06
RAB42	-0.200231033159497	1.12993557706831	3.26171052057105	0.071653146674237	0.144259550288708
RAB43	-0.0318911159031011	1.63780836960577	0.235981360535947	0.627384977693366	0.734062104750347
RAB44	-0.165571500779169	-1.75876222531727	1.25783948889436	0.262721165020729	0.390194646279115
RAB4A	-0.0458170985312345	5.75392813911787	0.819117622401999	0.365973274124049	0.498920502552516
RAB4B	-0.0042898922266241	3.52585894159457	0.00527216320084067	0.942152376399394	0.963456433749075
RAB5A	-0.0471322059422057	5.92100075947629	1.01545871704597	0.314196868733396	0.446324588046786
RAB5B	-0.113648720368212	7.45200833084789	7.08574451303654	0.00807748258030134	0.0256854173868353
RAB5C	0.0173492692473793	6.910774668477	0.155324438996507	0.693704434201087	0.786996806996872
RAB6A	0.113432356371316	7.24443642518991	5.05002277732684	0.0251602362307518	0.0632998588092566
RAB6B	-0.00197003896694036	2.23142256979311	0.000285933623709147	0.986517035855045	0.991729873093472
RAB6C	0	NA	NA	1	1
RAB7A	0.141987598038982	8.18666005337016	13.1965101170757	0.000316292070801201	0.00182766861623512
RAB8A	-0.0766021269600452	5.79352124955137	5.60591828054056	0.0183662821385162	0.0494436827785873
RAB8B	-0.236906295552129	4.39775679559114	8.93835141389657	0.00296177875650866	0.0113472367548939
RAB9A	-0.0114635084673662	4.70611461321729	0.0496828212766006	0.823727839489471	0.881349079895108
RAB9B	0.336398079325311	0.217038860991007	6.4672074619073	0.0113572545992352	0.0337256604540392
RABEP1	-0.295645867626307	5.31603122422295	35.4639206606008	5.61755344395501e-09	1.85175326066741e-07
RABGAP1	0.0562704223458636	5.87192477796858	1.28407395236764	0.257809456767166	0.384787933979446
RABGAP1L	-0.237569810186754	5.61484462327823	16.9652998002665	4.61220724596115e-05	0.000371655715793949
RABGEF1	0.157348460646662	2.12677616993035	7.50506605057378	0.00642290181500363	0.0213936499513796
RAD23A	0.110454755987039	6.9832769439854	7.03703302961929	0.00829620335962522	0.0262262353084392
RAD23B	-0.027396934589649	7.74379170279754	0.632758014164864	0.42680874285754	0.559013476178183
RALBP1	-0.208673912553179	6.27758527531969	15.4489552041027	9.95803038968272e-05	0.000707781018385546
RASEF	-0.107186491585651	5.78016088378529	1.96032306636757	0.162239974328129	0.271160117735835
RBSN	-0.000975735577930844	4.71880315013472	0.000781166761702752	0.977716227710369	0.985650182519529
RBX1	-0.106910967164727	5.65214240180574	3.84602149515922	0.0505450319918316	0.10954622535194
REPIN1	0.0839777733804681	8.06200830868054	2.10784300363168	0.147315524642639	0.251583732603347
RER1	-0.165804017594424	6.90503612744834	12.9081688203832	0.000367161835643494	0.00206778258494909
RFT1	0.0400712118696262	4.99884101169765	1.00203722496608	0.317412340247411	0.449892236456319
RFWD2	-0.00719231078323788	5.96813659941688	0.0312492401770573	0.859773343983603	0.905893365653064
RNF185	0.0544667510491538	4.79259164346579	2.25293743727462	0.134135771649952	0.2343446015812
RNF5	0.12999863460323	5.74290983365391	7.88968269358451	0.00521112137379199	0.0181038887935424
ROCK1	-0.160279966925832	5.46695914411904	4.9545540450253	0.0265685983544411	0.0660774801703579
RPN1	-0.061098973314504	8.79501589793456	2.41226187172145	0.121164898925456	0.21691970074699
RPN2	0.261355337936758	9.21867647960757	29.3431760837647	1.03902708187637e-07	2.22222751472831e-06
RRBP1	0.1203579137105	9.23242408397885	2.7021592005051	0.100984015312158	0.187861490955082
RUFY1	-0.0679077575166799	5.73840920501649	3.32696489648083	0.0688850772774177	0.139870736297387
SAR1A	-0.0791024795829509	6.63847354224457	3.75075645852602	0.0534748779706413	0.114726040419024
SAR1B	-0.171512417117146	5.76905125205754	11.7992340226335	0.000653400070037647	0.00330354841788713
SEC11A	-0.152618595655382	6.67888758327766	11.1216492407201	0.000931452547819993	0.00442279441294323
SEC11C	-0.396053696549184	5.59619186249666	31.9207463760547	3.0205630974156e-08	7.5329298918819e-07
SEC13	-0.154760068282749	7.19014065313984	9.53834488812395	0.00215002191732523	0.00872946263483053
SEC16A	-0.161976753690122	7.36173767327199	10.2994310590843	0.00143604577458357	0.00628399789552712
SEC16B	-0.163927444562114	-0.472296717687078	2.11515479878042	0.146617407753468	0.250562865709922
SEC23A	-0.113726467881836	6.23088229918943	3.47529550112022	0.0630107225390842	0.130540909215614
SEC23B	-0.0518294122514948	6.94232115125467	0.83241504380166	0.362114783169053	0.495159492507364
SEC24A	-0.234160376496467	5.40814713627836	13.9310765318494	0.000216590493581437	0.00134283417125474
SEC24B	-0.142293565596313	5.57879200465139	13.4395204752362	0.000278996240892073	0.00164693525651893
SEC24C	-0.0961432931049639	5.74948884144585	3.99228616201922	0.0463734006605911	0.102133963792279
SEC24D	-0.378580086645059	6.081784800647	30.2545713216527	6.70510725387431e-08	1.51410541407062e-06
SEC31A	-0.1429667778262	7.18474434938903	8.63752545620395	0.00348046027403368	0.0129301979605908
SEC31B	0.158595132666743	2.72007025233352	2.30429730507587	0.129792340334622	0.228333931353977
SEC61A1	-0.108137467710864	8.72154397478121	9.34116680491342	0.00238816241533445	0.00951075207510387
SEC61A2	0.215260936949743	2.61381667401996	15.8306370112391	8.19932790830511e-05	0.000600842899106027
SEC61B	-0.105604324051013	6.43035614014759	4.8816159069642	0.0276998979262202	0.068371822683081
SEC61G	0.0904276641384843	6.05292663761775	2.32040401921613	0.128462815267318	0.226613669885194
SEC62	-0.0537259431659211	6.83735265785174	1.12865163546881	0.288692574999079	0.418590613209088
SEC63	0.150287428881528	6.58945939269006	6.89588732176	0.00896498535025436	0.0279121800742957
SEL1L	-0.216225869239914	6.79404881217641	13.3670181912267	0.000289631859830651	0.00169817611739862
SELENOS	-0.135702467407373	6.30357814041567	9.21034134955823	0.00256084661459555	0.0100779101601971
SGSM1	-0.320530338882029	1.60109946460634	5.98599684477205	0.0148417389330147	0.0416636561166248
SGSM3	-0.285934964581535	6.18034402250164	21.3228717890419	5.21100503414439e-06	6.05908245413669e-05
SIL1	-0.292197789194296	5.95497042763055	28.8661921198646	1.30739553330137e-07	2.70918393913155e-06
SKP1	-0.0262004531178524	7.66384154321051	0.270458573285276	0.603306841479241	0.714947568260033
SMCHD1	-0.341647449023586	5.52342431552326	17.220723513672	4.05380746505942e-05	0.000337130965537165
SNAP23	-0.116063408446322	5.75862795766792	5.05512251019935	0.0250872309077833	0.063155957733318
SNAP25	0.973124309446956	-0.237733351433868	17.7548562001285	3.09665727389526e-05	0.000268368007389726
SNAP29	-0.0417099082166589	5.20628500051834	1.32168225271148	0.250964912463822	0.376881302915148
SNAP47	-0.117306188742721	4.75317457786268	9.05232848126258	0.00278650241137187	0.0107999946002259
SPCS1	-0.0110562624193475	6.79660886832623	0.0529981373755213	0.818041641221821	0.877304922495247
SPCS2	0.029351647186572	5.47509501447141	0.390968465231472	0.532140910109153	0.655917658144284
SPCS3	-0.198063179485483	7.24531896795791	11.6259329353049	0.000715293260901751	0.00355351857243805
SRP14	-0.0990868650446463	7.44285134527442	4.79723433520391	0.029071740920963	0.0710121174660255
SRP19	-0.0498241496677896	4.08681453033759	0.615781450921142	0.433075393199424	0.564730991223429
SRP54	-0.160414560789863	5.84647869629032	12.0600588079063	0.000570323208655004	0.00295149648085294
SRP68	-0.037642594004329	6.6900379441111	1.08449024711492	0.298312925355606	0.428866426549376
SRP72	-0.0962440776855205	6.9602981373822	3.63862120070953	0.0571566829048575	0.120924308859208
SRP9	-0.0807089536341683	7.24166434187373	1.6687863095209	0.197153653573558	0.314676736570167
SRPRA	-0.055723427743849	7.49086553823409	2.18596452975521	0.14004664128049	0.242402632564669
SRPRB	-0.0985507427604399	6.72241037819621	4.5438985434026	0.0336342018834027	0.0793711537888781
SSR1	-0.181064894567135	7.75405433255285	11.7651873824152	0.000665115222858786	0.00335259694469521
SSR2	-0.206847684499327	8.02761930440668	18.962231539535	1.68886779359484e-05	0.000162743960660157
SSR3	-0.204969184160822	7.56934889595207	13.4023166502505	0.000284403461521811	0.00167390793970527
SSR4	-0.0316410347226523	8.1544141873643	0.212748748357987	0.644867636741116	0.747598857381495
STT3A	-0.0734365724402612	7.7515107912622	3.38609674312404	0.0664757703577764	0.13608526221223
STT3B	-0.0815672318329192	8.27373650376101	1.92574598729807	0.165983251688157	0.275893111683705
STUB1	-0.0283885474351508	5.6261368500625	0.208288083076977	0.648355755518349	0.750249352501566
STX10	0.00460996979036148	5.77197669934927	0.00728161848927236	0.932039059909353	0.956647915093622
STX11	-0.270700875016102	1.42591008862643	4.53410955010838	0.0338248860015601	0.0797037246236559
STX12	-0.0682870174333014	5.60224400490122	1.65137114953535	0.199502632070589	0.317303078113483
STX16	0.561642915329705	6.46044295075849	77.9120613170282	3.2173813440961e-17	1.46069113021963e-14
STX17	-0.0763002718084694	4.0091767864128	2.17011763039782	0.141487774177891	0.244064591388447
STX18	-0.154580871359252	5.35372101495583	14.4805670209543	0.00016335057800443	0.00106706708509368
STX19	0.158415491039145	2.99377257685391	2.36789080654143	0.124630721275101	0.221378560216203
STX1A	0.197177728444741	3.69656231972444	4.49390553000437	0.034620014639292	0.0811415478627826
STX1B	0.0271731544336172	0.439168837323716	0.0429037145204022	0.836010186249765	0.889772469525564
STX2	0.0864291305227128	3.89324700132176	1.583387557649	0.208994198124362	0.32865213742677
STX3	0.129585025836718	6.65392274395136	3.8714562931916	0.0497919605222748	0.108219367141003
STX4	0.114468605067708	5.80333752267964	5.78032805708932	0.0166521890560672	0.0456928748054943
STX5	-0.0348920763255585	5.48148693184768	0.620723851915711	0.43123665278192	0.563068395056646
STX6	-0.115087815447633	5.52167337566769	9.9291480141098	0.00174696846332805	0.00738101565639618
STX7	-0.00666113024199367	6.06321996656399	0.0178847202525292	0.893679150462447	0.930768233036384
STX8	-0.209513121950502	4.36463337393163	13.9765680727927	0.000211582847734509	0.00131751214661613
SURF4	-0.113051058440485	8.54038899416117	7.14607915042077	0.00781476019570718	0.0250493661215415
SVIP	-0.017402779326202	5.25257312773282	0.0759242730360516	0.783038363070743	0.853493443591486
SYTL2	-0.113313508371467	5.99193989865643	1.63233110317925	0.202108604083456	0.320219025632227
SYVN1	0.116325028440986	6.48408893889601	6.13223442600299	0.0136792322765453	0.0391372592317773
TBC1D1	-0.139597976243246	5.88012158685049	6.10343721614558	0.0139004752478724	0.0396216789276074
TBC1D10A	-0.218445745606687	3.96273731144423	17.5313435185716	3.46579399608772e-05	0.000295361351816759
TBC1D10B	0.116696490385731	6.51321273264533	6.75833284064486	0.00967016989526851	0.0296547918065526
TBC1D10C	-0.347955869602238	2.6209682815423	9.11452034995408	0.00269536116612707	0.0104976671192346
TBC1D12	-0.136626336965077	4.07793680068024	6.0313124817544	0.0144709701154379	0.0408409295035303
TBC1D13	0.100918281873622	5.0849942652911	5.5735204642186	0.0187043253441899	0.0501437346154369
TBC1D14	-0.0539123805420712	5.14571873039666	0.860743311511327	0.354080173760895	0.487519657013729
TBC1D15	-0.0581998536191171	5.4559685441423	1.5036471760875	0.220819438145063	0.342858668753786
TBC1D16	0.240272358796133	6.58143217922091	13.3048664013737	0.000299075540524207	0.00174178804592173
TBC1D17	-0.0213217925973458	5.31754483980517	0.172364720224425	0.678237294240562	0.773977045972549
TBC1D19	-0.211254304921139	1.97538171249785	10.8296923867755	0.00108584577884243	0.00502184000531768
TBC1D2	-0.345890690004177	5.46071194557764	15.3472128099669	0.000104881866695298	0.000737199215026487
TBC1D20	0.014917917575728	5.66886867265661	0.101822146970599	0.74981742046454	0.828680292435644
TBC1D21	0	NA	NA	1	1
TBC1D22A	-0.0565591833204857	5.474563860698	1.96561259851873	0.161675906486204	0.270511243550248
TBC1D22B	0.0940427637504708	4.24785425049333	7.74988744184865	0.00562186485259841	0.0192186823074998
TBC1D23	0.068811975958135	5.27058298759442	1.77714001403009	0.183246011485525	0.297289232959867
TBC1D24	0.131249575842089	4.11891863512975	8.61859194709808	0.00351605424017782	0.0130406051804293
TBC1D2B	-0.0723057020965264	5.68383663182107	1.67163032538418	0.196773146990111	0.314196195203706
TBC1D30	-0.150210291397807	4.23817793638798	5.18610609322477	0.0232858493179482	0.0596739096825316
TBC1D4	0.332025816866336	6.06893062863434	19.5964726526528	1.22990638724288e-05	0.000125222273147624
TBC1D5	0.122119146115251	5.90860458027207	5.44159188271802	0.0201489749527571	0.0532542899783376
TBC1D7	0.0171165849708075	4.42157293087071	0.0951133291214118	0.757932224095482	0.834460654129815
TBC1D8	-0.234188936281253	4.47529198583941	10.458209629352	0.00132055858204193	0.00587385398238021
TBC1D9	-0.0107286692908926	3.87507496529019	0.0117200649319026	0.913843353730364	0.945163912580583
TBC1D9B	-0.0197134927836482	7.40596573659834	0.239196337954128	0.625050401786521	0.732188285116258
TMED10	-0.35144700162842	8.41947989944585	48.4396851276144	1.36870340845772e-11	1.06243397672098e-09
TMED2	-0.207738975381857	8.62845893131225	10.7388249789256	0.00113902193736729	0.00521102559529067
TMED5	-0.0501056010283341	6.40177385879465	0.483257837712496	0.487346713284248	0.615336448047919
TMED7	-0.228574678999665	6.72903160386287	8.79143639253729	0.00320442769620486	0.0121005005027199
TMED8	-0.237154042452579	4.58169040888673	16.4877706978833	5.87335197033899e-05	0.000456877254515154
TMX1	-0.214213858062404	5.98947116545123	10.6641093943709	0.00118472427838801	0.00538599275946265
TMX2	-0.0204407448444771	6.75649103608354	0.192168299412113	0.661350449445584	0.761010171550978
TMX3	-0.24029131450433	4.98419900645268	15.5591267989551	9.41444313554911e-05	0.000675417889496021
TMX4	-0.0023235161902495	5.9328324976339	0.00107560417316897	0.973853009357783	0.982807300946301
TOR1A	-0.103499836197036	5.64364078979873	8.43995378744828	0.00387075104889688	0.0141047287400153
TRAM1	0.102516069262785	7.885512296792	1.90636248614989	0.168124994285352	0.278803327730714
TRAPPC1	-0.230920338185161	6.09465578203737	14.0268107869343	0.000206188230455724	0.0012919749346247
TRAPPC2	0.0941116455092084	4.29108289938007	2.40806803200453	0.121487846989443	0.217342041148228
TRAPPC3	-0.0665071800360232	5.75431013423105	2.81127155945933	0.0943713874208062	0.17867148470458
TRAPPC4	-0.0613834297653252	5.61983939121329	1.35944993433844	0.244315077655688	0.370042638927014
TRAPPC5	-0.357221176715447	1.5115884524978	4.71851465983646	0.0304156495103958	0.073494981809564
TRAPPC6A	0.103712725163543	5.06198836447492	1.81468683029813	0.178695946638433	0.291707953750865
TRAPPC6B	-0.0979404779137948	4.45129944230143	3.64722206821286	0.0568649441954766	0.120426821774928
TRAPPC9	0.162937715480966	5.89647538601675	10.0733262142365	0.00161848340104647	0.00692753897992378
TUSC3	-0.126058182480805	2.82274705934453	1.18037863171055	0.277921437543277	0.406543543963423
TXNDC12	0.000686059124738103	6.77227108992034	0.000257370968981997	0.987208112928438	0.992174947869717
TXNDC5	-0.318012330903457	3.89648000975134	18.0518100710881	2.66682903319735e-05	0.000238676419207663
UBA1	0.0164077555069046	8.97488428162593	0.103231113146347	0.748150889961121	0.827431191333372
UBA5	-0.0452447035738203	5.14698200643238	0.898748770973502	0.343679518611783	0.476991736523934
UBA7	-0.373595674440172	5.77632078695875	26.9681562767819	3.27373353381889e-07	5.90166233563147e-06
UBE2D1	0.0230066595092659	4.85417705997451	0.184196140592013	0.668018575000329	0.76647553441738
UBE2D2	-0.0182877672045434	6.75806487121665	0.207948587900904	0.648623074805217	0.750488161625979
UBE2D3	-0.13663441612141	8.00820577739731	10.4075328743041	0.00135635417435618	0.00601032186932987
UBE2D4	0.112406336544416	4.1719826434275	6.64850919479909	0.010274032430765	0.0310866512930871
UBE2E1	-0.0274479064268542	6.13169152589116	0.280660237465081	0.596557431049389	0.710307637995028
UBE2E2	0.133956876610112	2.70061252956451	1.35401828449789	0.245258019428854	0.370933876288751
UBE2E3	-0.0109097671954438	5.62187803375766	0.0589160369114539	0.808339637674418	0.870948899794184
UBE2G1	-0.294013143667632	5.57557124663473	42.5671576176968	2.0301182242917e-10	1.08432196920992e-08
UBE2G2	0.0503554084995705	6.40071056194346	1.41963801985963	0.234156761590215	0.358169786468387
UBE2J1	-0.149979416510841	6.70329091571931	10.7062406950171	0.00115872875250091	0.00528706385563231
UBE2J2	-0.0492421332573481	5.70033999863076	1.25518313067098	0.263224955891461	0.390739519869795
UBE4B	-0.0146667971005941	5.99171557088812	0.105544094601635	0.745442082494385	0.825990184152864
UBQLN1	-0.0351961841112779	7.33230091614305	0.864989012561082	0.352897155435009	0.486496725475317
UBQLN2	-0.0120037920712158	5.81628549929391	0.0775705832540594	0.780758414658903	0.851938061464262
UBQLN3	0	NA	NA	1	1
UBQLN4	-0.0482955886701008	6.01342046611108	1.1263686023904	0.289180101128607	0.419145385295679
UBQLNL	0	NA	NA	1	1
UBXN2A	0.075200089869493	4.61686423661498	2.72538734632104	0.0995349079847189	0.185979732663244
UBXN6	-0.1192220510393	6.78242989243706	5.95685116029987	0.0150853844342658	0.0421993613581984
UFD1L	-0.0830503369898346	6.0366149958466	3.94945154517547	0.0475559398240167	0.104221333398196
UGCG	-0.102500106583217	5.48782691843914	3.08680655125936	0.0796808687031992	0.156895518306073
UGGT1	-0.126400458456876	6.98705907249861	7.66176533110521	0.00589768500164661	0.0200054602806746
UGGT2	0.312913496095019	4.90960271570279	18.5850490239255	2.04027605147999e-05	0.000190986665437509
USE1	0.12323061594273	4.48672856152309	4.82269567538927	0.0286504741488116	0.0702040459492767
USO1	-0.141594266074349	6.59848135756395	7.63954424845673	0.00596940035464904	0.0202094196457539
USP6	0.138759862650769	-1.18087338725951	1.33910640480637	0.247869760566799	0.373436502586258
USP6NL	0.0866975057223204	5.53324056579127	3.18190847455606	0.0752020717599586	0.14987893699261
VAMP1	-0.0124508225637162	2.75351908296905	0.027319680918102	0.868800354833246	0.912914593266842
VAMP2	-0.193720713221235	5.1148137080697	9.04538694317931	0.00279686825355929	0.0108338646951911
VAMP3	0.00174420949900368	6.86878587304054	0.00137628872332901	0.970424749358431	0.980516982393988
VAMP4	0.0489040396809686	3.94569618338042	0.665140581284276	0.415227597147293	0.547859080621818
VAMP5	-0.247722259203184	3.9354615172023	5.36360496661503	0.0210569947197605	0.0551001475664049
VAMP7	0.227123543146596	5.62471339124833	17.9627518591432	2.78900112576553e-05	0.000246518081806602
VAMP8	-0.0233557684182746	6.82458645721306	0.176035154971959	0.675024136698679	0.771588587473839
VCP	-0.0816874959787522	8.70222489064267	4.30388941318687	0.0386527757238373	0.0885264673078851
VPS45	-0.0922426523597086	4.81554248131633	5.15038564649013	0.0237633227974852	0.060602085561415
VTI1A	0.047270992780872	4.68281963286713	1.13517898615555	0.287304475846988	0.417031987321568
VTI1B	-0.0661034930522967	6.04823439126764	2.34632562194089	0.126354949323187	0.223645797242601
WAS	-0.303240177502524	2.94180152479308	7.83869641241708	0.00535724519778255	0.0184957362721922
WDR38	0	NA	NA	1	1
WFS1	0.120078109638182	6.48098080491921	1.26328582981402	0.26169198645836	0.389065000511214
YKT6	0.176900835975818	7.0421177451933	19.8943795057741	1.06002749592e-05	0.000111097110485298
YOD1	-0.126289625230528	3.97076781573918	3.23045289025558	0.0730212556872302	0.146394279767976
YWHAQ	0.0338468646471606	8.27395814404486	0.533009196082775	0.465764128807446	0.595805855344361
