pspGenes	logFC	logCPM	F	PValue	FDR
A3GALT2	0	NA	NA	1	1
ABO	-0.193611129118162	6.33469879455984	1.48844218871138	0.223586974806263	0.479965916694598
ACAP1	-0.197090856370662	3.18961169708812	1.70317883815165	0.19305080335166	0.444727787723347
ACAP2	-0.0845149549183186	5.82170912415849	0.656488455366132	0.418558916847066	0.666463560486376
ACAP3	0.11500027505862	5.54401721018485	1.01164014281619	0.315464999167868	0.577619732655308
AGAP1	-0.0110714416607677	6.00931553096668	0.0258420020273474	0.872414233923681	0.94610266580075
AGAP2	-0.33311888988082	2.70879385935033	2.58035158345894	0.109436898953012	0.324341243754877
AGAP3	0.223728304690913	6.52562008368877	7.0151621977244	0.00858719318745742	0.0696792223190108
AGR2	-0.99550014504461	10.0622399904154	22.6102771540573	3.32363182464833e-06	0.000361162280904183
AGR3	-0.104438920943026	5.34447258253418	0.177396175252072	0.673975815856831	0.841810888380012
AKAP10	-0.171401271857003	4.50740236792851	6.7371320803408	0.00999079080902739	0.0766991482320125
ALG1	0.0559565538399385	5.18385383011766	0.486081271902874	0.486316590977621	0.720761993724151
ALG10B	0.16375044969082	2.96463138033743	0.811557617203083	0.368511330995691	0.624635150656925
ALG11	0.146797812375358	3.41986082554531	1.73409346332149	0.189072797016147	0.438727972911106
ALG12	0.0263975806359438	4.22449884736329	0.0601349202438401	0.8064803263839	0.915490466997777
ALG13	-0.118512507591838	5.02210240680626	2.01763448927085	0.156704404081826	0.39762705132992
ALG14	0.00206029844944369	4.11025246442941	0.000610657139092069	0.980304453123175	0.992378690196178
ALG1L	0.154731523321412	1.48507532485389	0.748654297742118	0.387717010098336	0.641307358955121
ALG1L2	-0.0476279937735711	-0.567643724216383	0.0798673836326097	0.77770678250616	0.899788635157565
ALG2	-0.0849175460642913	5.57891850859486	1.91813835948515	0.167274152755499	0.410807506140513
ALG3	0.17257528374131	6.46280080200751	3.8005108141014	0.0523346422313694	0.212128637150821
ALG5	0.248141048404214	6.06661195993874	5.79781889939442	0.0167576641950703	0.106022904830815
ALG6	-0.151208520419686	4.15557033037446	2.50438178229198	0.11477118963989	0.333217387246731
ALG8	0.0299088782797924	5.31462070976809	0.148855313138244	0.699953792426153	0.856985131500828
ALG9	0.0314304650576097	3.09317927226911	0.21582621012533	0.642635659220025	0.822940048417751
AMFR	0.0927540103516482	6.8617741665545	1.84125445546896	0.176005561437811	0.423159235780903
ANKFY1	-0.218828165977122	5.83740321228795	8.80145178501471	0.00329613049057143	0.0378511646029458
AP1B1	-0.101298819167871	7.22299556830728	1.48498073180076	0.224124586697268	0.480452553606377
AP1G1	-0.126711077649476	6.7265681222296	3.96099485709922	0.0476353484719889	0.200239437913858
AP1M1	0.12597129283903	5.41680770023956	2.02730050933333	0.155718951941954	0.396223443076444
AP1S1	0.0719222406879734	7.04669476570122	0.453703747156823	0.501192222845824	0.729632089603374
AP1S2	-0.234087116460619	4.1439016060543	3.55665913022628	0.0604450854413329	0.230049259106109
AP3B1	-0.155694412206938	6.21031702693406	4.4709348732006	0.035448119696249	0.166586898225411
AP3B2	-0.206409608492225	0.0297014638442872	0.337718672276298	0.561663011829394	0.772772350370412
AP3D1	-0.0143890290528675	7.7719470000118	0.035100871126896	0.851533636211126	0.937155222511196
AP3M1	-0.0235461464121897	5.9809265178092	0.121377055776944	0.727833583370249	0.871497428002728
AP3M2	-0.0419929954299559	4.54328763399826	0.228546398837422	0.633013889194074	0.817381220023292
AP3S1	-0.0481704239190195	5.90911778302878	0.268252061803735	0.604956392679145	0.800690065983214
AP3S2	-0.0830362373759998	4.680725198574	1.73226524298704	0.189305358328563	0.43917093198244
APPL1	-0.229565742563916	5.71121090970717	5.68489103494838	0.0178444511198162	0.109840897375878
APPL2	-0.0284899625518457	5.87169097111179	0.176933023229666	0.674377061610488	0.841934963509588
ARAP1	0.0233262629756345	6.60410347955654	0.0788499688150758	0.779089996622974	0.900709768192754
ARAP2	-0.310811029506151	4.39001297528577	5.86481747497088	0.0161455904350123	0.103461147172523
ARAP3	0.214828005424203	4.64872419461199	2.53700565467301	0.112445987129955	0.329335188869014
ARF1	0.147843468631836	9.5132066541836	2.94662144782673	0.0872733096476774	0.284359913552193
ARF3	-0.0632330522329186	7.90729224598474	0.927001695054485	0.336556619776161	0.59676592661294
ARF4	-0.178245408010195	7.93404840939717	4.66955426338591	0.0316345209497952	0.155502504290769
ARF5	0.143010579311183	7.41360289847423	1.95668649019465	0.16308488888841	0.405854390586304
ARF6	-0.135821072301486	7.55009901395435	3.24612176733059	0.0727753857177044	0.256080438376719
ARFGAP1	0.145482434149719	7.1098788741102	1.75123577237847	0.186908367489662	0.435793346658795
ARFGAP2	0.124028553973407	6.61496048435283	4.1629039497627	0.0423501606997916	0.186074142916279
ARFGAP3	-0.174090187799833	5.74902107462131	3.62135362049158	0.058170216132728	0.224896206045379
ARFGEF1	0.232017613558091	6.63201029454155	6.63472747313628	0.0105656457016861	0.0796333132060225
ARFGEF2	0.119452636730098	6.99247182368021	1.54020771090255	0.215728944985923	0.471370427990076
ARFIP1	-0.15122432648802	5.95061314216546	2.94032716384127	0.0876098236785234	0.285266616670066
ARFIP2	-0.0943327381398191	6.18835095021455	1.68623786798236	0.195272354033668	0.447644246996928
ARHGAP1	0.124458795219097	7.13968086292562	2.7435161274205	0.0988813173736164	0.305661573720189
ARHGAP24	-0.0525709851046708	2.33566699064864	0.139874331819512	0.708717183264317	0.861618624013557
ARHGAP5	-0.0795095266959336	6.55597611871013	0.344570679799888	0.557722801421547	0.770569824142589
ARHGDIA	-0.0392914459368304	8.25574434146777	0.14096289713887	0.707638177078596	0.86112922459612
ARHGEF1	0.122968886607044	6.98958570906983	1.71517292580348	0.191495897185188	0.442402740664214
ARHGEF11	0.0644569696572873	6.12744528183872	0.9239913879146	0.337340978828222	0.597654019218232
ARHGEF2	0.0241652608359002	6.41386180693778	0.0982811998197047	0.75415872670774	0.886379934898658
ARHGEF6	-0.247014893231338	3.42779943769282	2.86162223299916	0.0919392801027765	0.292996517588304
ARHGEF7	0.285834544076869	6.23900751050064	19.1834095090398	1.73586650742238e-05	0.0011387121357881
ASAP1	0.214692567313713	5.32561398161815	3.4383443929914	0.0648556158990552	0.239268114488568
ASAP2	0.0140094181905396	4.95842693812495	0.0254459530469742	0.873387324117245	0.94646463996156
ASAP3	-0.130221951008397	3.66896086009458	1.12598679044909	0.289638335737334	0.551671233638282
ATF4	-0.0133628404434557	8.35492166277431	0.0287592629772034	0.865470718358757	0.942796001122414
ATF6	0.012493860914863	6.19815456223032	0.0371959975345006	0.847220272139258	0.935630496986102
ATF6B	0.291950330582736	7.0381540204138	14.862704476512	0.000146478649999268	0.00499826493845872
ATXN3	-0.0404780147891301	4.48757504825819	0.211990112678238	0.645604947154437	0.825213427566184
ATXN3L	0	NA	NA	1	1
B3GNTL1	-0.0454158981871859	3.12358517038848	0.29907361667243	0.584942658925909	0.787770986607632
B4GALNT1	0.322258287223301	0.762879274494325	4.39074561585884	0.0371222410856282	0.171678044628856
B4GALNT2	-0.502152081792646	3.05771967114949	1.55226067993325	0.213947047652398	0.469178998393864
B4GALT1	0.021416650681067	7.35153744419152	0.0866596006725733	0.768707350751164	0.894372181887005
B4GALT3	0.228347136741131	5.80341872061203	11.3409317926871	0.000875482590100212	0.0165971659009915
BAG1	-0.0779416553603449	6.70372737485078	1.03389489319393	0.310210706038763	0.572139273316113
BAG2	-0.271138808331178	3.97958010063949	1.94203672772346	0.164662603097927	0.407215977159602
BAK1	-0.271608809707196	5.7400092928697	8.84948163666769	0.00321337898479807	0.0371184889745359
BAX	-0.15833020704351	6.62602737006326	2.42629550596787	0.120556472931361	0.342893355764706
BCAP31	0.248783417890611	8.68953147037484	6.95605744020703	0.00886752689538068	0.071050401456487
BCL2	-0.510536552350804	3.30266042725768	10.7779233838724	0.00117106914398225	0.0198291635536464
BET1	-0.103050035743592	4.54559224187004	1.28140113720956	0.258703495070195	0.519251326967134
BET1L	0.0968672681129746	6.2439585639412	1.91580315343847	0.167531883818442	0.411193345299402
BNIP1	-0.199968930458255	3.55923639351537	6.19215459486108	0.0134716768423651	0.091967752433257
CALR	-0.200280000131896	10.1442820418494	7.13020117980197	0.00806744458611991	0.0669946501265583
CANX	-0.144617872088603	9.77842005331524	3.98531101561125	0.0469633693034225	0.198301673501234
CAPN1	0.0902730436896685	8.66014731101336	0.896449526675961	0.3446330832245	0.603953655313733
CAPN2	-0.0142034211507209	8.01379642479231	0.0241983502551587	0.87650452099732	0.948198715514414
CKAP4	-0.294069156702898	7.31889431370316	8.4929339341684	0.00388235131844649	0.0420358747530409
CLTA	0.0225083986685923	7.78894078203422	0.0781368072318318	0.780065317154146	0.901269152193716
CLTB	0.117951055261688	7.14029018474613	0.981981943882702	0.322650639805218	0.583995718874714
CLTC	-0.214858867833763	8.91760840382969	10.4236941340533	0.00140743214669854	0.0223083286350014
COG4	0.063188008777022	6.22472298182023	0.898997104046325	0.343949674481296	0.603529472926603
COG6	0.258305548263254	5.40387271569316	6.23761089134261	0.0131384050921477	0.0907208377817114
COPA	0.0352261582973718	8.1322858477566	0.418340081741825	0.518349027699092	0.743203145815449
COPB1	-0.079407094639786	7.35819552833563	1.48855018526412	0.223570226445801	0.479965916694598
COPB2	-0.0966636662364123	7.48647331569183	2.9945474899645	0.084756700143673	0.280187548334447
COPE	-0.0555518089785778	7.46188506291997	0.251699551193664	0.616314374294152	0.807340043776488
COPZ1	-0.066055182188848	7.81705337782781	1.08524260818409	0.298515714072136	0.560981867549073
COPZ2	0.195703995440351	2.58969774480834	1.62839542025675	0.203087789585009	0.456810184394846
CRYAA	0	NA	NA	1	1
CRYAB	0.32698384883073	3.52905748368783	2.87711907257574	0.0910686955830929	0.291234704427667
CTBP1	-0.0944153059016632	7.19753336422062	1.60934474272099	0.205742377397621	0.459747197150652
CTSA	0.161171494343315	8.26634380907331	2.27070249827297	0.133079631950948	0.362601434220485
CUL1	0.0361049401378018	6.40925703950372	0.444437383483322	0.505592018455063	0.732686144294437
CYTH1	-0.00274526085942717	5.77363654435425	0.00195826662609181	0.964737968676044	0.985282521457732
CYTH2	0.104346001793544	6.28523255214075	2.25801174874632	0.134163689373281	0.36395634225687
CYTH3	0.276340347778169	4.84489894796629	11.5703128888425	0.000777980080343464	0.0152848071516501
CYTH4	-0.285354159670324	3.50949923216498	2.77821547106435	0.0967839987500465	0.30174810697948
DAD1	-0.0553230558208863	6.96646253503935	0.40087582331166	0.527205478297766	0.749720096313801
DDIT3	0.0977336499615729	4.43685162691644	0.629707191910089	0.428201526605028	0.67497356334349
DDOST	-0.121436296456878	8.52636802715814	2.40762212537487	0.121987551630725	0.34513750851259
DERL1	0.208672715746323	6.72548020612661	9.3315935735766	0.0024915907748459	0.0319108293587645
DERL2	-0.209937011473416	4.94506448003976	6.85934004401742	0.00934677600317632	0.0733033426052678
DERL3	-0.278699333995169	4.11643316060564	2.34858756573696	0.12663795661825	0.352769108332578
DNAJA1	-0.117967544682168	7.7842331575666	2.5991589617946	0.108159074972394	0.322048228741956
DNAJA2	-0.0535819750664431	6.58757762374956	0.813916893038958	0.367817277447694	0.624060847152904
DNAJB1	-0.106702026207251	8.00930485127244	0.978034494704175	0.323623284238992	0.585002782973949
DNAJB11	0.0108783622900073	6.48966055068109	0.0302497012871188	0.862063049071439	0.941715355993275
DNAJB12	0.0529320072143521	5.86908522671148	0.947607642180776	0.331252769842503	0.591834149841498
DNAJB2	0.223468410134602	6.05332310536115	6.79696230383552	0.00966996397450764	0.0749457759362483
DNAJB9	-0.0516411969474157	5.22999660275052	0.252836961593589	0.615519126136412	0.806899987443673
DNAJC1	-0.191294616378008	5.19566366399227	6.22149761779673	0.0132555552800552	0.091096946865953
DNAJC10	-0.132735767711682	7.12420586264986	2.16955502799639	0.142001897161432	0.375978647834734
DNAJC3	0.0743979256579866	7.04477770344787	0.630464218417729	0.427924382276806	0.674926971627813
DNAJC5	0.223460089645773	7.29580941221298	6.20669627854893	0.0133641200140971	0.0914407705346257
DNAJC5B	-0.665439691114898	-0.220506981178596	9.32185092062988	0.00250439699740403	0.0320359181445839
DNAJC5G	0	NA	NA	1	1
DNAJC6	-0.0452563196243583	2.51424262914103	0.0555167011811562	0.813917070478071	0.919566201980182
DNMBP	-0.0304235303800235	6.29442754797138	0.184348765709374	0.668025354742715	0.83823010961494
DOCK5	-0.454953902095539	5.61910591416534	12.5033925691017	0.000482457349840254	0.0110430872877116
DOLK	0.0258630270800012	4.51115035691867	0.101981316215937	0.749726624473556	0.884435619588776
DOLPP1	0.0421046037575554	4.88977781304624	0.203329989725402	0.652430016587111	0.829196119558103
DPAGT1	0.0101780684593817	6.04907960846772	0.0222642077073753	0.881504486958581	0.950680696328942
DPM1	0.141133370913472	5.86280057861591	1.79157081013028	0.181928690075975	0.429758365824945
DPM2	0.108982396298796	5.86745268241887	1.77688057146879	0.183724191748169	0.43192703091816
DPM3	-0.0106257665237107	4.95660652248258	0.00455576381995198	0.946239493890612	0.978882852620865
DPP6	0.0367768890472752	-1.01544557132804	0.0136520395920897	0.907077402606662	0.962111375559189
EDEM1	-0.260099414129024	6.00706346435513	10.0834811936101	0.00168029810151693	0.0248825322042708
EDEM2	0.0372461836622082	5.72604170833533	0.215734865539107	0.642705989144246	0.822940048417751
EDEM3	-0.101915336027687	6.18850659532619	0.744623304624783	0.388995837883882	0.642325335390865
EEA1	-0.360584062190429	5.38756423926103	7.4978496519348	0.00661321214580664	0.0591987792975583
EIF2AK1	0.158743356552614	7.93402877636892	5.34669061671691	0.0215597017642977	0.124282218455882
EIF2AK2	-0.123490404877803	6.4981581239944	1.77297119084534	0.184205485489485	0.432768362784584
EIF2AK3	-0.156028719553624	4.68778805977081	5.13468666368319	0.0242921849721103	0.133553357734063
EIF2AK4	-0.0893781478350176	5.71120235645057	1.96450169313227	0.162250327302597	0.404998081724044
EIF2S1	-0.226722149587744	6.58054413442425	7.66115879628996	0.00605652897915669	0.0559009139271463
ERLEC1	-0.0373602238485346	6.3363035324535	0.264030854318236	0.607809904697745	0.80212109103616
ERN1	0.00964025354770034	4.90404213671703	0.0144334901304624	0.904467405151028	0.96075165615181
ERO1A	-0.286091882886943	7.48881615004861	5.42525456817318	0.0206302692086909	0.12117768325116
ERO1B	-0.273061362824365	2.84200389895581	2.01341619119246	0.157136691216418	0.397957542952103
ERP27	-0.207919608832658	2.89583531101064	0.591532151466747	0.442540017524061	0.68711059599566
ERP29	-0.180550246803259	7.51741164337115	4.79172117061193	0.0295050883469632	0.148772114495352
ERP44	0.0180424436872218	6.74509613687266	0.0745529052948073	0.7850408631768	0.90340337554616
EVI5	-0.215749902405221	4.44405615047691	4.3478200880305	0.0380524558943571	0.173934046554411
EVI5L	0.0286310190052608	4.1526612620515	0.0705868726262951	0.790699168355176	0.907035409417957
EXOC1	0.0695145621584449	5.62056534567899	0.873874015067576	0.350770642544802	0.60971272390229
EXOC2	0.0888462720821659	5.23478349100879	1.95073668401408	0.163723553991442	0.406244849540206
EXOC3	0.14698523401967	6.15948725695944	3.94399735746772	0.0481111323293784	0.201156442014206
EXOC5	-0.240844883136143	5.65660309404249	5.01617280740377	0.0259750485469936	0.138592760926138
EXOC6	-0.272006397520345	4.75735414637169	11.2491749262397	0.000917890346244311	0.0171239348576782
EXOC6B	0.0495524316570851	4.31025232628865	0.47294507591959	0.492261315397483	0.724220866068417
EXOC7	0.0720815440442327	5.70114043784427	1.11516424025178	0.291962923641777	0.553744524812623
FAM71B	0	NA	NA	1	1
FBXO2	0.270121060104303	3.07123480466636	0.896194788403617	0.344701520184724	0.603953655313733
FBXO6	-0.658184665661848	4.1543567648279	21.9652229948603	4.52612114479754e-06	0.000452371028268872
FBXO8	-0.0820504829599712	4.13259451051308	1.1453601043182	0.285535886850896	0.547814163697101
FUT8	-0.488292884519116	5.8027743671288	13.5309130408063	0.000286305607939318	0.00773430858859628
GALNT1	-0.351686263372292	6.79542089433989	12.7759482821891	0.00041991235091449	0.010002454541953
GALNT10	0.0593077110523544	6.45568775225713	0.465618806256956	0.495629880701215	0.726013921801228
GALNT11	-0.0180296957010543	5.27701152857564	0.0652931149438289	0.798523772704741	0.911159927057572
GALNT12	-0.0369394973189927	5.59600764407275	0.111175555057591	0.739084110180211	0.87807890705078
GALNT13	0.0176701148480025	-1.22663656973683	0.00233193856274599	0.961522856568818	0.984583253622023
GALNT14	1.04481322954775	0.59761113975518	10.6024781393387	0.00128260568012113	0.0208816946720994
GALNT15	0.251203987407291	1.56634185912884	1.29006638150085	0.257103547407784	0.517768425955627
GALNT16	0.530590816800714	0.125336585522741	4.78617830146298	0.0295983714115281	0.149065918529621
GALNT18	0.179889441600726	3.89420936987279	1.16147462230486	0.282179774956463	0.543651237055126
GALNT2	0.171118157750187	6.89675177962829	5.28205685728465	0.022357025153237	0.127208757693762
GALNT3	-0.0982070650881065	6.87858854874105	1.05979063682269	0.304239739703423	0.566699556373407
GALNT5	-0.249191575407169	5.84381769872105	2.69973610444021	0.101598993422642	0.311264115730665
GALNT6	0.0960991649469238	6.51362901703603	0.632325948584338	0.427243963525299	0.674507570173328
GALNT7	-0.279709791337798	6.5967422676777	5.63372419899662	0.0183607341004649	0.11172115580575
GALNT8	-0.320267692538817	3.21552657936151	1.35841108154091	0.24490357925726	0.50435280970164
GALNT9	-0.723934516781169	0.385319035644113	3.8720595941098	0.0501813803535838	0.206535275133522
GALNTL5	0	NA	NA	1	1
GALNTL6	-0.594696809432039	0.0812596829751184	3.14098541947667	0.0775433118733847	0.265571084928757
GANAB	-0.00727111422466945	8.95037352895437	0.0131493115248778	0.908796701934621	0.963299014495578
GBF1	-0.101077155346892	6.65869602112749	2.18204722209606	0.140864256884616	0.373952827022364
GBGT1	0.428631532096305	2.52556210680354	8.57011345236825	0.0037263564750835	0.0408929312083473
GGA1	-0.140524742293468	6.02416750555271	4.0223005865473	0.0459603764534548	0.195498526233915
GGA2	0.0693142557120487	6.28039638942022	2.03372535016825	0.155067852363129	0.395425837143718
GGA3	0.103141789221866	5.58566727771108	2.24634093745861	0.135169390936156	0.36563141883316
GIT1	0.199869306425175	6.86632339665276	4.62532294177639	0.03244475984028	0.158033267604654
GIT2	-0.229339346293057	4.52600416439438	10.1261094004906	0.00164334385114107	0.0245349374829355
GLT1D1	-0.0907700362150362	-0.555549785789833	0.129073771582184	0.71969204743375	0.867604709005786
GLT6D1	0	NA	NA	1	1
GLT8D1	-0.00967548273487788	5.45193849178747	0.0307035005793415	0.861042758619287	0.94137722671071
GLT8D2	0.089973850780073	2.9889800172404	0.302837443543077	0.582591428284953	0.786395434345246
GMCL1	-0.0693362586206415	5.20152161225964	0.923491103832856	0.337471570062055	0.597818085246285
GOLGA4	-0.224904723302197	6.6664682313796	3.26382108772739	0.0720043359261699	0.254771793699692
GOSR1	-0.121440610068047	5.72826470135758	5.15833128662669	0.0239702920268896	0.13262186419391
GOSR2	-0.00954452592679366	4.44119495967179	0.032783013858622	0.856463875234066	0.939102985408082
GPAA1	0.327000281659616	7.21746958706207	7.12982163504779	0.00806910502056656	0.0669946501265583
GPLD1	0.135807767516794	-0.537023822640851	1.11532585275079	0.29192803525065	0.553744524812623
GXYLT1	-0.0806391815276871	4.52602067139645	0.715649992603965	0.398368724835613	0.649807430414348
GXYLT2	-0.0453887274833052	2.73261984903717	0.0549858336489915	0.814792571336681	0.919865163409659
HAS1	0.137702813475256	-0.285046945494195	0.19735810776119	0.657239104403895	0.83204765553318
HAS2	0.185619182606963	3.36887672624773	1.11813812100955	0.291321786492095	0.553175516216885
HAS3	-0.193568635542296	4.43490993436435	0.846402530230826	0.358442716528555	0.616008383347521
HERPUD1	-0.0924377124595238	6.8493611199252	1.63817240721489	0.201741183777305	0.455138270697236
HSP90AA1	-0.191950783205499	10.3888316279504	4.60371570120187	0.0328484646396302	0.159299834686316
HSP90AB1	0.00170333520470008	10.6887592469535	0.000567116909586649	0.981019450262618	0.992516441152503
HSP90B1	-0.32000126482895	10.1205416691416	12.0203351079986	0.000617553442074045	0.0129926587947734
HSPA1B	-0.0395907400864408	7.20708961601144	0.0856688951595287	0.769995558794175	0.895080474012421
HSPA1L	0.339557203821714	0.780608349744364	13.6602117699625	0.000268190586899015	0.00738084303187745
HSPA2	0.45244387150964	4.80292073603467	4.32947350434015	0.038457503717503	0.175064270323619
HSPA4L	-0.803735273782083	4.26142928446114	13.6194603716319	0.000273770743370416	0.00745897608193069
HSPA5	-0.180461204743602	9.60214434748336	4.72656255706663	0.0306214462431212	0.15224780854982
HSPA6	-0.578089644692719	2.79699070302916	5.0835086211167	0.0250044726924435	0.135872178573768
HSPA8	-0.328362550980687	10.795714059259	13.2198080515507	0.000335157030909538	0.00866925812098648
HSPBP1	-0.0345871141104819	6.38834673834258	0.0842633513807398	0.771837134548385	0.896084295264594
HSPH1	0.412615978978907	7.85290132077987	10.6640499775037	0.00124227910857989	0.0204818342306649
HYOU1	-0.114699452691898	7.92751583515312	1.94370714499848	0.164481824019907	0.407024455002189
IFT27	-0.0379268800473077	4.25126403149964	0.25053545845021	0.617130611716932	0.807907248686869
INPP5B	0.040535583007986	3.99303512035857	0.447015424683791	0.504361306012918	0.73175779023113
INPP5E	0.096144505138001	4.20774604528657	1.10839534886776	0.293428986275616	0.5553313999437
IQSEC1	0.170738839103395	5.46062156987286	4.28816756096346	0.039386181570461	0.177604408897182
IQSEC2	0.142682111652052	4.41944679930912	2.27635353955914	0.132600083201481	0.362044081591818
IQSEC3	0.165883731755276	0.328822758497078	0.636396747983536	0.42576186482652	0.673279264301843
JUN	0.131617814183628	8.31665737014167	1.10139308880153	0.294955556860048	0.557285062049198
KDELR1	-0.0913723391687848	8.24069383235645	1.53180018518603	0.216982414861035	0.472590793231272
KDELR2	0.0469393594455679	8.57610321447994	0.434518332262519	0.510375797874506	0.736126997468011
KDELR3	-0.277907914634378	5.53685658581018	4.38936834079317	0.0371517119489987	0.171678044628856
KIF20A	-0.2562056975913	4.98878392928792	7.73231744526968	0.00582925193662478	0.0544709486152425
KIF23	-0.266800124770035	5.00287268860817	8.4394805604253	0.00399429876584094	0.0428082421366003
LARGE1	0.0421810055695415	4.60637576496748	0.165256539250401	0.684703780949949	0.846912770325967
LARGE2	0.181470179211545	5.61492149560756	0.818266057197658	0.366542608770524	0.622700035094804
LMAN1	-0.42742551303321	7.04262202491094	13.1499301275032	0.00034724759545309	0.00888389145600314
LMAN1L	0	NA	NA	1	1
LMAN2	-0.0311254186855512	8.01790337868905	0.102267376940289	0.749387687643927	0.884349518714828
MAN1A1	-0.211071575627985	6.05815182979528	2.72724845146644	0.0998817076303379	0.307747190668687
MAN1A2	-0.230261252225426	5.690114240578	4.94986273356741	0.0269694018889227	0.14188587943909
MAN1B1	0.0387786208997553	6.52309644149499	0.252402315253181	0.615822754575083	0.807147443993865
MAN1C1	0.0701222742145088	2.81271864495134	0.251829312740009	0.616223534737631	0.807340043776488
MAN2A2	-0.0104800940881363	5.77708267179311	0.0160340875304118	0.89933651759603	0.958392130595588
MAP2K7	0.0627469703772834	5.4261872863581	0.744995856646969	0.388877392939808	0.642325335390865
MAP3K5	-0.11749719159927	5.20724748214154	1.38446001966244	0.240441597834258	0.499138288916199
MARCH6	0.0945133445229804	7.07522910377966	2.14253038595981	0.144498703149227	0.379727893429176
MCF2L	0.344839126903936	5.86107572782378	9.34958825982461	0.00246811336433241	0.0317064581556926
MGAT1	-0.0747474871450005	7.23022293925816	0.834539964479958	0.361827140465182	0.618577402331238
MGAT2	-0.148611561325071	2.33928685201711	1.41505191610704	0.235327493805081	0.493403418096094
MGAT3	0.488372734784424	3.79482168287138	5.41515137614857	0.0207474160727349	0.121527168165969
MGAT4B	0.108311495014565	8.39835377301655	1.25861257155546	0.262970613891233	0.523674127610911
MGAT4C	0	NA	NA	1	1
MGAT5	0.131782345448714	7.74528148504766	1.46932357343787	0.226575903358587	0.483152601527653
MICAL1	0.190566786556908	6.1037264200705	5.04093356057897	0.0256136479642952	0.137464692651555
MICALCL	0.143977844886278	1.69776391172764	1.48603597512162	0.223960528129044	0.480295469385277
MICALL2	-0.00936125169065063	5.90466321126762	0.00687804858163423	0.933969171547891	0.974216636327274
MOGS	0.173866400921859	6.64707961937365	6.30873726876356	0.012633949571206	0.0884838175782704
MON1A	0.0751123940378711	4.24196237792409	0.660305807748764	0.417211017737886	0.665599021108852
MYO5B	-0.220602296053028	7.20762917153483	5.85153788607759	0.0162650370101965	0.104030110804597
NAPA	0.0969314976022397	6.32068886185676	1.60036459434897	0.207007959027622	0.461060199076735
NAPB	0.162621868927277	4.00228028842255	2.05587385661473	0.15284698467081	0.392406564413774
NAPG	-0.231120969287316	5.24302449342803	6.21905129992876	0.0132734353400719	0.0911127456009359
NCKIPSD	-0.0577271007316424	5.22333506050487	0.370837374115288	0.543091049225922	0.76094862745985
NDE1	0.102675232189593	5.4559793129036	2.20981966137069	0.13837175324291	0.370179559659109
NET1	-0.00607769741893542	7.70120212789335	0.00635393518995822	0.936529259049043	0.975443345356368
NGLY1	-0.185470810923082	5.23182532821768	8.25331534468789	0.00441068182535145	0.0458263102810418
NPLOC4	0.0111173570373016	7.00075505410044	0.0350324679286013	0.851676679964085	0.937155222511196
NSF	-0.0339881619539519	5.89450558409542	0.371496328928423	0.542733200604354	0.760841878354177
NSFL1C	0.0711349043595281	6.43332896205463	0.707751418005854	0.400980598411635	0.652293540791394
OCRL	-0.04093781926119	6.01389211013913	0.275700419620858	0.599990105122478	0.797363296989404
OPTN	0.0174683422958718	6.64322684368463	0.0404174327037821	0.840827098516047	0.932232884391332
OS9	-0.0202761233317217	8.06423015913569	0.0778192001814408	0.780501221718803	0.901377575055007
OSGIN2	0.0944877748239689	4.79062687619506	1.14389183063892	0.285844198311188	0.54800668830467
P4HB	-0.260303468206676	10.031102906726	8.52701025347387	0.00381266784943031	0.0414945022890244
PAK1	-0.0468166329271455	6.86762293894083	0.603618219699804	0.43792193020552	0.683445102180035
PARK2	0.0606156380450227	0.837790700856146	0.121035814028383	0.728201175687119	0.87173248067349
PDIA2	-0.350929465925692	1.51341979036947	1.24974652044435	0.264654433884564	0.525445481326097
PDIA3	-0.227368866212283	9.20483324270598	6.07647998345965	0.0143598413519042	0.0957974099808518
PDIA4	-0.0998658863245048	8.86865090083893	1.49337294222377	0.222823838728038	0.479448181804865
PDIA5	-0.0538542186236346	5.51176231597311	0.581163214370913	0.446562275213552	0.690086472933815
PDIA6	-0.0221651868246408	8.24315141927298	0.095977924480774	0.75696410732255	0.887862924746379
PDILT	0	NA	NA	1	1
PGAP1	-0.140744360191027	4.47349574709162	0.820701288394254	0.365831569840785	0.621972431317619
PICK1	-0.0715725291552452	4.95935344794313	0.653047702884965	0.419779416751937	0.66707145217455
PIGA	-0.0862587316315313	3.89642999673459	0.932346393670444	0.335170047331551	0.595921573639147
PIGB	-0.0421672420610582	3.13986786152399	0.24099030060015	0.623914559034755	0.811396842628728
PIGC	0.150327061631315	5.25184532592131	3.66636791509817	0.0566414622618354	0.222269866574805
PIGF	-0.123668933608114	3.98363002507569	2.63490499868315	0.105775556546565	0.318188743541751
PIGG	-0.0784510162808545	5.51619061663596	1.99399449665723	0.15914467596325	0.400779944329385
PIGH	0.115352765213203	3.76084722349472	2.57911550548356	0.109521463794888	0.324492135440291
PIGK	-0.0620191200333984	4.92212848287451	0.518403725685595	0.472183727897172	0.709889339080082
PIGL	-0.133181514317366	3.49968991282578	2.27427078159584	0.132776600365611	0.362150797296861
PIGM	0.148308867810706	4.40611530548819	3.7421772230679	0.054162980418676	0.216826773681373
PIGN	-0.293304415776964	4.91549573110122	10.6240358483681	0.00126833678283488	0.020772804470995
PIGO	0.0164709565041896	5.8106491628202	0.045083415812439	0.832020576531215	0.928131324682747
PIGP	-0.0797676387273809	4.08307217522569	0.67914933777205	0.410650998540044	0.660028491935245
PIGQ	0.155963874888641	5.61883327301518	2.07794004897975	0.15067032942676	0.389727756398225
PIGS	0.0412806105349616	6.08775106152496	0.277141205177263	0.599039344737829	0.796719505079575
PIGT	0.269524165948934	8.04362916997353	8.46720859078692	0.00393582102198589	0.0423754049869686
PIGU	0.148726026401426	5.8598066633602	2.40894694751951	0.121885399258365	0.344987392825671
PIGV	-0.0251717394946142	4.24062359170589	0.114213173067606	0.735675993338333	0.876053532609243
PIGX	0.0456469826727435	4.85675673722654	0.327985025907702	0.56735329776169	0.777000901066341
PIGZ	0.0531053346741992	4.92704908996708	0.100108826770693	0.751958279445259	0.885624703763118
PIK3C3	-0.236932784209116	4.69581837464566	6.95538544695436	0.00887076783043849	0.071050401456487
PIK3CA	0.00902691042617432	4.35603872784135	0.00761408916773271	0.930534418904178	0.973190260699458
PLAA	-0.036903676934495	5.63621756306704	0.364405597352946	0.546606944287555	0.763105138874565
PLIN3	-0.0271356294408703	6.73056690494818	0.0683618554376487	0.793948365253199	0.908940235033273
POMT1	0.0309519180947633	5.02202679719848	0.140898472905545	0.707701902951842	0.86112922459612
POMT2	-0.152885369543078	4.24152947519013	4.21091969636984	0.041187071115263	0.182331929059399
PPIA	0.0662756185141644	9.10482588708077	0.658646001697936	0.41779629523192	0.665780903395248
PRKCSH	0.146682673667658	8.65174531831753	2.54225119735288	0.112077015559294	0.328654272500413
PSD	0.0233821580848806	2.57417617089881	0.013105210610284	0.908949101147006	0.963299014495578
PSD2	0.252507731374444	-1.20497457237707	1.21559802360309	0.27126717531735	0.532575469748996
PSD3	-0.298783476891956	4.84355871573619	4.34164192564281	0.0381883497555121	0.174295554279836
PSD4	0.196816680774466	6.33135193937927	6.94769750425374	0.00890793277109398	0.0712668427883993
QSOX2	0.102539007518163	5.22010512691587	1.84343329413917	0.175750973117372	0.422752882734745
RAB10	0.00956807683680924	7.74905048806573	0.023875571029028	0.877324329048818	0.948552373611557
RAB11A	-0.212479435906738	7.58103952277302	9.19556559514165	0.00267661414414277	0.0331541399586882
RAB11B	0.185318826973926	6.93547581594766	2.45147564297754	0.118656245228749	0.339828916947529
RAB11FIP1	-0.246600776725794	7.13040956014949	4.30298664218724	0.039050312048743	0.17665657259647
RAB11FIP2	0.203573053861281	3.94343368044005	2.87211449309754	0.0913488554001879	0.291820763856851
RAB11FIP3	0.0892728185356741	5.78091433635908	0.789423770604817	0.375112903071214	0.630349896063434
RAB11FIP4	0.0657247202352575	6.15655917625963	0.558182642417293	0.455682691746347	0.697517333512396
RAB11FIP5	0.107644927904281	5.21934863288667	1.80227563824394	0.180633162543281	0.428291837606023
RAB12	-0.064132842044142	4.18372808670248	0.488951194756752	0.485033719577262	0.719918034387682
RAB13	-0.0241520830225368	6.04421009898176	0.0745771766976477	0.785006739316621	0.90340337554616
RAB14	-0.0579602205604534	6.99741509742682	1.09086219270109	0.297270701666929	0.559943597316731
RAB15	-0.0971076144497692	6.71755064563111	0.683462645796626	0.409170876269245	0.658855120885423
RAB17	0.11318082116856	4.88675750313594	1.20925566839213	0.272518083826786	0.533624880378619
RAB18	-0.212081660500995	6.01119864786651	8.61844068118421	0.00363196049502632	0.0401917896040156
RAB19	-0.132508043280915	1.38205098760068	0.995808274430789	0.319274198564701	0.581204103555284
RAB1A	-0.0718491200969144	7.67659580522966	1.75170725998639	0.186849246894931	0.435793346658795
RAB1B	0.0497285918006076	7.3853283855123	0.37107444478897	0.542962256640115	0.76094862745985
RAB20	0.194041078674509	5.66111100717593	4.5148620130146	0.0345649270452331	0.163843480736843
RAB21	-0.208666574388755	6.1647145177676	6.15351936980659	0.0137618162911288	0.0932538891781699
RAB22A	0.198302461540277	6.33348344037347	5.83823633694733	0.0163856007655432	0.104547472681119
RAB23	-0.010873144362499	3.80960558602096	0.00816009548490853	0.928093412247046	0.972325674564158
RAB24	0.0312880074119566	3.05973395244625	0.0829920316496397	0.773517249175398	0.896849473647925
RAB25	0.137444590647847	7.56550775708948	1.79740619500011	0.181221140589421	0.428912413244144
RAB26	-0.31002654137811	2.57149477258462	1.34387732440876	0.247437213772448	0.507604476210895
RAB27A	-0.271958433905502	4.75144595482126	8.24559995079699	0.00442886891919019	0.0459699584861883
RAB27B	-0.832573262411379	4.1834964040892	11.8349449661559	0.000679113593204895	0.0137922867614185
RAB28	-0.209654237670068	3.90242116274757	9.87323645947585	0.00187535774378882	0.0266015229938407
RAB29	-0.052974393035421	4.56360983917078	0.266858134802503	0.605895512866896	0.801360393170653
RAB2A	0.019010478055875	7.45908584959208	0.0659131392832379	0.797590235139313	0.910883566117984
RAB2B	-0.13258171811756	3.95463712413473	2.62630702650971	0.106343522569928	0.319170763752348
RAB30	-0.0384349121653968	3.69165519800368	0.0984086699393	0.754004527881945	0.886379934898658
RAB31	-0.0925042168185539	5.95127525761899	0.271653246833353	0.602677865276396	0.799311234846914
RAB32	0.0657383600802172	5.37276407267133	0.188011595018927	0.664943819182483	0.836177562168094
RAB33A	-0.0358558524122657	-0.382111255820307	0.0521715483334197	0.819510112360086	0.92217520049884
RAB33B	-0.153376832894832	3.5863362336254	2.92065942962687	0.0886704727085357	0.287048869036954
RAB34	0.252928853162007	3.96671851724637	2.93005648285736	0.0881619691855254	0.286032920621401
RAB35	-0.0707708552295798	6.05832771021872	1.19094743766997	0.276169999462935	0.53647929294085
RAB36	-0.0620086690924135	3.62416130198203	0.206376905248147	0.650009066474623	0.827566199441449
RAB37	0.0348129468962638	2.28083836746844	0.0462476147282714	0.829898448315872	0.927215136788061
RAB38	-0.0688837771750882	1.27651696861714	0.105617852458616	0.745456229981888	0.882029797751497
RAB39A	0.215977290669408	-0.763351393823401	0.623686876614904	0.430415253096061	0.677082602083282
RAB39B	0.221245194449692	-0.791298131756812	0.990879892613992	0.320472348429803	0.582403239417989
RAB3A	-0.238346879827388	1.86051254262041	2.06323386609226	0.15211702413408	0.391608453866314
RAB3B	-0.367114981620837	2.96945982327431	1.82870276112941	0.17748052665085	0.425088513348574
RAB3C	0.310658367993861	-0.277244458833879	1.23341751367365	0.267790997635464	0.528936173628874
RAB3D	-0.0944646123280023	5.41722501065576	1.04134552375811	0.308477231828658	0.570705640518524
RAB3IL1	0.344110210710708	3.05088473808475	5.61691541717237	0.0185337067093459	0.112434265076179
RAB3IP	-0.17954395090046	5.29047245691749	4.40527104799575	0.0368129226551712	0.171012168905611
RAB40A	-0.148328711263873	-0.959678181936947	0.588174304576799	0.443836402488874	0.68797905888735
RAB40B	0.20298427608807	5.00808843279415	3.65696390179813	0.0569572533383986	0.222602124142896
RAB40C	0.18435030455435	5.71684547897012	3.47982608088031	0.0632712013964573	0.236009136760064
RAB41	0.200199063309469	-1.12661953118139	2.01135758336087	0.157348149988016	0.398331398700388
RAB42	-0.372886667521046	1.11888942787976	5.30876997050189	0.0220238274700424	0.125958846146491
RAB43	-0.0363879451717843	1.63172201777204	0.111973484280152	0.738183890727918	0.87732686234861
RAB44	-0.210878030441871	-1.73243736397402	1.05936137645184	0.304337492713097	0.566811439516283
RAB4A	0.0380931538539101	5.79850466243645	0.233051276776354	0.629685266039892	0.815202072949073
RAB4B	-0.0901400565254765	3.51878604022673	1.20113401813012	0.274130540646977	0.534927509149546
RAB5A	-0.0121112050991636	5.91765904298328	0.0275165097823305	0.86838221383217	0.944503428428231
RAB5B	-0.0751299871608397	7.47019077263884	1.28417267986961	0.258190417944018	0.518817291075955
RAB5C	0.0134947166600229	6.89964881296049	0.0364496262136527	0.84874207744849	0.936277414654521
RAB6A	-0.0518819292433171	7.24826343045113	0.522652867058282	0.470375701870303	0.708285012223418
RAB6B	0.129962183979306	2.18491432601173	0.666481821050107	0.41504393094955	0.663919180102817
RAB6C	0	NA	NA	1	1
RAB7A	0.109795062743832	8.17780213982781	3.65818542337533	0.0569161280376648	0.222523904889097
RAB8A	-0.16869407742273	5.78758734224515	11.4511556887986	0.000827166525591421	0.0159684043278322
RAB8B	-0.133520833763287	4.52227755628391	1.02930897480665	0.311284002259476	0.573316272202692
RAB9A	-0.0418869294742183	4.70347780268166	0.30198234757474	0.58312392196861	0.786488683736242
RAB9B	0.235950911485103	0.304260728692229	1.50072928065511	0.221691108600381	0.478315363445209
RABEP1	-0.265934581997432	5.35330763134479	11.961897863862	0.000636319705314269	0.0132814412947823
RABGAP1	0.155661245955236	5.86193246965338	4.48509421479724	0.0351608681407822	0.165711214235598
RABGAP1L	-0.0494890960503628	5.71035479151316	0.259360311472448	0.611000984829227	0.804077143466192
RABGEF1	0.186977946996886	2.05837115295567	4.97637615554974	0.0265671244620436	0.140683634962155
RAD23A	0.0510279141839626	6.95544430487903	0.471843250462219	0.492765463147164	0.72455804761145
RAD23B	-0.0496014042247178	7.75803266525818	0.943138021389842	0.332393659818843	0.592806240115205
RALBP1	-0.0954237371949972	6.23433664801241	1.42341479507111	0.233952565702911	0.492112755695776
RASEF	0.111541454319791	5.81732814123154	1.15573503657134	0.283369356865426	0.545345025751327
RBSN	-0.0298018984147608	4.71948374360602	0.313840691057094	0.575825389797545	0.78215465879413
RBX1	-0.13095632824916	5.6529272925648	2.5865860269373	0.109011475195633	0.323444181365116
REPIN1	0.050093971340525	8.04103563132746	0.276041656918172	0.599764639756077	0.797260840817709
RER1	-0.0730939651988729	6.93678131306208	1.05094260492699	0.306262927652291	0.568667966414068
RFT1	-0.0983131678933307	4.98258028465704	2.70774826805358	0.101095559049417	0.310353208143404
RFWD2	0.101555945138616	5.98444840987141	2.6023599836234	0.10794323467571	0.321769136057501
RNF185	0.0378451422457959	4.74923462329103	0.457754522836033	0.499289349744204	0.728107276007026
RNF5	0.0622205690412871	5.71725076529098	0.709296176445341	0.400467827386719	0.651803875965698
ROCK1	-0.182876572578408	5.4714337520725	2.58660234555623	0.109010364052427	0.323444181365116
RPN1	-0.0304669877829748	8.80643809397675	0.23369190094884	0.629215143092637	0.815072166126084
RPN2	0.148773949706996	9.19032945651719	3.7069209343306	0.0553009278815207	0.21930001141278
RRBP1	0.206266795363482	9.16836064558807	3.39441089325581	0.0665802380727857	0.243001731096329
RUFY1	0.0122088379170847	5.7139722692111	0.0421066179579769	0.837580603721776	0.930984345353122
SAR1A	-0.108567448212522	6.66687955168393	3.22564503249263	0.0736785639002761	0.257923913248376
SAR1B	-0.192157355454898	5.85230174616122	6.59858474826928	0.0107765976489503	0.0806752326127564
SEC11A	-0.141683591340103	6.67105183048942	4.36606712985911	0.0376540663198589	0.172917792988901
SEC11C	-0.386578969606019	5.6398813862955	15.0671056050371	0.000132237659298266	0.00466951774818551
SEC13	-0.187721174207989	7.20152052521145	5.13293348767191	0.0243162314203043	0.133596683495292
SEC16A	-0.126482164911161	7.32545563009577	2.65360185685897	0.104551984933145	0.316039632115807
SEC16B	-0.243008281006086	-0.216538848561646	1.57946687893199	0.209989070452006	0.464461189193027
SEC23A	-0.127342402365394	6.24915358217995	2.08041822583266	0.1504280873826	0.389435651493626
SEC23B	-0.0273454500946408	6.9497620950974	0.109742358911581	0.740710095046084	0.879168375297927
SEC24A	-0.263967544615078	5.49546674196337	7.09587065061892	0.0082190671148072	0.0678410939104349
SEC24B	-0.0761648247080733	5.63411454775323	1.48963445690322	0.2234021587007	0.479794477373428
SEC24C	0.000305631453186642	5.76855145381284	1.72670324177e-05	0.996687763834538	0.998013335362936
SEC24D	-0.328206702907455	6.14580119429691	10.4563198430814	0.00138376237605026	0.0220449515938835
SEC31A	0.00510959899904042	7.17800529090948	0.0053687690677824	0.941647284482301	0.977188444518092
SEC31B	-0.0879597036426825	2.77131606839329	0.329371728516207	0.566535819721781	0.776587659506787
SEC61A1	-0.0122849565401237	8.72006483587677	0.0398835579767683	0.841867804277277	0.932530994375118
SEC61A2	-0.121540271671387	2.71619889852617	1.55042646971898	0.2142170776399	0.469575773497633
SEC61B	-0.0928706857722377	6.47254102272101	1.46954587176399	0.226540874279665	0.483126774981247
SEC61G	-0.028519323050979	6.00586207750704	0.105069836032867	0.746094512404082	0.882280721152771
SEC62	-0.0351955220559009	6.82746384370579	0.221573566409809	0.638246489957507	0.820669365952681
SEC63	0.10630394762387	6.55896964497964	1.55159514861333	0.214044979274704	0.469344935312049
SEL1L	-0.118305427258446	6.80627975866015	1.74802584860142	0.187311446550778	0.436466519811755
SELENOS	-0.101068471381805	6.28199045818484	2.09039257882451	0.149457560728182	0.38795990624486
SGSM1	-0.0960612797018014	1.53174470188708	0.266478251237334	0.60615198807446	0.801508298905151
SGSM3	-0.152192777586877	6.13361588560464	2.20610293329089	0.138702418196977	0.370687839504371
SIL1	-0.0656785951477428	5.96903849408147	0.528543840314589	0.467887509947548	0.706755013947453
SKP1	-0.00923082894743608	7.67700434425306	0.0147707967331479	0.903363010290068	0.960146141668754
SMCHD1	-0.256980858306072	5.62227915766731	3.35962666328158	0.0679806576324052	0.245825897795646
SNAP23	-0.122971296376302	5.76726566216684	2.66785922284164	0.103629424725813	0.314694886580938
SNAP25	0.632994632672475	-0.216720009245517	3.66294650556875	0.0567561378286163	0.222428876884707
SNAP29	-0.0907763590439016	5.18416297122819	2.93634647940138	0.0878233743289731	0.285446277247777
SNAP47	0.0938459663831323	4.77540041935293	2.13672122304159	0.145041877222093	0.380585986273206
SPCS1	-0.0754412815910186	6.79122684466768	0.979933793113003	0.323154816324094	0.584556948938409
SPCS2	-0.0443307444395873	5.46681184594152	0.362334377273416	0.547748186447593	0.763718613362912
SPCS3	-0.176161582914888	7.32359578395308	3.40385879541436	0.0662052422951115	0.242262231005597
SRP14	-0.113516976492338	7.41882515973129	2.69468547352219	0.101917759730671	0.311732672965142
SRP19	-0.133389718863452	4.09684782135408	1.88888820868725	0.170535690440568	0.415758400621905
SRP54	-0.141394581803717	5.82504230554615	4.0601339891509	0.0449579652976643	0.192664514880919
SRP68	-0.110507657331214	6.69036214929393	3.44379810570018	0.0646448991106109	0.238710359183794
SRP72	-0.163578953921555	6.97897253191012	4.90394532192797	0.0276812407912241	0.143696676960915
SRP9	-0.143922257693383	7.27733153654456	2.10799464597166	0.147762143598481	0.385073849561028
SRPRA	0.0691587027943032	7.46199103013275	1.23304516321167	0.267863061545577	0.528976224865791
SRPRB	-0.124254217445057	6.74899626875353	2.82527054301557	0.0940173594084692	0.297014828965973
SSR1	-0.246522386798559	7.83460683061265	8.48855190411693	0.00389140643197412	0.0421087624096493
SSR2	-0.0322941605239923	8.0646250436989	0.159231345301944	0.690199613512847	0.849888904933664
SSR3	-0.202228306656385	7.64520098013322	5.44745802952842	0.0203752333924352	0.120164295117448
SSR4	0.021680450405308	8.19563108056552	0.036096428792807	0.849467855257711	0.936542641948005
STT3A	-0.107824970608861	7.75836751977578	3.27431927200393	0.0715511617988254	0.253635453485966
STT3B	0.083634788692456	8.29890699451192	0.900408328905025	0.343571892735783	0.603218045370454
STUB1	0.100120266321056	5.66727684270409	0.739402523278106	0.390661132293725	0.643808694471743
STX10	-0.0657749759061303	5.77224998131065	0.517861984236632	0.472415049946453	0.7100371929218
STX11	-0.575910815243676	1.51558023462377	9.24659196838752	0.00260561604621896	0.0328065182440196
STX12	-0.205842961167171	5.62031009911194	6.95950141692502	0.00885093619414769	0.0709454699273108
STX16	0.206509508865676	6.44868187411042	4.13614323428221	0.0430134189961799	0.187736208252271
STX17	-0.100674804990334	4.03915452389918	1.4071589603074	0.2366341850634	0.49449695235146
STX18	-0.262029157308377	5.35327769113988	20.9639288990295	7.32525062125117e-06	0.000622675840107242
STX19	0.053122811880393	2.95672141169962	0.125137131395159	0.723820995881042	0.869550399713258
STX1A	0.181691182402083	3.6213256355039	1.85967156083609	0.173866973278224	0.420186823762264
STX1B	0.203053930574706	0.464213722226599	1.22844245065734	0.268755870085381	0.529910620842683
STX2	-0.0864508359550185	3.94965646645327	0.715448630796612	0.398435002934345	0.649807430414348
STX3	-0.0229219117898791	6.63092919364932	0.059926221440728	0.806809733118468	0.915490466997777
STX4	0.148166271450171	5.74832866881819	3.23597330590008	0.0732215063606326	0.256865248463281
STX5	0.0500338732704688	5.46878006464287	0.514206899285819	0.473980579048488	0.711155762287978
STX6	0.0186035686936456	5.53945938406372	0.109578973802624	0.740896205123474	0.879268541367493
STX7	-0.109248178865371	6.09900399293456	1.93813913689009	0.165085304121279	0.407799776913603
STX8	-0.202302087379458	4.38364684421104	5.91855188108094	0.0156714791575966	0.101433973632574
SURF4	0.025565509994125	8.55970847598022	0.134655066964793	0.713958247935792	0.865245980151448
SVIP	-0.210598218989989	5.25880136927298	5.08329120023309	0.0250075448444675	0.135872178573768
SYTL2	-0.0425907870070134	5.94027770337591	0.0997114733255567	0.752434798169465	0.8857716313229
SYVN1	0.0458471959479335	6.43815715717876	0.41053864811342	0.522272401705813	0.746135760279687
TBC1D1	-0.256277082337132	5.86937339798895	10.0559209030321	0.0017046403160443	0.0251600869668352
TBC1D10A	0.0297676662086562	3.94031090415725	0.153811523937315	0.69524725720945	0.853611382017031
TBC1D10B	0.0983110745871859	6.52323819751572	1.79768975145149	0.18118684058455	0.428879383153256
TBC1D10C	-0.49393908180618	2.5770513434564	8.38370078808089	0.0041146490533916	0.0438085437851254
TBC1D12	-0.225435470476608	4.14773898110154	6.54868165492034	0.0110750369659431	0.0821508987611004
TBC1D13	0.065680271071245	5.07337165231129	0.80110378637651	0.371608780397864	0.627143258670327
TBC1D14	-0.210703368380331	5.12941413865204	5.7925725835178	0.0168065984199263	0.106185888913811
TBC1D15	-0.184347527958646	5.49335803777215	6.45577374682313	0.0116536215735001	0.0843803361475251
TBC1D16	0.0562777994953244	6.54141846573591	0.285104121162686	0.59384093863558	0.79389568484994
TBC1D17	0.109391380644649	5.29109108947286	1.65602204669269	0.199309834081885	0.452666517160117
TBC1D19	-0.130398527284347	2.03581646968171	1.66508020556753	0.198089232814458	0.45137982763774
TBC1D2	-0.243907691021142	5.37245540179293	3.60327265742209	0.0587966340270978	0.226598142947943
TBC1D20	0.156361841645722	5.63477953990457	5.08568902300411	0.0249736854655301	0.13581865905272
TBC1D21	0	NA	NA	1	1
TBC1D22A	-0.0112023700993888	5.45499225520233	0.0285717606953938	0.865905791498059	0.942963688987276
TBC1D22B	0.0677456789386515	4.24976783804114	1.52141797739279	0.218542341262657	0.474497623046054
TBC1D23	-0.0275941269006293	5.30718735149344	0.123832691889853	0.725205262776651	0.870291153779263
TBC1D24	0.0500003866119351	4.16648433570291	0.518652968561714	0.472077363575344	0.709782676095273
TBC1D2B	-0.144169995905216	5.63019774939241	3.4715211878198	0.0635850544347458	0.236597102338328
TBC1D30	-0.285106669248944	4.30773164167069	9.17970165120811	0.00269908792986388	0.0333525631005043
TBC1D4	0.211164766768669	6.09411105605698	3.88865223786645	0.0496956128392443	0.205337752697787
TBC1D5	0.0584517515368917	5.90564334109903	0.526754151263064	0.468641178670359	0.707239221672979
TBC1D7	0.00305337825692518	4.44293075080446	0.0013450260800868	0.970773196448086	0.988193912371798
TBC1D8	-0.00113310195459244	4.46740599117917	0.000115942767153314	0.991417237344208	0.996285002405055
TBC1D9	-0.00697704723115096	3.9732490830664	0.00247460505760858	0.96036427062325	0.98422164263533
TBC1D9B	0.0116798970387694	7.38222361071315	0.0258251153126731	0.872455567722906	0.94610266580075
TMED10	-0.157658395318674	8.44682557886637	3.96718389073758	0.0474633514361488	0.199596032640226
TMED2	-0.336247041068122	8.71811775320039	11.7116893519432	0.00072346404753285	0.014483709008585
TMED5	-0.173589093945825	6.46187825027174	2.57071191777373	0.110098304215878	0.325432186087342
TMED7	-0.386751574083591	6.80708099396391	10.7780278864756	0.0011710057413908	0.0198291635536464
TMED8	-0.187026098932597	4.6576529350556	3.42680551925951	0.0653038815893008	0.240131018277351
TMX1	-0.317200984084351	6.02270856760438	10.2298960451171	0.0015567992101566	0.0239204694965825
TMX2	-0.113792881305337	6.76680694184962	2.41727405283612	0.121245504209382	0.34412090893802
TMX3	-0.303357063404367	5.03911640078888	8.8653183766393	0.00318656217814204	0.0370319279368315
TMX4	0.171144610122573	5.94728411869607	3.02683736737692	0.0831057082437526	0.276893403279156
TOR1A	0.0344485612003985	5.65254037720904	0.349569746483335	0.554881235333909	0.768911544210486
TRAM1	-0.01205261664865	7.89100383181831	0.0119527728028404	0.913027857577274	0.965471566359792
TRAPPC1	0.00266750307261633	6.11340538299352	0.000700104425340296	0.978911570556454	0.99152791474902
TRAPPC2	-0.128632117824732	4.34040198751295	2.04273699496063	0.154159830070808	0.394176764607787
TRAPPC3	-0.0123295086420453	5.7520747901883	0.0399198601492285	0.841796810106647	0.932530994375118
TRAPPC4	-0.147894096216649	5.64662035474784	2.94872499379811	0.0871611609872201	0.284170187870644
TRAPPC5	0.138914433946931	1.73129639534841	0.355166990774689	0.551732032133852	0.766815860325273
TRAPPC6A	0.195969135242298	4.99139612221745	2.2906073943588	0.131399092574874	0.360527006492349
TRAPPC6B	-0.0887968276358551	4.47839181687329	1.07803426157494	0.300122587989348	0.562845177965865
TRAPPC9	0.279151364463874	5.86165888847905	14.3319797722065	0.000191167803470457	0.00596155098366969
TUSC3	0.204619887396468	2.8421713094537	1.52733976501065	0.217650953254027	0.473317985122896
TXNDC12	0.0465730639036707	6.7583849749494	0.513491335007139	0.474288053021492	0.711277399606425
TXNDC5	-0.0372740761532587	3.84160185839544	0.108968379912389	0.741593091998808	0.879621623402991
UBA1	-0.0278861770345757	8.97404757326482	0.100611884533511	0.751356487207717	0.88537880022801
UBA5	-0.113539078330635	5.19326216497961	2.18962402454962	0.140179268883778	0.37293275710991
UBA7	-0.294978447117376	5.70407597746036	7.19481994831227	0.00778981683271961	0.0655819203876047
UBE2D1	-0.161605656420557	4.89589265839487	3.62563137404688	0.0580230587876043	0.224808098151175
UBE2D2	-0.0293719188251889	6.7835171491262	0.244733329665585	0.62123469687573	0.809860159843996
UBE2D3	-0.0973769846842657	8.05738316069426	2.21832521275406	0.137618381076754	0.369335848692433
UBE2D4	0.153137758078846	4.1634755014217	5.96699908700159	0.015256397692415	0.0998800439776208
UBE2E1	-0.0440188259626203	6.166321949997	0.311332654282276	0.577353769854529	0.783446601699253
UBE2E2	0.199605743244835	2.6952676672063	1.77611964760634	0.183817755998804	0.432098808453477
UBE2E3	0.0461634531073572	5.63426861730014	0.423510706829019	0.515777205354416	0.740916034964702
UBE2G1	-0.199948147148265	5.63364504934172	7.95407136291467	0.00517555903633326	0.050666493585122
UBE2G2	0.0276671182289288	6.4027443487126	0.197256485097594	0.657321690393441	0.832102237145507
UBE2J1	-0.217108655890291	6.74612164892688	10.2211773933896	0.00156388710034278	0.0239545219306287
UBE2J2	-0.0861225441113429	5.72169885937278	1.37052629701553	0.242815842636887	0.501873612633223
UBE4B	-0.0265106468383476	5.93750992031229	0.155767671626517	0.693413748446439	0.852212043099322
UBQLN1	-0.0654212070948216	7.36559724667372	1.35881884783886	0.244832954640541	0.50435280970164
UBQLN2	0.0119518194984193	5.83229511059318	0.0353391842268978	0.851036403177255	0.937036066475379
UBQLN3	0	NA	NA	1	1
UBQLN4	0.0857991202406658	5.98748200173707	1.41755085214102	0.234915621216822	0.493209534281805
UBQLNL	0	NA	NA	1	1
UBXN2A	-0.0236948797844757	4.63348441813667	0.12200957335322	0.727153753040924	0.871060815650225
UBXN6	-0.00222765958922538	6.78029871130011	0.000543966814273134	0.981410813981178	0.992712507535013
UFD1L	-0.182863096907363	6.05214807672606	8.91967004043462	0.00309625603408784	0.0363950552641268
UGCG	-0.00438058869738596	5.54188746311885	0.00245693768525466	0.960505896438675	0.984271087051512
UGGT1	-0.047781756028696	7.01442605911212	0.522370475069323	0.470495513025524	0.708364227259754
UGGT2	0.307574853999038	5.02717515681859	6.23043328418915	0.0131904563477915	0.09084221178301
USE1	0.043816183991431	4.46414495948667	0.201598617258304	0.65381543655186	0.830206193106238
USO1	-0.20525958102298	6.61218840045538	7.1779033142403	0.00786153290045773	0.0660011848166266
USP6	0.0712988680565186	-1.13964119851967	0.148592341910347	0.700206018151633	0.856985131500828
USP6NL	0.159953614664403	5.57191772372455	4.29757642415826	0.0391725810807027	0.176943900099056
VAMP1	-0.250944727747415	2.8753428585247	3.5969493166507	0.0590174063193611	0.226951102265314
VAMP2	-0.113205701533539	5.19610467446686	0.956869009423113	0.328905366576092	0.589640833827898
VAMP3	-0.136523223785397	6.86887831180361	3.86349804416676	0.0504340013311357	0.206928606862918
VAMP4	0.135308867754075	4.01467679251202	1.91811030397609	0.167277246464122	0.410807506140513
VAMP5	-0.263396763401814	4.01311809317222	2.55580933349167	0.111129530608513	0.327195759044423
VAMP7	-0.0294261919726752	5.59851608718605	0.142803062005946	0.70582493441231	0.86014741136673
VAMP8	0.0869279734215383	6.81763264050084	0.946138915738234	0.331627090003395	0.592108976400573
VCP	-0.00578695690853098	8.67341629475956	0.00641190281970751	0.936241009097382	0.975367331295918
VPS45	-0.0597185757122456	4.82193880763906	0.821937133020894	0.365471462316275	0.621581597183493
VTI1A	-0.135483674227767	4.69683421280264	3.74094090559272	0.0542024590267469	0.216902437118992
VTI1B	-0.0159739721319754	6.02390569364956	0.0590942844477071	0.808128928988884	0.916218454986267
WAS	-0.386917782029866	2.91181258043481	5.72651314030989	0.0174356129156018	0.108424824741534
WDR38	0	NA	NA	1	1
WFS1	0.376421621089996	6.50148672144134	5.21279612656529	0.0232456475371467	0.130053475512364
YKT6	0.129049175287763	6.97449968496513	3.80048854161905	0.0523353276325327	0.212128637150821
YOD1	-0.028613090972821	4.11418387596827	0.0585386627928053	0.809015460394656	0.916484223793849
YWHAQ	0.0126959934068223	8.30088851459071	0.033035744478473	0.855917729233514	0.938845314316373
