pspGenes	logFC	logCPM	F	PValue	FDR
A3GALT2	0	NA	NA	1	1
ABO	-0.0202800468950821	6.37342180047005	0.0172546194147291	0.895590978904016	0.980846971800751
ACAP1	-0.0403359678333159	3.24206983968449	0.0930094178471702	0.760620866583157	0.956198354844264
ACAP2	-0.015826652618837	5.83521558439797	0.0270471936718476	0.869491998292678	0.974726669949718
ACAP3	0.0586761377037925	5.50506045672404	0.278234502085943	0.598294451691263	0.912454598102972
AGAP1	-0.0766275734909852	6.04212972627977	1.44344647738192	0.230636583331663	0.728195450097832
AGAP2	0.187853756834169	2.73452309505247	1.00428044565221	0.317175391884549	0.78576605611924
AGAP3	-0.104809505384858	6.50653552566089	1.4761095485338	0.225446969119155	0.722686457632317
AGR2	0.113724043000527	10.2328305946265	0.322982095186156	0.570293949798754	0.902139606578469
AGR3	-0.188438668095026	5.42874737631722	0.663415527141085	0.416075440070517	0.83931536365942
AKAP10	0.111384781018976	4.51176227667145	3.71316220894392	0.0550356537184675	0.458048269195733
ALG1	-0.00534847076558155	5.17596392788413	0.00483589240038221	0.944610872732123	0.992095861781497
ALG10B	-0.0885515892486523	2.94208825628908	0.252217362895179	0.615927918603413	0.917872225308178
ALG11	0.0747889970219949	3.35677549555795	0.537002160188463	0.464314305411629	0.858138925578409
ALG12	-0.152711820252212	4.27296426506313	2.23376745612498	0.136193530994972	0.621433955797417
ALG13	-0.220756278980127	5.11792192802374	5.90341714711042	0.0157647418714111	0.280817142218538
ALG14	-0.0286202751363292	4.11862601720621	0.155833302595654	0.693334085211682	0.940627920708639
ALG1L	-0.0120417167057038	1.45908592705639	0.00511035211306042	0.94306337843848	0.991922812681035
ALG1L2	-0.048454051504838	-0.536653519879497	0.110137259785215	0.740245719004993	0.951803976177034
ALG2	0.0668322590131763	5.57997264806616	1.55902791415492	0.212890545563266	0.7119539726312
ALG3	-0.0387555795494704	6.43613337929036	0.17468175904664	0.676316683691556	0.935745759937462
ALG5	0.116988530716233	5.96616184996399	1.49644571791846	0.222286983869307	0.719869731800271
ALG6	-0.0221373586214039	4.19925215510879	0.0726184869023568	0.787767825215417	0.960343094128663
ALG8	-0.0733583485043184	5.33552073285663	1.02589052026513	0.312033774383066	0.782232590978093
ALG9	-0.16219703444596	3.13782507355141	6.45438457432129	0.0116290955498886	0.24265417022658
AMFR	-0.0958705477684368	6.86793541097761	2.57038378421124	0.110051949032578	0.58146091407197
ANKFY1	-0.0340007215687745	5.89817178993505	0.250315904905354	0.617260792245267	0.918391925054536
AP1B1	0.0321196491255353	7.24654292417563	0.147492633610851	0.701245753056792	0.942229997112987
AP1G1	0.00184291200754773	6.75494137008787	0.000897532472027767	0.976122035274922	0.997651999689331
AP1M1	-0.00705896193025915	5.38826740719639	0.00698172687183481	0.933470866995064	0.988889841797871
AP1S1	0.000810726995043275	7.02981736442814	6.36999914925768e-05	0.993637870818166	0.999353334630507
AP1S2	0.128889677746823	4.15142043662722	1.12249356313406	0.290330239771924	0.769408205808961
AP3B1	0.0699309218998859	6.22816133725249	1.08605044845643	0.29828137597198	0.773620767451422
AP3B2	1.73727971693274	-0.218668669890259	25.6325619671457	7.66063885361336e-07	0.000425972929119571
AP3D1	-0.00077378365793138	7.78558495012162	0.000109612921148897	0.991654346753647	0.999159535485398
AP3M1	0.0395735694731168	5.97409136151838	0.496459340594903	0.481668089202336	0.86685088062009
AP3M2	0.0613470058718449	4.53664000457399	0.583548266941649	0.445592743830441	0.84909003534014
AP3S1	0.13462938646974	5.87942353878618	2.71833930019918	0.100365690827884	0.564988306271589
AP3S2	0.102761187924141	4.67137586257244	3.29847134892206	0.0704547632027301	0.498122439220951
APPL1	-0.0611300120270732	5.78554369249736	0.453629172876393	0.501193401626752	0.877354977032996
APPL2	-0.0603722012424899	5.89487013905458	0.994970065104073	0.319424915722337	0.787424900080441
ARAP1	-0.0100869545097362	6.60769986256161	0.0152860480912216	0.901694991617755	0.982807414576377
ARAP2	-0.0816802150766276	4.47765971938295	0.53266031102159	0.466124072605125	0.859034501925862
ARAP3	0.0197097972805495	4.59025347134794	0.0245527577348666	0.875603900959288	0.976782664286982
ARF1	0.0515732484308931	9.46016502539117	0.372624966899509	0.542091023487288	0.893403994965016
ARF3	0.134088977904343	7.88578798758901	4.53705437022101	0.0340740400414819	0.388818247262034
ARF4	0.0906377164384399	7.9504636319571	1.61203995956303	0.205299894604253	0.705083984134582
ARF5	-0.085397195677629	7.40485421107082	0.709149775023319	0.400472447183852	0.830311956786894
ARF6	0.0934475390156378	7.55455198287069	1.97494546816131	0.161074939083698	0.658167844446696
ARFGAP1	-0.0590601892395033	7.09910178618998	0.270741623753932	0.603261651932867	0.91395472951891
ARFGAP2	-0.0408837752272008	6.60196222214123	0.423188131093379	0.515904380612896	0.881985061901373
ARFGAP3	0.047163922553788	5.77397731778373	0.321435149405012	0.571218073428023	0.902703076572623
ARFGEF1	-0.293909144056284	6.65914445585383	11.0787469007061	0.000994829470663264	0.0666697769688143
ARFGEF2	-0.246907671834465	7.04138704920175	6.73833660853806	0.00995339688715479	0.224790860173777
ARFIP1	-0.0427583247602988	5.9987994735632	0.28324729552268	0.595018908788382	0.911060432344435
ARFIP2	0.0424479671380882	6.20501142583064	0.333774873392357	0.56392681019243	0.899327974025196
ARHGAP1	0.0339951581299139	7.09774559670971	0.225183452447862	0.635502515029276	0.922825128730229
ARHGAP24	-0.139527193637104	2.38309195836526	1.15661124850254	0.283130752847086	0.765332881621111
ARHGAP5	-0.0604700815367611	6.57771353587787	0.245228614173255	0.620858257765278	0.918764061228723
ARHGDIA	0.155403806876712	8.23148230275172	2.08514596276848	0.149898833531417	0.643173847982353
ARHGEF1	0.0920364626545904	6.93027292168132	0.995356331222322	0.319331170785961	0.787382491341127
ARHGEF11	-0.00323859794559576	6.11635121770549	0.00286446243639791	0.957356688337698	0.994981638000596
ARHGEF2	0.17530664598567	6.36069407602448	5.89168502452052	0.0158677846190126	0.281298946080479
ARHGEF6	0.00630865297165309	3.46457661333455	0.00248658131499839	0.960266379901636	0.995074554631543
ARHGEF7	-0.0528864928885185	6.17797658565688	0.783381257952506	0.376897563443138	0.818083357411386
ASAP1	-0.0499116991625527	5.27684661956232	0.207958445638466	0.648739320653049	0.928175436934342
ASAP2	-0.0187598007853103	4.95691120737216	0.0551090432197461	0.814578486402277	0.964887891026567
ASAP3	0.0459355673926688	3.685024605756	0.162752184255108	0.68695489008062	0.93853575327171
ATF4	0.112722814671282	8.33424512453876	2.07933717537824	0.150465387389965	0.643436768315827
ATF6	0.0231445947279365	6.18334249638214	0.168982132692116	0.681344499747734	0.938034109864151
ATF6B	-0.052289059181379	6.98633145895461	0.448776967394494	0.50348957183276	0.877938338069938
ATXN3	-0.116412306564426	4.522313866121	2.17749837886592	0.141208621713153	0.630084867310836
ATXN3L	0	NA	NA	1	1
B3GNTL1	-0.0217114912219428	3.14644465976989	0.073245911485921	0.786875102156866	0.960343094128663
B4GALNT1	0.280382727211609	0.585490352811062	4.01201874268832	0.0461777924861907	0.431717704475631
B4GALNT2	-0.561020093621987	3.3483831658971	2.40040731408821	0.122476473692259	0.598736186104361
B4GALT1	0.0520835065090275	7.32575620029521	0.597375268981704	0.440258180460506	0.847272546308661
B4GALT3	0.0236292329845787	5.73653066736914	0.119000386628721	0.730390103298513	0.948542703798082
BAG1	0.0393293717758042	6.71374428661455	0.262386131829185	0.608904849612857	0.915817764111705
BAG2	0.384856627879318	3.93125181939358	4.55085213997523	0.0338052046581607	0.387767495896157
BAK1	0.117415337546218	5.77755345577759	1.59033726250032	0.208367899993252	0.708044330295088
BAX	0.0398354314963229	6.6605331008353	0.144706568308997	0.703945639544389	0.942702579734852
BCAP31	0.0188076126791386	8.62464915378287	0.0405146511733169	0.840629419949191	0.970109360894921
BCL2	-0.114772706157147	3.45306005068114	0.716307555996399	0.398108216240536	0.829258677437515
BET1	-0.000512922919786252	4.57192426771329	3.70921511707302e-05	0.995145150855177	0.999411139368177
BET1L	0.0578486107977521	6.20944087769384	0.653328617423482	0.419637620795101	0.839458941121091
BNIP1	0.176259219746274	3.55917342083554	5.22866150879149	0.0229929574888623	0.329426954997112
CALR	0.0526911976109674	10.1839174343174	0.438420541104442	0.508451245999674	0.879804536181438
CANX	0.0778840280490502	9.78885788617202	1.38731639785707	0.23989726464236	0.734611789836423
CAPN1	0.0699686163282149	8.61964837284445	0.550319043815326	0.458832986091699	0.855570993929167
CAPN2	0.14465479969103	7.97334516430145	2.85188307957303	0.0924229539719948	0.550046240966104
CKAP4	0.0977525274477738	7.36130285719299	0.953408368820506	0.329728380353117	0.79430866000278
CLTA	0.068716058160855	7.76208077446352	0.788373304598614	0.375383741412846	0.817248090281127
CLTB	0.0576098608117606	7.09271851968407	0.246819995961281	0.619727951051248	0.918515610477082
CLTC	0.0535602339462939	8.95254360116674	0.721523332510154	0.396398170423984	0.828154806375847
COG4	0.0147629235383031	6.20983231922618	0.0496465272560623	0.823848169718891	0.965748518249471
COG6	0.102707604914102	5.29946317386587	1.29901267010849	0.255405023686666	0.746512708812255
COPA	0.0173477294231947	8.11993780952046	0.108210603725359	0.742445942409376	0.952549461271737
COPB1	0.0510237713039444	7.36055975546451	0.691807906766543	0.406286061372303	0.833721569112258
COPB2	0.0576776671466311	7.49421087031498	1.15880633074018	0.282675373605998	0.76500853191213
COPE	0.0839594772748995	7.45585614255718	0.557619914699733	0.455871378883466	0.85421846219383
COPZ1	0.110347691996135	7.80318589535583	3.20044617984129	0.0747405148115607	0.509630235819589
COPZ2	0.323483415512779	2.43504230591337	5.34073847449215	0.0215871560407701	0.322889193540633
CRYAA	0	NA	NA	1	1
CRYAB	0.536073065589526	3.27194775753726	9.24263603645762	0.00259698123391014	0.112291431655505
CTBP1	0.0355159084960797	7.22060105666702	0.228273543007348	0.633193997146656	0.922020893368883
CTSA	-0.15351668832868	8.28076131578967	2.06050349442099	0.152319125868327	0.646947501159156
CUL1	-0.110416111837841	6.43572276349259	4.49671350152065	0.0348730142661087	0.392278510394162
CYTH1	0.0271901741677158	5.76387515720295	0.217005563762756	0.641707102429857	0.924632712214489
CYTH2	0.0289205606260834	6.25680791107804	0.175463204515118	0.675634890972363	0.935196612408038
CYTH3	-0.0279473097374152	4.77701849488933	0.12515998001638	0.723780539827071	0.947172919590914
CYTH4	0.187167956843599	3.50860090937168	1.61377456350294	0.205057002684161	0.705083984134582
DAD1	0.0786893909449526	6.95626427576617	0.913389556157525	0.340072663090619	0.801541410290571
DDIT3	0.196068229341542	4.36337060437438	2.38780483457148	0.123457983708754	0.600029139302702
DDOST	-0.0759942058868805	8.58455714491094	0.903327506747139	0.34274211461559	0.802546478766914
DERL1	-0.125695452111315	6.70626462548283	3.74171277561639	0.0541160881662044	0.455324649414247
DERL2	0.129716456388979	4.95355293439767	3.25682421548485	0.0722423257222012	0.504690529510549
DERL3	-0.0538045596089925	4.1827561328825	0.103010741465908	0.748494713011469	0.954338751613054
DNAJA1	0.0915073962038014	7.78920537586282	1.78328160194331	0.182873012224047	0.681599520561149
DNAJA2	0.0531265148955372	6.58282901014458	0.973722808216334	0.324638047280125	0.7915329227518
DNAJB1	0.27610930077489	7.95658802370206	7.73280153330223	0.0058048342083262	0.17371016554577
DNAJB11	0.103299159472244	6.45846115600462	3.02315507044099	0.0832249510900804	0.534083014263043
DNAJB12	0.0171786572934462	5.85446545724794	0.0931458296892906	0.760450786332552	0.956198354844264
DNAJB2	0.0329759259869736	5.99022461326425	0.152566276525681	0.696403292921461	0.941379852073991
DNAJB9	0.12684066202198	5.19632943458774	1.9926012021391	0.15922198211402	0.656742794710074
DNAJC1	0.136744009099594	5.20525854430507	3.46111947175095	0.0639163155361281	0.482323315989758
DNAJC10	-0.0417130178633823	7.16821503143707	0.221331778129484	0.638407334377991	0.923786175894788
DNAJC3	0.0701463451110445	6.99796598128737	0.730470936423899	0.393489263182221	0.826339501960908
DNAJC5	-0.0858352429532245	7.27045266502193	0.903432543388436	0.342714102356353	0.802546478766914
DNAJC5B	0.266775389272754	-0.163709516429576	1.76396248780472	0.185254068449698	0.685402851666493
DNAJC5G	0	NA	NA	1	1
DNAJC6	-0.10224041185354	2.56470583069671	0.302795511588434	0.582590692023818	0.907376853817367
DNMBP	-0.0365445498526659	6.32087116362402	0.332604019842037	0.564610863499485	0.899417412414663
DOCK5	0.0709928650573532	5.6905902291007	0.425276983549244	0.51487108701032	0.8818250649873
DOLK	0.00494513124922973	4.5084210640592	0.00402028416254127	0.949490414775676	0.993182878131601
DOLPP1	0.129694646776049	4.84398220818339	2.1557639942781	0.143201276343927	0.632522154898737
DPAGT1	0.0116886570458181	6.04960350334568	0.0275674207141737	0.868254300729115	0.974323550275407
DPM1	-0.0376743489651397	5.8428456114594	0.134635706193339	0.713960954250036	0.944716665932079
DPM2	0.0387558334067156	5.83553249675203	0.230295202982376	0.631694044060551	0.921523786687264
DPM3	-0.0819548183472476	4.98209096738395	0.288266424435092	0.591776303416213	0.909614674879206
DPP6	0.489591465045595	-1.17436057324469	2.83778907049334	0.0932278205093198	0.552096517353516
EDEM1	0.0602531348038041	6.04154628418796	0.729083256592965	0.393938380455229	0.826613607971751
EDEM2	-0.0715820156857245	5.74233542185398	0.754718063020887	0.385759106841319	0.822702173126703
EDEM3	0.131965964576533	6.16818341488838	1.53993129823377	0.215706530601464	0.713211621791187
EEA1	-0.110183835629283	5.49683246987709	0.682724408921561	0.409380636804382	0.836737256269953
EIF2AK1	-0.0509667374381769	7.91085404533474	0.559247471096404	0.455215276428848	0.854183825330931
EIF2AK2	-0.029314812683341	6.52964182117935	0.109901508005227	0.740513792428142	0.952056875091839
EIF2AK3	0.0322696298029803	4.71355290896415	0.239101569812329	0.62525323008341	0.920168809423181
EIF2AK4	-0.0295516755884203	5.74312798171186	0.260118199865888	0.610456149364631	0.915817764111705
EIF2S1	0.109755134132472	6.59954838375682	2.32328022542848	0.128622922464806	0.609691778157622
ERLEC1	0.0577463422720991	6.32521044385961	0.761937944361211	0.38349934068777	0.821842056145703
ERN1	-0.012094261141955	4.90591212365354	0.0247266515059981	0.875167782617313	0.976606929520453
ERO1A	0.212144224134697	7.48913824448219	3.6335268434586	0.0576897836712144	0.466186020915776
ERO1B	0.354319021671368	2.7945312961686	4.19989023647109	0.0413940754849049	0.419139283382226
ERP27	-0.217200376273909	3.02264924804449	0.706060200249825	0.401499254203129	0.830529424489763
ERP29	0.0660879496844129	7.55354315974887	0.594955305050296	0.441184671055431	0.847558832306418
ERP44	0.0711739409979463	6.71837237691811	1.43732877844461	0.231624580867909	0.728821131471854
EVI5	-0.174490370765387	4.53949858856454	3.23914823187149	0.0730157347615361	0.506267851477462
EVI5L	0.0655635158918142	4.12756913269323	0.376795363153624	0.539840793743273	0.892776394523874
EXOC1	-0.0689343139196203	5.62321063743955	1.02189688486336	0.312975688314552	0.783034074231226
EXOC2	-0.0127306256115938	5.2151407228395	0.0477816113595043	0.827134745392963	0.967127362954677
EXOC3	-0.021639069608934	6.13027116218931	0.0862175190817656	0.769267890109224	0.957991812959653
EXOC5	0.0759182014010552	5.68099125494613	0.592347334061619	0.44218651315646	0.848015870046721
EXOC6	0.0446599415711675	4.80589669455545	0.386634133244823	0.534599316931073	0.890881571096626
EXOC6B	-0.0718367325800558	4.31328168305743	1.14091881438145	0.286413544394124	0.766831621079595
EXOC7	-0.0796935538526335	5.71220155629726	1.50529230638876	0.220928977017115	0.718141717089768
FAM71B	0	NA	NA	1	1
FBXO2	-0.350418302805116	3.11844084811901	1.73437208179385	0.188971566836659	0.687394097612699
FBXO6	0.0819416027558139	4.27339994409226	0.367516515706892	0.544871089400748	0.893403994965016
FBXO8	-0.0293259758999046	4.15807567064869	0.197042159464547	0.657474985284317	0.930914557218914
FUT8	0.0242782742577956	5.90031654724275	0.0427473510568466	0.836357760462237	0.96929208054064
GALNT1	0.0758255444994379	6.85174679416655	0.717726093932389	0.39764207709419	0.829099671984494
GALNT10	0.0195526851682476	6.43462396184804	0.0681524570006602	0.794245306662045	0.960550697091595
GALNT11	-0.0922884474460602	5.31182175902555	1.82149609210889	0.178267232807859	0.677942707539536
GALNT12	0.111218836529316	5.5734305674867	1.13314589600842	0.28805756956699	0.767611711555571
GALNT13	0	NA	NA	1	1
GALNT14	1.44286538744506	-0.0377018671506799	24.2583403751613	1.47079971565465e-06	0.000672449629997306
GALNT15	0.165982240625481	1.42332698362898	0.608501131671071	0.43603687704323	0.845445547854812
GALNT16	0.196383611768765	-0.0929114505304129	0.772133622146599	0.380340121521349	0.819626084172918
GALNT18	0.319215077662852	3.76245807023619	3.90604967799319	0.0491315077501614	0.441218524858935
GALNT2	0.0786934035573654	6.83239614151013	1.20695107115959	0.272916732441092	0.757208972643601
GALNT3	-0.0167400509666438	6.90697918477627	0.0341862822143062	0.853450119865935	0.972502107291601
GALNT5	0.00960299336296863	5.89443381617577	0.00499490467552463	0.943709090551981	0.991922812681035
GALNT6	0.0309916562181513	6.48657044074371	0.069323367651607	0.792525587820892	0.960396722568547
GALNT7	-0.0974341867577202	6.69391713570744	0.80133395890289	0.371493186598648	0.815351058361487
GALNT8	-0.475784957461297	3.45697052409599	3.546839200944	0.0607351560999381	0.474736436576845
GALNT9	0.879844013881233	0.34300959355967	6.4724228783616	0.0115144447285493	0.241347304126029
GALNTL5	0	NA	NA	1	1
GALNTL6	-0.735246783910162	0.453410046634302	5.50176411529148	0.0197222074737453	0.309828379599365
GANAB	-0.0220758440343967	8.96663910783611	0.110993479125636	0.739274782752966	0.951385431957405
GBF1	0.0208839229345411	6.68243458441979	0.0974636391134707	0.755136130480934	0.956003652295659
GBGT1	0.0596412670828084	2.38422152932656	0.177715877576485	0.673679425918248	0.934600013118706
GGA1	0.0264225100546702	6.06216041963879	0.136240699400641	0.712336900347414	0.944716665932079
GGA2	0.0145975363790612	6.26198379817109	0.108871905937327	0.741688310169915	0.952196515883366
GGA3	-0.0282469246829429	5.57440929344451	0.167683278097598	0.682504097935008	0.938336329592287
GIT1	-0.0160790089043105	6.82859559500433	0.0298028262179378	0.863067879426939	0.974166315067205
GIT2	0.112584114471733	4.5428997219812	2.97753728189837	0.0855732476555982	0.536610183744656
GLT1D1	0.540611708787718	-0.693267612132579	5.92823211013314	0.0155490725899066	0.279150627805183
GLT6D1	0	NA	NA	1	1
GLT8D1	-0.0743375112285281	5.47853165152812	2.38219711621256	0.123897543579806	0.600755652726339
GLT8D2	0.0636670724887418	2.93125656590672	0.191621585557133	0.661920815583675	0.932218919443308
GMCL1	-0.035934567627222	5.23110652912577	0.276915294794573	0.599162739524945	0.912583224976771
GOLGA4	-0.0462366949089994	6.73027948660893	0.166520135221582	0.683546995923638	0.938336329592287
GOSR1	0.0132156716260196	5.75704583698575	0.0689815452104177	0.793026007662891	0.960528353687092
GOSR2	0.0599305853998092	4.43025592475892	1.52688198159858	0.217656402633867	0.714105449822358
GPAA1	-0.201796741165628	7.19065198387218	2.83425330501609	0.0934309374410131	0.552096517353516
GPLD1	-0.389179578250033	-0.451731832223078	10.8065352908788	0.00114562177666242	0.0729722056750858
GXYLT1	-0.00966275667677215	4.54512429173927	0.0101987987796824	0.919634158214078	0.986032741423802
GXYLT2	0.158213594834044	2.68754378198503	0.722498238327145	0.396079718030136	0.828133895665296
HAS1	0.946875864441934	-0.553307701888206	10.4730815764129	0.00136252253011602	0.080564238813646
HAS2	0.0313444963616572	3.29846238592676	0.0346249166379472	0.852523717779688	0.972174496495643
HAS3	0.152411282656982	4.43477659760881	0.653281575176721	0.41965434017548	0.839458941121091
HERPUD1	0.0483584703649367	6.85348491080324	0.584069295054139	0.445389915676226	0.848811285789822
HSP90AA1	0.166659504999275	10.3929297824978	3.79849425987364	0.0523355539438799	0.450710774637468
HSP90AB1	0.0682452165725544	10.675599052696	0.95753804403681	0.328685018762819	0.793994521212812
HSP90B1	0.125596005005195	10.1632311102399	1.85841088546472	0.173945457001893	0.672445289807768
HSPA1B	0.389306699083942	7.1121227752828	8.96602337084203	0.00300588540068663	0.121005557525022
HSPA1L	-0.0728913055469938	0.707429791294846	0.744181196490675	0.389091332087978	0.824897937533487
HSPA2	-0.38542895107218	4.8010294910165	3.45463594242915	0.0641640877137233	0.483203492175015
HSPA4L	0.415093350290022	4.30552172770381	4.41405188552501	0.0365723945494088	0.399808950828659
HSPA5	0.119307818166062	9.61715287206678	1.93630239339776	0.16521741858965	0.662643261891455
HSPA6	1.21401979100669	2.65067371949202	26.4710074127539	5.1560630066531e-07	0.000321457091814791
HSPA8	0.152504709733843	10.8279544741809	3.37850886051749	0.067151716109858	0.49191189569928
HSPBP1	0.0422406115784741	6.38949195633796	0.123836295098377	0.725185240759877	0.947172919590914
HSPH1	0.0753238586653827	7.71906246010989	0.350642185087448	0.554245998252745	0.895569419855437
HYOU1	0.0444989085063131	7.94937927637065	0.284187443078545	0.594408731186708	0.910668347266016
IFT27	-0.0397335693397296	4.27501553404317	0.334343665040469	0.563595080055229	0.899327974025196
INPP5B	-0.0645939520997079	4.00089219583099	1.42487969262176	0.233650975199612	0.729459053680853
INPP5E	-0.0235276139738258	4.19867488757887	0.0747278197977342	0.784782754919425	0.960221254814882
IQSEC1	-0.0912837301183046	5.44374966823782	1.47768338781387	0.22520049131511	0.722256415949661
IQSEC2	0.0366943568518992	4.3769817543094	0.171591513794904	0.679030542812399	0.936791684290371
IQSEC3	0.477821880123218	0.147650325175117	6.01117981500878	0.0148501017009289	0.271737717516677
JUN	-0.0349620042676142	8.29713071462302	0.0957363226808297	0.757246434408731	0.956020076994295
KDELR1	0.0118291288867459	8.2664243640618	0.0214735249174569	0.883605810190111	0.978845703502132
KDELR2	-0.0127225667180739	8.56667514685795	0.0396455927571198	0.842325176572208	0.970431236084254
KDELR3	0.00540121494488308	5.59731065798955	0.00181310454282156	0.966067399854518	0.996048292768296
KIF20A	0.177331851285984	5.0071326643676	4.20358272772382	0.0413054833696439	0.419042906729317
KIF23	0.0415346152716386	5.06144815657134	0.260265375725808	0.610355220564701	0.915817764111705
LARGE1	-0.132769741170993	4.63772817475878	2.0389081177868	0.154476765400271	0.65008569527034
LARGE2	0.193627454594095	5.52391523516411	1.16711484404558	0.280960134707387	0.76373332190284
LMAN1	0.0681054151553286	7.11214220788524	0.402246197594294	0.526469163034008	0.88630853123817
LMAN1L	0	NA	NA	1	1
LMAN2	0.031045852746918	8.01841556545016	0.100514495827155	0.751458412236359	0.954927111796535
MAN1A1	-0.0106489507250625	6.10362854121896	0.00881917406643431	0.925250026176218	0.987281431823415
MAN1A2	-0.0814494656422454	5.7571592460802	0.699715531383261	0.403619949677611	0.832588991775517
MAN1B1	0.0158671631457964	6.51370558790373	0.0446455921937456	0.832816653694999	0.968162078835375
MAN1C1	-0.122642373256715	2.81961688225312	0.951443774540975	0.330226285768922	0.794411640888534
MAN2A2	-0.0603985069498986	5.80985587806765	0.53491582889238	0.465182520921399	0.858261226695294
MAP2K7	0.0305319009690256	5.40941376788135	0.176131026114719	0.675053645880699	0.935196612408038
MAP3K5	-0.100238352560761	5.26247417467404	1.27310143870202	0.260188521326196	0.749027096360555
MARCH6	-0.100516104778185	7.07854181887938	2.34837308600058	0.12658617513304	0.605529869143728
MCF2L	-0.0237511420340844	5.77794556290372	0.0509373531067644	0.821611123773178	0.965630545166579
MGAT1	0.0463502057259157	7.23264606418992	0.33574234798069	0.562780941004192	0.899033704497262
MGAT2	0.0906763713638239	2.34682542628501	0.582105157775259	0.446155273645223	0.849301238695605
MGAT3	-0.356253219978868	3.7756146863006	3.28007687657197	0.0712383357552063	0.501795252439214
MGAT4B	-0.0487233885741702	8.39061446422434	0.276624304346522	0.599354621902519	0.912668818860793
MGAT4C	0	NA	NA	1	1
MGAT5	-0.0772177860460268	7.74429700497115	0.522430443696425	0.470433180616506	0.861123233293082
MICAL1	-0.0513205825503562	6.07403044720881	0.365924233851233	0.545743029911189	0.893525258126547
MICALCL	-0.0475985080912418	1.67651019040425	0.178444540711221	0.67305002635887	0.934600013118706
MICALL2	-0.00858356761036345	5.91529092060192	0.00581244350943939	0.939285183837351	0.990916489194424
MOGS	-0.0265748232381708	6.61492582939581	0.138622586177652	0.709946648250023	0.944716665932079
MON1A	-0.118460152305867	4.26501374715175	1.60569607824858	0.206191120888646	0.705083984134582
MYO5B	-0.0382671105269418	7.27572789076413	0.223046973738009	0.637109995036092	0.923546891980029
NAPA	0.0276909727986159	6.29200151147358	0.13195077702931	0.716702514574981	0.944904954120569
NAPB	-0.107891411456116	3.98285960058285	0.958965131922549	0.328325488624831	0.793768343474415
NAPG	0.0827930856418145	5.26310497450299	1.04458855994517	0.307672724023651	0.778583130536484
NCKIPSD	-0.0916948194412468	5.27593716946164	1.02267772338662	0.312791232061692	0.783034074231226
NDE1	0.0699725833304219	5.41803210959826	1.12593301234326	0.289593936925113	0.76888703810779
NET1	-0.052391273889131	7.72022960051743	0.615043175571231	0.433583625086999	0.84430506747607
NGLY1	-0.0176009028390724	5.28281081545067	0.108803621488619	0.741766423069221	0.952212041444197
NPLOC4	0.00250876205297249	6.99983842452885	0.00194849316421643	0.964824091237754	0.995780939125715
NSF	0.00613582716485477	5.90337994727684	0.013796758791532	0.906583293057535	0.983893629032541
NSFL1C	-0.0747298780356805	6.44074283893069	0.964305503963596	0.32698471163346	0.792856035020248
OCRL	-0.105107950601215	6.06042898971231	1.694625886469	0.19410326035373	0.694728433291424
OPTN	0.112890928876203	6.60449257212753	2.1083866487671	0.147656191949077	0.639284194688617
OS9	0.00794640453317826	8.07318897622216	0.0103935296672626	0.918873191961015	0.986032741423802
OSGIN2	-0.0859449092236389	4.78876881744443	1.03793322500159	0.309215810690488	0.780398195430092
P4HB	0.0928038516843907	10.0742634119568	0.924631483293735	0.337123276537227	0.79944103857865
PAK1	-0.0200578360230777	6.889478686783	0.136893075058569	0.711679885402615	0.944716665932079
PARK2	-0.0831568989403626	0.847755489763299	0.275281472585978	0.600241773984751	0.912679627232267
PDIA2	0.647123750149229	1.42741434255595	4.66527521012619	0.0316598482194201	0.377271395864371
PDIA3	0.0588494230149065	9.24858391554081	0.424408829773111	0.515300096858392	0.881975569915992
PDIA4	-0.0685145071013018	8.91830774562244	0.695948502202776	0.404886824855745	0.832764324160961
PDIA5	-0.0663609743509563	5.5480995702195	0.906848935548078	0.341804670618973	0.802223282376768
PDIA6	0.0356966558713417	8.24067014668371	0.247014278074749	0.619590270355082	0.918515610477082
PDILT	0	NA	NA	1	1
PGAP1	-0.169493004931063	4.55834290976904	1.40562351079817	0.23682796866693	0.732464356483252
PICK1	-0.0576060378654178	5.00523713864656	0.439029542338489	0.508157152178914	0.879804536181438
PIGA	-0.0870145137192973	3.94482959119915	0.948365359540015	0.331008497981191	0.794837632757355
PIGB	-0.0579592903713023	3.16254326658259	0.610459625767147	0.435300225407792	0.845030693654957
PIGC	0.0213838158806015	5.2059785840793	0.0942334249067873	0.759099602105253	0.956153980612972
PIGF	0.0224714573101704	4.00747991478181	0.12170486757794	0.727464969742469	0.947652459479
PIGG	-0.00712040387625937	5.54254002168072	0.01855611621778	0.891748343955019	0.980787263995091
PIGH	0.0169207090974546	3.72484297819784	0.0712678052625949	0.789703768524832	0.960396722568547
PIGK	-0.0396153661295267	4.94588052541936	0.24766250509607	0.619131383533126	0.918515610477082
PIGL	-0.00213833476005809	3.53318260379941	0.000750637024573384	0.978162753166873	0.997844719969242
PIGM	-0.00537931557913059	4.37313199490745	0.00523405496489896	0.942379577262827	0.991877251589496
PIGN	-0.0664806011690511	4.99827553148033	0.728300491491417	0.394192045673275	0.826613607971751
PIGO	-0.0493033374639206	5.82849107762549	0.45127987813838	0.502302900853433	0.877701032049166
PIGP	-0.0328830167705199	4.11320233501394	0.14314124523032	0.705475622202997	0.943477343422026
PIGQ	-0.0845901850977833	5.61007507051776	0.628636285099013	0.428553004891999	0.842880525420181
PIGS	0.017245215253759	6.07551349200833	0.0546029149809934	0.815416406153437	0.965067681746596
PIGT	-0.137257046756666	8.01971646393878	2.08824932214698	0.149597144490886	0.642269097609925
PIGU	-0.140073860472176	5.8771778824843	2.13927959645206	0.144733813694754	0.634201608894206
PIGV	-0.15915105832848	4.29910521625471	5.30869216750145	0.0219797272041368	0.323988398326056
PIGX	-0.0170332082520737	4.85313090045108	0.0573000675881014	0.810997178551542	0.964631143313688
PIGZ	0.0406902622417642	4.91143541811806	0.0686289572377255	0.793543578905476	0.960550697091595
PIK3C3	0.0177175200256298	4.7378060094623	0.0537201397480753	0.816887743980495	0.965086397162143
PIK3CA	-0.0950232055642066	4.37188773478599	0.896725855735153	0.344508954617689	0.803619867608201
PLAA	0.0695212818210174	5.62650112337313	1.5393986079462	0.21578571682584	0.71329937949467
PLIN3	0.0891215357826955	6.71319855813663	0.791187581688122	0.374534094769737	0.816575923373827
POMT1	-0.0152276487450338	5.02156754600625	0.0409481856375382	0.839790556977712	0.969657930718415
POMT2	0.111616197474362	4.25319961431814	2.47054649504066	0.117170168835413	0.590732168924565
PPIA	-0.018335775724989	9.09273909412788	0.058853103982468	0.808502342326264	0.964631143313688
PRKCSH	0.000370549984239194	8.62263717132393	1.57528298543488e-05	0.996836152292549	0.999411139368177
PSD	0.514599616003539	2.41087669647518	7.66348640571711	0.00602555497528056	0.177099668659175
PSD2	0.0395470052230877	-1.27191698159969	0.0309730562055034	0.860432605275534	0.974166315067205
PSD3	0.0295323384003369	4.89400421597236	0.0583906870147134	0.809241499402016	0.964631143313688
PSD4	-0.146239710228196	6.3284424277902	4.56972999750428	0.0334409959716419	0.386308282493297
QSOX2	0.00241626209256545	5.20096744503348	0.00118320634661394	0.972585412532518	0.997123647481574
RAB10	0.0454667447525653	7.73083167488221	0.648257157482726	0.421445832462809	0.840831492239876
RAB11A	0.0567035748148509	7.61352586531118	0.824241904379691	0.364753476197938	0.811983617100566
RAB11B	-0.0257435280693852	6.89482719108279	0.0506520064566533	0.822103052008503	0.965630545166579
RAB11FIP1	-0.160386811060771	7.24450009135813	2.14320900111937	0.144366823186147	0.633946505946602
RAB11FIP2	-0.202330790802362	3.94434007033351	3.23649716276806	0.0731324999801214	0.506267851477462
RAB11FIP3	-0.034225974047182	5.77586746952337	0.130423151895119	0.71827648047078	0.945496712881545
RAB11FIP4	-0.168300466779678	6.20296545649083	4.49911601049858	0.034824883661276	0.391977169560847
RAB11FIP5	0.00422804538721615	5.19260597536678	0.00330290553853749	0.954212640874083	0.994174855590387
RAB12	0.0341464466839314	4.18649940553104	0.166021072577301	0.683995769174224	0.938336329592287
RAB13	0.0844205036027939	6.02876677328534	0.885752460481792	0.347473291999943	0.804863347107456
RAB14	0.046473455617882	6.99438815917943	0.806025206147369	0.370098901401961	0.814278899773239
RAB15	-0.0301569259312702	6.76445403623112	0.0718618470423916	0.788849921783533	0.960343094128663
RAB17	-0.0858964091931602	4.89566253468473	0.764431338850237	0.382723306617352	0.821250449556259
RAB18	0.0237060079587773	6.04787326001849	0.133558442016003	0.715057183598598	0.944716665932079
RAB19	-0.188507517632493	1.4641563384217	2.97749841682569	0.0855752787912537	0.536610183744656
RAB1A	0.0379745079995737	7.68251469637721	0.56483032584331	0.45297597661535	0.852889882207762
RAB1B	0.0750028229057462	7.35885826281854	0.708194226059355	0.40078961092863	0.830413206019015
RAB20	0.0562188273916789	5.59679522851479	0.39898968131315	0.528146598337475	0.887285129522106
RAB21	0.0869614156710678	6.18201037312015	1.16933414127407	0.280504210832261	0.76373332190284
RAB22A	-0.203354464423995	6.34110630104847	6.19401995121664	0.0134219334749759	0.259347560170897
RAB23	0.0470308295438509	3.78464383634229	0.179768028703938	0.67191069735961	0.934600013118706
RAB24	0.0126084979263482	3.05897250104567	0.0132952518924818	0.908289160110349	0.984328517137102
RAB25	0.0054533522144239	7.5317406046541	0.00286748166345431	0.95733424214949	0.994981638000596
RAB26	0.130596596291294	2.61684665563028	0.277902327857608	0.598512836825115	0.912454598102972
RAB27A	-0.0273351735579717	4.81742989894564	0.0999913839543404	0.752084604247054	0.95537917778988
RAB27B	0.181423813043075	4.29446495114223	0.704976238630879	0.40186041333884	0.83097304268187
RAB28	0.077243520891741	3.9300238231483	1.69982072680299	0.193423343659397	0.694016719994494
RAB29	0.137502162689369	4.53860981697327	2.07191443549494	0.15119290269857	0.645389892284722
RAB2A	-0.130184600261901	7.49016686077492	3.56217258224552	0.060184214319936	0.473923745477316
RAB2B	0.0492594233413949	3.96490721971254	0.463554912282087	0.496551462925244	0.874736689633014
RAB30	-0.181347886486507	3.75023764901306	2.39155491794135	0.123165004926806	0.599805341515337
RAB31	0.316855375676234	5.86269434218863	3.73570903839232	0.0543080895004992	0.45589069007021
RAB32	0.00672875744040835	5.3467396957694	0.00210958056219021	0.963399902646453	0.99572393444495
RAB33A	0.0186963320714117	-0.388660545914704	0.0194565704526361	0.889169599463631	0.980403697242231
RAB33B	-0.0178951125191695	3.6246061771884	0.0474012723358226	0.827813234719241	0.967255195996914
RAB34	0.203396368053072	3.82630645073999	2.28519770517983	0.131784502540511	0.613979700015506
RAB35	0.0754845304805375	6.05747137503039	1.40541695397129	0.236862331372517	0.732464356483252
RAB36	-0.0385213138911208	3.65868074695493	0.0885695188885105	0.766232804291027	0.957887954458769
RAB37	0.109397554390107	2.23409067854273	0.603287713164978	0.43800714365864	0.846980255093523
RAB38	0.443787191868524	1.16228660459349	4.95751628133351	0.0268037234888645	0.350955913603325
RAB39A	-0.11599730498023	-0.801832769003319	0.228223273594976	0.633231397963342	0.922020893368883
RAB39B	0.144843816803219	-0.897630133826579	0.645603710673819	0.422396564506564	0.840969423229402
RAB3A	0.257962215654216	1.85102973574842	2.66923484573947	0.103472149739835	0.569816918829593
RAB3B	0.836348866988307	2.81172335670501	11.752179663094	0.000702712649855083	0.0553931419851283
RAB3C	0.295745242124351	-0.454475298884667	1.39103750769493	0.239269489668608	0.733633233989514
RAB3D	-0.0607589287322739	5.46014442933197	0.515377431638282	0.473441711214852	0.862762601110219
RAB3IL1	0.161618168758837	2.90069240534782	1.25874926807195	0.262886006896117	0.75071600555686
RAB3IP	0.0819121609502869	5.31002275508728	1.0682170520337	0.302274549071527	0.774914445677108
RAB40A	-0.384396820483301	-0.809906640539088	4.20909527042648	0.0411735962980998	0.418745684645533
RAB40B	-0.0120313499978886	4.96382658938001	0.0159588709771589	0.899566097478482	0.982108785290705
RAB40C	-0.0567697453203565	5.69367360750305	0.338785049017243	0.561017659039398	0.89786927246601
RAB41	-0.103688235882238	-1.14737767459387	0.578640481080661	0.447510336837576	0.849522935108816
RAB42	0.232945998565248	1.13037453577182	2.47089949517446	0.117144117978297	0.590732168924565
RAB43	0.0877346559647387	1.61941194330867	0.676227880948912	0.411615219148621	0.837643078018172
RAB44	-0.00159849956633032	-1.69657359695907	5.91478891138164e-05	0.993869403235265	0.999353334630507
RAB4A	0.0936616543110524	5.76034296524027	1.89239718372214	0.170073371740819	0.667255825742868
RAB4B	0.165974153491273	3.4978426265094	4.03508093799663	0.0455602843696195	0.430370755857265
RAB5A	-0.0254793711348758	5.92477385813122	0.152360550933328	0.696597825598276	0.941480268859251
RAB5B	0.10895215777458	7.45760781656137	2.92301119717912	0.0884751317060364	0.541818235552011
RAB5C	0.104631385498853	6.86865946883842	2.45047587890203	0.118661990543979	0.592992905866365
RAB6A	0.0286280126646368	7.25423066448569	0.171102091221002	0.679462976919199	0.93707409083896
RAB6B	0.284724415224815	2.06704885720831	3.74050264853398	0.0541547301019083	0.455324649414247
RAB6C	0	NA	NA	1	1
RAB7A	0.0468480905513488	8.13705739678032	0.686057030837756	0.408241263003952	0.836152886515014
RAB8A	0.0832280289251291	5.8077510459253	2.79145728885536	0.0959281809856874	0.556892323814766
RAB8B	0.0665449647064388	4.51482465324553	0.358623281649793	0.549774561807458	0.894694767632401
RAB9A	-0.0325454649120037	4.72235639536259	0.21500954753796	0.643243055068251	0.92584186840716
RAB9B	0.155615785164028	0.183134781262371	0.702247826123674	0.402771578019178	0.831656206961718
RABEP1	0.0471592801081763	5.39846143050035	0.428014679162009	0.51352229638369	0.881123187519204
RABGAP1	0.0217989163661241	5.81425516993482	0.103750341430579	0.747624234764725	0.954076120940528
RABGAP1L	0.0612739068262406	5.69574404651437	0.48874423558004	0.485090562911314	0.868474363642281
RABGEF1	-0.0294468329663245	2.019483780201	0.139102661664712	0.7094677240466	0.944716665932079
RAD23A	0.0646282648830422	6.93375554321992	0.677935547229724	0.41102609975037	0.837352466256562
RAD23B	0.0515973434027743	7.75616925306321	1.27698223873096	0.259465046968945	0.748805425212382
RALBP1	-0.0230807558641764	6.26755371727474	0.0975349240720983	0.755049482538005	0.956003652295659
RASEF	-0.0570452045796566	5.79915634238322	0.309450470471857	0.578478907698183	0.906307115974902
RBSN	-0.0798436465817808	4.75176232829346	3.08404457119825	0.0801988944087525	0.52581646066465
RBX1	0.0130284540940547	5.68204862678145	0.0299946067990169	0.862632397419663	0.974166315067205
REPIN1	-0.149719487299216	8.08365398536764	2.70788583904984	0.101018310214894	0.566211953772247
RER1	0.0317725802926991	6.94339389488792	0.233673717072407	0.62920537451958	0.92084476470681
RFT1	-0.0151157789416234	5.01964436325157	0.0701114400673947	0.791376874520566	0.960396722568547
RFWD2	0.0171929705756647	5.95003569417126	0.0918226894175867	0.762106284257194	0.957005291278535
RNF185	-0.0159060845906992	4.74772822661076	0.0963725573433903	0.756466720846553	0.956020076994295
RNF5	0.0827157687358201	5.68303665124478	1.36155358099253	0.244299265309232	0.738605890444105
ROCK1	-0.0198256099945351	5.51306886685453	0.0384739839090712	0.844642171604412	0.970595065502711
RPN1	0.0205661333251989	8.8096687655586	0.107894176617477	0.74280937048355	0.952549461271737
RPN2	-0.0925675043278416	9.18835231656247	1.44209139660689	0.230854985715347	0.728195450097832
RRBP1	-0.0375669448174246	9.13125737223345	0.124087723988077	0.724917775895686	0.947172919590914
RUFY1	-0.0157696556519555	5.71924328586708	0.0781127748832676	0.780085648645496	0.959411851429076
SAR1A	0.0701394974277142	6.66868169270452	1.69749243576937	0.193727731094968	0.694106824068783
SAR1B	0.121869476545503	5.85614920304803	3.34314194036844	0.068590246130902	0.495671135896444
SEC11A	0.0907499115400477	6.67889060793637	2.16155654741623	0.142667113787781	0.631904654090538
SEC11C	0.134957675414783	5.68908956806459	1.81931587543204	0.178526348790016	0.678301218837633
SEC13	0.0115125333257419	7.24745570731495	0.0192868020002508	0.8896510590126	0.980403697242231
SEC16A	0.045241871952355	7.34976959047608	0.35149195988934	0.553766651110589	0.895569419855437
SEC16B	0.242015349698579	-0.242262406078325	1.89858328363143	0.169379335031038	0.666872065134314
SEC23A	0.0567788041061593	6.25416536980851	0.548973664925376	0.45938206606092	0.855962896577435
SEC23B	-0.00951152540664776	6.96098817534176	0.0142104104443428	0.905199782430045	0.983518001597314
SEC24A	0.156416268349225	5.50331972120253	3.177740002235	0.0757728707674515	0.512950550229268
SEC24B	-0.0119619647579963	5.6518108013233	0.0530848489014585	0.817954495303831	0.96517322014486
SEC24C	0.0173716931087591	5.76612293351325	0.0706672736872616	0.790570828026717	0.960396722568547
SEC24D	0.17588642173958	6.1649174246811	3.67967940131741	0.056135355999209	0.46118526172475
SEC31A	0.0403492017543691	7.16226307832901	0.363288311650645	0.54719218772429	0.893699457826431
SEC31B	0.0418676249378309	2.78359860219955	0.079597016115503	0.778060678841225	0.959355050938869
SEC61A1	0.062048123063315	8.71022525599512	0.918955092167893	0.338608184003302	0.800135610010318
SEC61A2	0.121905765651133	2.70496410667829	1.87131687164862	0.172463196634634	0.669901896027965
SEC61B	0.147924113419192	6.45700329085563	4.12472491069942	0.0432418308490903	0.423586322924555
SEC61G	0.16597111028686	5.9698850072818	3.82244568676597	0.0516032934032184	0.448458696290091
SEC62	0.0350808746216191	6.82438939653887	0.250608603924755	0.617055206010848	0.918363062516156
SEC63	-0.015222177040799	6.54052586505482	0.0333099996306695	0.855319428491399	0.972972572054067
SEL1L	0.0159128591842789	6.82272947417348	0.040154084224563	0.841330659674839	0.970362757442572
SELENOS	0.0706381556352655	6.2875975222979	1.06806199158324	0.302309571854108	0.774914445677108
SGSM1	-0.0653254455429472	1.57610412128806	0.132165553233955	0.716482051613234	0.944895591498363
SGSM3	-0.0675493551185049	6.20131816664816	0.423287918029891	0.515854936418747	0.881985061901373
SIL1	0.019770495664114	5.98268355748732	0.0534826695058694	0.81728571130384	0.965086397162143
SKP1	0.0671672345753978	7.6593619786952	1.00050619353432	0.318084782684842	0.786288133454514
SMCHD1	0.0378443501742673	5.6564133283518	0.0969967588109159	0.755704492410191	0.956020076994295
SNAP23	0.0915854989978759	5.77086372825408	1.76132726473321	0.185581650251718	0.685402851666493
SNAP25	0.26239078107289	-0.469163321698879	0.733868271279852	0.392392839350365	0.825763773822687
SNAP29	0.0211464601766494	5.20444801620296	0.176276101445784	0.674927549623405	0.935165851565772
SNAP47	0.056272410320285	4.73486258286532	0.874673224805465	0.35050156606179	0.805443932930174
SPCS1	0.0201586331581523	6.80506328011214	0.0786909670116502	0.779294365771117	0.959355050938869
SPCS2	0.0678550283684424	5.45641076221359	0.911528524285352	0.340564269601975	0.801691163939119
SPCS3	0.027308135384361	7.3502840731721	0.101596772889279	0.750168541828729	0.954481606653325
SRP14	0.103182861218996	7.42143123998082	2.2201448791101	0.137388992277041	0.623880352628489
SRP19	0.219864927170116	4.07216740504989	6.57085452015927	0.0109090604774283	0.235777279144997
SRP54	0.0123370093225131	5.8542025486534	0.0361872704643279	0.849272406542673	0.971705930226056
SRP68	0.104968749519974	6.69221544950715	3.26953633332544	0.0716915728753057	0.502934014841773
SRP72	0.0359289547413437	7.00822233741714	0.29976622399556	0.584481883839903	0.907376853817367
SRP9	0.128094914116554	7.27539918763618	2.0086267963699	0.157561195586953	0.654881623839591
SRPRA	-0.0192309729887852	7.45410046289366	0.0864474809964109	0.768969171063614	0.957991812959653
SRPRB	0.141842222678206	6.74373929164041	4.10885100009189	0.0436430946286893	0.423586322924555
SSR1	0.0971675533799626	7.86045949894597	1.59018478510442	0.208389646790885	0.708044330295088
SSR2	0.130928884039443	8.03533151173053	2.69227463418851	0.102001631331937	0.568176136839801
SSR3	0.199782746820608	7.63238966312146	6.64081258261402	0.0104988515364654	0.229059778909054
SSR4	0.0725842840689934	8.16892822286953	0.442951903095279	0.506270007635573	0.87940013775953
STT3A	0.063758124450042	7.7708985259406	1.13790430945755	0.287049708114669	0.766831621079595
STT3B	-0.0936999651101432	8.30719959321723	1.44571717319235	0.230271169060025	0.727829110383439
STUB1	0.0440465473975661	5.63134025668993	0.141927084846217	0.70666897158172	0.9440021521142
STX10	0.0180249476885903	5.78772883294698	0.0384796854923885	0.844630807958051	0.970595065502711
STX11	0.267500497093644	1.55300509700337	2.64986438144762	0.104726536328258	0.571423959779471
STX12	0.0455699322864601	5.65142289354377	0.434219005640907	0.510488262658315	0.880232740086165
STX16	-0.059679839084422	6.42142537885519	0.343036530316593	0.558571557020994	0.897185667433049
STX17	-0.0660292843010541	4.07714825317857	0.699295180398101	0.403761028697346	0.832696411830312
STX18	0.0376816717199444	5.40859031117652	0.466538699257483	0.495170262000709	0.873967472408176
STX19	-0.0645429666678294	2.96539167744523	0.229615094332138	0.632197737566193	0.921719061895186
STX1A	0.0550789270328579	3.5635234814393	0.177804748798289	0.673602580029797	0.934600013118706
STX1B	0.280896414763892	0.338136043820218	2.64875737188229	0.104798727895768	0.571423959779471
STX2	0.101797125491289	3.93584489838743	1.26860308466089	0.261030263601554	0.749027096360555
STX3	0.0043448341860366	6.6410741879299	0.00244911917828891	0.960566576545228	0.995074554631543
STX4	0.0504846637549542	5.70216277038051	0.395695398090739	0.52985326614349	0.887544267230743
STX5	0.00366096887608	5.45489838860964	0.00250127106699731	0.960149285263029	0.995074554631543
STX6	0.0599866157879164	5.51588708716491	1.31769582751896	0.252023345714074	0.743741220048839
STX7	-0.0097049253233556	6.12417510893322	0.0190143686668301	0.890428210456483	0.980608877512628
STX8	0.102111362781236	4.40171485564927	1.64617089898916	0.200582530482898	0.701114558694985
SURF4	0.0437070521313541	8.54013589588418	0.420712620698746	0.517133655050672	0.882022469595095
SVIP	0.075017363294123	5.28780066149737	0.697125743468702	0.404490287096872	0.832728312738211
SYTL2	-0.113740321336772	5.98271336032815	0.831053217058579	0.362782390260516	0.810506374630404
SYVN1	0.0248327600316521	6.42707469106207	0.106992364177349	0.743848386403236	0.953135131109935
TBC1D1	0.0466515332055233	5.91578902867382	0.361654535604433	0.548093997441054	0.893768566720118
TBC1D10A	0.0197528931137585	3.92659600997606	0.0685856960050189	0.793607180768619	0.960550697091595
TBC1D10B	0.0859304485310395	6.47863854539112	1.40479834981321	0.236965278408462	0.732470498493946
TBC1D10C	-0.0698325144282785	2.69906982903879	0.213952042256491	0.644060329856848	0.926053338910811
TBC1D12	-0.0531197625466537	4.207322393531	0.468472386118085	0.494278611352913	0.873184649132411
TBC1D13	0.0592198427655198	5.04390265489126	0.677065825754479	0.411325984925375	0.837385791990369
TBC1D14	-0.0171807151195973	5.19074364928703	0.0490865213530316	0.824828171780801	0.966250822347879
TBC1D15	0.0626557267718537	5.51537139057971	0.931067004338443	0.335450362123059	0.79735577154534
TBC1D16	-0.0614440887537221	6.55718407436086	0.369306311500395	0.543894069537632	0.893403994965016
TBC1D17	-0.0364464010723512	5.2766829661548	0.187538111627595	0.665319754919925	0.932760959462467
TBC1D19	-0.0424578820162442	2.07058380473798	0.21267826390379	0.645048011094431	0.926104566566223
TBC1D2	-0.20030819843269	5.4996081028088	2.30881978570097	0.12981329742147	0.611919384149505
TBC1D20	-0.0939351972343143	5.62223431632443	2.47921023565715	0.116532652936484	0.590732168924565
TBC1D21	0	NA	NA	1	1
TBC1D22A	-0.0148826553848927	5.46503068646795	0.0537156163841293	0.816895315843625	0.965086397162143
TBC1D22B	0.0565076342326798	4.22006910332357	1.11305097911107	0.292364029137667	0.770856500713808
TBC1D23	0.00616252225375496	5.30676261646605	0.00746143439689484	0.931228771597079	0.988346698315104
TBC1D24	0.0375676180839524	4.14611744492426	0.363692826807956	0.546969331207319	0.89357692643933
TBC1D2B	-0.0618317014057452	5.68536382319307	0.80335853248355	0.370890562497869	0.814741096958404
TBC1D30	0.136267499376127	4.33917946768203	2.33552725196404	0.127624307097951	0.607627039871343
TBC1D4	0.0446904863423618	6.02683545315311	0.208252181941595	0.648508122737061	0.928026393621932
TBC1D5	-0.145133833973234	5.93543531121663	3.89416600256033	0.0494750429196839	0.44275751762922
TBC1D7	0.0267391243864875	4.43306093113312	0.124586995384617	0.724387563182332	0.947172919590914
TBC1D8	0.091554834680673	4.44067563602446	0.830547355836265	0.362928269625704	0.810506374630404
TBC1D9	0.173370612720949	3.914059023425	1.79152039460325	0.181868447699506	0.681277387758093
TBC1D9B	-0.0337307238393037	7.39694130679216	0.243869914000246	0.621826920072941	0.918764061228723
TMED10	-0.00852928643232771	8.48266101359776	0.0142933985537692	0.904924688406424	0.983518001597314
TMED2	0.190978361129537	8.73702285309446	4.72655798662892	0.030570078920331	0.372379398287087
TMED5	-0.00716142854643266	6.49949504940268	0.00541708798818206	0.941382545136588	0.991349976129404
TMED7	0.149175970850116	6.84416741707429	1.94770236823713	0.16398277773056	0.66178534111976
TMED8	-0.022117797964366	4.69844580881753	0.0608015849974082	0.80542106590989	0.963499739704302
TMX1	0.0935267661664523	6.06361634382808	1.17370745236295	0.279608515382321	0.762851822765665
TMX2	0.0961030977774844	6.77114331712529	1.80497532122538	0.180241645004465	0.680474918782908
TMX3	0.0165391905144247	5.09633108175501	0.0326684761021472	0.856704108672298	0.973646982693749
TMX4	-0.141832629392213	5.93717886071195	2.68823256890376	0.102257945334694	0.568176136839801
TOR1A	0.0548915773484889	5.62727523897123	1.07167804776195	0.301494195886897	0.774914445677108
TRAM1	-0.0290357650202087	7.89612554421375	0.08644538708739	0.76897188908892	0.957991812959653
TRAPPC1	0.0987528987330876	6.08914937800195	0.901209426806809	0.343307648470283	0.802546478766914
TRAPPC2	-0.0279465699945633	4.3800167522928	0.104381746287903	0.746883804299426	0.954046708711354
TRAPPC3	0.0163472491176272	5.75049219613823	0.0871749905122137	0.768026974609156	0.957991812959653
TRAPPC4	0.0673689655815009	5.66632716699038	0.649278863357099	0.421080609678587	0.840817247058577
TRAPPC5	-0.0298567187003644	1.67660077684674	0.0196207449196348	0.888706036952777	0.98039731242294
TRAPPC6A	-0.160275080248421	4.99537418472971	1.59030106218357	0.208373062750219	0.708044330295088
TRAPPC6B	0.0582151193629656	4.477286602264	0.609991982906435	0.43547594754475	0.845030693654957
TRAPPC9	-0.144941821613692	5.83373522127559	4.18801723146098	0.0416803021165042	0.42053225427286
TUSC3	0.0626865376884118	2.74983353748021	0.160601217958356	0.688920931724553	0.939511643034401
TXNDC12	-0.0182096074513033	6.75360696395143	0.0979389254700039	0.754559068312435	0.9559739953921
TXNDC5	-0.0667255850993605	3.87046928276102	0.433853638709122	0.510666070284639	0.880232740086165
UBA1	0.0370195249580456	8.97919014650749	0.189831073135822	0.663405814766301	0.932699124021296
UBA5	0.0237035400567509	5.21159311521456	0.117246129072731	0.732307432538582	0.948992563764344
UBA7	-0.164953650881421	5.8306073983575	2.5228229957645	0.113381338480307	0.587276779726859
UBE2D1	0.0570093917864493	4.91200747950325	0.56121689913134	0.454423347123252	0.85358403576315
UBE2D2	0.0434832264295449	6.77586005534653	0.754137676765888	0.385941587076803	0.822920739197652
UBE2D3	0.0408569173935425	8.06700506804285	0.516916934499331	0.472782365376501	0.86261088256603
UBE2D4	-0.0537263773370146	4.1383031946533	0.877623114236388	0.349691770250134	0.805443932930174
UBE2E1	0.0363449446158909	6.16346102059806	0.26970152833374	0.603958045675484	0.914179936608097
UBE2E2	0.307761743928152	2.53908374796813	4.91448614332956	0.0274667318391362	0.35444797705397
UBE2E3	0.0508981475530435	5.6074863031696	0.66251331726722	0.416392216238842	0.83931536365942
UBE2G1	0.057498810678208	5.65844545136919	0.800524567239059	0.371734489910389	0.815446544854127
UBE2G2	0.0400804635633332	6.38685971063025	0.484575958723174	0.486956424051428	0.869713483176514
UBE2J1	0.014156917570269	6.78697973593828	0.0571572027900121	0.81122846716448	0.964631143313688
UBE2J2	0.0201104827272311	5.73757122667366	0.0833431409029633	0.773038791071777	0.958713523527448
UBE4B	-0.160444758075095	5.9976381769453	6.83288497900732	0.00945246225534659	0.220743426153803
UBQLN1	0.0428370080246072	7.36731253822436	0.717057152159508	0.397861796249991	0.829099671984494
UBQLN2	-0.0686776959613585	5.85153694055989	1.21105440413755	0.272104809768649	0.756261661685331
UBQLN3	0	NA	NA	1	1
UBQLN4	0.0355635151385606	5.96476437140129	0.247254116627465	0.619420398604561	0.918515610477082
UBQLNL	0	NA	NA	1	1
UBXN2A	-0.0165348576731625	4.64098911598518	0.0679798773433269	0.794500105916729	0.960550697091595
UBXN6	0.026301339529556	6.77349986525088	0.0771419782994078	0.781421363643924	0.95979274757002
UFD1L	0.0720774236241964	6.07916527985544	1.53247894804538	0.216817513350004	0.713594326759713
UGCG	0.108359341550323	5.50073870832555	1.96278310849121	0.162365740156816	0.659737004099527
UGGT1	0.00150354452896349	7.0259363075149	0.000541693404096552	0.981448678818022	0.998203458359434
UGGT2	0.0344734047057324	4.92536581386351	0.0959930312975989	0.756931493963361	0.956020076994295
USE1	0.0286284600504541	4.44835830740599	0.0874258693805661	0.767703053561339	0.957915289736646
USO1	0.0114246123217113	6.65548343850201	0.0279048617384639	0.867457885631187	0.97423868873716
USP6	-0.423960292636395	-1.03183825016572	5.79841969315068	0.0167121981954427	0.289181468185903
USP6NL	-0.186034379799388	5.58333414526771	7.11907011377914	0.00808870169066991	0.204903984502294
VAMP1	0.187409188915882	2.86910486041098	2.51619270809569	0.113854270629101	0.587571050616418
VAMP2	0.121646312267727	5.17342149264856	1.29454917692267	0.25622121158949	0.747054811042956
VAMP3	-0.0583754059202307	6.91693845704722	0.962203181625377	0.327511658405606	0.793207082386786
VAMP4	0.0684035160600522	3.94954342615562	0.617233984124655	0.432766784799733	0.844196817148924
VAMP5	0.270497208375778	3.99556431042725	2.80333675225157	0.0952277431335774	0.555433802562324
VAMP7	-0.0438540422045106	5.61862234994055	0.334755672148973	0.563355024857988	0.899247836634675
VAMP8	0.0871116942399152	6.77028628943144	1.00106612870595	0.317949651855001	0.786288133454514
VCP	-0.0265870577409586	8.68855083903066	0.142579688913147	0.706026831317407	0.943734877731666
VPS45	0.0764609158558287	4.81608636127127	1.62766585276065	0.203124072499431	0.702923085542221
VTI1A	0.0208108022311495	4.72291948039237	0.118968412246081	0.730424907955333	0.948542703798082
VTI1B	0.0101107049923619	6.02685071514999	0.029295066841836	0.864227880930699	0.974166315067205
WAS	0.147281778510201	2.94870152626455	1.01416909577172	0.314808923910437	0.784220704750373
WDR38	0	NA	NA	1	1
WFS1	-0.154979964502842	6.45251185824369	0.923273055703118	0.337477833241645	0.799497325497448
YKT6	0.0404870196639198	6.93296987439828	0.344569790898751	0.557694387015704	0.897123338988192
YOD1	0.22021085429354	4.05015258048395	4.42570438441765	0.0363276526218387	0.398143000281597
YWHAQ	0.0238335580171221	8.28844375346802	0.148342730360307	0.700427785570315	0.942136662453216
