pspGenes	logFC	logCPM	F	PValue	FDR
A3GALT2	0	NA	NA	1	1
ABO	-0.194293171094817	6.31014138525338	2.31558836232549	0.12906887296065	0.387826118497179
ACAP1	0.0242921950852552	3.26417751318714	0.0409026176122213	0.839854336468845	0.935597661194801
ACAP2	-0.151389224784154	5.77670855510703	3.72534526465787	0.0544747720565973	0.247908475377059
ACAP3	0.0496510516651365	5.53879697604691	0.287436634631767	0.592239814424385	0.809228366347568
AGAP1	0.0813857360127972	6.04612245307962	2.40492408982759	0.121940926901542	0.377739692070293
AGAP2	-0.0321353694880562	2.78202463524998	0.039638856454384	0.842314612367474	0.936304995536433
AGAP3	0.216139463267768	6.56290386784149	9.8098674919582	0.00189589240589776	0.0428672828073926
AGR2	-0.205717873171994	10.1704722111231	1.52018924831897	0.218494497531703	0.506956589270243
AGR3	0.0782432001618544	5.39017892496109	0.157915739982135	0.691347276654693	0.865718214353261
AKAP10	-0.0575180965475346	4.52652155046302	1.03057733921808	0.310788902211634	0.601315774583843
ALG1	0.04010381186316	5.18807538032679	0.388202708020372	0.53368878022768	0.775104818119753
ALG10B	0.0239168491842558	2.92488672801916	0.0315489985523622	0.859133332386256	0.94362025502167
ALG11	-0.021924922774619	3.36687083109442	0.07018344536784	0.791240180634333	0.914210542149686
ALG12	-0.0297981682441754	4.21296511395253	0.154337229745828	0.694685714103036	0.866972272030035
ALG13	-0.143998721395821	4.99127877952805	5.34991118642903	0.0213562089719874	0.156943849719671
ALG14	-0.0447791033650071	4.08624287100699	0.485538421825846	0.486429404755668	0.742899226017372
ALG1L	0.0384379174714857	1.45638278619367	0.0742697835836778	0.785394008314913	0.911417376387224
ALG1L2	-0.0723673426283173	-0.593769612593642	0.333187483984536	0.564193449799205	0.793153421611762
ALG2	-0.146488858481405	5.54018235121971	9.88184815098531	0.00182529299205681	0.0422729416299122
ALG3	0.109702087460007	6.46475264272918	2.12643406518516	0.145756510343306	0.411390370934561
ALG5	-0.000570951980275614	5.99301830966249	5.00810444736941e-05	0.994357983819551	0.997744727766444
ALG6	-0.19366074644364	4.10871340130093	7.52576627007102	0.00642456695005565	0.0851212630360217
ALG8	0.057765597836191	5.32536590693468	0.881307367342439	0.348550834560625	0.634832154627967
ALG9	0.022764831237894	3.09072459477561	0.198584370483078	0.656166821501139	0.847141593245939
AMFR	0.0791334502503473	6.8741759804726	2.33122267797576	0.127788546658026	0.386271815858475
ANKFY1	-0.0940774628998932	5.85615173715246	2.34894988298003	0.126353975366309	0.384221188298918
AP1B1	0.0364918754841569	7.26873634417627	0.300741421617102	0.583799797240948	0.80512607311909
AP1G1	-0.00533430729285151	6.75292731245004	0.0114684190779702	0.914784028955417	0.968110148667064
AP1M1	0.0768799111726079	5.42629976558592	1.35413165297845	0.245422746446943	0.535076555335088
AP1S1	0.0249032610178661	7.03781669832559	0.0856316360797633	0.769995237517365	0.903968271986953
AP1S2	-0.199611118193504	4.12120014416888	4.02065668041968	0.0457867724048755	0.228000599449881
AP3B1	-0.122233051398637	6.19507711381559	4.95827367818014	0.0266607387820722	0.17471199869848
AP3B2	0.794943197358326	0.435906798222971	6.93270016209788	0.00887353266680838	0.100709042640074
AP3D1	0.00020691254822438	7.7794407903269	1.19344219164723e-05	0.997245764308975	0.998831541023877
AP3M1	-0.0790652870848324	5.95123857930142	2.71183794882268	0.100586358922019	0.34085197601169
AP3M2	-0.0985143348742384	4.51169095652735	2.05528020577847	0.152654248404891	0.421055012845269
AP3S1	-0.119812686927441	5.86760645386587	2.94112503513745	0.0873172278279311	0.317006164067169
AP3S2	0.00574931326031155	4.70290533604246	0.0130604477515325	0.909085563618596	0.965348684483903
APPL1	-0.109501885801575	5.71714804404087	2.13758593062825	0.144707791936923	0.410270996960487
APPL2	0.0492435914393021	5.89842165896541	0.748515628690363	0.387593757248565	0.670986091133998
ARAP1	0.122394111679072	6.65743823879684	3.41479904245198	0.0655355462647862	0.275120200821974
ARAP2	-0.122248172090487	4.40896105278273	1.53535718417366	0.21621690591805	0.504564439052479
ARAP3	-0.045605700806514	4.574102965723	0.190046641732112	0.66317130202117	0.851622480345519
ARF1	0.0149384340151049	9.48390431839286	0.0534414594149575	0.817327078863102	0.926627808198332
ARF3	-0.0245362776675262	7.91284482725868	0.247492071135692	0.619187702718442	0.82639488664614
ARF4	-0.10771093477818	7.93115153921452	2.77661890662785	0.0966269307771659	0.334611461410365
ARF5	0.139463050111087	7.4388114462984	2.8768745314712	0.0908313767202542	0.323863137509747
ARF6	-0.0865066012443497	7.54690211637207	2.35633882259413	0.125761345703888	0.383333945718014
ARFGAP1	0.13842570447233	7.13775084186144	2.42376425236122	0.12049439807618	0.375289844008103
ARFGAP2	0.123831749045905	6.63444904129345	6.51163021438808	0.0111809614925824	0.11259207843822
ARFGAP3	-0.0197993769907848	5.78298617432577	0.0667627493386667	0.796275739905292	0.917153632341134
ARFGEF1	0.160828763733361	6.63234168441529	4.97333879170333	0.026433140360744	0.174152116834417
ARFGEF2	0.0223300067888609	6.9656632089252	0.0923526275047069	0.76140452715326	0.90095787905855
ARFIP1	-0.107668636274724	5.93825312408101	2.4849575721687	0.115926028485925	0.367576152051049
ARFIP2	0.033447430499637	6.22655014097348	0.322029926913313	0.570787580965061	0.796724331763731
ARHGAP1	0.139199394367769	7.17219287785196	5.68376894258534	0.0177041961335866	0.142379831852325
ARHGAP24	0.26294243486836	2.47067090880069	4.80030135018606	0.0291745037616582	0.182776036394721
ARHGAP5	-0.0672798547303554	6.54178444812539	0.431808601155476	0.511574457265071	0.760871452826296
ARHGDIA	0.0182422339783576	8.27882250167252	0.0527697253565598	0.818458525333137	0.926811589359817
ARHGEF1	0.108057141041206	7.00933413113319	2.04357407183677	0.153824220343353	0.422536762119621
ARHGEF11	0.117635918274955	6.1606127154908	5.04111271635984	0.0254340578816039	0.170623423359378
ARHGEF2	0.00956963037340449	6.41275404621773	0.0227606629985823	0.880176040831531	0.952854181355204
ARHGEF6	0.0929676056430444	3.54125492751414	0.565714968674938	0.452518766705938	0.719754541756257
ARHGEF7	0.125118916609992	6.21229431470415	6.1243507342586	0.0138503008988565	0.126066979921098
ASAP1	0.0931693867693255	5.30595767435638	1.05824687626962	0.304391143039317	0.59746008493964
ASAP2	0.0112066727287101	4.96158076338318	0.0248580155832753	0.874820663599602	0.950808078671142
ASAP3	0.121139354369849	3.75840171008084	1.38327904873259	0.24041631205762	0.530463144639733
ATF4	-0.0735631074999606	8.32610848636112	1.59296610213753	0.207820597945349	0.494743914276789
ATF6	-0.0387353045737877	6.17621594484956	0.610569649983091	0.435150262010937	0.706596822580409
ATF6B	0.200826798246442	7.04180445917739	11.1104435072854	0.000958940406456668	0.0295091446429285
ATXN3	-0.0358132927397362	4.48160567142826	0.308273588638668	0.579128853094044	0.802483531016205
ATXN3L	0	NA	NA	1	1
B3GNTL1	-0.025048086346045	3.12589987525589	0.122773007998361	0.726276370565283	0.883501665566519
B4GALNT1	0.265767463976725	0.799624171236875	4.44164773212978	0.0358488366868748	0.200771525118301
B4GALNT2	0.867665985431423	3.59554371519777	7.01510420899459	0.00848266857251871	0.0979027858753397
B4GALT1	0.0193838670814123	7.35806210155201	0.098401939196019	0.753959940583495	0.897609763458083
B4GALT3	0.0647080131432982	5.76693528080924	1.48633396007168	0.223682705657143	0.513723824160418
BAG1	-0.0599679063360125	6.69674625197237	0.933014689860799	0.334809115628484	0.622928522720467
BAG2	-0.194402440344729	3.96695842834409	1.73560618406031	0.188637597854184	0.470306847441775
BAK1	-0.0385893349720257	5.78985340628917	0.260791583739352	0.609928432262487	0.82046313475696
BAX	-0.120909072138529	6.61722782352172	2.25949110219243	0.133782447613974	0.394011139819281
BCAP31	0.118310145129905	8.67258758191973	2.37036738610504	0.124644702989129	0.381676863713704
BCL2	-0.119657652327922	3.37353978174985	0.933426717690414	0.334702573241654	0.622826860776629
BET1	-0.0522176460165363	4.5434168545007	0.572442644464413	0.449845739407599	0.717992928783998
BET1L	0.062766295637111	6.24638694569829	1.4268851604314	0.233156774411512	0.52369432243366
BNIP1	-0.143466487422509	3.54730506079516	5.12548556537209	0.0242450900709849	0.16687739406023
CALR	-0.0580040227257151	10.1716294412676	0.948674979887296	0.330791390699876	0.619727291675919
CANX	-0.11322095045013	9.76482010649393	4.08635733864014	0.044061566947358	0.223577854776196
CAPN1	0.0385939272057721	8.65830070491602	0.28272712377445	0.595287684720618	0.811141218066123
CAPN2	0.00200779597590906	8.0191055859497	0.000698723480152068	0.978928123472415	0.991048468643769
CKAP4	-0.181855276069785	7.31740373592917	4.28848978961714	0.0391714629546233	0.209203390394553
CLTA	-0.0435486688444293	7.76458141540777	0.462114280260219	0.49712824302501	0.750548898928893
CLTB	0.0306277755240329	7.12933451184822	0.102743630052884	0.748770587620291	0.895102111337706
CLTC	-0.112399790066065	8.92203031677252	4.99943594429705	0.0260436646497137	0.172473631050484
COG4	0.158239035455762	6.27773452736668	8.50135290558017	0.00379895079107488	0.0634033215088866
COG6	-0.0666100966655951	5.30012965260229	0.746189639615041	0.388331345444041	0.671435557718131
COPA	0.0275952132310208	8.13298880375304	0.423310818953043	0.515755789397957	0.763985191438131
COPB1	-0.0740470974071477	7.34482045508473	2.14107417985071	0.144381512768798	0.410252440362778
COPB2	-0.0520609850205828	7.48737182818357	1.40996082082676	0.235942248935444	0.525940922768861
COPE	-0.028536281796537	7.47024929490681	0.112127368848827	0.737954092903553	0.888427544659668
COPZ1	-0.0901054555800458	7.79390367127221	3.06164945722361	0.0811173681464982	0.305134144674062
COPZ2	0.212581753861826	2.64703091512977	2.83592280216702	0.0931515031318133	0.328514444777759
CRYAA	0	NA	NA	1	1
CRYAB	0.276951027167001	3.58520279681019	2.93734932765333	0.087519591132717	0.317393187755561
CTBP1	0.0161847741923359	7.23230349026399	0.0778656139459444	0.780390958763972	0.909522677633697
CTSA	0.0997306610034185	8.27074361591556	1.29875657953346	0.255291526052267	0.546324894901543
CUL1	0.0279199103034901	6.40915735169782	0.469917506547817	0.493520676981152	0.747746159579747
CYTH1	0.124097991287473	5.83276460363721	5.36274471003932	0.0212022565685829	0.156413658259277
CYTH2	0.11581392335388	6.3075857195755	4.2263067727299	0.0406117134287762	0.21364875397024
CYTH3	0.221712522826859	4.86973737162459	11.1760945179346	0.000926707898033477	0.0291382767442314
CYTH4	-0.13593971318762	3.54429046115342	1.02608676212177	0.311843701057685	0.601844065614829
DAD1	-0.0466668555187726	6.95957798819865	0.470486879823202	0.493259172330369	0.747632669992758
DDIT3	0.0657482920144102	4.435390178166	0.471165302499257	0.492947886703266	0.747330483905443
DDOST	-0.0303154335529941	8.54543074975304	0.235234422959377	0.628000810667262	0.831594542301553
DERL1	0.105608038072246	6.71091056210455	3.86074135611543	0.0502920561228972	0.238518172421875
DERL2	-0.135411033577237	4.94043758243296	5.00416750559714	0.0259736948032684	0.172353138613664
DERL3	-0.0563528869368672	4.17878969197744	0.152869351948514	0.696068044009996	0.867670407918129
DNAJA1	-0.190816751610629	7.73707126389769	12.3431297210401	0.00050623867471646	0.0209102667434945
DNAJA2	-0.0273960527876633	6.58723183079143	0.358572874001222	0.549722914128773	0.785065321340984
DNAJB1	-0.129828539597675	7.98426991724364	2.17442419691141	0.141303689602151	0.405838570198826
DNAJB11	0.0140242778995456	6.49061128870362	0.0866162995693269	0.768714259837573	0.903949290537811
DNAJB12	0.0773583045056568	5.89036759805702	3.3529665177103	0.0680123013026199	0.28046324248567
DNAJB2	0.185379685756336	6.07525285665536	7.17413304394242	0.00777764239241754	0.0930206030133137
DNAJB9	-0.152600082289963	5.18034244423839	3.63383617565734	0.0575104958538819	0.255739792106729
DNAJC1	-0.12171925434116	5.19147991665413	4.26452712100503	0.0397199884614201	0.21089597902137
DNAJC10	-0.105020443302824	7.10938768454128	2.1866954720518	0.14018988945376	0.404613752402706
DNAJC3	-0.071489425203573	6.99245391985616	1.13451495866938	0.287616157631723	0.581483882335013
DNAJC5	0.215802517852722	7.33112208299104	8.14746531635159	0.00459300325896254	0.0707781802206127
DNAJC5B	-0.0906929617526654	-0.109222887800587	0.260664530206113	0.610015467314773	0.82046313475696
DNAJC5G	0	NA	NA	1	1
DNAJC6	-0.07122072325653	2.49613862645159	0.218150874899941	0.640769870965844	0.839218026860822
DNMBP	0.0594069016137897	6.3263443059941	1.37525869333248	0.241781358021405	0.531913677272436
DOCK5	-0.31391608884894	5.60003748964703	9.96080854094634	0.00175092355999542	0.0413635043365428
DOLK	0.0459174727662232	4.52759197775333	0.54468705903859	0.461036794221452	0.725355383541848
DOLPP1	0.0265943885753765	4.88991892160059	0.11683503405364	0.732716856512161	0.886383863919572
DPAGT1	0.00541855358745289	6.04704595277289	0.0099057715586497	0.920781489772714	0.970230148570207
DPM1	0.0429863394203923	5.83673511254561	0.25641482823143	0.612942158368001	0.82229092244047
DPM2	0.0907273529526438	5.87885515764708	2.01936421119191	0.156276431349639	0.425828742085306
DPM3	0.000656166080948027	4.96849036631169	2.81115904301687e-05	0.99577290564575	0.998164554355833
DPP6	0.312872394392767	-0.874025864009271	1.45718625101988	0.228268553029614	0.518185950288703
EDEM1	-0.13072129925811	6.01730623512155	3.83626656570921	0.051022089544741	0.240219625779781
EDEM2	0.0541498475647739	5.74274016281148	0.639065434874753	0.424641519656367	0.699071703766884
EDEM3	-0.112598056837306	6.16148766414551	1.44256994021981	0.230610838427066	0.520977473164676
EEA1	-0.268133573678342	5.36306115378217	6.64744255771288	0.0103758573432072	0.108595715848925
EIF2AK1	0.175325085312581	7.96329060527479	10.3742973085951	0.0014089486930965	0.036608909427759
EIF2AK2	-0.1432765390922	6.46988394590468	4.03327946912922	0.0454498495573764	0.22742219813682
EIF2AK3	-0.100381959691785	4.6833515861621	2.93167029548133	0.0878249270098019	0.317867527152188
EIF2AK4	-0.0712138216510336	5.70349985994392	2.23603117956576	0.135810689951398	0.397123858093177
EIF2S1	-0.207999177972634	6.54893720471118	11.7305709650861	0.00069481200321387	0.0253536773413178
ERLEC1	-0.0774527475766585	6.31057889065102	1.8653638797728	0.172964742957378	0.449941916071308
ERN1	0.0691302075872002	4.93126070012675	0.990920204151519	0.320268576892603	0.609532624063225
ERO1A	-0.18625809889556	7.4755877544339	4.18525507636326	0.0415930710549919	0.216360238827394
ERO1B	-0.379609446161785	2.75683730817008	7.12901833200121	0.00797130106798209	0.0942674582614434
ERP27	0.0432904712143659	2.95466029907639	0.0365897856800818	0.848423780852543	0.938619892639269
ERP29	-0.0730511786177314	7.53085036165355	1.25239328674334	0.263933941097916	0.556274449449191
ERP44	-0.0429260381947832	6.71982164382146	0.730474525041183	0.3933678727344	0.675827025775912
EVI5	-0.0846685099686288	4.45776884483417	1.08464699324493	0.298445338406598	0.591428970649854
EVI5L	0.0132301588577032	4.15769732310035	0.0246432973563428	0.875358013001271	0.950940879659136
EXOC1	0.0210363519806992	5.60620083780493	0.13608697771901	0.71244608959095	0.876523522248695
EXOC2	0.0687912331649194	5.23828949086207	2.25780939014513	0.133926703649852	0.394224757874672
EXOC3	0.0384591274821427	6.14101344147054	0.422674913882474	0.516071086149247	0.764226202604071
EXOC5	-0.180398049002243	5.63896482100519	4.90564335688989	0.0274720661312413	0.177319103453119
EXOC6	-0.187555373125001	4.74228539011993	9.33875737712852	0.00243213088165699	0.0490035883572372
EXOC6B	0.0539497125456364	4.32043018072474	0.794322948967691	0.373464782908709	0.658951514014718
EXOC7	0.0917902893932254	5.72654406683785	3.20460793200195	0.0743750058995211	0.292549478339899
FAM71B	0	NA	NA	1	1
FBXO2	0.899655811597867	3.44887869941076	13.6714207516152	0.000256083759611923	0.0139405596638741
FBXO6	-0.273021595742555	4.19802265150618	5.61007750679866	0.0184502814374198	0.146034961689384
FBXO8	-0.022031888860009	4.14138561593439	0.159214742171583	0.690146264843088	0.865145719380916
FUT8	-0.247030914468638	5.81420733727071	6.19640665974066	0.0133078999596365	0.123310434732376
GALNT1	-0.187101152126702	6.7998925570711	5.82475927132781	0.0163626955361673	0.136552119986517
GALNT10	-0.0207952937701304	6.43278498525426	0.0931580502691467	0.760398232142212	0.900770643526897
GALNT11	-0.00282514475994474	5.28010917115086	0.00249891776017609	0.960162154299759	0.984891369026476
GALNT12	0.0148403523131688	5.60716216959592	0.028567378887958	0.865888426399176	0.946646084154916
GALNT13	0	NA	NA	1	1
GALNT14	0.388171450786096	0.421201533662414	2.2654699167032	0.133270999722922	0.392851373962522
GALNT15	0.214921386394821	1.61461282862571	1.34372294643807	0.247241452909345	0.53697338604365
GALNT16	0.638962509557074	0.287181913129249	10.854995309396	0.0010955962419556	0.0319942850074293
GALNT18	-0.0319387732091714	3.83717255938168	0.0604688457560671	0.805913851588899	0.921715370158189
GALNT2	-0.00597546404812308	6.85030656481455	0.0107041563087383	0.917661898422255	0.969032776927575
GALNT3	-0.0905623647353762	6.85904303407971	1.41501530496194	0.2351061507697	0.525304652952197
GALNT5	-0.0542708163815997	5.87955546896102	0.200806367651429	0.654373543378329	0.845937697578047
GALNT6	0.0268708130394064	6.49689977473526	0.0691989382692261	0.792675753376309	0.914727728536152
GALNT7	-0.142759688624721	6.59846520882431	2.34256536223287	0.126868558063006	0.384804197266361
GALNT8	0.388926050124779	3.46040060516354	2.88831285630026	0.0901946547657884	0.322194992675292
GALNT9	0.672761770128477	0.849329882102552	5.27296112836401	0.0223040457000115	0.160204377286142
GALNTL5	0	NA	NA	1	1
GALNTL6	0.223921638886451	0.296076025921641	0.686408945924401	0.408005107037297	0.686958375599284
GANAB	0.0274768814789279	8.9644762005947	0.314625753449445	0.575247371062759	0.799957158194016
GBF1	0.0782034908743279	6.72145546792743	2.12745807805998	0.145659854639671	0.411390370934561
GBGT1	0.338575458742251	2.56375427399698	7.18862895755876	0.00771644961520615	0.0927087746372749
GGA1	0.0043187430766127	6.06244316930022	0.00574865396471066	0.939609709146912	0.976661718639552
GGA2	0.071422673466256	6.29416945084882	3.74802649861505	0.053749059883164	0.246171677329544
GGA3	0.110612091844049	5.61007560473541	3.94735258081925	0.0477963976081242	0.23279971633444
GIT1	0.163043758611577	6.8837940835797	4.6810042503701	0.0312366151098584	0.188394006982417
GIT2	-0.126910518536784	4.53411464634186	4.75950999967077	0.0298630726117079	0.184701121837093
GLT1D1	-0.45532822031767	-0.677190737482851	5.82438890116048	0.0163660779757214	0.136552119986517
GLT6D1	0	NA	NA	1	1
GLT8D1	-0.010437762880469	5.44834291200183	0.0617707625158293	0.803877945239386	0.920654406413253
GLT8D2	0.184163837554815	3.06185849808742	1.87286950655991	0.172105366470899	0.449398697407653
GMCL1	-0.111332177424899	5.1680260919125	3.97339437744177	0.0470719641836621	0.231348396989709
GOLGA4	-0.0845485612763382	6.68054915404454	0.813229144705774	0.367844503762741	0.653282707790691
GOSR1	-0.0200451000638521	5.74855853310593	0.217964446857723	0.640912535044851	0.839218026860822
GOSR2	0.0382170481556884	4.46100848434561	0.872082383706123	0.351082522926544	0.636780097943636
GPAA1	0.178840972746971	7.2086006396164	3.24391894489362	0.0726289088093328	0.288989257196076
GPLD1	0.267652424189608	-0.461613233100559	6.56282543414781	0.0108701634997682	0.111273370153734
GXYLT1	-0.108497895560955	4.49672510414791	2.18747994835887	0.140119024048032	0.404525783074539
GXYLT2	-0.207399047883629	2.66295530075033	1.60141655725984	0.206621843618562	0.493414637407397
HAS1	0.370357774749713	-0.134125512382362	2.08261953334614	0.149961021161407	0.41782602738894
HAS2	-0.132018414830472	3.26778815542496	0.866834173732424	0.352534052436386	0.638494187025151
HAS3	-0.175954825707249	4.41373666081853	1.18586814271045	0.276982791080354	0.570511644428618
HERPUD1	0.0682712172601154	6.90386546595384	1.45501865564294	0.228614091761605	0.518333428846729
HSP90AA1	-0.175304364169985	10.3629941979846	6.27519970608689	0.0127398524511782	0.119989404868102
HSP90AB1	0.0645995829446499	10.7137212571889	1.2869223054751	0.257463713746042	0.549107907747733
HSP90B1	-0.215603481986695	10.1070195430132	9.36275932056688	0.00240138978134212	0.048740670202256
HSPA1B	-0.00944280753687839	7.20981426833164	0.00736128383709644	0.931680633106754	0.973674063489363
HSPA1L	0.103316776782418	0.73300548564877	1.82625988741449	0.177523106395845	0.456055448887914
HSPA2	0.224036850666511	4.7691325684379	1.70974717931734	0.191955426765846	0.474756212280739
HSPA4L	-0.716685020711065	4.16496926548832	18.1247130031383	2.72105968336047e-05	0.00340693678979751
HSPA5	-0.0695512016069184	9.61793348769701	1.18255359137057	0.277653921071193	0.571423977893898
HSPA6	-0.141631252564348	2.88122941170266	0.486439206396159	0.486025667424725	0.742794644150101
HSPA8	-0.298676739909391	10.7545303347308	18.0399937016237	2.83808584182555e-05	0.0035095909672402
HSPBP1	0.00524928437965375	6.40459306416895	0.00302328934342299	0.956185116577819	0.983278909727604
HSPH1	0.0318210032731027	7.7422901881473	0.0945689887352504	0.758646807751645	0.899714154610981
HYOU1	-0.0393604466417157	7.940119509741	0.402299109954194	0.526356763678522	0.770827683388459
IFT27	0.122112874957304	4.31411021130828	4.33902446480462	0.0380406886568387	0.206299489069132
INPP5B	-0.0260572790898047	3.97338559863623	0.300587113232869	0.583896281943511	0.805166546767772
INPP5E	0.105015398321339	4.23049330864459	2.13265637345598	0.14517030952834	0.410878328734279
IQSEC1	0.168775876001036	5.49371297370017	6.14504215400432	0.0136922461537088	0.125536277893477
IQSEC2	0.0510033875425885	4.40544106473819	0.512312027828104	0.474660880210177	0.735810679660332
IQSEC3	0.0167323345409262	0.310106507957966	0.0102930326064371	0.919253052953053	0.969680428636391
JUN	0.0191822085242337	8.29101573955822	0.0404949892674189	0.840643526492806	0.935751631377025
KDELR1	0.0357986260671072	8.27748928640348	0.356537057057897	0.55085739775345	0.785903014095033
KDELR2	0.0723985095994975	8.59195543910532	1.64615946119032	0.200409535002435	0.486112630427871
KDELR3	-0.107987130232168	5.55670271103603	1.01107586203772	0.315403829734749	0.605044998666689
KIF20A	-0.208557590011844	4.96334938606709	8.48612027636312	0.00383004963649264	0.0635330289609334
KIF23	-0.13847865351857	5.00597461487048	3.87437268725058	0.0498902786519259	0.237851487918618
LARGE1	0.106892557394805	4.64582253010664	1.60624762871031	0.205940207666064	0.492489399100575
LARGE2	-0.0472230088604188	5.55089891606669	0.0972407614056922	0.755369068926089	0.898059855062097
LMAN1	-0.288640392330512	7.02435256394825	10.1273669045358	0.00160400953355276	0.0396000261476002
LMAN1L	0	NA	NA	1	1
LMAN2	-0.0865799940401383	7.99601695221569	1.30914404546387	0.253403552077289	0.544331263002824
MAN1A1	-0.135077157748838	6.05386665111792	1.65523197804754	0.199176920899602	0.484648518933769
MAN1A2	-0.124759228986143	5.69173891994049	2.36747216768855	0.124874246911032	0.381820613564234
MAN1B1	0.0248688637244631	6.52665773006963	0.170820681859307	0.679659879970671	0.859801192574165
MAN1C1	0.30334896500736	2.9418308942993	6.47260450528544	0.0114240290450704	0.113237816936819
MAN2A2	0.0548218570566575	5.80349487109045	0.641328444086296	0.423823451684744	0.698572914892256
MAP2K7	0.0749787303851539	5.44420014452566	1.78865443659235	0.182038592105941	0.462027000590183
MAP3K5	-0.0918214220153816	5.19599672718684	1.32623960848956	0.250333711215637	0.540868770144828
MARCH6	-0.041510173894279	7.02823181791543	0.670103544138985	0.413623777580829	0.691605470017256
MCF2L	0.112355890988008	5.81568482933844	1.68555468219808	0.195121506095801	0.478852031314123
MGAT1	-0.0319577798708117	7.24641516334993	0.264534640443944	0.607376257931675	0.818152808979643
MGAT2	-0.0562480351255452	2.35916509716781	0.32429670376109	0.569435781303807	0.796127432140013
MGAT3	0.399727731926486	3.83956377046678	6.29354696911598	0.0126112142772788	0.119479752179907
MGAT4B	0.0317281445471342	8.38492909087683	0.173672902083745	0.677146990401415	0.858279867471603
MGAT4C	0	NA	NA	1	1
MGAT5	-0.0510111940535696	7.68895823789249	0.357407128146076	0.550372003219879	0.785615438773046
MICAL1	0.137849380990329	6.11561730301405	3.71560132814103	0.0547897382731376	0.248386962876582
MICALCL	0.134952222461057	1.71502365802565	1.83711922281182	0.176243434519707	0.454575089961797
MICALL2	0.122804734849756	5.96344506441739	1.72729022769021	0.189697199194335	0.472075029995046
MOGS	0.0352922875862773	6.61622862476766	0.414716978460864	0.520045618465655	0.76648571768117
MON1A	-0.0407018211647184	4.20750167816566	0.324587109746913	0.569263049370416	0.796127432140013
MYO5B	-0.0912336813847605	7.22256825160907	1.7330426360528	0.188963500062382	0.470892623056312
NAPA	0.0418111371520248	6.31584153315953	0.498380488135538	0.480725454100469	0.739765345322132
NAPB	-0.0693902066859618	3.92887410709574	0.579685181820733	0.446995630049467	0.715412572460456
NAPG	-0.16242863622318	5.22969197313392	5.05499588586502	0.0252343119125259	0.170116670345949
NCKIPSD	-0.0109316618732045	5.23698087910055	0.0236744432312567	0.877813012144922	0.95192868710391
NDE1	0.0195057786738134	5.43455687481719	0.135623206873431	0.712914633822569	0.876825498414128
NET1	0.0247580280195109	7.70995975079717	0.192385922938271	0.661233745586231	0.850161076173592
NGLY1	-0.176511557684355	5.20143685489204	14.8897721560381	0.000137826395896254	0.00935958030165983
NPLOC4	0.0673061266172121	7.03205932240241	2.0704802193974	0.151150155841216	0.4190411115371
NSF	-0.0086260714487195	5.8971984082705	0.0419906067932847	0.837767764170561	0.935258548717865
NSFL1C	0.0654235082452799	6.44341875690566	1.03746014066796	0.30918121637427	0.600039325441942
OCRL	-0.0657628475193006	5.99466292499164	1.26374410909586	0.261784889008181	0.554135054783067
OPTN	-0.016616896110706	6.63623518164689	0.0556746853946889	0.813618436571009	0.925093259539533
OS9	-0.014687459204519	8.06393736997058	0.0656476815367731	0.797946872190878	0.917955075835527
OSGIN2	0.0374107955112049	4.77762062998714	0.282072048060856	0.595714209520045	0.811556801041487
P4HB	-0.0391911312354334	10.0783111727461	0.306681235198646	0.580110059760019	0.80318484770981
PAK1	-0.0198784861657593	6.86880116608823	0.182861462427571	0.669212782437174	0.854652892494808
PARK2	0.0680935563571797	0.84891186889662	0.263789250394218	0.607882668251564	0.81845780982841
PDIA2	-0.128845085495467	1.52854974832398	0.270382357953358	0.603434386414963	0.815818813374502
PDIA3	-0.0706546673138407	9.22701546016352	1.0670407855071	0.302393701631957	0.594958313701408
PDIA4	-0.0121385757999765	8.88733459520524	0.0360259852571492	0.84958200133515	0.939151935050667
PDIA5	0.0142223373465331	5.52919547236894	0.0609071636831046	0.805225846392204	0.92121577315284
PDIA6	-0.02287500251096	8.23880638664678	0.1614652752174	0.688078879624801	0.863893469260694
PDILT	0	NA	NA	1	1
PGAP1	0.130223725525418	4.55500534971141	1.19679865667427	0.274784035478881	0.568672374250871
PICK1	0.00642507955340584	4.98235291841145	0.00833033881996213	0.927334528197815	0.972633120596169
PIGA	-0.137215926095897	3.85709583305735	4.22951365436264	0.0405360877064931	0.213381102572958
PIGB	-0.0409973843027875	3.13033686223567	0.405576626001795	0.524677852511159	0.769666074138005
PIGC	0.0355222991256747	5.22323859777497	0.366997844462088	0.545074067183842	0.7825275468294
PIGF	-0.153568754829235	3.9473464738591	7.46250682545564	0.00664882296153971	0.0866429070559981
PIGG	0.00328099986664287	5.53827218888051	0.00556233874318093	0.940594552466238	0.977078223285381
PIGH	-0.0622250851753202	3.70278138419455	1.27459151617668	0.25975145637729	0.552134856666007
PIGK	-0.115875069678879	4.886606313873	2.99077009138574	0.0847032483706178	0.312382211820432
PIGL	-0.132020298175235	3.47839766822502	3.97472158147465	0.047035356968887	0.23130381810437
PIGM	0.0587650071018676	4.38608967722683	0.981318338148981	0.322620880095697	0.611218984017276
PIGN	-0.212598871692894	4.89785307894604	10.5107699041862	0.00131168699747495	0.0352711753294169
PIGO	-0.0133120538748667	5.80252370135696	0.0529498469637723	0.818154393884082	0.926811589359817
PIGP	-0.0452217612867348	4.07802986999012	0.399463107483279	0.527817270878131	0.771920235618455
PIGQ	0.150174092753946	5.64778949506006	3.21993294501203	0.0736889817985646	0.29151093451237
PIGS	0.0503682611589112	6.10222937795149	0.675473537374159	0.411760786897526	0.690103224622952
PIGT	0.127631728527715	8.02628351275791	2.96347125874522	0.0861299288429592	0.314873479819426
PIGU	0.15925982660248	5.8863996549882	3.82886824909372	0.0512449760689971	0.240711962838345
PIGV	0.0719597593743037	4.27483114825191	1.6154189321608	0.204653506320583	0.491180699236166
PIGX	-0.0251255609409654	4.82814052803971	0.19746347373236	0.657076017163434	0.847730276643618
PIGZ	0.317565990440442	5.05304452805293	5.39947387532785	0.0207679983937314	0.154601510741254
PIK3C3	-0.144119641592743	4.69408661387805	4.53310253510749	0.0340073880855448	0.196841954786974
PIK3CA	-0.00550592404063545	4.34941896860355	0.00448499550534729	0.946647259517359	0.978644507537845
PLAA	-0.117747361603468	5.59390720946309	6.56095029680295	0.0108813884490806	0.111288712834583
PLIN3	-0.0672529728667416	6.71950252327154	0.683702281666098	0.40892997608266	0.687717781301538
POMT1	0.065776464967104	5.04606870339337	1.02329244120697	0.312502427127948	0.602247342246674
POMT2	-0.0556605083986264	4.25836425375009	0.892292218591598	0.345568500444986	0.632527779100493
PPIA	0.0778287375124525	9.11577584794005	1.39741154614897	0.238033796183817	0.527784287653615
PRKCSH	0.0826336210386924	8.64953132177302	1.32658521577643	0.250272124703136	0.540848877023125
PSD	0.302538703409166	2.73578943825871	3.05578208667041	0.0814078645445482	0.305573121682768
PSD2	0.198611138437438	-1.19668850720416	1.05224039828217	0.305765295948512	0.598650916119678
PSD3	-0.143769195439429	4.85572425406179	1.65571111463508	0.199112073113902	0.484629419960244
PSD4	0.143864132330569	6.34158371020828	5.82350357933148	0.0163741661956301	0.136562727475878
QSOX2	0.0382025812919774	5.20746956147996	0.438812361216608	0.508172329256128	0.758695807561725
RAB10	-0.084951407507245	7.70777220054055	3.31788749623791	0.0694619719880035	0.283234619343716
RAB11A	-0.0921039363655217	7.59096280670751	3.00448994675812	0.0839959378036566	0.311378723541942
RAB11B	0.0454569494941504	6.91758479898297	0.267010034838984	0.60570095098324	0.816994825683224
RAB11FIP1	-0.084888215128433	7.15172896882931	0.855195428193263	0.355782514256031	0.641991632867148
RAB11FIP2	0.0644254530251502	3.91434019359311	0.453731068032505	0.501053934813389	0.753356724637068
RAB11FIP3	0.148429924547299	5.82892915994173	3.29879959100341	0.0702647255553548	0.284159427927078
RAB11FIP4	0.164527914957613	6.20940312260377	5.57844290450257	0.0187805092136139	0.147194812627671
RAB11FIP5	0.117697336667908	5.24425448522447	3.6155733612568	0.0581376673875491	0.257215523581
RAB12	-0.0308529449823008	4.18751751766405	0.19262259342235	0.661038502521754	0.850161076173592
RAB13	0.0518482078719684	6.07337172099632	0.56403993974781	0.453188158882576	0.720029161282697
RAB14	-0.0896850305575703	6.97366098953351	3.73546473966848	0.0541497070960187	0.247239077151061
RAB15	-0.0182187138173872	6.73395188225571	0.0385787551277585	0.844410042908865	0.937074362374989
RAB17	0.163496339857046	4.92706409748189	4.25677558163431	0.0398991567684244	0.211287287216983
RAB18	-0.105534971103108	6.01787080457177	3.22568766526674	0.0734331369616318	0.290960338628401
RAB19	-0.133327835732828	1.36478526723487	1.69981516665922	0.193247884062228	0.476248049489719
RAB1A	-0.0722957870276973	7.662803775755	2.82438571986185	0.0938167637119516	0.329865522430528
RAB1B	0.0909745860111669	7.41318686153846	2.09934668559226	0.148339835342443	0.415679384727258
RAB20	0.111262555246677	5.65799752554043	2.32357934460643	0.128412691542706	0.387203824539579
RAB21	-0.179041738313774	6.14042432463722	7.78554049505882	0.00558204774842583	0.0790842733693173
RAB22A	0.0945366404554894	6.31661849788383	2.13787879885499	0.144680365973254	0.410270996960487
RAB23	-0.0397430705088557	3.80162512257812	0.155823277729826	0.693293983782884	0.866476909172282
RAB24	0.0648153859909621	3.08512158780151	0.525783069148968	0.468914266079435	0.730974981897854
RAB25	-0.0316630988642968	7.51428038270071	0.168866147882754	0.681396104369964	0.860808764740186
RAB26	0.0121438431811337	2.65274087398968	0.00330367458504765	0.954200568680828	0.982378866396841
RAB27A	-0.0821666500682211	4.78610375055789	1.01911548144586	0.313490492956523	0.603049264970044
RAB27B	-0.287571544694092	4.24134969473848	2.28829022070853	0.131338938262384	0.389826896389907
RAB28	-0.11208851009167	3.90407564365804	4.71597189308043	0.0306168179281215	0.186314311529179
RAB29	0.000756908625537177	4.57931736887258	8.60750457631393e-05	0.992603374062237	0.996882975016849
RAB2A	0.0195273359249913	7.46021735372502	0.112691143423014	0.73732052252569	0.888198558494117
RAB2B	-0.0761604974645274	3.95674619272263	1.41685371543434	0.234802939100681	0.525037088849641
RAB30	0.0476426365322214	3.722421929346	0.230966221282534	0.631136214890144	0.8334325352421
RAB31	0.118363617213294	6.0433123166065	0.629640049180922	0.428074477533752	0.701198571979959
RAB32	-0.0590419404856476	5.33186861504826	0.231493258238034	0.630747132861484	0.833108545698827
RAB33A	-0.0310701445116359	-0.377194122669579	0.0662924704671239	0.796978709651788	0.917262696222813
RAB33B	-0.249099712703704	3.52261514452609	12.4140305238754	0.00048807008190915	0.0205254617218189
RAB34	0.144039614161458	3.97909459008532	1.46123560181585	0.227624729248996	0.517503321327592
RAB35	-0.0489624767477736	6.06079474867165	0.988584497272458	0.32083869666878	0.609864466302843
RAB36	0.0193027866502559	3.65054502140441	0.0325265005011987	0.8569909718867	0.942939536431387
RAB37	-0.00197698893465643	2.28049472667578	0.000258032023624392	0.987193827604758	0.994741408802682
RAB38	-0.229043852242818	1.20777109582495	1.94861775395696	0.163702150610449	0.436988454198838
RAB39A	-0.26599726539016	-0.911793789802718	1.63874614919688	0.201423410476025	0.487627212334285
RAB39B	-0.0672959658267699	-0.868559455480306	0.162738788875272	0.686916412514682	0.863639560529535
RAB3A	-0.213828015402839	1.83738967267187	3.17903572286686	0.0755351375592864	0.294214179764904
RAB3B	-0.00456576881600742	3.05677338194886	0.000469893324856467	0.982719082555762	0.992929408424854
RAB3C	0.587745386063433	-0.0853777760643975	6.63962410004101	0.0104205423870942	0.10872641960451
RAB3D	-0.0896779374523522	5.40605078501065	1.62958176781927	0.20268515348316	0.488947430644447
RAB3IL1	0.263059170356708	3.08864151835816	5.0272289793452	0.025635463294872	0.171014064664059
RAB3IP	-0.16460259499122	5.26183929311349	6.51106273941034	0.0111844574498107	0.11259207843822
RAB40A	0.119372018668617	-0.886367829169356	0.666119221576327	0.415014121854804	0.692630967051541
RAB40B	0.133364901365892	5.00937963210881	2.46465791170659	0.117419819469542	0.370380951487693
RAB40C	0.16326570315172	5.74173819084418	4.21786340656113	0.0408115405403332	0.214093552220743
RAB41	0.0850138526008218	-1.14723398664323	0.66375951593502	0.415840822194339	0.693189355894839
RAB42	-0.0633934549184436	1.18699071621269	0.234770379343345	0.628339985327132	0.831658691242763
RAB43	-0.0113853297644591	1.64046989676778	0.0179701233100389	0.893445054152912	0.958161679200277
RAB44	0.111827090062469	-1.64677808023131	0.407367883978255	0.523764305985472	0.769058988950444
RAB4A	-0.0847781228330798	5.74864889167763	2.16533796147775	0.142134835447489	0.406449016706496
RAB4B	0.0893955365049635	3.58358623945414	1.59466117446177	0.207579480262664	0.494640148459849
RAB5A	0.00926983647525413	5.92031749338156	0.0279744878069859	0.867274302378276	0.947127458544702
RAB5B	-0.0514429104575823	7.46611342864696	1.04534815248547	0.307352042925019	0.599518407443958
RAB5C	0.0465569101533606	6.92082902376229	0.698843168831718	0.403795522150023	0.683674416432676
RAB6A	-0.0556603871044363	7.23516504004104	0.977557227814016	0.323548518705838	0.612284855019275
RAB6B	0.27190733881924	2.27500024734174	4.14482254570067	0.0425841330914818	0.219210120031815
RAB6C	0	NA	NA	1	1
RAB7A	0.0642342456951378	8.17533607854052	2.17118316515821	0.14159952565348	0.405838570198826
RAB8A	-0.0420327726140201	5.81353786390327	1.18774279298733	0.276604118674062	0.570200690409291
RAB8B	-0.0994910423999632	4.51732484221293	0.877168214545871	0.349683684929175	0.635624104907556
RAB9A	-0.112635272164566	4.66714055877809	3.78928571860314	0.0524551776942883	0.243210967466223
RAB9B	0.0311123799740336	0.264067891886603	0.0369457019746617	0.847697376402984	0.938175876552731
RABEP1	-0.188719115957309	5.34206751600363	9.36890385442739	0.00239358395116785	0.0486406510466691
RABGAP1	0.0882171501173462	5.85601517266691	2.34542247024649	0.126637990664695	0.384723063187838
RABGAP1L	-0.130036555676167	5.66637511448612	2.99078909398981	0.0847022642524975	0.312382211820432
RABGEF1	0.230045137402276	2.10860336959191	10.2813973776613	0.00147932958148871	0.0378002672269939
RAD23A	0.0271180888685989	6.95367243539641	0.22476807685265	0.635753496641133	0.836780280037644
RAD23B	-0.0849568226443853	7.73342382785926	5.31372293025401	0.0217966251096674	0.158840229473251
RALBP1	-0.000930192987990988	6.257252336054	0.000255274546213617	0.987262432560786	0.994760502539494
RASEF	-0.0489307601071119	5.7608498777596	0.322052799988227	0.570773909135853	0.796724331763731
RBSN	-0.0207243123938493	4.71848516410285	0.298287671148157	0.585337890266595	0.805661248549326
RBX1	-0.0292519252524009	5.67102605737499	0.210156372087824	0.646955580826508	0.84254879968564
REPIN1	-0.00141120088979609	8.02940025577643	0.000369708760433626	0.984671336087998	0.993299210784028
RER1	-0.0607420451702107	6.93294595137626	1.13851264669016	0.286769963111634	0.5804650571906
RFT1	-0.035000492378179	4.99053162768408	0.532435595150379	0.466117667396302	0.728745054941886
RFWD2	-0.0319903881958223	5.94016967641362	0.505680220846948	0.477532091628871	0.737735810884929
RNF185	0.0723967792200908	4.77039765018266	2.73518906842491	0.0991389966040054	0.338319487991041
RNF5	0.0982530420507353	5.73925451322783	2.82624629924634	0.0937091273523397	0.329693527967935
ROCK1	-0.026267810579365	5.50470281724123	0.0859428157956911	0.769589554012123	0.903968271986953
RPN1	-0.0207989858445184	8.80544381042322	0.165115221189582	0.684761267856609	0.862918945648327
RPN2	0.0661046112937776	9.1775517267282	1.15634568924979	0.283033602041865	0.576617243362625
RRBP1	0.123913877243466	9.1669821712432	1.91760660621709	0.167084029167194	0.441501333302624
RUFY1	-0.0197817223211336	5.70331780506637	0.202152682998699	0.653292781888374	0.84586932936455
SAR1A	-0.0397658965083992	6.67569459711031	0.669546691933193	0.413817677780047	0.691788863471998
SAR1B	-0.193774215090632	5.81924773226537	10.2727615819211	0.0014860513055863	0.0378754017872906
SEC11A	-0.0395535583926752	6.68702074172141	0.553285790593476	0.457523219488118	0.723178369575941
SEC11C	-0.253240458898117	5.62799660025278	9.96898177179646	0.00174340403810957	0.0413505824914432
SEC13	-0.0464181606134244	7.23322690968072	0.482388713498951	0.487845512612799	0.743930056647043
SEC16A	0.0311553297545404	7.37088588896081	0.26300916101534	0.60841362266853	0.818944440161168
SEC16B	-0.207655212524458	-0.244038601089063	1.85920051527305	0.173674140501995	0.450999880064141
SEC23A	-0.0463278384687285	6.26241111706136	0.451304907468874	0.502199904969259	0.753770187776216
SEC23B	-0.153772248569041	6.8934014313432	5.45003083086631	0.0201853282891059	0.152024394083837
SEC24A	-0.193420404196332	5.47917913195354	5.8670414280604	0.0159812728017001	0.134993480065231
SEC24B	-0.133701012536802	5.59729874631279	7.99004904972198	0.00499901947963388	0.0745129146097511
SEC24C	-0.0357201143609188	5.75725663219331	0.437243650020217	0.508930933641414	0.758982609516746
SEC24D	-0.12392149026965	6.17602063657123	2.24072712945744	0.135401948692833	0.396681374402387
SEC31A	0.0898930281016489	7.21563943015891	2.56581466264358	0.110181472037554	0.358206009303525
SEC31B	-0.0353672520514698	2.77874529575884	0.0894243590470214	0.765104067247707	0.902578606231047
SEC61A1	0.00396915528230046	8.72635555358645	0.00664452097687417	0.935084129792196	0.97488232499436
SEC61A2	-0.0573094722845849	2.72115410994414	0.613751440240381	0.433957389156975	0.706326647463574
SEC61B	-0.118706423855958	6.44685990391184	4.13836620576216	0.0427446836090585	0.219790617746476
SEC61G	0.0837729929449406	6.04374109626538	1.28294657923597	0.258198593999684	0.550087598906779
SEC62	-0.0417264088596797	6.81682045305839	0.477406861843445	0.490099410740575	0.745764913918872
SEC63	0.0566526332488601	6.55053035801133	0.709566572909244	0.400215921517904	0.68081613711761
SEL1L	-0.0553854463343389	6.8129555774996	0.611171453669605	0.434924258368145	0.706596822580409
SELENOS	0.0209504535687289	6.31675796629522	0.12721337938897	0.721573698092877	0.881043816291498
SGSM1	0.169092922236497	1.6273822507272	1.23016769096327	0.268206032180161	0.561504633181158
SGSM3	-0.0104145340021732	6.17019238352586	0.0164697908107249	0.897964614886577	0.960238158330067
SIL1	-0.0851815169062939	5.95546614702762	1.43763249986879	0.231408630962534	0.52181552274566
SKP1	-0.111081081007637	7.63040562055361	3.55018756385478	0.0604436870179371	0.263675941648283
SMCHD1	-0.123955823129292	5.63079188537747	1.31638454768057	0.252097744936491	0.542981843276286
SNAP23	-0.11030868136057	5.75052933675022	3.38207603303783	0.0668340021336962	0.27741586598981
SNAP25	0.0252906021085256	-0.384370483039828	0.00952978232296582	0.92229458736004	0.971058362778351
SNAP29	0.0105227769915118	5.21110039901097	0.0650662077131843	0.798824320996176	0.918342642869867
SNAP47	-0.0142572115358721	4.74802825750216	0.0864400514258852	0.768942962740203	0.903968271986953
SPCS1	-0.0354608851798183	6.79261269398538	0.359391088841831	0.549268186884338	0.784921916356169
SPCS2	-0.0456046870862947	5.45926560079717	0.628096322388381	0.428640733985651	0.701683135400587
SPCS3	-0.209516640520946	7.27900542513569	9.11098548087054	0.00274462700162767	0.0515789049940029
SRP14	-0.020129151765739	7.43736036347753	0.142706713685182	0.705854932714377	0.872486695074173
SRP19	-0.165511847697342	4.05830614569881	5.47534978256257	0.0198999401740556	0.151120356901765
SRP54	-0.0395497148906493	5.84124361729995	0.566935456494064	0.452031999785577	0.719380899091872
SRP68	-0.0206269448462056	6.70935202725962	0.208630341588876	0.64815248036646	0.843419203584364
SRP72	-0.134649089686489	6.96097961664809	5.63744364033028	0.0181694759649762	0.14465433807105
SRP9	-0.190577909271543	7.22890549907058	6.47585483741192	0.011403578119721	0.113160765448305
SRPRA	0.0543594806338868	7.46968761455814	1.21443991382788	0.271281509965822	0.564015438606244
SRPRB	-0.128191709856395	6.72480241998477	4.92441245220039	0.0271798085486104	0.176325487258521
SSR1	-0.159637239845661	7.82555243249566	6.30044316467978	0.0125632106251732	0.119222547822878
SSR2	-0.0908464368115732	8.03453625230371	2.11439860876628	0.146897986839427	0.413092737642296
SSR3	-0.185701512634241	7.61614662067087	8.12332737051046	0.00465299801053142	0.0711761294858507
SSR4	-0.0720747090185605	8.16733188042545	0.612842878477372	0.434297504815699	0.706363717948599
STT3A	-0.0560289457420993	7.76077093679182	1.44152919423701	0.230778725153772	0.521157727539793
STT3B	-0.137037137743879	8.21420497986519	4.37328570752724	0.0372936490975581	0.204517840780559
STUB1	0.00943852367935444	5.65077139403256	0.0104082279013666	0.918804028773959	0.969549632908202
STX10	-0.00993837141867017	5.78936685926114	0.0180937386023593	0.893081394336313	0.958161679200277
STX11	-0.272275360316949	1.55533602695038	3.3380599837467	0.0686243134763532	0.281667845288124
STX12	-0.121604707773458	5.618781641249	3.80746129604829	0.0518957448305406	0.242224477211142
STX16	0.0955391208862596	6.4295439231011	1.34303019028808	0.247363083729621	0.53697338604365
STX17	-0.0288699784213773	4.05034333714516	0.189452112977729	0.663665993264928	0.851935203001096
STX18	-0.0836964370386215	5.38197202152613	3.21440777029119	0.0739355261613388	0.291739190128822
STX19	-0.0262766455789408	2.92103011700785	0.0492429664909388	0.82452718188092	0.928895134912859
STX1A	0.243574585199188	3.68391245360565	4.60957386054501	0.0325439526773729	0.192316520349797
STX1B	0.199373541766495	0.506853826505462	1.75831968638624	0.185778543787358	0.466086608352179
STX2	-0.0866626757244192	3.9392158403002	1.26472348221926	0.261600486835607	0.554096273290094
STX3	0.0787772774026961	6.66465892501646	1.02731690699449	0.311554285585294	0.601548595091159
STX4	0.139639845213473	5.77452899101852	4.66408505968159	0.0315412140088804	0.188798586587929
STX5	0.0969594294560288	5.50174817908059	2.81268788765566	0.0944965977233452	0.330814483388718
STX6	-0.00984464815117649	5.52804923149351	0.0498292435213091	0.823502885030551	0.928427784108111
STX7	-0.0643108495902876	6.09819756542985	1.10720638242894	0.293482760405743	0.586350866581057
STX8	-0.147199405534436	4.374197998027	5.10262334224193	0.024561417827635	0.167682420727317
SURF4	0.00409685021950675	8.55814776028144	0.00546645053802076	0.941107875206707	0.97712017670877
SVIP	-0.185306713895385	5.22903394708213	6.61862370017662	0.0105415513408596	0.109184739232615
SYTL2	0.0422531940249143	5.96440451343089	0.163002772535517	0.686676109903343	0.863593603471259
SYVN1	0.104028400170191	6.47389138893493	3.32178336888233	0.0692993440324765	0.282906923631896
TBC1D1	0.00125727550133992	5.93627427968972	0.00036999978273069	0.984665304916625	0.993299210784028
TBC1D10A	0.0528050450986949	3.95758071363894	0.72462619978339	0.395266211950227	0.676961126934634
TBC1D10B	0.0447389697892807	6.51781787305757	0.633490783524429	0.426666903621429	0.700237682443821
TBC1D10C	-0.0308336798440615	2.69592553542811	0.0529080896609517	0.818224851626183	0.926811589359817
TBC1D12	-0.182116681728582	4.12616027364025	7.6569079681603	0.00598406133483019	0.0818965111113862
TBC1D13	0.0423072730890489	5.07794431025615	0.555099174865032	0.456787658981867	0.722806508904529
TBC1D14	-0.0369944581178898	5.16392334080285	0.330920967716104	0.56552094880598	0.793860386128971
TBC1D15	-0.149144253041513	5.47492951317231	6.93126155142843	0.00888051864196971	0.100709042640074
TBC1D16	0.101779689662817	6.57348639151481	1.50141194923318	0.221353997153244	0.51052091008185
TBC1D17	0.108664103494558	5.31521438623302	2.64142694701829	0.10509297081033	0.348593919288812
TBC1D19	-0.0549020824539548	2.04468422194474	0.419657703704798	0.517571706118603	0.765202720324632
TBC1D2	-0.0231782688203004	5.4307918352968	0.0553010993974277	0.814233298777183	0.92542469501891
TBC1D20	0.0405350228386039	5.61176290213164	0.562701045038523	0.453724341131704	0.720642172828941
TBC1D21	0	NA	NA	1	1
TBC1D22A	0.0496385923129762	5.48250662760841	0.949787351770933	0.33050846341611	0.619486905652594
TBC1D22B	0.0536212194128754	4.25245265591419	1.50987699428367	0.220059378674802	0.508647690434096
TBC1D23	-0.0961350648250166	5.27172734788932	2.43037774422757	0.119991156061124	0.374892589465143
TBC1D24	-0.0147499980911411	4.14695073401604	0.0729225737746289	0.787301903135849	0.912518886978806
TBC1D2B	0.0461959014013809	5.69168549288991	0.472711518460701	0.492239656095837	0.747126439181023
TBC1D30	-0.217544311819926	4.28573855301587	8.96053684913099	0.00297325210876821	0.0546451004540859
TBC1D4	0.0337209358016914	6.04348991800134	0.163524888998375	0.68620149652941	0.863593075761632
TBC1D5	0.0111526146097287	5.89324078957351	0.0336604852104332	0.854546892783444	0.941491387731987
TBC1D7	0.00687345092818415	4.44295426523851	0.0111654340934518	0.915912974189433	0.968444655914391
TBC1D8	0.101050896665727	4.5117266450019	1.27740410334313	0.259227421326893	0.551412839690224
TBC1D9	-0.0550729448576047	3.96538294241446	0.240085420542951	0.624479681313979	0.829643972130973
TBC1D9B	-0.0129442840275779	7.37721132866008	0.0597638483674348	0.807026020716573	0.922151053674145
TMED10	-0.0985421939786421	8.44363155632288	2.7005607867395	0.101293636668182	0.341964176503823
TMED2	-0.293263482791538	8.67737269795508	15.026764225607	0.000128592427537054	0.00900731503793638
TMED5	-0.231713840272722	6.40629210954803	7.75111253297505	0.00568685091764982	0.0799035204200645
TMED7	-0.270940947321132	6.78473304570201	8.28261646830541	0.00427141530561568	0.0675369083010252
TMED8	-0.13472289542379	4.64645349591913	3.1318837304901	0.0777258414526276	0.298577522880247
TMX1	-0.23170146693018	6.00275799646522	9.28258784209144	0.00250565085847652	0.0497739050978416
TMX2	-0.072549676889769	6.76178127926268	1.78146291575731	0.18291724086637	0.463259302942602
TMX3	-0.198142836737574	5.03119305632812	6.37555393731742	0.0120524316423443	0.116359693055944
TMX4	-0.0629687122795029	5.8745912042539	0.645394487789309	0.422359532728126	0.697282983179225
TOR1A	-0.0524467368512161	5.62484801896974	1.40725860529649	0.236390723945073	0.526375243077263
TRAM1	-0.0518402174679173	7.8705553587194	0.3605885772552	0.548603943919308	0.784613514735536
TRAPPC1	-0.0324621867669473	6.10513063791072	0.164388367975227	0.685418510002754	0.863249034003474
TRAPPC2	-0.125097320149382	4.31661792512687	3.29977803401376	0.0702233347578724	0.284141398748628
TRAPPC3	-0.0161265011730739	5.74865344078845	0.115636975724961	0.734038352865254	0.886801155588275
TRAPPC4	-0.0604797368929298	5.66104194461403	0.720012347191098	0.396773198214721	0.678215250082061
TRAPPC5	-0.139457352040017	1.65115595893402	0.548987149741621	0.459274380136365	0.724284302154342
TRAPPC6A	0.19258949175181	5.02213819105432	3.48578550362132	0.0628108511390678	0.269095333804308
TRAPPC6B	-0.0262906073972871	4.48762371444285	0.169565714455342	0.680773330670486	0.860654558457772
TRAPPC9	0.190241200285593	5.86709917426269	9.71406722518609	0.00199419445782616	0.0439490622372184
TUSC3	0.115531145135546	2.84503318541102	0.715792457144795	0.398158799943313	0.679137946541621
TXNDC12	-0.0139054661046461	6.7371778059281	0.0765794732792778	0.782165853922722	0.910326430796859
TXNDC5	0.0342690886668781	3.87430597268139	0.147091914437288	0.701584363309851	0.870347655937773
UBA1	-0.0198610110130029	8.97854171553914	0.084585113548714	0.771365486953941	0.904521619057176
UBA5	-0.135753728476319	5.16183068460334	5.4789877725863	0.0198592797448629	0.150998404073127
UBA7	-0.0221337584133218	5.77428494215542	0.0639650297873646	0.800497524572644	0.919164209442383
UBE2D1	-0.191822516426725	4.85676871907898	8.61393652977159	0.00357696454092285	0.0612979731807591
UBE2D2	-0.0929368217509715	6.75101140340702	4.02093418693521	0.0457793369400964	0.228000599449881
UBE2D3	-0.163716073986697	8.01264231154089	10.7442365047918	0.00116085715073468	0.0333172654737362
UBE2D4	0.0357776914949056	4.13568299268782	0.515587011971933	0.473253343436608	0.734765886155589
UBE2E1	-0.107246440772422	6.12951564326411	3.1751102233982	0.0757149481308502	0.29456541875868
UBE2E2	0.275609582450173	2.77519801162382	4.29378522589556	0.0390513269124123	0.208973111311824
UBE2E3	-0.079280176896983	5.58722077183665	2.31718186888204	0.128937722940461	0.387748949271659
UBE2G1	-0.186139539726586	5.60702289129883	11.4587976025027	0.000800015870433662	0.0268912952511104
UBE2G2	-0.0267960176977476	6.38253530561514	0.305325539966671	0.580948065957368	0.80343309127998
UBE2J1	-0.177562464826537	6.72653993009854	11.1789544745753	0.000925329061504223	0.0291382767442314
UBE2J2	-0.0334918999494452	5.73268576937785	0.340679999921899	0.559847535038311	0.790317241401925
UBE4B	0.0836261746824519	5.97834031955339	2.78921791413147	0.095876886285099	0.333108162148697
UBQLN1	-0.0898184810866989	7.34255686104505	4.22891538228128	0.0405501850693981	0.213381102572958
UBQLN2	-0.0958666349591611	5.79117718399223	3.80366925776501	0.0520119354537217	0.242403841131348
UBQLN3	0	NA	NA	1	1
UBQLN4	0.0103186594732136	5.96643520205966	0.0332945895263601	0.855330794498604	0.942095986704999
UBQLNL	0	NA	NA	1	1
UBXN2A	-0.0784675123850274	4.60457647482478	2.40642205075329	0.121825210432429	0.377673234384532
UBXN6	-0.0220248052981035	6.77859231090894	0.0954899507537786	0.757511304199675	0.899165962969253
UFD1L	-0.0865777671173314	6.0620718831336	3.03527250243123	0.0824321983911981	0.308032872667575
UGCG	-0.0553027255727522	5.5203660108956	0.54779163859966	0.459763291064636	0.724489735695576
UGGT1	-0.0963410499232784	6.98449960372335	3.58595764492338	0.0591702875029666	0.260175234755691
UGGT2	-0.0901718735697513	4.89769811414987	1.0256803119187	0.311939403629593	0.601915052293551
USE1	0.0669537063879526	4.48390858099467	0.741113492831729	0.389948023898149	0.673161220398363
USO1	-0.116367817518617	6.61170485386932	4.07924281338282	0.0442450181859639	0.224017694705709
USP6	0.154337092440922	-1.10580308737962	1.05431100130584	0.305290678379916	0.598119834104057
USP6NL	-0.0340593234459942	5.51136063987131	0.380629917639783	0.53770435724265	0.777244490124973
VAMP1	-0.121713363299862	2.89410330493487	1.42797628776327	0.232978565349732	0.523533785558966
VAMP2	-0.142636862436898	5.17541141033691	2.55254873586447	0.11110196571939	0.359412271238592
VAMP3	-0.0444122562704248	6.88334182444155	0.66468379905893	0.415516717293919	0.692977555573516
VAMP4	-0.0516188802547756	3.95424584622895	0.489079983617673	0.484845250794984	0.74206582797364
VAMP5	-0.157751213571765	4.0322157824266	1.43512286409923	0.231815418958666	0.522281005716538
VAMP7	0.00527966706347665	5.60624599755209	0.0071274782736227	0.932771725920841	0.974214820158399
VAMP8	0.0177782078767918	6.80228554640213	0.0580567944391271	0.809748118567001	0.923523145986492
VCP	0.015454465596985	8.6839005335042	0.0745058192783626	0.785061657600422	0.911417376387224
VPS45	-0.0642928134485307	4.80746222206641	1.77177198330933	0.184109082489618	0.464136193291429
VTI1A	-0.0471444233873598	4.70819226443535	0.92448787443915	0.337024239983687	0.624794195306876
VTI1B	-0.0134195788783214	6.02051139518635	0.0727108799783783	0.787603415041415	0.912518886978806
WAS	-0.0957808274829077	2.98561616859811	0.565428640370881	0.452633082093926	0.719782055716768
WDR38	0	NA	NA	1	1
WFS1	0.151126421791521	6.46847595136523	1.34360162384026	0.24726274884777	0.53697338604365
YKT6	0.175223650034007	7.01640975304515	10.2942061809985	0.0014694167450841	0.0376429995578897
YOD1	-0.132853837602088	4.0619772118073	2.08435080057612	0.149792298150726	0.417646361705428
YWHAQ	-0.0943248287766154	8.2563228695734	3.14249476158575	0.0772269283755335	0.297368087293978
