pspGenes	logFC	logCPM	F	PValue	FDR
A3GALT2	0	NA	NA	1	1
ABO	-0.976524521647493	6.40541824710504	36.5607430201721	2.82213685700448e-09	9.62090376140082e-09
ACAP1	-0.741807877815307	3.28916124001764	23.7196725410488	1.4797487273169e-06	3.66082837798002e-06
ACAP2	-0.497300047816275	5.80508554320346	24.1150988328099	1.21591788831637e-06	3.03462009003108e-06
ACAP3	0.721143854331696	5.49654025485728	27.8912790155497	1.88717705525645e-07	5.19133236635778e-07
AGAP1	-0.549999725600602	6.09614515450017	60.1963949178957	4.54956883305609e-14	2.62832708506702e-13
AGAP2	0.184288302443337	2.67491695105433	0.678293528822982	0.410551284452033	0.457868813410593
AGAP3	1.09262537288953	6.52400147203612	100.960096592289	7.81099632892237e-22	8.72320170179076e-21
AGR2	0.103149825113809	10.0562746570751	0.196324261198929	0.65788796876614	0.697819504853022
AGR3	-1.12303430388661	5.53468094285361	20.0364917714907	9.33673318234632e-06	2.0753142411567e-05
AKAP10	-0.316162075196095	4.50180491593796	20.5658808411779	7.1539957636284e-06	1.61491640114061e-05
ALG1	0.462691290799911	5.16847070625136	23.4553930803661	1.68751971211011e-06	4.13749971611867e-06
ALG10B	0.172972969695294	2.92200185285465	0.841635822507077	0.359353244616587	0.406104273975821
ALG11	0.258070307409123	3.34823789709054	5.22940274902869	0.0226078517876019	0.0316199202075774
ALG12	-0.304343064740718	4.26568421941204	7.37340918580646	0.00683896049494562	0.0103404525003624
ALG13	0.202664509183301	4.99627822455015	4.49766736527785	0.0344122445775404	0.0467953824154355
ALG14	-0.195039745890456	4.1118872442028	4.94090859320915	0.0266560568003501	0.0368462305725171
ALG1L	1.34822515720575	1.42185814002841	35.9115882082755	3.85330628359827e-09	1.29385918180423e-08
ALG1L2	0.855993026291242	-0.629659863428493	20.3676541474262	7.90358993760556e-06	1.7733323912857e-05
ALG2	0.215628223368322	5.51604562686033	10.4685753389398	0.00129123351299127	0.00216467461089621
ALG3	0.989372322958699	6.42695653075657	66.5166278743919	2.60289841446784e-15	1.67677368948408e-14
ALG5	0.690039352753166	5.97011759507898	31.8971946005855	2.67422804304847e-08	8.15330776950226e-08
ALG6	0.145423013114944	4.10138902868459	2.17459914825071	0.140909249938706	0.173019844948354
ALG8	0.655455636528196	5.29754414434923	52.5964981372186	1.48864106811916e-12	7.38664251403844e-12
ALG9	0.150978051478069	3.10239039558401	4.09230495965674	0.0435883728728094	0.0583391539055058
AMFR	-0.0647582778281263	6.89072331285416	0.719964842449676	0.396544581966498	0.443758974147918
ANKFY1	-0.547479565210322	5.88030270200483	50.2219900627534	4.47644100250818e-12	2.11390286067882e-11
AP1B1	-0.512445426682689	7.29280746255563	31.4540110298128	3.31607034170074e-08	9.99537960873386e-08
AP1G1	-0.323358388234278	6.75671975275713	23.2210182082053	1.89624852181831e-06	4.62364136285945e-06
AP1M1	0.108475293098154	5.41820693273146	1.2539906447784	0.263306917358556	0.306589580044822
AP1S1	0.841777070876999	6.99547299067799	40.3131888541313	4.70842111769195e-10	1.76108358535802e-09
AP1S2	-0.492151620330156	4.11056786177993	14.8290077521871	0.000132337877428014	0.000253429849263535
AP3B1	-0.167097682365842	6.19053016114595	4.72640699141475	0.0301517003765999	0.0413270697030504
AP3B2	-0.699115808379085	0.192749055677106	3.53205658728401	0.0607502289330941	0.0794986259992649
AP3D1	0.179544253530251	7.76724767116356	4.16570989051795	0.0417528508705842	0.0560281843552321
AP3M1	0.0762053420120814	5.94070869963125	1.14445858887276	0.285206868401004	0.329684235639153
AP3M2	1.04248311050673	4.44151509095473	99.5854730500285	1.39804348776177e-21	1.53413675504302e-20
AP3S1	0.0385332466061631	5.84609246463635	0.153316269328064	0.695546021932449	0.7323111366987
AP3S2	-1.23789594810098	4.81602994001739	394.439604374263	8.63451384805861e-66	1.45157690470996e-63
APPL1	-0.230901142100736	5.71993758411545	5.24103118169248	0.0224587641707112	0.0314285602715219
APPL2	-1.91408107453626	6.1798095312141	791.728358880704	1.13449257743691e-106	2.53300025342057e-103
ARAP1	-0.170991640715697	6.66237003153732	3.60509750813997	0.0581541667514502	0.0762914172807887
ARAP2	0.0362812909036068	4.3741946462577	0.0743774260925873	0.785174641098404	0.814838014921538
ARAP3	0.6785034271821	4.56890058699024	18.4332264145618	2.09849199890785e-05	4.45885344931406e-05
ARF1	0.106791103164452	9.48010764486119	1.17134070071989	0.279625912346231	0.323841583155824
ARF3	-0.689585695880296	7.94901065348082	104.713508106675	1.60468875747154e-22	1.88826114779094e-21
ARF4	-0.119181977491729	7.90881117089673	1.87790967846501	0.171161272042149	0.206693506229617
ARF5	0.271154516591141	7.43633390750206	5.0200274005045	0.0254758424570224	0.0353341294433902
ARF6	-0.482322417206442	7.55921880948526	41.4298311863531	2.77186872813747e-10	1.06747424736473e-09
ARFGAP1	1.19510333458707	7.09049787055696	74.2752855588167	8.13755276254774e-17	5.97045877256812e-16
ARFGAP2	-0.163350133859084	6.66630356078691	5.09677165059818	0.024382995772384	0.0339180276032771
ARFGAP3	0.137888524035123	5.72908294930047	1.66964070533803	0.19687872377077	0.234803763589079
ARFGEF1	0.0655028531260035	6.68182037718424	0.400233128181744	0.527246058933077	0.573257615147476
ARFGEF2	0.293083145481713	6.99898649767832	7.45567713657523	0.0065375543659221	0.00991206760735075
ARFIP1	-0.395274533290627	5.97007775119388	18.7753302098256	1.76468329259342e-05	3.78433698352991e-05
ARFIP2	0.131088832094814	6.19690752205504	2.17106841763841	0.141231583762402	0.173364983095774
ARHGAP1	-0.0638760935775028	7.16263082672525	0.594082100191639	0.44119383324734	0.488607153842695
ARHGAP24	-0.599963355103109	2.4770073531073	15.3523903493707	0.000101082512865893	0.000196849002003184
ARHGAP5	-0.058204580449031	6.5164809089876	0.177611273227902	0.673607743260676	0.712306221403299
ARHGDIA	-0.21415132044571	8.26900767978663	3.48103597517724	0.0626368519602203	0.0817849891721056
ARHGEF1	0.577069735962693	6.95229977034372	28.3445551693809	1.51115806034618e-07	4.20234592057231e-07
ARHGEF11	-0.582855990889271	6.2098872088133	69.6475189668394	6.39012563601402e-16	4.33404513618519e-15
ARHGEF2	0.00184915285171062	6.38279340628478	0.000465619063215504	0.982792667145748	0.985489211365291
ARHGEF6	-1.17487530651801	3.58260903972236	70.3232875947569	4.72423775755354e-16	3.24431109837221e-15
ARHGEF7	0.262362648171351	6.22087493848936	13.3990224935184	0.000277391302059449	0.000508725561020591
ASAP1	0.772097935282411	5.27142776826576	33.7162353591157	1.10886148213683e-08	3.5372751416881e-08
ASAP2	-0.722144543076338	5.02256249118333	63.2604355983081	1.13161403575344e-14	6.9261920241734e-14
ASAP3	-1.92853574359906	3.98964600939825	288.690073604079	7.44557742193311e-52	5.99856632105071e-50
ATF4	0.288380938444677	8.30081613851489	9.88652502158817	0.00175974899649729	0.0028979031179176
ATF6	0.0840966848066805	6.15835150383991	1.5971230957013	0.206875780388575	0.245761838887205
ATF6B	0.0253082615996463	7.0742245516072	0.0801305181374975	0.777232898454943	0.80750584196166
ATXN3	-0.0336488606946347	4.47484421301392	0.149409439609086	0.699257958589836	0.735881309646937
ATXN3L	0	NA	NA	1	1
B3GNTL1	1.54171988165968	3.04564225611789	184.844371658194	2.97175839484171e-36	8.98547139601e-35
B4GALNT1	-0.657570956006321	0.797300501840498	16.2554722359351	6.36082882330287e-05	0.000127090579539837
B4GALNT2	-4.21347064891152	4.77723365678806	174.779170385633	1.28046473216733e-34	3.54439946773474e-33
B4GALT1	-0.634178093665379	7.40614319775577	62.9793224193684	1.28524911768431e-14	7.83042449882705e-14
B4GALT3	0.372524202059656	5.76362858065729	18.9429913623953	1.62117966412647e-05	3.49203789102905e-05
BAG1	-0.388263973114334	6.72546464020069	21.5457330505414	4.3762501209492e-06	1.01710506267259e-05
BAG2	-0.790169640319041	3.95332282905241	14.9891400313354	0.000121857030777113	0.000234355456460224
BAK1	-0.79755969055908	5.82239415843592	61.0777803679459	3.0463294448535e-14	1.78732642184436e-13
BAX	0.396227899546547	6.58434086259976	10.6704127938398	0.00116021212802774	0.00195843558688503
BCAP31	0.772190311362694	8.64881737357437	42.9848769152263	1.32834146439563e-10	5.31610644463808e-10
BCL2	-1.58007728706071	3.5461998230873	122.192880841723	1.14972041931636e-25	1.72266784396321e-24
BET1	0.363745397122104	4.50998475264031	13.4363001326507	0.000272069807519853	0.000499624818204337
BET1L	-0.00836728740495892	6.24820384235492	0.0108157623135958	0.917210222281161	0.929559126085685
BNIP1	0.184588046385406	3.49496200321757	4.00502501531146	0.0458822840798665	0.0611885111662168
CALR	0.374996104782105	10.118066431737	15.8219329821382	7.94277590842728e-05	0.000156748301833472
CANX	0.360594187221466	9.71390709034674	20.1053821003459	9.01846064532721e-06	2.00687012083671e-05
CAPN1	-0.130280000186182	8.66509093112685	1.50729517507577	0.220105925042524	0.260264986954766
CAPN2	-1.16930425834875	8.11828523784875	158.563831481082	6.19226820070814e-32	1.43652646933999e-30
CKAP4	0.181065651485212	7.2676172113109	2.17481317659649	0.140889737132232	0.173004309566785
CLTA	0.454540776977276	7.73200197483843	22.1507438518479	3.2336139578046e-06	7.64454132863699e-06
CLTB	-0.575816914397273	7.18317300996527	20.8343788618674	6.25148584188769e-06	1.42444852692583e-05
CLTC	-0.272301674268018	8.91432325493082	15.0956289398151	0.000115355380469028	0.000222564393977618
COG4	0.19461135772535	6.2508503059104	5.98579946146092	0.0147505114664583	0.0212283784756124
COG6	0.44407398889682	5.28902350778832	15.7577686097111	8.20853773793777e-05	0.000161664086330504
COPA	0.0490104920433907	8.12230745504349	0.647436321633645	0.421397273290515	0.468638370036027
COPB1	0.0188060119195134	7.32710624273079	0.0715355889142716	0.789219647396597	0.818564218664911
COPB2	0.0428762888323093	7.4635616982859	0.480716655035395	0.488406431287826	0.53504257256115
COPE	0.171836634300423	7.43424364216895	1.83835487115326	0.175730473085153	0.211827917957421
COPZ1	0.428547091925094	7.74586253774077	32.0162192936084	2.52421441924423e-08	7.72395522510397e-08
COPZ2	-0.637291171977832	2.62772536277816	14.9708674782088	0.000123009312117044	0.000236427273144475
CRYAA	0	NA	NA	1	1
CRYAB	-2.40852544496862	3.89910336962894	192.770677582976	1.59440132901228e-37	5.24198413477218e-36
CTBP1	0.175869209867078	7.20038968914108	4.35042840953836	0.0374849287966857	0.0506786108442003
CTSA	-0.783089298249851	8.39231521106615	45.7592935076838	3.59839659816866e-11	1.53589653039978e-10
CUL1	0.377778423378908	6.40530265590634	35.0386354368058	5.86222207159585e-09	1.92534063531431e-08
CYTH1	-0.632943388398536	5.86264663208428	89.0701240037858	1.25704649286012e-19	1.17664964404059e-18
CYTH2	0.208393813034973	6.28918358629594	6.34720687305209	0.0120542724428152	0.0175696542506485
CYTH3	-0.114268935653387	4.88443141187332	1.49298399644944	0.222305849110637	0.262558502975173
CYTH4	-0.886944298101879	3.54158171800589	29.1104817158652	1.03879373722629e-07	2.95457496860313e-07
DAD1	0.072454929328478	6.93125568502596	0.537742886569685	0.463699031078076	0.511061995922022
DDIT3	0.843409122507278	4.3606995079549	31.9767345796502	2.57301727036832e-08	7.86374700119718e-08
DDOST	0.378743204673915	8.5154935791858	15.2629264887702	0.000105841028976568	0.000205386166040948
DERL1	0.0656738549740788	6.74021037032743	0.678703429385629	0.41041000289786	0.457751737939552
DERL2	-0.333199945042516	4.92322778032256	17.2484456264759	3.83119432863028e-05	7.86288169488645e-05
DERL3	-1.25424180472364	4.28531154918991	48.7692856116091	8.80312523768048e-12	4.01208041060164e-11
DNAJA1	0.5212048717421	7.70118916037177	38.7067094916546	1.01151040431862e-09	3.63973428448952e-09
DNAJA2	0.0455613146382963	6.56959707941641	0.51896271189133	0.471607133330771	0.518983944193849
DNAJB1	0.631990119441068	7.8900343795246	25.886571654545	5.06024804693496e-07	1.32452018890968e-06
DNAJB11	0.246180063068945	6.45645264748093	10.9081598032601	0.00102305779949318	0.00173820566836138
DNAJB12	-0.144015880315813	5.89678696605755	4.73798753103809	0.0299512585648422	0.0410634962882415
DNAJB2	-0.255671851502268	6.10713911688173	7.02489023339162	0.00828255528306233	0.0123740266942937
DNAJB9	-0.253328830578465	5.17319591226482	6.01728371605127	0.0144926376808189	0.0208870574611196
DNAJC1	-0.185824728907097	5.17436513090012	5.04817541326073	0.0250692044920742	0.0348092136818807
DNAJC10	0.746744341539358	7.05719511513277	49.610866228272	5.9480968268264e-12	2.76027158045788e-11
DNAJC3	0.0564384207436102	6.98072482356362	0.357306199153926	0.550265494039216	0.595308462962243
DNAJC5	0.0856134441800745	7.35281701316157	0.638896225159631	0.424474528742409	0.471831710803902
DNAJC5B	0.146006732666086	-0.256794312747465	0.363105570420758	0.547048343505266	0.592310780514053
DNAJC5G	0	NA	NA	1	1
DNAJC6	0.252793558771213	2.49310690421695	1.41369845041804	0.234984289543728	0.2762130624819
DNMBP	-0.14115434775328	6.33887931358063	3.45894644793816	0.0634730024668148	0.0827781704181666
DOCK5	-0.405332737504274	5.57222994020535	9.76434176702174	0.00187828325421851	0.00307747497380696
DOLK	0.320167260698186	4.5018387469231	11.8949438008057	0.000608392380342316	0.00106607120110431
DOLPP1	-0.909857327415444	4.97892129833341	82.5511360145026	2.13209626018721e-18	1.7945617954987e-17
DPAGT1	0.499011810644882	6.01908190044275	33.3431626920819	1.32782581029504e-08	4.19648871515353e-08
DPM1	0.890557441486674	5.81645880691417	47.8584084832762	1.34666654074015e-11	6.01787881585049e-11
DPM2	0.849644616869019	5.82902938716432	66.9353629789405	2.15610846353912e-15	1.40166504576091e-14
DPM3	0.18015078051516	4.9588083724366	0.981342783815133	0.32232673872169	0.368204456187763
DPP6	-4.88130909667464	0.551892254735648	438.248340868009	4.28479636478366e-71	9.15675507887709e-69
EDEM1	-0.287445596128986	5.99077221943054	11.8179789695719	0.000633475967398006	0.00110740821281633
EDEM2	0.394606849081008	5.72483180548871	15.8968406804362	7.64348391131915e-05	0.000151196841694176
EDEM3	-0.424426063648826	6.16248468312064	12.6784327356469	0.000403729400372174	0.000724563681530504
EEA1	0.114156543389781	5.33895316368484	0.617036529117896	0.432507255709281	0.479893319277552
EIF2AK1	0.448215179157667	7.94269676968161	29.3201667305158	9.37620749830897e-08	2.67950843704507e-07
EIF2AK2	0.423692472608868	6.428919732895	18.199204183578	2.36286679617098e-05	4.9911553023156e-05
EIF2AK3	-0.712712398106203	4.73088907338327	90.8166542808069	5.92049875263494e-20	5.70272028438485e-19
EIF2AK4	0.204996874861171	5.682473390728	8.88073511669933	0.00301631623060982	0.00479858976640513
EIF2S1	0.503020814704501	6.4844980230291	31.2517431776591	3.65847168064982e-08	1.09788980567591e-07
ERLEC1	-0.0254338916698467	6.29978755925717	0.105048348698103	0.745983421058103	0.77894260574833
ERN1	0.0649517449827037	4.91034823447239	0.499175217226001	0.48017816110765	0.527196651369366
ERO1A	1.0563750648283	7.35174417037159	61.0831545648878	3.03889475881304e-14	1.78337931424222e-13
ERO1B	-0.244173631300649	2.67575656996166	1.70898098686489	0.191693485465077	0.229346426102996
ERP27	2.56929002989995	2.86683383937464	43.7378400328463	9.31166402616327e-11	3.79955067553009e-10
ERP29	-0.0814597735529278	7.5177278206548	0.742155704222067	0.389366974554925	0.436618062849144
ERP44	-0.108706534048659	6.72549025293589	2.22034480409829	0.136806939549113	0.168376230885352
EVI5	0.0239436804760007	4.4415248796737	0.0502565746650777	0.822705180226197	0.847854694910458
EVI5L	-0.338191885723441	4.16803842239774	8.43886584769503	0.00382867630859641	0.00600421209414649
EXOC1	0.00695265843660989	5.61977701340817	0.00789764653294232	0.92922035925701	0.939729288124484
EXOC2	0.225203148951384	5.22032660133554	12.4819740398831	0.000447362206645822	0.000798551197351716
EXOC3	-0.127417332754155	6.17133708365118	2.3181426128137	0.128478510679453	0.15890928996487
EXOC5	-0.0769367614845765	5.59959769883062	0.500855518515746	0.479440486767078	0.526570154826019
EXOC6	0.199411933754788	4.70083369688014	5.27175885905118	0.0220697036548654	0.0309253010149333
EXOC6B	-0.814449168486612	4.39643345587657	119.750715819696	3.122993549227e-25	4.52340771572988e-24
EXOC7	-0.297995823539546	5.75663370729223	17.2424758340211	3.8428629784889e-05	7.88362152038355e-05
FAM71B	0	NA	NA	1	1
FBXO2	2.30133292850323	3.31697247979396	30.2815780742581	5.86567349695605e-08	1.71754166944659e-07
FBXO6	0.430727118772126	4.09392050519389	6.48684111031712	0.0111536271650327	0.0163552373216625
FBXO8	-0.744098422803721	4.20304264245318	108.626542235167	3.11496585880262e-23	3.89247245101217e-22
FUT8	0.955518990826503	5.70830070870271	39.630372034869	6.51441623129822e-10	2.39501434764029e-09
GALNT1	-0.387567559578628	6.79102422504252	13.3938236743668	0.000278141769588997	0.000510027705332006
GALNT10	-0.0554888896856325	6.44133555108991	0.341509181870765	0.559211996119222	0.604106109160708
GALNT11	0.261959724153486	5.27478177935549	10.8148633414105	0.00107480209486706	0.00182280479025239
GALNT12	-1.41227422598325	5.75840464836925	166.939051899218	2.49592664126008e-33	6.32560624247794e-32
GALNT13	-0.501731378696961	-0.550429044233416	1.48759661112854	0.223140826148714	0.26340896044341
GALNT14	0.298394516750147	0.388654792674243	0.621591511573622	0.430814578506621	0.478162465941966
GALNT15	-2.02768651127619	1.85053860063187	96.2082271200744	5.87725759436995e-21	6.15988382199614e-20
GALNT16	-2.69413335570917	0.718426174705543	170.548251048237	6.33266763586452e-34	1.67390859301463e-32
GALNT18	0.456259163434137	3.78326352693608	5.36270687257563	0.0209586703540661	0.0294634179015768
GALNT2	0.26133919152272	6.84959644295236	8.86780391634355	0.00303739258655353	0.00482937760751073
GALNT3	0.13303669008539	6.85092130098895	1.44584844056227	0.22974072913651	0.270667724099952
GALNT5	0.109106343874851	5.82819263453699	0.409303011139245	0.522604317504046	0.568848494604374
GALNT6	1.84980138273734	6.42226005859567	119.926222660114	2.90620131520764e-25	4.21909490878475e-24
GALNT7	-0.701785884558329	6.66540876449046	32.8617557868794	1.67588121952528e-08	5.23871286881977e-08
GALNT8	-0.301645632979298	3.48368247829821	0.956440666508913	0.328538549748406	0.37474021209542
GALNT9	1.57460934491231	0.491016957467082	11.6667135809837	0.000685872632347248	0.00119469849899154
GALNTL5	0	NA	NA	1	1
GALNTL6	0.901304513187655	0.263638241357125	4.60407957341595	0.032356750895573	0.0441239556204664
GANAB	0.21776607386074	8.94995212842154	7.95742978604021	0.0049714408915701	0.00766007729211311
GBF1	-0.586138627746067	6.74731300454424	61.9387218630615	2.06022558234561e-14	1.23110683673008e-13
GBGT1	-0.0294867102683457	2.56231157801208	0.0296809547996124	0.863282947756801	0.883677941692034
GGA1	-0.0852625192840184	6.04869503912407	1.12766463965393	0.288765340445596	0.333363528853473
GGA2	0.153918134507108	6.28030412990841	7.68298141965914	0.00577353267704961	0.00882424228845142
GGA3	0.145294222566309	5.60316917091631	3.17809891177911	0.0752128869392981	0.0969505377471901
GIT1	0.747735364705287	6.8534903749498	40.1711147093075	5.03726474405721e-10	1.87711992095302e-09
GIT2	-0.317864156471229	4.50351838744795	20.889094836291	6.08212978054254e-06	1.38774037889921e-05
GLT1D1	-0.132856873332564	-0.771509432431534	0.266897128853228	0.605639757322613	0.648207536199835
GLT6D1	0	NA	NA	1	1
GLT8D1	0.346826567846928	5.43467603170743	31.7164088225631	2.91941354945007e-08	8.8633339124106e-08
GLT8D2	-0.294828580744629	3.02289132670778	2.92906546306244	0.087592195517822	0.111753725999136
GMCL1	-0.0735375106237809	5.18085567957752	0.91433820217527	0.339408851412279	0.385917260621491
GOLGA4	-0.227652307315645	6.68098393909284	3.37754277572396	0.0666589597393717	0.0866284780327632
GOSR1	-0.0412744081663497	5.73115621902082	0.478718035519357	0.489311368991144	0.535964068797223
GOSR2	0.0517189396463644	4.44030628002202	0.742451408056303	0.389272593507552	0.436551053565772
GPAA1	0.318598176453451	7.24474214319556	4.77358925996726	0.0293437221067804	0.0402962827624398
GPLD1	-0.989708506387458	-0.34487761485526	53.6819280248869	9.01585518760327e-13	4.58095547583702e-12
GXYLT1	0.463824096013608	4.45432758551663	18.9181074516	1.64171063146538e-05	3.53475213402174e-05
GXYLT2	-0.332774864506211	2.64836569310373	2.39522089400377	0.122312924806987	0.151808747581904
HAS1	-0.142332457758671	-0.254389784639881	0.167183559011197	0.682794884596404	0.720600929307254
HAS2	0.34646927537887	3.25152574117293	3.00390614907001	0.0836548953303534	0.107077077079616
HAS3	-0.124033273667386	4.39789883587603	0.293176486459853	0.588423258993215	0.631845908790321
HERPUD1	-0.850097648503423	6.94820530232851	134.084334905055	9.36727876456188e-28	1.6268227865424e-26
HSP90AA1	0.679071781184177	10.2890760105296	41.4819635561567	2.70423478129799e-10	1.04270165871547e-09
HSP90AB1	1.10215394285339	10.6392937548478	144.217350201155	1.66824896195904e-29	3.26363336491242e-28
HSP90B1	0.593333841376028	10.0315154130355	29.9964899882357	6.74011351806075e-08	1.96287611254115e-07
HSPA1B	0.591656499469661	7.0976468951246	14.8612232882033	0.000130158544717309	0.000249483735340255
HSPA1L	-0.505628325858449	0.813117073071908	26.1862013955246	4.36498747152334e-07	1.15041690080899e-06
HSPA2	-1.52932430218829	5.04458540290644	49.3399461427279	6.74767565364242e-12	3.11470139040638e-11
HSPA4L	1.34579225688702	3.98966373309627	26.3871330422725	3.95340211917244e-07	1.04774504717994e-06
HSPA5	0.34583629585712	9.56061481065133	12.563541031255	0.000428694512783836	0.000766639921202042
HSPA6	1.61330999504509	2.55804814166012	28.3435136746278	1.51192929405189e-07	4.20402701600028e-07
HSPA8	0.574865911196932	10.679993740658	30.526459025493	5.20616212606313e-08	1.53404756173094e-07
HSPBP1	0.827195998547653	6.34026400149536	31.4291166400068	3.3564090536717e-08	1.01085115378525e-07
HSPH1	1.52400962828363	7.72822040018499	84.4943630413749	9.13757528600804e-19	7.95656892221218e-18
HYOU1	0.32009719121397	7.90161449949557	10.8868614014934	0.00103464317011297	0.0017569425468511
IFT27	-0.177190667251091	4.30814692576504	5.05408953721471	0.0249846294549659	0.034697510792261
INPP5B	-0.18134193794572	3.99676688518906	8.24701391071734	0.00424791291022408	0.00661885935844789
INPP5E	0.692065834577594	4.19525915391924	43.0649896766809	1.27903422794655e-10	5.1318068617547e-10
IQSEC1	-0.0546606816821153	5.50080057753783	0.345677963612858	0.55682439195091	0.601758836540074
IQSEC2	-0.683314005803171	4.47779652388686	52.7563291542557	1.38258068662391e-12	6.88342293674138e-12
IQSEC3	-0.869122591586851	0.314174913730156	17.6567639674031	3.11231930401329e-05	6.47392195737879e-05
JUN	0.341480315707651	8.30055218552321	6.01040320610176	0.0145485925414347	0.0209593154774542
KDELR1	0.229930625597002	8.23988290549708	6.35896203237517	0.0119756424748324	0.0174645820524747
KDELR2	0.155392211993581	8.57843204099636	3.89776876289697	0.048877283511191	0.0649251189581596
KDELR3	1.07193992395206	5.45338598469946	43.2391208557755	1.17810998965749e-10	4.74726743515388e-10
KIF20A	1.55784951609579	4.84976380301249	160.014709361635	3.53995207922433e-32	8.35833067245319e-31
KIF23	1.41599319301587	4.91175542892619	150.828250388224	1.2465165649857e-30	2.63041072964387e-29
LARGE1	-1.22893723324809	4.79885746224264	158.498155682703	6.35119347967069e-32	1.4701005289238e-30
LARGE2	4.4972086489816	5.45224488018596	204.430889648419	2.28860803159404e-39	8.48531550604784e-38
LMAN1	0.258693593085131	6.9568092242476	4.06666519085106	0.0442494064335776	0.0591391393913254
LMAN1L	0	NA	NA	1	1
LMAN2	0.287736100524257	7.97423393121533	6.20347968290407	0.0130598397755745	0.0189270103230266
MAN1A1	-1.36410558239911	6.19278885054261	120.854345846342	1.98719467150737e-25	2.91005156976779e-24
MAN1A2	0.0364277690951481	5.65981731604886	0.116021316208336	0.733527525080822	0.767302592606425
MAN1B1	0.249949243499168	6.50948971789599	7.98242363033142	0.00490430453356834	0.00756171491427654
MAN1C1	-1.06686576459441	3.03808612743059	56.5338494095093	2.42712428630828e-13	1.31171866969215e-12
MAN2A2	0.28078098336586	5.78527403348401	8.42566687612453	0.00385611641126432	0.00604574033467126
MAP2K7	-0.0829310658358628	5.44794936999265	1.04322874432845	0.307545123684979	0.352810167401012
MAP3K5	0.239645246129441	5.181130648202	4.67300303149015	0.0310943579050776	0.042528959336787
MARCH6	0.0189948788099871	7.0520158142344	0.0708446851551814	0.790216024226986	0.819361738607398
MCF2L	0.390348774301919	5.8303957614531	9.28379599965323	0.00242894844465799	0.00391679197652773
MGAT1	-0.393396028857105	7.25568621657814	20.5012104463397	7.39032570417858e-06	1.66424221541589e-05
MGAT2	-0.704261648410575	2.39108332096857	32.2680443568368	2.23411808145358e-08	6.87800703943536e-08
MGAT3	-0.475897863018494	3.93819565008209	4.61127344961715	0.0322225167018049	0.0439480341646068
MGAT4B	-0.475935951545034	8.45572310562768	19.8850466726929	1.0076780864627e-05	2.22958833959198e-05
MGAT4C	-2.98968149526008	-2.26749420034445	115.440757336699	1.83943112264619e-24	2.50729376323076e-23
MGAT5	0.953362068721456	7.67196389515438	49.0966976138479	7.55722652661697e-12	3.47186338716888e-11
MICAL1	0.177157954131077	6.12322636850282	2.83319282233313	0.0929328755355611	0.117852065495612
MICALCL	-1.64555445001721	1.93822600623698	199.241454906472	1.4999331430185e-38	5.23150955290421e-37
MICALL2	0.430073214613267	5.92010876061418	9.9643755327059	0.00168821864913993	0.0027857485718729
MOGS	0.497231867479456	6.61160194545591	34.6323441927929	7.12871912997503e-09	2.32044546663974e-08
MON1A	0.498431810901769	4.2186463391905	19.418066908115	1.27524046956047e-05	2.78639103378444e-05
MYO5B	-0.683393224021784	7.27695901318676	53.4789232959352	9.9015048816446e-13	5.0037324368824e-12
NAPA	-0.350611234551092	6.34914574667328	17.0273365445747	4.28819760452379e-05	8.75024105787962e-05
NAPB	0.19953969077248	3.95168602662911	2.55627421534174	0.110462624199831	0.138178282377457
NAPG	-0.154684641868906	5.19768354221546	2.61907924796642	0.106190059704696	0.133256767134776
NCKIPSD	0.115961812476193	5.23854519288224	1.19347405787832	0.275134128628754	0.319049817052851
NDE1	0.827878809797904	5.38968637922258	97.7387843426333	3.06259472395423e-21	3.27659953983681e-20
NET1	-0.561004596895998	7.77051772129486	51.7077967108792	2.24628989507324e-12	1.09373802440745e-11
NGLY1	-0.110087756451051	5.20935050926041	2.84124201786625	0.0924711261902719	0.117351238619969
NPLOC4	0.190531940933102	7.00369271799074	7.94417083029245	0.00500743669438233	0.00771318374700625
NSF	-0.280684655758989	5.91176486598954	20.2121374507977	8.54670624226792e-06	1.90761454515197e-05
NSFL1C	-0.0167288666183031	6.4639750102189	0.0330903964528859	0.85572584985124	0.876867762026036
OCRL	-0.083101696456808	6.02383336801406	0.93958296343185	0.332834272124368	0.379142695042697
OPTN	-0.812242066622795	6.69813278582102	83.7947939563965	1.23924308591782e-18	1.06473570349539e-17
OS9	-0.436112744762317	8.10534300639529	28.2379151171216	1.59221686895748e-07	4.41801637153399e-07
OSGIN2	0.573549173965929	4.7566738915424	30.4094647068697	5.51139330652286e-08	1.61906809192203e-07
P4HB	0.218595651169994	10.0190030954474	4.04872743636127	0.0447181568068045	0.0597244722311948
PAK1	-0.20839134409612	6.88849379785181	9.8622304004038	0.00178269643264121	0.00293186303671255
PARK2	-1.3937382136129	1.02157806536615	79.6187780341122	7.70057816886978e-18	6.14122326642597e-17
PDIA2	1.91984198750644	1.31699286484507	25.1588820755741	7.24955256796698e-07	1.85841178312924e-06
PDIA3	0.319524240396068	9.18018401310303	9.08878844817941	0.00269697882966107	0.00432109505988711
PDIA4	0.761412529908849	8.84220416907188	53.5222966559673	9.7052150963342e-13	4.91044159478851e-12
PDIA5	0.351492190020339	5.50430728138701	16.9114890146926	4.54921415022536e-05	9.25589262758052e-05
PDIA6	0.442525490834233	8.20207820675579	24.9861861994806	7.89621108223997e-07	2.01578006540641e-06
PDILT	0	NA	NA	1	1
PGAP1	0.323327588785702	4.51125855620008	3.4677241425947	0.0631393221635754	0.082381346665229
PICK1	0.212168176232345	4.97152315361747	4.20671632193573	0.0407631059317405	0.054819649207013
PIGA	0.424560710430772	3.8430998241341	17.5839444844669	3.22973835094825e-05	6.70117057424755e-05
PIGB	-0.2594935384501	3.14836713343211	9.35564792437862	0.00233717137513861	0.0037779776004404
PIGC	0.285530008673457	5.21211452506942	11.3459090890221	0.000812016695768273	0.00140106910825785
PIGF	0.124230198631969	3.93036870038771	2.49352967373376	0.11492118264482	0.143272233289882
PIGG	-0.109285485316408	5.53579605897859	2.90952690825014	0.0886529063779714	0.112969848912694
PIGH	0.0116557023264243	3.71759761902141	0.0216343319509291	0.883120853276002	0.900366239066101
PIGK	-0.100862896415055	4.90137591790233	1.2449332343641	0.265036072237701	0.308318246695488
PIGL	0.568729520543345	3.4311871005514	37.2363719680918	2.04190229851836e-09	7.08847057567974e-09
PIGM	0.3485566474228	4.37609903866723	17.8984719915055	2.75255735321788e-05	5.76505305449297e-05
PIGN	-0.426079025333403	4.92655304064581	22.3255623944434	2.9632506139806e-06	7.05012649615519e-06
PIGO	9.06579431333597e-05	5.82061128221621	1.08704949724089e-06	0.999168510957491	0.999327027359499
PIGP	0.213591141911954	4.05490762679119	4.449045677625	0.0353965775366083	0.0480277371934706
PIGQ	0.371335841156109	5.64127816515257	8.83890012764057	0.00308504692966867	0.00489835212350175
PIGS	-0.768767084909633	6.17441906244231	84.6094948424116	8.6909902362983e-19	7.57555135806202e-18
PIGT	0.283204765338927	8.05505830056558	6.41035300069891	0.0116380450934837	0.0170082053388802
PIGU	0.826018880178379	5.8707484254606	45.5804003893193	3.91360364067266e-11	1.6633969830919e-10
PIGV	-0.27965993299486	4.31451108233978	11.7729177967485	0.000648645767651748	0.00113290624206082
PIGX	0.384517526795178	4.81102347459515	20.73016002509	6.58731929446008e-06	1.4951613919748e-05
PIGZ	-1.81930849681073	5.28689426076127	130.376602092227	4.15630408057064e-27	6.89536315787828e-26
PIK3C3	-0.432332134568887	4.69354192949566	25.8813822878144	5.07322390906701e-07	1.32777879932478e-06
PIK3CA	-0.149065154020114	4.34981795137043	1.98863144743015	0.159079954800173	0.193370748312019
PLAA	0.301489577589254	5.57566438778318	19.2300820726817	1.40221634687677e-05	3.04956357215968e-05
PLIN3	-0.622482609183701	6.76366932764355	32.5369243009139	1.96125523820025e-08	6.07728844208597e-08
POMT1	-0.20286867251906	5.05843181206605	5.11239353163108	0.024166582409349	0.0336429672417221
POMT2	0.278872607284974	4.20358839410871	10.9301457135215	0.00101123651702313	0.00171927934531906
PPIA	0.835728948351705	9.07067343465233	68.4956954822686	1.07024300082065e-15	7.1134205987597e-15
PRKCSH	0.120080314840341	8.65632097295332	1.25956381150415	0.262249916175789	0.305457558254267
PSD	-3.20927905011642	3.29216494198272	329.491312931045	1.94662027559975e-57	2.10677783218021e-55
PSD2	0.990877683653876	-1.27599324043111	11.635292070612	0.000697296416963757	0.00121334003219535
PSD3	-0.59029774302996	4.85286894981127	17.0520235129233	4.23455811126928e-05	8.64638476857307e-05
PSD4	-0.267355890428564	6.39536947268126	9.62138695512442	0.0020273303952308	0.00330488012001649
QSOX2	1.28168117345854	5.15655729111358	190.23230822296	4.05390241518918e-37	1.30060123668989e-35
RAB10	-0.0400227377535583	7.71108856594205	0.368925251390076	0.543854951683579	0.589156728095404
RAB11A	-0.258952944176641	7.58454526650895	12.9187570169697	0.000356161525434411	0.000643407492433523
RAB11B	-0.167443227961836	6.94554708064854	1.77232983922271	0.183675437987711	0.220624630358378
RAB11FIP1	-0.524811971032101	7.21201387954804	16.5584689921904	5.44777881491858e-05	0.000109760816855067
RAB11FIP2	0.111106271395987	3.93316305586995	0.679598683385325	0.410101682181969	0.457428083845661
RAB11FIP3	0.478597176768969	5.79521337227587	16.953219998767	4.45339178243836e-05	9.07044508341394e-05
RAB11FIP4	-0.0229657995905464	6.23564093284767	0.0531119584249272	0.817824435298284	0.843410714253101
RAB11FIP5	-0.0745095122377516	5.24566373631309	0.666266116008712	0.41472897928327	0.461955946401618
RAB12	-0.481516816811157	4.20766858031416	25.5393896616699	6.00650634375901e-07	1.55557225501254e-06
RAB13	0.0277157746863935	6.04776799784988	0.0778962752866242	0.780279420224088	0.810391521408189
RAB14	-0.426474528198994	7.00184452667972	47.917471262978	1.31001978669532e-11	5.86242572512791e-11
RAB15	1.21914638206558	6.66657356390166	70.0873887882077	5.24933871783208e-16	3.59122556830091e-15
RAB17	-0.231469490438349	4.96713700758202	3.98271293382861	0.0464889338269086	0.0619287609251534
RAB18	-0.456722110495513	6.02623079336644	37.9634537435096	1.44226776196341e-09	5.09664604168039e-09
RAB19	-0.159343782946699	1.39563260024556	1.2598922131291	0.262187796607923	0.305399310225045
RAB1A	-0.167174401313648	7.6679046929496	7.99079523949481	0.00488202523426773	0.0075305866364405
RAB1B	-0.704870914326076	7.47118414893253	60.3971081073606	4.15217383203378e-14	2.40536107333783e-13
RAB20	0.14953393423344	5.65239018658042	1.94359317596863	0.163872375296062	0.198642969179483
RAB21	-0.0262633364441472	6.10459991871816	0.0940082051044933	0.759264416510322	0.791172346741355
RAB22A	0.640621086287843	6.3162272801772	44.4453332586923	6.67265191599526e-11	2.76341375210465e-10
RAB23	-0.865875617172735	3.85822372816272	43.4785343774244	1.05227600547568e-10	4.26680238464065e-10
RAB24	0.293367734278135	3.06713003922123	5.36187215964836	0.0209685987815677	0.0294757319513236
RAB25	0.22821787897575	7.52627115725417	3.60176047733919	0.0582701578940896	0.076427679788581
RAB26	0.540660976747163	2.53201863073329	3.03807799197406	0.081921314161629	0.104986013071799
RAB27A	-1.59709545473385	4.964072984177	281.732113037683	7.11469290764496e-51	5.33961937655009e-49
RAB27B	-0.332021072893413	4.14432692024005	1.75633325695445	0.185662613213917	0.222765100509842
RAB28	-0.0812210924774865	3.87602155854856	1.35966892542523	0.244127649231333	0.286067236555136
RAB29	0.411480097407239	4.5124688049522	12.1990891859697	0.000518724759199172	0.000917878201720968
RAB2A	0.117823188849868	7.46928671707466	2.0277451301175	0.15504742366677	0.188844227328291
RAB2B	-0.185237289369164	3.92858981320029	5.46259152566067	0.0198051279891329	0.0279320980146513
RAB30	-1.02484407468201	3.82815770544299	69.7431438007095	6.12261478569578e-16	4.158200297627e-15
RAB31	0.419458480631505	5.88272174359083	4.08110282004108	0.0438758902681748	0.0586928186776598
RAB32	-0.288827141387729	5.37494862838046	3.21557951030029	0.0735194575956356	0.0949375339097267
RAB33A	-0.668034320869909	-0.346087248237239	19.1902255627601	1.43073469167294e-05	3.10783329485025e-05
RAB33B	0.101697503607836	3.5104145493548	1.06989306658993	0.301448819974518	0.346631778080137
RAB34	-0.624360844402295	3.99455056957781	16.1439296097581	6.73459467027181e-05	0.000134122787711455
RAB35	-0.0477871769456097	6.04274039198684	0.433060405044577	0.510781332965855	0.557519494152273
RAB36	1.93851260367052	3.55714837171792	114.350931068165	2.88588046583977e-24	3.89369971680479e-23
RAB37	-1.53269521647185	2.44494293569375	107.906154492301	4.20892084825478e-23	5.20786835281849e-22
RAB38	0.083867442937586	1.13287425127405	0.139820137182274	0.708611799151528	0.744389330030161
RAB39A	-0.313694275813433	-0.858362377449589	1.25061814244451	0.263949117338731	0.307223858385912
RAB39B	-1.57671589296949	-0.691515308665431	64.7492885527025	5.77263372227126e-15	3.62832763146845e-14
RAB3A	-0.361814116430596	1.81195101311344	4.45121463777952	0.0353520439764032	0.0479698930775376
RAB3B	-0.807346103667536	2.90748091217869	9.51283528192874	0.00214850552859253	0.0034920311901075
RAB3C	-1.94589501844897	0.0538409650831215	58.0078398512077	1.23544331689507e-13	6.88490035848466e-13
RAB3D	0.806014454055346	5.35845074288612	54.6274756551425	5.830232471914e-13	3.02823835724522e-12
RAB3IL1	-0.431691048757239	3.10085842257275	7.39806780126376	0.00674715297050203	0.01021266245241
RAB3IP	0.371366559510086	5.20867079494869	16.8293253369019	4.74400245276748e-05	9.63045482623068e-05
RAB40A	0.907100197974762	-0.926554045775122	15.0862221270188	0.000115915321234988	0.000223593410508888
RAB40B	-0.0246901040431459	5.01927295171047	0.0463120858782661	0.829693596674388	0.854009691307321
RAB40C	-0.0437692329439947	5.76645480501555	0.149137859272757	0.699518056524065	0.736062876334962
RAB41	-0.0921047057473213	-1.13521923405219	0.373474773315883	0.971595077725538	0.975851876966778
RAB42	-1.00514529813072	1.20324184373085	40.555441498066	4.19666778326948e-10	1.57974879072558e-09
RAB43	-0.395539913040246	1.65821450933932	12.2569674296973	0.00050324076634107	0.000891918642598093
RAB44	-1.46349219232974	-1.56031526464578	54.8623705452472	5.23252240389422e-13	2.73638567936542e-12
RAB4A	-0.128769526706171	5.75575369998917	2.64594493012796	0.104418223814602	0.131170387064502
RAB4B	-0.785979194570839	3.61137628938404	74.4620217281123	7.49100603313255e-17	5.51534887992711e-16
RAB5A	-0.117540774756712	5.92365537768285	2.46560828388998	0.116968915416494	0.145616367498901
RAB5B	-0.606181011687295	7.49753970413503	79.7209634006316	7.3627257849993e-18	5.88667901459504e-17
RAB5C	-0.278883490643966	6.92192588156246	12.1003714551431	0.000546256690248042	0.000963485693361185
RAB6A	-0.0981089939026135	7.23530693643895	1.55227449051691	0.213359181504804	0.252903942841339
RAB6B	-1.55928310516619	2.40546859800131	100.356292604164	1.00851498168848e-21	1.11689601639167e-20
RAB6C	0	NA	NA	1	1
RAB7A	-0.0968552884805093	8.18149042599118	2.17662310763801	0.140724848684861	0.172843919404128
RAB8A	-0.507453279916147	5.82632544046731	77.5739208812991	1.89320466902931e-17	1.45596041899701e-16
RAB8B	-0.352744893910401	4.4802701273198	7.1279942004236	0.00782556603474663	0.011729511334891
RAB9A	-0.637304227592629	4.74068963652897	64.7290450259065	5.82563166504914e-15	3.65981449171759e-14
RAB9B	-2.07190640685083	0.537426623813419	137.733140702452	2.18017027093132e-28	3.94952253750539e-27
RABEP1	-0.309333107847833	5.33140364184112	15.238286537032	0.00010719091566443	0.000207813740317517
RABGAP1	-0.404959758761354	5.89117672726405	27.5718423950205	2.20748369436148e-07	6.0270805890768e-07
RABGAP1L	-0.250542575994641	5.66179554554818	6.76642410036802	0.00955255975066778	0.0141440255553162
RABGEF1	-0.544779648617458	2.15743780209834	37.1080564171802	2.17124650071282e-09	7.51473003135812e-09
RAD23A	0.409716030751533	6.9252352797127	20.5460610206018	7.22560419068514e-06	1.62991377472499e-05
RAD23B	0.269865878621152	7.70683865785213	22.3379472719437	2.94498351202276e-06	7.00931092238585e-06
RALBP1	-0.40676355933316	6.28294822124102	22.3017468866565	2.99869864535642e-06	7.12841098604383e-06
RASEF	0.029094338513473	5.78460524027092	0.0536481854733219	0.816923383923445	0.842619313334323
RBSN	-0.290961178724444	4.74704056975101	30.0013837628475	6.72404890135988e-08	1.95932910960934e-07
RBX1	0.104376787675239	5.64191484225579	1.30493976530661	0.253836874348895	0.296644937457415
REPIN1	0.478662574853725	8.03218425923646	18.8413998360482	1.70666412895209e-05	3.66740088110651e-05
RER1	-0.257082073295857	6.94009118176437	10.3225849364834	0.00139528689694139	0.00232766272030769
RFT1	0.641723184230929	4.95233624648812	75.1490980074383	5.525339174821e-17	4.1125288657456e-16
RFWD2	0.0537292882335731	5.95089491678937	0.672331771003178	0.41261427475146	0.459905152334139
RNF185	-0.860449784806337	4.8528806592132	222.499435184619	3.64964463138458e-42	1.60616210592714e-40
RNF5	-0.621858172143199	5.78446986106273	59.7624270290194	5.54433073597059e-14	3.18404436731884e-13
ROCK1	-0.453749457845047	5.50330970455614	15.6629882802705	8.61762887057169e-05	0.000169126583570088
RPN1	0.405754127311915	8.76932454432658	26.7801258263326	3.25777911384406e-07	8.7265153934359e-07
RPN2	0.977709943784215	9.15670388518224	96.7889986426135	4.58849362363917e-21	4.84742537525383e-20
RRBP1	-0.0426200934554745	9.20700520678522	0.115085287548267	0.734563772568569	0.768163500574836
RUFY1	-0.0295113610727064	5.71218124930352	0.203806207839467	0.651853570374428	0.692204972591568
SAR1A	0.192284005863818	6.62740158514189	8.84251689746559	0.00307904239693902	0.00488943401282186
SAR1B	-0.660847023067344	5.84814183011524	77.9185884561048	1.62647063075607e-17	1.26005253136024e-16
SEC11A	-0.111028053899697	6.66401876384889	2.25633703625006	0.133673490070947	0.164833466949587
SEC11C	-0.377455819164098	5.60960108298138	11.3799699127748	0.000797575774197008	0.00137813267767068
SEC13	0.346619944412689	7.18268014314355	12.0671415004012	0.000555853714506099	0.000979522230517142
SEC16A	0.0779640228998872	7.33769990350288	0.82602681403229	0.363843595343002	0.410810600150644
SEC16B	1.10527331570272	-0.386778564788494	25.563029429439	5.93676760900531e-07	1.53940841949909e-06
SEC23A	-0.794137321263209	6.30072099588169	81.9194195515454	2.81000259915205e-18	2.34092618245184e-17
SEC23B	0.576141691483036	6.8799845089161	32.2137303996133	2.29371039934868e-08	7.04856143558074e-08
SEC24A	-0.2271778415732	5.44155271010861	4.90130933984273	0.0272680304785975	0.0376323294975259
SEC24B	-0.169532574193076	5.60764239600275	7.42657821410276	0.00664257718070077	0.0100640392192821
SEC24C	-0.217474279881863	5.76937979065746	7.64324501460183	0.00590018393240855	0.0090036271239665
SEC24D	0.0941583697605166	6.08781071542928	0.684964957970486	0.408260691121348	0.455717314329026
SEC31A	-0.30452678593642	7.20954993697341	17.2130658076584	3.90087382981428e-05	7.99677549519768e-05
SEC31B	0.481078085188547	2.72245827357983	7.52773253378729	0.00628475306599484	0.00955693288700427
SEC61A1	0.333292986242662	8.68871921446905	20.5333634562548	7.27185920638122e-06	1.63917469926982e-05
SEC61A2	0.705271751626757	2.62855127360237	47.4606289656983	1.62180377922212e-11	7.19005378000076e-11
SEC61B	0.185432028109351	6.41072257002693	4.6082914411417	0.0322780886193826	0.0440214473074619
SEC61G	0.412944492115603	5.97770262357069	15.0714826751527	0.000116798214507034	0.000225141459656313
SEC62	-0.286799654123447	6.82802207044996	13.3550591412399	0.000283802710401827	0.000519954442618633
SEC63	0.201222873622696	6.54794309159053	4.72558261921211	0.0301660223886877	0.0413444527732778
SEL1L	-0.718654223919174	6.85263421661852	64.5519333020337	6.31066026403705e-15	3.95359094475153e-14
SELENOS	-0.56479033351719	6.34153608353043	51.3757583615747	2.62003983149154e-12	1.26715658670353e-11
SGSM1	-1.39566961119755	1.76451491486467	56.95949287328	1.99671293089803e-13	1.08820207431285e-12
SGSM3	-0.412149290566702	6.19884582137704	13.5751106101038	0.000253146181272986	0.000467388142712029
SIL1	0.417748270029533	5.92257435378915	15.9020810135351	7.62297743398992e-05	0.000150803029695555
SKP1	-0.308515515031582	7.65709971035215	15.3335583526975	0.000102065885078278	0.000198595325927388
SMCHD1	-0.99024411528706	5.6730471264741	57.8645792446323	1.31913224642105e-13	7.32054530325696e-13
SNAP23	-0.582721957609269	5.78379219115941	56.000159990145	3.10092360361484e-13	1.65389150829855e-12
SNAP25	-2.50267593986442	0.0522699699706848	78.5561570624494	1.22845156379614e-17	9.61448264563852e-17
SNAP29	-0.589165334604482	5.24468227374265	108.20237569615	3.71878540156005e-23	4.61953751089358e-22
SNAP47	0.217093066233883	4.73015269951876	8.52671288304236	0.00365105232667125	0.00574256134763202
SPCS1	0.0494402441081319	6.7852047145844	0.32606785754043	0.568229585241956	0.612666557681136
SPCS2	-0.0407150625978683	5.4483015733549	0.26162388179166	0.60922312648449	0.651600270626432
SPCS3	0.0833569432631919	7.25131036791501	0.761848404463073	0.383152232932525	0.430510620588134
SRP14	-0.344485402599275	7.44123631137313	20.17579267394	8.70445572692391e-06	1.94024803381809e-05
SRP19	0.214847458188188	4.0138004887384	4.30806728008055	0.0384213617280797	0.0518501272983509
SRP54	0.0377289074892149	5.8136201767019	0.249864856077014	0.617381009687958	0.659318888802831
SRP68	0.235876708839651	6.66030142240267	11.2086854446257	0.000872934106021491	0.00149950813021417
SRP72	0.444917869304755	6.91323186551003	27.9379496583911	1.84446564946046e-07	5.07882619375894e-07
SRP9	0.184997230344138	7.19469200985192	3.26878242526999	0.0711857541441402	0.0920842906665017
SRPRA	0.184642602378206	7.46050209709095	5.9243778922284	0.0152673222920861	0.0219083859465962
SRPRB	0.819353367713061	6.65122738342042	85.2268995709886	6.64425343815263e-19	5.85627888674921e-18
SSR1	0.43782895730558	7.74899450912871	24.0919706004677	1.22995546693716e-06	3.06783254300242e-06
SSR2	0.267950082831119	7.99466687598718	8.36509734372109	0.00398463587447239	0.00623367224062102
SSR3	0.256413018453067	7.54636994405313	8.12905465053107	0.00452867686436705	0.00702213077700197
SSR4	0.333733051609471	8.13366830486917	6.41720499975842	0.0115937794962733	0.0169464605586323
STT3A	0.506212309591509	7.70686672505453	46.7229273914298	2.29042020893612e-11	9.99092309440270e-11
STT3B	0.632220502525111	8.21899418718459	41.0389537769614	3.33619857396796e-10	1.27236720265805e-09
STUB1	0.205358268574429	5.64229879158036	2.40625284667608	0.12145772260399	0.150832236329401
STX10	0.526506459571174	5.74239936507892	22.169108696648	3.20408160328051e-06	7.57877551729899e-06
STX11	-0.727814233023646	1.50082479198953	15.9614763638624	7.39439766193843e-05	0.00014647645392074
STX12	-0.981245360643129	5.69143256799238	167.451555505028	2.05331820502099e-33	5.25137172170531e-32
STX16	0.969840872798655	6.4091235829312	63.7334402257869	9.13558575906413e-15	5.62981588676247e-14
STX17	-0.168495284372834	4.04676606205624	3.75171281709888	0.0532929631511661	0.0703643463942068
STX18	0.160845435516206	5.33724952073931	5.11495352889696	0.0241313093125784	0.0335957172713128
STX19	-0.934427284200833	3.05929841387037	39.332853568118	7.50555937700574e-10	2.74579560147909e-09
STX1A	1.87107953067093	3.57657069536545	104.848179790172	1.51638997723055e-22	1.78853162094587e-21
STX1B	0.015315550441754	0.445040992692962	0.00570546427998417	0.939818385145609	0.948621071056992
STX2	0.460661158618922	3.86648734963219	15.3172333397737	0.000102926163109326	0.000200145670506468
STX3	-0.412404280665322	6.69887042387235	15.3119645647654	0.000103205371720737	0.000200642190939929
STX4	0.115638120288732	5.76551821619455	1.56910373717878	0.210898412378722	0.25015170578336
STX5	-0.164593542227293	5.49804943215187	3.84288552318011	0.0504892549699849	0.0669007168608117
STX6	0.523435959842207	5.47927797118289	71.3745050003496	2.95531503566092e-16	2.07299525046625e-15
STX7	-0.210355854123225	6.09321878989944	6.94769473510621	0.00864257923722835	0.0128798487456526
STX8	-0.405944836774463	4.37407034601937	21.3387407822422	4.85431976760721e-06	1.122216552803e-05
SURF4	0.166684413563291	8.53740536636732	4.23882955008304	0.0400052760337357	0.0538550633003798
SVIP	0.24850488407946	5.19275112070966	5.80923295363563	0.0162872079999706	0.0232646722632411
SYTL2	-1.28710493643853	6.1234268813433	103.190416876485	3.04628031405773e-22	3.51409197985333e-21
SYVN1	-0.00653688325248045	6.46647422371006	0.0061557445087865	0.937493381344062	0.946691117946228
TBC1D1	-0.948026497644271	5.98756742942324	116.396025972608	1.24029717294506e-24	1.71284632038092e-23
TBC1D10A	-0.815658399805232	4.02742575023748	97.813942457683	2.96625001858738e-21	3.17621769506234e-20
TBC1D10B	0.193066307157515	6.50043798459229	5.36785501120419	0.0208975440093209	0.0293824012981904
TBC1D10C	-0.793240371347197	2.706707396219	21.8758050015408	3.7099863462158e-06	8.69467710897061e-06
TBC1D12	-0.502338763838358	4.1553179659782	35.0269460070979	5.89528943415124e-09	1.93520020531344e-08
TBC1D13	-0.362517613440546	5.10924937695584	21.8553988965067	3.74804176458222e-06	8.77978348141848e-06
TBC1D14	-0.307516051437816	5.1703199519556	12.1213968467557	0.000540271302021376	0.000953662426366586
TBC1D15	0.11029453562927	5.43605647743009	2.12937111770414	0.145101850186213	0.177735141406991
TBC1D16	1.16750332414785	6.51787677751673	85.7816104487571	5.22125144861853e-19	4.63280428500399e-18
TBC1D17	-0.180853786938429	5.33048690658665	3.67288894824331	0.0558502894809169	0.073479248178655
TBC1D19	0.242602004293421	1.99053214739752	4.46130289865504	0.0351456809337035	0.0477206889998493
TBC1D2	-0.210321764059156	5.44835565367122	2.09924863523324	0.147972314431011	0.180908457917522
TBC1D20	-0.212697542162073	5.66149088185017	8.164627341258	0.00444206587181745	0.00689666143883885
TBC1D21	0	NA	NA	1	1
TBC1D22A	-0.477346427918786	5.5189633030973	44.4056178529889	6.7985584726617e-11	2.81417020691251e-10
TBC1D22B	-0.320120328824464	4.2741166727968	29.0864787297538	1.05105449516866e-07	2.98742574443959e-07
TBC1D23	-0.167670448000745	5.28059815197452	4.33899995619861	0.0377351781333602	0.0509854315728266
TBC1D24	0.99183620456611	4.08762763704036	146.827118246676	5.972561059907e-30	1.20008025695358e-28
TBC1D2B	-0.299302396665755	5.69414121808792	12.8512201458259	0.000368925308010337	0.000665654657419625
TBC1D30	1.38582301715174	4.17601624293946	133.76357451839	1.06523247596033e-27	1.84112181948537e-26
TBC1D4	0.872090064186432	6.01444932465022	45.8278498402723	3.48447569952977e-11	1.48928853754309e-10
TBC1D5	0.16719520076305	5.90409105783263	3.78839613376822	0.0521455215383006	0.0689468129525653
TBC1D7	0.595275037967954	4.39473348068521	39.7197387741976	6.24322009117011e-10	2.30067632674319e-09
TBC1D8	0.639044571435473	4.4289746621945	26.0173175466448	4.74411516852974e-07	1.24604053957728e-06
TBC1D9	-1.25942466957729	4.05998523919266	88.122500325767	1.89316938337291e-19	1.74616138772914e-18
TBC1D9B	0.0713933617989517	7.38361212835094	0.818469186376583	0.366045699048644	0.413100828959877
TMED10	-0.0379975941228079	8.42364375499581	0.207715285017273	0.648753701088667	0.689276377607578
TMED2	0.461693213037119	8.59394527668993	19.1985306557316	1.42474435641943e-05	3.09535439267931e-05
TMED5	-0.175996649611439	6.41862728736294	2.47349353200995	0.116386554041631	0.144977264042077
TMED7	-0.250379660943771	6.74738650104147	4.19718509134404	0.0409909286724004	0.0550878409897634
TMED8	-0.0127289887953763	4.61468351123548	0.0155151912878286	0.900919882587217	0.915662273959205
TMX1	-0.179748010577233	5.97376335126129	3.13107190574944	0.0773973341399886	0.0995830692896623
TMX2	-0.046211832764982	6.74748502859774	0.32483459171582	0.568961957220873	0.61329886617247
TMX3	0.168298418623939	4.97536396865375	2.49938698601454	0.114496664972639	0.142808422751138
TMX4	-0.101363895272329	5.9271808552008	0.827691659079571	0.363360972219355	0.410320793357014
TOR1A	0.0391722239880689	5.62051172144294	0.362391016925074	0.547442837802357	0.592636131229589
TRAM1	0.190729519960918	7.85355219272653	2.56856287828087	0.109611958281424	0.137175421934624
TRAPPC1	-0.197366443804566	6.10604403973054	2.95359955161383	0.0862797659716657	0.110201937826445
TRAPPC2	0.436337067903192	4.28119674176256	19.6820909296904	1.11621212966565e-05	2.45744030677306e-05
TRAPPC3	-0.0239739087668904	5.74607978311023	0.117845410295939	0.731521455615283	0.765362897114372
TRAPPC4	0.150594075145888	5.62766469476433	2.34582977020061	0.126224784075735	0.156336462673763
TRAPPC5	1.57040757205995	1.58138193977785	28.1806102958945	1.63756751222515e-07	4.53786153360237e-07
TRAPPC6A	0.302047971887276	5.03017360615553	4.09420490222336	0.0435398059361807	0.0582803379315605
TRAPPC6B	-0.0544673286766901	4.45339764487642	0.404938707698164	0.5248287396102	0.570949366986645
TRAPPC9	0.307925731324246	5.88737447121287	11.4946486250219	0.000750841584488805	0.00130175127095594
TUSC3	-1.1963981174978	2.94885721685246	53.5973393815654	9.37478855880343e-13	4.75375111778295e-12
TXNDC12	0.431135989443103	6.72216809494565	32.1248814225928	2.39465970601577e-08	7.34445801588418e-08
TXNDC5	-0.625116685697427	3.92176645600871	27.8039433790875	1.96979521077808e-07	5.40680590292705e-07
UBA1	0.206932377116717	8.9549864285233	4.37701102846481	0.0369095697914055	0.0499382241350935
UBA5	0.14668995205643	5.13799004998653	3.49605381008591	0.0620751119385299	0.0810935138452006
UBA7	-0.623170380150994	5.82996191772314	27.4800021532283	2.30932042118688e-07	6.2915009789401e-07
UBE2D1	0.117190323519219	4.8270172241447	1.73837047476941	0.187923949888825	0.22519974549002
UBE2D2	-0.087089908157926	6.75359262530756	1.76373318600701	0.184740264007251	0.221741520526748
UBE2D3	-0.373039501370552	8.03614114103673	32.1738757716338	2.33845257333154e-08	7.18080352431824e-08
UBE2D4	0.216474756537578	4.14219148488014	8.85108683766985	0.00306486216721336	0.00486814243327157
UBE2E1	-0.153841839789088	6.13651463499271	3.69523145305411	0.0551124290248368	0.0725836625851146
UBE2E2	-0.524269005317554	2.74045099676287	9.54604830783108	0.00211066721135224	0.00343296536820623
UBE2E3	-0.105239068588333	5.60247003148534	2.15631372605966	0.142587616971951	0.174901835644599
UBE2G1	-0.460599095209297	5.61941657287345	42.1186851850412	2.00040271083567e-10	7.83781155362696e-10
UBE2G2	0.0907268832454352	6.37550914233108	1.72568004823222	0.189540920312335	0.227007997507298
UBE2J1	-0.528322927398136	6.75217497185312	58.2743222618789	1.09369223014059e-13	6.12336522368011e-13
UBE2J2	-0.00485439292749964	5.71937298557855	0.00348274698959237	0.952962915108157	0.959967476142788
UBE4B	-0.206801020237705	6.00567343264634	8.35768088233925	0.00400067019968473	0.00625759213654943
UBQLN1	0.271412336415469	7.31352148709716	19.6197786053758	1.15184322300466e-05	2.53212715146967e-05
UBQLN2	0.0492681616718712	5.80779297924178	0.48349188225694	0.487154470290035	0.533949418755327
UBQLN3	0	NA	NA	1	1
UBQLN4	0.621583287256096	5.93651055143013	53.1211357080972	1.16805862757749e-12	5.85352432663387e-12
UBQLNL	-0.63651332642874	-2.08649419946417	10.0306662118645	0.00162964327680324	0.00269332248729502
UBXN2A	-0.0542333496867765	4.60853385878786	0.586004860808557	0.444314356158929	0.49182542993107
UBXN6	-0.2110668328003	6.78858939738945	4.33605284268463	0.0377999955752839	0.0510607718246162
UFD1L	0.230035802541676	6.01324900599209	10.1063035568288	0.00156532680306443	0.00259263356275046
UGCG	-0.572353724685488	5.538343430779	40.4768805088932	4.35618876624848e-10	1.63662115790357e-09
UGGT1	0.384886537049098	6.95634142533782	25.2659161822641	6.87579173463734e-07	1.76817091752345e-06
UGGT2	1.34221928346873	4.86093015007096	93.9597422532067	1.53603156656069e-20	1.55246925907659e-19
USE1	0.29805577699506	4.45618924097394	6.82601988634472	0.00924300061444778	0.0137178945615049
USO1	-0.0371051756090463	6.58786142871253	0.214302120192413	0.643609175283945	0.68437244668502
USP6	-0.047524007329729	-1.09354159843799	0.0538674842465623	0.816556251815809	0.842309539476367
USP6NL	0.752464451676331	5.51174919120357	74.8962155380024	6.18001520974197e-17	4.58357186894304e-16
VAMP1	-0.274034438434644	2.83143857984431	4.6136455409376	0.0321783825791745	0.0438973369488257
VAMP2	-1.23520941086291	5.27767014107268	147.65830727022	4.30980891333679e-30	8.76455252964628e-29
VAMP3	-0.231703191206002	6.89340379011476	10.021117670251	0.00163795143388278	0.00270652128354774
VAMP4	-0.161179460496643	3.9571826546179	2.72669523548045	0.0992850584480308	0.125214869661615
VAMP5	-0.524986333633396	3.99943184240008	9.21231088052719	0.00252390114886869	0.00406055986161936
VAMP7	-0.0376769837981902	5.60522311481069	0.184667244417208	0.667570018259809	0.70681081372371
VAMP8	-0.791553131790897	6.88307520252399	64.3516271806823	6.90827024920141e-15	4.309914998472e-14
VCP	0.290047957002897	8.67126437944459	12.0869920682226	0.000550100390395566	0.000969880966242512
VPS45	-0.242487787525889	4.80929937718414	14.9603440132691	0.000123677919006437	0.000237621796844595
VTI1A	-0.0899783975356985	4.69606273408733	1.67254870110799	0.196489851297419	0.234439771950178
VTI1B	-0.712539674871256	6.08352115938957	119.503582366891	3.45607570118105e-25	5.00010676745166e-24
WAS	-1.03549914369319	3.01021416176486	44.9359912416858	5.29737013428112e-11	2.21936837807222e-10
WDR38	0	NA	NA	1	1
WFS1	0.995976935655997	6.45742212391889	23.5765482784568	1.58885351077182e-06	3.91041567256813e-06
YKT6	0.16606097507546	7.00123444556822	4.12529294630037	0.0427531821186915	0.0572851749993115
YOD1	0.291453777099251	3.99302742800144	5.47952885965275	0.0196161512767694	0.0276888041839515
YWHAQ	0.102102527382808	8.25360451528143	1.84780864113193	0.174625745321046	0.210584736251773
