pspGenes	logFC	logCPM	F	PValue	FDR
A3GALT2	0	NA	NA	1	1
ABO	-0.327293351248872	4.00418879418131	0.445562989068009	0.505918828683782	0.74794972701986
ACAP1	0.00438698111897769	3.78504017765129	0.000358537363479765	0.984928945255342	0.993074974125875
ACAP2	-0.249105763319227	6.32576635445463	1.84669852386674	0.177089350279318	0.468235226446684
ACAP3	-0.114266294215968	5.73246149725666	0.562897937442441	0.454778416152269	0.712086820182666
AGAP1	-0.0629509863604363	4.68481039127879	0.154225441075325	0.695328380335642	0.858151609346076
AGAP2	-0.172152675930534	2.605489791085	0.679279835751847	0.411709230542351	0.681502333784653
AGAP3	0.186787036555818	6.5836055386191	1.6185159522204	0.206118329808291	0.50043388065587
AGR2	1.37567626171236	4.84608176040083	6.63626680203912	0.0113873544430914	0.159378393301349
AGR3	-0.0878681552310108	-1.2904626598075	0.0200449900856308	0.88768368417866	0.954263296143962
AKAP10	0.020139854099919	4.59275676336838	0.0449297444613111	0.832545529815046	0.929353149560982
ALG1	0.0156948184152366	4.36411546896288	0.0206607190348942	0.885983481167901	0.95380623822058
ALG10B	-0.0588952205844261	3.05179196460621	0.155284437161236	0.694337446186394	0.857753916843222
ALG11	0.105951472989875	2.43037018126359	0.665820213645303	0.416366011500916	0.685193215429028
ALG12	-0.0696646809537917	3.91416504421861	0.2834046232812	0.595606780261504	0.801614545056507
ALG13	-0.0249230600315116	4.11334299856674	0.0599720935016234	0.807019584543602	0.916362694820442
ALG14	0.0960937426309277	3.17403264666688	0.511646636193921	0.476019658630575	0.727559324375098
ALG1L	0.789006586469382	3.5716009366596	7.66918231354182	0.00664638141761464	0.136121996834029
ALG1L2	0.701325361826421	-1.73790462280528	4.96564397187613	0.0279945103167126	0.223956082533701
ALG2	-0.0203888305675003	5.04350350360936	0.0403289326066499	0.841228580149797	0.932978414953688
ALG3	0.422894855848143	6.24540661826702	9.32685950177983	0.00286402760340826	0.104405352403699
ALG5	0.183879652806986	4.56109760470591	1.70725407170962	0.194206088820968	0.487616833158936
ALG6	0.0567919585245376	3.87747684571912	0.353107076509155	0.553641925776743	0.77802863239886
ALG8	0.357994633224644	4.88905919259905	5.18226333862288	0.0248539819435343	0.213548108868217
ALG9	-0.118453455290272	2.64956841362645	1.03469809554828	0.311403575905789	0.60191984282404
AMFR	-0.0548504779306918	6.67614412893354	0.203886180940072	0.652536488704858	0.833431924617623
ANKFY1	-0.342234405569326	6.15346568044213	6.6881415905685	0.0110803557837233	0.158177055020337
AP1B1	-0.204625476186944	7.63295774488077	2.48819863828735	0.117720967200886	0.392086475048466
AP1G1	-0.235137938177369	6.71729930987445	3.83991947600525	0.0527055270101804	0.281656235997617
AP1M1	-0.0985672264014027	5.79231652711973	0.752616630072035	0.38763390646208	0.662898851725595
AP1S1	0.119604826404465	5.9629978908269	0.452243767926988	0.502753430698039	0.745478756672919
AP1S2	-0.0590612685699056	3.84364587791825	0.110024493463646	0.740779587674297	0.883942318733091
AP3B1	-0.188847883147518	6.01678892390386	2.76785740634012	0.0991665349227858	0.365713845988061
AP3B2	0.098465328872943	1.46059914074351	0.0539395912796712	0.81679818774705	0.921195768862826
AP3D1	-0.143299160879728	7.43686577582098	2.8039593081168	0.0970177834411309	0.362587277741318
AP3M1	-0.0148367115766774	5.51408633145674	0.0203261123894656	0.886904167139454	0.954086954246981
AP3M2	0.451132902151575	4.12957158531051	5.82748764062625	0.0175140240263382	0.18713162699189
AP3S1	0.145163226157641	5.88687066924224	1.31145004873565	0.254744385274624	0.549105438060311
AP3S2	-0.233375654086841	4.20271116930906	6.17464193057911	0.0145438928060116	0.174794759589036
APPL1	-0.241523938697685	5.29462102084615	3.34202198520993	0.0703801596672119	0.318592584234754
APPL2	-0.146408240871817	5.33446268064366	1.53036627688733	0.218826140289326	0.512401360476675
ARAP1	0.0532100852035082	6.83752597890458	0.161711128696125	0.688406097559821	0.854761600672591
ARAP2	-0.231429332284656	5.59194217366924	1.20259862566532	0.275319888796651	0.570210268213218
ARAP3	0.175689071063943	4.03417556824193	0.933154307413548	0.336271590980895	0.622863489227484
ARF1	0.0522581578000782	8.87011287730581	0.44902687806378	0.504273348191996	0.746751946911966
ARF3	-0.0791575031398075	7.79614404992335	0.775749192176428	0.380462541096308	0.658003307939508
ARF4	-0.120750079888268	7.25021805212615	1.11953470485415	0.292454783847127	0.585269580673874
ARF5	0.22540334900836	7.37134867935831	2.39572757901956	0.124685881048659	0.401684608143415
ARF6	-0.149177640153492	7.92364595791266	1.67052472170714	0.199034661347101	0.492672784248199
ARFGAP1	0.184716139584874	6.51184029657511	1.6460746899692	0.202328054654748	0.496324409069959
ARFGAP2	-0.0138728090794134	6.69042344431806	0.0133970100466721	0.908076082580729	0.963530394306254
ARFGAP3	0.115108603606265	5.73473329912695	1.01003601336295	0.317212252759192	0.607132922758996
ARFGEF1	-0.143328967012371	6.30199950844704	1.62985522749844	0.204548620262403	0.499010805978013
ARFGEF2	-0.237378507065832	5.99331507117374	2.78426516952184	0.098183503320644	0.364330505568162
ARFIP1	-0.0809451405300011	4.99396301756038	0.603233044145938	0.439099033336051	0.701355531843841
ARFIP2	0.215607505686454	5.82822910978461	2.71452049123056	0.102438163675784	0.370030773094876
ARHGAP1	-0.317668796136943	7.41048844733077	5.8475219896968	0.01732641980312	0.186718062931061
ARHGAP24	0.101132574845421	3.12429825429416	0.149466797564822	0.699830373764202	0.860786545487544
ARHGAP5	-0.3253565831479	6.59288856582266	4.77196316921586	0.0311584771616459	0.231247418187573
ARHGDIA	0.0594739394521903	8.23723304931993	0.291975420706255	0.590105488276367	0.798820401038343
ARHGEF1	-0.0401504859236559	6.80790560025522	0.138197602641778	0.710831063829347	0.866764679786455
ARHGEF11	-0.236944918182445	5.69548977423644	3.71433162061132	0.0566584935261843	0.290065530207065
ARHGEF2	-0.047496236097959	5.66670317160798	0.129224184207753	0.719962109421494	0.872398134636225
ARHGEF6	-0.553244874048692	3.65100970366679	4.69751510558507	0.0324735512779493	0.234656441694874
ARHGEF7	-0.0269107091295881	5.49224123769017	0.0817764665296647	0.77546954759107	0.901032958578685
ASAP1	-0.134711449200622	5.79753517016495	1.03690333469248	0.310891025887407	0.601581704740535
ASAP2	0.0624824088947418	4.66545484016936	0.0728271421595852	0.787795487180471	0.90669207266664
ASAP3	-0.0300656052704912	4.68457893350608	0.0304024363426909	0.861917088650415	0.942861887125692
ATF4	0.218389053158964	8.16740727240976	3.3298769533565	0.0708845450518839	0.31965838292559
ATF6	-0.0298110134354242	5.85782677018806	0.10671223661881	0.744571118486246	0.885953744356749
ATF6B	-0.00950175602502264	6.80903050106536	0.00776884973505643	0.929932986769901	0.971803235270489
ATXN3	0.0268748492598475	4.50918932032865	0.0866025424012007	0.769124479714099	0.898135127721003
ATXN3L	0	NA	NA	1	1
B3GNTL1	0.200686018711355	1.66467459794469	1.81996276107956	0.180229334744139	0.471699965026354
B4GALNT1	0.153801418749	3.51699461870609	0.206501195408766	0.650464781756169	0.832054700742787
B4GALNT2	1.04029541163539	2.22668394915602	2.41007135118392	0.123575791503811	0.39977827794658
B4GALT1	-0.100086257681879	7.95569966305927	0.420682191488986	0.518017511563843	0.756471952519763
B4GALT3	0.121210739565449	5.40477493438843	1.572685378499	0.212611356465113	0.507034485307933
BAG1	-0.046892596956754	6.36113048595779	0.0728910820234574	0.787704614016422	0.90668982466331
BAG2	0.28909010888006	3.34064445781059	1.12977503616033	0.290269813411538	0.582975398834725
BAK1	0.0213262462688573	6.17845061777668	0.0121040231996687	0.912605566628032	0.965145161552201
BAX	0.30814596707219	5.87804467670768	4.80312265073765	0.0306249263498897	0.23055262830288
BCAP31	0.218620895141882	8.39345740668821	2.27523299034092	0.134468367420612	0.415750050605847
BCL2	-0.103457537180099	3.46377432355203	0.102665242301898	0.749293253737655	0.887879607455411
BET1	0.267170911465753	4.13902201420377	2.17908074539784	0.142900574217987	0.4275632923111
BET1L	0.0758637906649731	5.81909276516052	0.685998118097972	0.409413748707841	0.679379844723544
BNIP1	0.217928666764613	3.08851557484979	2.51492027004118	0.115790369217633	0.388924471085991
CALR	0.0329330177856088	10.1479814552114	0.0768549944088268	0.782152402021035	0.904145120123726
CANX	-0.0364308569376542	9.13845233116739	0.09567723244184	0.757695108887044	0.892166210059489
CAPN1	-0.0104144296439903	9.15041977119081	0.00570505535894275	0.93993577979948	0.976197400231262
CAPN2	-0.00709662876781524	8.35721992030733	0.00368924269454413	0.951682803081743	0.979649163392834
CKAP4	-0.179917134884034	8.22488688967611	2.034150138602	0.156776383737791	0.445712745392612
CLTA	0.31651626868261	7.16093055878091	3.47509866379272	0.0651016358341037	0.307466585616669
CLTB	-0.0236485766358518	8.0864423484206	0.0111936209896017	0.915943633235696	0.966341475866898
CLTC	-0.0951925955586231	8.82354144794243	0.664899698541776	0.416687359322662	0.68540643791405
COG4	0.0579518213727687	6.16782064039978	0.291531293028239	0.590387978083841	0.79890038204887
COG6	-0.0543249991816746	4.18617391774048	0.169876409761581	0.681064684169345	0.850379647552227
COPA	-0.14540834510043	7.84414787499706	1.96455453951256	0.163985826370684	0.452797746390048
COPB1	0.0171507581708467	7.04900647759527	0.0208645986427415	0.885426224735052	0.953604310707523
COPB2	0.0303695190389212	7.61807705931002	0.0812990297803907	0.776108166394428	0.901140582182956
COPE	0.148115773959076	7.04067765288256	1.41123010372552	0.237541312329557	0.531524996787629
COPZ1	0.136294487981689	7.207884298394	2.32606214848247	0.130239737837024	0.410341235687398
COPZ2	0.381602246126475	4.97704618299029	2.58904706694961	0.110617577094484	0.381148343365866
CRYAA	0	NA	NA	1	1
CRYAB	-0.445662218533238	6.72556696407876	1.42068727387838	0.235986128269375	0.529912963699394
CTBP1	0.156657968987308	6.70760312613336	2.63049968321058	0.107837626161748	0.378189621923254
CTSA	0.0151580382793818	7.42296159440974	0.0134638213029027	0.907848188085655	0.963484519929474
CUL1	-0.123109933297561	6.2309113708362	1.3845341216002	0.241999701292964	0.536630925980476
CYTH1	0.0348010278962769	6.35630610303939	0.110648489002402	0.740072424639888	0.88359658857343
CYTH2	0.00269366423268483	5.91956891276962	0.000907231946421496	0.976028483324552	0.989740259241671
CYTH3	0.022057707695722	5.13586206298209	0.0228202742076187	0.880216178669739	0.95152411098692
CYTH4	-0.41446665161067	3.91858246606209	2.60559687150271	0.109498227714812	0.37957002881714
DAD1	0.136052546164555	6.71853208985656	1.25347722770026	0.265452316992324	0.560529958998848
DDIT3	0.950269109789609	4.12622294523895	16.3208909456565	0.000102211655474855	0.0315847732395707
DDOST	0.064430524573289	7.89024555191507	0.47139182269352	0.493865999005999	0.740314673257949
DERL1	0.0117907009598313	6.6733173748677	0.0143382625680475	0.904916710192078	0.96180179986532
DERL2	0.153176558489095	5.27499559624058	1.74452853401463	0.189446937560625	0.482179536453235
DERL3	-0.333817657455741	4.16604797704633	0.790199355923714	0.37607851347688	0.654803260988391
DNAJA1	-0.167322415309928	7.61425965837286	1.04848573150729	0.308217124001716	0.59955635653498
DNAJA2	-0.00788582112931456	6.34160795818466	0.00626363224482216	0.937069924322747	0.975203584239649
DNAJB1	-0.117210141224615	8.49538457450168	0.478092861979356	0.490818448505419	0.738073923623904
DNAJB11	0.34681553209114	6.79350394163217	5.95858517712696	0.0163239331623279	0.182096465213277
DNAJB12	0.0140700661613891	5.68275854789608	0.0251918001554864	0.874195950231757	0.949100250116831
DNAJB2	0.0234448837584713	6.93938814400784	0.0183991850484129	0.89236360055906	0.955966345428507
DNAJB9	-0.162704667366057	4.74646358671409	1.40360746221281	0.238803972207669	0.532700647647836
DNAJC1	-0.0665822026111726	4.73322470601132	0.26563257745275	0.60736363850726	0.808963574884336
DNAJC10	0.0496521709895806	6.33449259657422	0.125175916992141	0.724198978433194	0.874308125489092
DNAJC3	-0.0358792838296496	6.18753282244336	0.0760398811642203	0.783281308322343	0.904476817790442
DNAJC5	-0.150842188910533	7.53775589123459	1.41562108600844	0.236817680342188	0.530991462354673
DNAJC5B	-0.230873200010339	-1.74016495183153	0.301264810834307	0.584259711969024	0.795423628173057
DNAJC5G	0	NA	NA	1	1
DNAJC6	0.408619930260987	1.33740796041037	1.33099120704825	0.251256880198939	0.546573369171181
DNMBP	0.0525668222026142	5.14163742150693	0.151762385376291	0.69764843675353	0.85938367544975
DOCK5	0.229279199599453	4.76295377478817	1.54538550754641	0.216595754627252	0.509598035168434
DOLK	0.0787097205655918	4.58459017926779	0.497903700561592	0.481990363812268	0.731847985492121
DOLPP1	0.0589280904471661	4.88635960670026	0.254669860629693	0.614866840588671	0.812452618359779
DPAGT1	0.0316519104783778	5.18708669953638	0.0641325153799037	0.800576475059566	0.912813647478953
DPM1	0.213088546267964	5.31982390274673	2.86143512022626	0.0937022457644036	0.357361055958179
DPM2	0.363426688063635	5.8006911867794	6.33359278568798	0.0133647543263609	0.16798721079461
DPM3	0.720207567547131	4.00740025930163	6.87737103255389	0.0100317050335961	0.152825574096581
DPP6	0.615806827837841	-2.05527535605561	1.56909897359822	0.213129730976602	0.507345176052162
EDEM1	-0.040657662261144	5.95664256203972	0.0857655556702679	0.770210888950101	0.898601316709892
EDEM2	0.501990675308844	5.20471624356423	5.89793486619798	0.0168636096843346	0.18488789442365
EDEM3	-0.151082834774243	5.4462309937537	1.31672036426631	0.253797897355113	0.548390972232079
EEA1	-0.432595009067681	5.41234733457882	6.89035802209057	0.00996363942564203	0.152590897584993
EIF2AK1	0.159197271678426	7.22733126633425	3.04140368419171	0.0841019481480192	0.341000237384391
EIF2AK2	-0.274907654297987	6.8111996862342	3.36524749195984	0.0694264258381279	0.316455992970128
EIF2AK3	-0.1051047254643	4.31455220542427	0.554582336330263	0.45812039288655	0.714496770680503
EIF2AK4	-0.0342247669227374	5.83804173482635	0.0954970968286575	0.757916075789169	0.892184524174708
EIF2S1	-0.0397516355623841	6.91687467857284	0.124244238837013	0.725184952906359	0.874871669709953
ERLEC1	0.0315914392713701	5.51178993789043	0.110889548644892	0.739799829639733	0.88359658857343
ERN1	-0.141460605804133	4.38168068467828	1.19025613822573	0.277783317510941	0.57264785362363
ERO1A	0.0396139474125956	7.85336940759635	0.0441715032231257	0.833943483534682	0.930236099959456
ERO1B	0.133616837226498	2.79225850174396	0.287663590341827	0.592859889104779	0.800554482807019
ERP27	-0.283007330052972	1.18315156269171	0.785898432603955	0.377375835800718	0.655602100074461
ERP29	0.320703876026078	6.99492182786217	7.42766768731314	0.00753023106297118	0.141500036593542
ERP44	0.116429553203554	6.59355024000548	1.15116204372936	0.285773795654457	0.579459765326227
EVI5	-0.0600368903300492	4.10780289849887	0.248448932600469	0.619215307964549	0.814648966038686
EVI5L	-0.147185507840556	4.71984602128752	1.03448679160678	0.311452746309173	0.60192128668795
EXOC1	-0.150929018978878	5.37504687264345	2.69630350883025	0.103582847768721	0.371651100623023
EXOC2	-0.100053117801402	5.30352073474219	0.837530851649888	0.362207735496941	0.644392291927542
EXOC3	0.274411286486005	6.44421534608766	4.08979371878568	0.0456938639546395	0.266785140958505
EXOC5	-0.130847722623863	6.09719267592833	1.14239056220111	0.287606855516011	0.580680595836221
EXOC6	0.285644038276021	3.3507892252908	2.84165987640215	0.0948286655475428	0.35895192331403
EXOC6B	-0.184074929346457	6.32208915612753	1.40421583929973	0.238702895022714	0.532668675570187
EXOC7	-0.0869534609883333	5.88569538332891	0.651637762298862	0.421358592943028	0.688314084288455
FAM71B	0	NA	NA	1	1
FBXO2	0.319817691455271	5.07056846362793	0.762672347356149	0.384492942752147	0.660401764076503
FBXO6	-0.079130181873569	4.63927557782271	0.190998740734627	0.662987115572332	0.839824444118042
FBXO8	-0.153520358118364	3.96295317959799	2.17097792087428	0.143638223454733	0.428313635535367
FUT8	-0.228727874808834	4.25133926999581	1.47872184302409	0.226710326322748	0.521196410327383
GALNT1	0.13660292081466	7.03961169651498	0.795115760298556	0.374603265502566	0.653660769658944
GALNT10	-0.487214594365893	5.74087140176113	8.28272819208192	0.00485266189851089	0.123583836665332
GALNT11	0.156493926187427	5.1184261186404	0.706356104982575	0.402572199115281	0.674745419087553
GALNT12	0.311382148624838	2.92650907736782	0.876041931802862	0.351442831343591	0.63504778417619
GALNT13	0.827515877414136	1.10690332281031	2.51632290640775	0.115690014247975	0.388761933548091
GALNT14	0.201268411354275	4.56593272683007	0.445101785429251	0.506138616522604	0.747965435368069
GALNT15	0.0690336005239082	2.90832712307245	0.0314666332436667	0.859546213380826	0.941372240023429
GALNT16	0.428894163246587	1.16358076119723	0.699797344374933	0.404757848227069	0.676165169937212
GALNT18	0.207550663140006	5.56756594748727	1.09071803129548	0.298718504954647	0.590882662700001
GALNT2	-0.194165672142742	7.44080065049352	1.40536811221128	0.238511597605131	0.532548386552683
GALNT3	-0.116407430079554	5.9099981141393	0.363955832030186	0.54762269221828	0.774381543460589
GALNT5	-0.144245601299975	3.73993422002239	0.118840063066881	0.730987765499496	0.878216781261951
GALNT6	-0.323175590458646	6.67006651366487	1.19258230571793	0.277316903596874	0.572440332450506
GALNT7	-0.224901438044268	5.14810093782849	1.54287337731643	0.216966895388104	0.509995804935052
GALNT8	1.82035787538938	0.12165134768929	7.27214278715767	0.00816332121799116	0.143685168214289
GALNT9	0	NA	NA	1	1
GALNTL5	0	NA	NA	1	1
GALNTL6	0.0177177818233979	-1.99358429891352	0.00180049539556581	0.966234973810461	0.985283487009869
GANAB	-0.0658820704808318	8.8857331560644	0.360011146923084	0.549797018962543	0.775706035235638
GBF1	-0.249967370641755	6.77721853883132	5.34189677317972	0.0227786843821352	0.206803614439546
GBGT1	0.127352152625628	2.03005868377791	0.232332973118783	0.630805836787431	0.820674874733878
GGA1	0.0942707001033646	5.65572302935303	1.2293778832772	0.270069555050652	0.565548606818879
GGA2	0.169009294371857	6.12654577768837	1.56154236393945	0.214226933773905	0.508308858411869
GGA3	-0.0448776734998774	5.16694216904314	0.336215721139402	0.563267996117831	0.783512936615888
GIT1	0.268971597247194	6.67086377184993	5.01050386277677	0.0273113209892546	0.221738581313248
GIT2	-0.215632396559372	4.49415703625906	3.23268872469668	0.0750653525658113	0.327632102819762
GLT1D1	-0.560319759366331	0.102486845760841	3.34832270440648	0.0701200273964423	0.317739241355452
GLT6D1	0	NA	NA	1	1
GLT8D1	0.00027747542260104	4.77623967883344	7.64201748451233e-06	0.997799577428081	0.998943400140265
GLT8D2	-0.434347530492552	3.25304815871453	2.81664162423457	0.0962752039960534	0.361259317408066
GMCL1	-0.0158337948720163	4.48229997485373	0.0167717893823448	0.897205898408709	0.958401361956451
GOLGA4	-0.2979855816361	6.44556182516292	3.41291983641742	0.0675124750996699	0.312558307911392
GOSR1	-0.0576069535993503	5.41662711452956	0.574241222889828	0.450281424562852	0.709586514041542
GOSR2	0.128811984973136	4.32019156034924	1.65178699383349	0.201552844853559	0.495760385094343
GPAA1	0.186429830419105	6.97273530793154	2.10408775364389	0.149896539428948	0.436530168048232
GPLD1	0.875733396976773	-0.0343658470479855	4.38324439878001	0.0387101357227519	0.251991708758303
GXYLT1	-0.217972536248626	3.62003389758699	4.07560453342618	0.0460639958581942	0.267521464108231
GXYLT2	-0.59502666869062	2.68541720822085	3.85442023262971	0.0522685673540531	0.280582127288318
HAS1	0.792603203901012	0.354526189640053	3.55138581762969	0.062270365406937	0.301182140821642
HAS2	-0.222875370631579	3.98853858031572	0.281901987077819	0.596582263001933	0.802273208083327
HAS3	0.259111804057874	8.11772164001371	0.654439782042756	0.420365113231833	0.687234187212814
HERPUD1	-0.265454919416132	6.30083035886965	3.09949023270448	0.0812380854959089	0.336885265249366
HSP90AA1	0.19871124724599	10.2784945994208	2.35929727880191	0.127556112235457	0.406347856887624
HSP90AB1	0.188728926558528	10.4988264434149	2.60704432560987	0.109400930808356	0.37957002881714
HSP90B1	0.303727524212056	9.83273588139176	5.56084539007287	0.0202242960903729	0.19873278197485
HSPA1B	-0.216509225856113	7.12484380163407	0.857305510539771	0.356624044104361	0.639659223114428
HSPA1L	-0.0488097863861989	0.625558877775957	0.132320876583664	0.71677152359944	0.870593637021334
HSPA2	-0.442714187393217	6.86980545885461	2.83584488224782	0.0951627310960536	0.359471942474549
HSPA4L	-0.302626379965138	5.85343447197262	1.87075538475908	0.174318496494249	0.464832847547285
HSPA5	0.0888823075947169	9.71776630176597	0.459093419998718	0.499543135076993	0.74354474548817
HSPA6	-0.389741095556383	3.71826990629776	1.61737709291443	0.206276777078073	0.500531172969141
HSPA8	-0.176456744899598	10.4072691874648	1.35998687161474	0.246190469149909	0.541437341746664
HSPBP1	0.232923473841253	5.80543273613837	2.32623355470096	0.13022573480504	0.410341235687398
HSPH1	-0.150479691469646	7.78988648548561	0.871750975617995	0.35262020776254	0.636091891443498
HYOU1	0.0933724933736905	7.60915518068672	0.327436604693901	0.56839958146452	0.786253718000306
IFT27	0.570985734594169	3.82163666779737	7.26164430915604	0.00820800354793069	0.143764019693388
INPP5B	0.0204336744629469	3.91294706784964	0.0388775320228636	0.844073913021109	0.934317728309961
INPP5E	0.0731021499406662	3.90353230312056	0.359278653591713	0.550202557822784	0.776046685725126
IQSEC1	-0.200339158309854	5.22339367209504	1.75637887131486	0.187962828946769	0.480993419665326
IQSEC2	-0.0947905591912821	3.99942180934274	0.446769348895335	0.505344712578821	0.747540901746078
IQSEC3	-0.382513209205918	0.0102618557682535	1.35958093110611	0.246260521922931	0.541480401555484
JUN	-0.302517666327342	8.34675609551648	2.2498565102236	0.136637560439071	0.418514703323443
KDELR1	0.0934133339456822	7.51146934872241	0.753111152762167	0.387478579434451	0.662871982167564
KDELR2	0.214307442962239	7.98564278618472	2.84557803016042	0.0946043015839716	0.35839675356151
KDELR3	-0.169057607602515	4.3691081144321	0.453253322481351	0.502278056542067	0.745031315670002
KIF20A	-0.205208649844559	5.24836387531667	1.45296827103432	0.230770656649426	0.524705586571914
KIF23	-0.0126480481784692	5.24129753388121	0.00685273974655727	0.934183582560235	0.973774089432267
LARGE1	-0.293191733635168	3.72813516967887	1.53262289013525	0.218489266309197	0.511835975317189
LARGE2	-0.181991578174751	5.89229728135915	0.500872734780373	0.480690036143106	0.730793269714907
LMAN1	-0.0101367366254086	7.00891782446779	0.0053921173402583	0.941603283471467	0.976558393762751
LMAN1L	0	NA	NA	1	1
LMAN2	0.108813830774906	7.30272306772325	0.69339180267081	0.40690932850506	0.677709789923924
MAN1A1	-0.41068480490673	5.70221765325199	2.97258751285399	0.0876389193631835	0.347639240868269
MAN1A2	-0.196782322703164	5.59722400731389	1.95001981844572	0.165539418948368	0.455010731867304
MAN1B1	0.385402161290264	6.72488929369779	5.48676607349696	0.0210530390410016	0.201110876288887
MAN1C1	-0.562494749369817	2.45975719494884	4.59985281692809	0.0342886075293896	0.240302068449654
MAN2A2	-0.108201971342279	4.37719942296401	0.295532136956256	0.587853192349833	0.797685734425162
MAP2K7	-0.0612283712872526	5.3727572715658	0.561406558873698	0.455374939291013	0.712708782363993
MAP3K5	-0.183644391323109	5.36153488783708	1.27454806228324	0.261496391120638	0.556613746813929
MARCH6	0.105117026594559	6.81593458542778	0.793258341038624	0.375159650255584	0.653989518866114
MCF2L	0.481716253814523	3.77819260671893	2.32231015879022	0.130546683286791	0.410669026985656
MGAT1	-0.00500514501218375	7.43455979345805	0.00160756606010513	0.968094203388172	0.986204027532837
MGAT2	-0.345398454267757	2.11301603857954	2.48600318003008	0.117881181535638	0.392376455325573
MGAT3	0.875513020123345	2.95091363186525	2.85410070310256	0.0941182907523005	0.357889196156021
MGAT4B	0.11076647192938	6.56497879783121	1.39064359786691	0.240970368876697	0.535305907658121
MGAT4C	0.218353288069505	-1.44450111306288	0.155667219941934	0.693980226622189	0.857734412227079
MGAT5	0.0768685005358565	6.02271464509172	0.211330625493079	0.646680026437608	0.829806613995536
MICAL1	-0.370867417789434	5.15713915107558	5.52365004436212	0.0206360352261017	0.200309821681674
MICALCL	-0.383968709998467	3.05031146695893	1.45480157179147	0.230478704789889	0.524183918801342
MICALL2	0.408080467900808	5.12424919414529	6.2785466566012	0.0137613578414936	0.170278946855298
MOGS	0.156485385986868	6.26800265269329	2.82207013563188	0.0959592730620605	0.360894331782572
MON1A	-0.213723567608946	3.39875362045234	4.13799064516078	0.0444601894856167	0.264368208471889
MYO5B	-0.222209162105299	5.69403767780506	0.705714398846677	0.402785276258773	0.674745419087553
NAPA	-0.333616875785882	6.41322065091591	5.74642221657713	0.0182951623972127	0.189908565261052
NAPB	0.195159595726773	3.39355904359494	1.93281701992024	0.167400278143482	0.457225709070379
NAPG	0.314205659389298	5.12143340510845	5.42488007934852	0.0217727441417756	0.203540858727866
NCKIPSD	0.184053627357449	4.30406355951621	2.8774785661846	0.0927992335595326	0.35561713792701
NDE1	0.237953867214591	6.0938542237482	2.7144279772961	0.102443941316303	0.370030773094876
NET1	0.121164260802763	7.39755255734005	0.650875344927373	0.421629525964679	0.688387149609749
NGLY1	-0.000236731114021713	4.15519161721772	6.66593477211079e-06	0.997944901326389	0.998996563749502
NPLOC4	0.0686109142446823	7.54319742323672	0.365865237899849	0.546575995524454	0.773775043545308
NSF	-0.0174499266742814	5.11513101292031	0.0269150478302294	0.870001861484143	0.947551265990039
NSFL1C	0.109237549880538	7.01785285023051	0.738289499113577	0.392173214372888	0.666545349143273
OCRL	-0.0373872539268277	5.10510717788907	0.0872770437571503	0.768253123326161	0.897752792009483
OPTN	-0.00923092210520845	7.11234884395465	0.0028530738142756	0.957503741392126	0.982296489956227
OS9	0.0237896629508657	8.08521350526447	0.0391658525389795	0.843504348309056	0.934131925147308
OSGIN2	0.160636811962593	4.40191584271414	1.56067459428686	0.214353366183834	0.508308858411869
P4HB	0.0110334055329795	10.1052078978035	0.0085992066984902	0.926293832364229	0.970802860480817
PAK1	0.459876569313838	6.63811475518185	8.12140105618161	0.00526920844596245	0.126127145084396
PARK2	-0.0728052627892839	-0.171820048914442	0.061022843092746	0.805370476977377	0.915449722082358
PDIA2	3.07726885405795	2.26163887455256	10.1488494684753	0.0019032127565915	0.0951776317875642
PDIA3	0.12025651186095	9.04197202046739	0.92066741758386	0.339511313717789	0.624980870804547
PDIA4	0.0458580170414475	8.09519618939669	0.0997687348440178	0.752736390048587	0.889993496714745
PDIA5	0.0827052315312006	4.70105968642054	0.244501691077531	0.622009874439021	0.816459309064213
PDIA6	0.0998827233218999	7.91867982637806	0.517711600038727	0.473423191845615	0.725814076758808
PDILT	0	NA	NA	1	1
PGAP1	0.126417639319092	4.46324599187866	0.386250489189528	0.535628347630127	0.766009586532827
PICK1	0.196081383743647	4.56717650062585	2.31874499919341	0.130839102053644	0.410932996344758
PIGA	-0.0392239868765857	4.0513376861351	0.0909192209302711	0.763610114172551	0.895268040399944
PIGB	-0.0887252619259693	2.8355526503425	0.648849944930462	0.422350548926542	0.688613832168711
PIGC	0.0804084711582839	4.69161888872514	0.512594147528636	0.475612487703478	0.727294193003668
PIGF	0.189233424367589	3.33098182865265	2.31764951008704	0.130929104053467	0.410973802773631
PIGG	0.0897984443186849	5.22871081111188	0.630689893087635	0.428899476564802	0.693426808015552
PIGH	0.105828592432021	3.57405136534904	0.794828549129681	0.374689222473068	0.653660769658944
PIGK	-0.130406760614401	4.52080650021314	1.29075060838113	0.25850460056511	0.552854228422156
PIGL	0.108773525327757	2.75114469096309	0.487071886930445	0.486784102731573	0.735488600950436
PIGM	-0.137254225011103	3.61094707300368	1.67571049593876	0.198344357938986	0.492042611161854
PIGN	-0.0201887193563388	4.8229205472546	0.0163870248824779	0.898385285159707	0.958801963708052
PIGO	0.00735543901874398	5.45196758530703	0.00173423365033278	0.966861737898304	0.985463182193055
PIGP	0.245824882802191	3.16266024246234	3.7493058104824	0.0555265611667335	0.28902908694649
PIGQ	0.473796645289343	5.23929722485799	9.43883355218502	0.00270807259140301	0.103021995604864
PIGS	0.123691606553933	6.15904759054295	1.32668819285602	0.252019718236269	0.54719035362046
PIGT	0.160799623577015	7.03662579405142	1.77260051348895	0.185953407362489	0.478558919671706
PIGU	0.593653982056961	5.23267454427788	9.97938746949513	0.00206961416929761	0.0964584207194644
PIGV	0.0705766273182159	3.97141962895694	0.407416813989357	0.52467783027163	0.759821745451647
PIGX	0.266104403359612	5.32134560484225	2.50520949111334	0.116487828037148	0.390403442418784
PIGZ	0.393773601644966	2.51451367254634	2.72726039420931	0.101645977243628	0.369396356324406
PIK3C3	0.0238623276029254	4.8072425512974	0.0406096791174353	0.840684384896541	0.932772845801083
PIK3CA	-0.0548449612412306	5.10335376360806	0.202562271356352	0.653591448341796	0.833882113120579
PLAA	-0.0936045288938387	5.30568914134827	0.585836635291044	0.445756283331594	0.706075255127611
PLIN3	-0.301523165277287	7.4922596945349	3.12955293227016	0.0797979506027995	0.334795625368335
POMT1	0.280818977824507	4.20456066838812	2.89441229513073	0.0918565049484007	0.353733515701423
POMT2	0.130716020411473	4.39626636478706	1.36362666869838	0.245563451461696	0.540600531990016
PPIA	0.287122931048688	8.91173714539239	3.662108241662	0.0583952222966243	0.293485260773949
PRKCSH	0.116693852009276	8.23286668869652	1.17179000476314	0.28152158603823	0.576426166172939
PSD	0.478288231073963	1.75791381890357	3.50524627324295	0.0639664478904571	0.304113473507123
PSD2	0	NA	NA	1	1
PSD3	-0.11593053511994	4.63451129528826	0.238655183595465	0.626201197695922	0.818655428818164
PSD4	-0.153161144039454	6.24257602299963	1.80078448585484	0.182521905360074	0.474030956321952
QSOX2	0.208617637065295	4.74375553399651	2.57923382544532	0.11128732017697	0.381983801266529
RAB10	-0.245707236725406	8.34082759485411	2.86138092916201	0.0937053123047721	0.357361055958179
RAB11A	-0.129627823805293	7.56553130065334	0.987785422117831	0.322576632368903	0.611900293882697
RAB11B	0.0968898667061065	6.51167679136298	0.96618572302096	0.327900240062804	0.616439809934945
RAB11FIP1	0.0868522586698538	5.78517122278984	0.0680514563275629	0.794707900406169	0.909788320943057
RAB11FIP2	-0.158938119732718	3.46678797539978	1.79698379753766	0.182980289069537	0.474558815698777
RAB11FIP3	0.0871931801396046	5.14426701559004	0.571814099028127	0.451237736266268	0.710274878536354
RAB11FIP4	-0.0781240716120628	4.31419782996951	0.364526721525503	0.547309349907221	0.774200251292809
RAB11FIP5	-0.202855588938952	5.82391812588885	1.90717132546674	0.170219665740421	0.460500964333182
RAB12	0.273895168391211	5.55407494453361	4.7219603510642	0.0320353720839818	0.233554516967011
RAB13	0.1454711893511	6.35493102938901	1.28901870225368	0.258822345590884	0.553161159774099
RAB14	-0.0723791019500427	7.11302948756396	0.605644869497814	0.438188245142997	0.700551116760445
RAB15	0.169357400221906	3.88550252077223	0.542099669946298	0.46321100872796	0.718214727797883
RAB17	0.1347890001199	1.33279949503502	0.128818118650298	0.720383681282094	0.872398134636225
RAB18	-0.0600185968308474	6.71627547427144	0.178081575789569	0.67389273392431	0.845285131146484
RAB19	-0.369877744010978	-2.02023009011787	1.0652452985168	0.304401141104458	0.595840503964999
RAB1A	-0.0720017781102883	7.44247028147115	0.569337895484566	0.452216683924195	0.710552963673367
RAB1B	0.0313158110771079	7.92261049479883	0.0757962704278662	0.78361996506593	0.904673121896939
RAB20	0.611634516778124	3.27077787534667	9.93143908390359	0.00211936937418671	0.0969577596856076
RAB21	-0.32655113077807	6.39007706062882	6.44391895450168	0.012605402842156	0.163618586437567
RAB22A	-0.0488817176007136	6.48811189795015	0.132482282439011	0.716606388894535	0.87054165327376
RAB23	-0.348920927306185	3.33116244169943	2.39819839924533	0.124493862561785	0.401494110194748
RAB24	-0.181725946824293	3.2968477516579	0.829767939312628	0.364432978076471	0.645827241572039
RAB25	-0.0671767362392073	7.10597245296883	0.0716480825810187	0.789478935846455	0.907519678144937
RAB26	1.01054748565954	0.810309842854756	8.5718110553651	0.00418943965321008	0.116774385858102
RAB27A	-0.316019981786539	4.61912847424058	5.0611727137984	0.0265607952856109	0.219115450468288
RAB27B	0.0256751770963028	5.33503725555668	0.0115265839561833	0.914707404178385	0.965659694856639
RAB28	0.420823450069566	3.542911053474	8.49151475634643	0.00436365494581032	0.118768896355149
RAB29	-0.121198592597449	4.48973498155814	0.726513213387614	0.39596211224462	0.669907197628179
RAB2A	0.00429591242172168	7.12264170472278	0.00207703491924546	0.963736244327055	0.984455992672252
RAB2B	-0.0711204405646099	4.1634907346197	0.404896467364499	0.525960517107688	0.760650971210148
RAB30	-0.182959808654164	4.15455873230903	0.94401840702817	0.333486809965912	0.621039396923982
RAB31	-0.0835488175800667	7.50842683144432	0.209648763918018	0.647992077738749	0.830594301927391
RAB32	0.197529732986371	4.83979905339699	0.802896182326977	0.372285291775031	0.651777130677323
RAB33A	-0.0317485038816621	-0.0318894507944871	0.0200168363735182	0.887762057302805	0.954291655312253
RAB33B	-0.134700516907917	3.07608026574474	1.10181291248846	0.296286498392048	0.588070599676189
RAB34	0.585782527815997	6.26169478734411	11.0475400132657	0.00122460664028425	0.0813472448109564
RAB35	-0.0439063272999885	6.15550950390848	0.275991534788407	0.600451899252316	0.804753323153082
RAB36	0.673793213507537	2.90936430925916	7.23958715187109	0.00830271119732087	0.14459656773516
RAB37	-0.329325074986329	0.945346901096287	1.25969172552882	0.264277816609306	0.559426285829645
RAB38	0.148754767404969	6.27663209150303	0.325879607724488	0.569319215249945	0.786741574336811
RAB39A	-0.567028285564284	-1.29812502045851	2.44622818238475	0.120826530156357	0.396520959167146
RAB39B	0.144378764468315	-0.200009476588258	0.127916336635249	0.721322591723549	0.872734226287481
RAB3A	0.196084115450191	0.877959180107812	1.27455447322724	0.261495198797829	0.556613746813929
RAB3B	1.32094116296487	3.37191005520915	4.71418748093706	0.0321740165068625	0.234117006689883
RAB3C	-0.356337432421329	-0.852083760455354	0.727846935029184	0.395530340469403	0.669551550472573
RAB3D	-0.292968783705945	6.18775249563429	2.42141873244795	0.122705471330068	0.397999787280111
RAB3IL1	0.0294725562897466	3.03014496362816	0.0163049897003144	0.898638555399897	0.958907305130601
RAB3IP	-0.716494470873994	4.63769279179865	8.58715284047753	0.00415698104295092	0.116307591401181
RAB40A	0.354989406629063	-1.26710764251534	1.23456490807427	0.269067265764263	0.564516475204139
RAB40B	0.10706299670213	3.92757223255267	0.343542757132278	0.559053377109144	0.781232855233412
RAB40C	0.218042440750241	5.32704062746735	2.48491905252827	0.117960386219403	0.392518307494343
RAB41	0.107534009336114	-1.47005513763327	0.341426973025176	0.560264160014415	0.781904253092787
RAB42	0.669243967525406	1.75449287800745	2.84579264862374	0.0945920288924123	0.35839675356151
RAB43	-0.140976012118701	1.21229071457382	0.566241880231695	0.453445386694431	0.711257495888657
RAB44	-0.304840406757755	-0.805925600271909	1.08343868803894	0.300328235838135	0.592101684107601
RAB4A	0.102552023566146	5.12215200249713	0.897714011726665	0.345578043939613	0.63023565752387
RAB4B	0.277593254846979	3.44884874232456	3.16390428853311	0.0781864442722665	0.332302556245962
RAB5A	-0.16233330976283	5.65008409834523	1.50366148110798	0.222860764420077	0.51705239634485
RAB5B	-0.0944701480547224	7.44248912579067	0.804480070151877	0.371815894874097	0.651503743697234
RAB5C	0.108226605775129	6.62688850209167	1.94973237757732	0.165570314428565	0.455037359597706
RAB6A	0.160123417205478	7.32939575944866	1.14561887410441	0.286930454690895	0.580227305196556
RAB6B	1.58558427724404	3.25383061739584	11.760757498506	0.000866555441887223	0.075274548830495
RAB6C	0	NA	NA	1	1
RAB7A	0.170520761023771	8.58802299600464	2.22024005167384	0.139219575687674	0.422279401120862
RAB8A	-0.175068849624071	5.47246370591647	3.04019708657634	0.0841625981996815	0.341095635699295
RAB8B	-0.190688979261138	4.6819827777773	1.35361420987459	0.24729304161255	0.542959161729151
RAB9A	-0.0180292214620787	4.79894727239077	0.0210159527837717	0.885014329889638	0.953411930140949
RAB9B	-0.370857379125284	-1.01816699563012	1.30266840337901	0.256331252699207	0.550620553335627
RABEP1	-0.0698331942313661	5.6548571016919	0.484862244853831	0.487771753486012	0.736083186298768
RABGAP1	0.0234021808993351	6.06270209480759	0.0465986905704505	0.829511357663201	0.927521619168185
RABGAP1L	-0.0472855169009984	4.99779298775921	0.221022318750604	0.639240282553747	0.82553047294667
RABGEF1	-0.053338243788606	2.71871508260537	0.14120341094842	0.707848176659797	0.865636390904109
RAD23A	0.0516541383514653	6.7703304784564	0.208279185916819	0.649065227966292	0.831422331672986
RAD23B	0.158685230677033	7.9853442833856	1.43803122235934	0.23316626177156	0.527222606446473
RALBP1	0.0266953761718345	7.00676914930425	0.0317099639845449	0.859009943364885	0.941067623687511
RASEF	-0.178315150965047	3.34561440241657	0.269321309638491	0.604883090486047	0.807514409499043
RBSN	-0.235633297550204	4.58064628240874	5.29053171637492	0.0234257658340719	0.209601014068327
RBX1	0.231942570965834	6.0219679238314	2.29796635430873	0.13255820023741	0.413276481298151
REPIN1	0.0842970572176381	5.54692952630513	0.157921311853271	0.691886908426535	0.856614282008064
RER1	0.0889933954428851	6.61897216309357	0.65506121964733	0.420145254554925	0.687198349378816
RFT1	0.0789008774328081	4.37429921142393	0.693823616535922	0.406763762561596	0.67760273986969
RFWD2	0.162488586019844	5.36246210896976	3.92572688650862	0.0501757128677514	0.276114412744415
RNF185	-0.153369190479607	5.30131031362241	2.23130250332791	0.138248701238371	0.420925803004185
RNF5	0.213043534243811	4.88945826510639	2.87055614567146	0.0931876826474186	0.356596204544857
ROCK1	-0.169648877509542	5.66656786648892	1.17390580649875	0.281090024542628	0.576000974462925
RPN1	0.369478782523923	8.63036170279193	10.0191891411963	0.00202922859916191	0.0961128671603044
RPN2	0.191027578069638	8.59368113020734	1.95103363539675	0.165430502486272	0.454886179846913
RRBP1	-0.0680362694725344	8.28989331351647	0.243804679657961	0.622506261011051	0.81672631919673
RUFY1	-0.158767772797127	5.33685762857559	2.82060689718321	0.0960443183715032	0.361087593302781
SAR1A	0.0474225624261189	6.78949522195778	0.268451142762315	0.605466294985608	0.807964399730902
SAR1B	-0.180377252064559	5.52332159142543	3.5455040163588	0.0624838485571686	0.301699050897076
SEC11A	0.161073268845912	6.47777736813982	2.78786701343818	0.0979691536147353	0.364156481204316
SEC11C	0.207761923279173	4.74242254053868	1.91792066893993	0.169031265480958	0.458964165041691
SEC13	0.0429703956627827	6.5221502948216	0.16069237158248	0.689337092290499	0.855283447185853
SEC16A	-0.180546453174896	7.06257623423283	2.83504045659239	0.0952090467440942	0.359471942474549
SEC16B	-0.164158048484123	-1.58200429869874	0.26026446555908	0.611012805898514	0.810829127163452
SEC23A	-0.188081671889441	6.09933797196757	1.26024880243984	0.264172851786609	0.559292755403459
SEC23B	-0.0219520051598491	6.18385811564895	0.0423293393526427	0.837392947379121	0.931921517944861
SEC24A	-0.346150103054729	5.33134503021516	5.09764560344825	0.0260340453786486	0.21777389986758
SEC24B	-0.106544270117735	5.48942741281566	0.641247348083107	0.425073666604809	0.690407075818236
SEC24C	-0.384484053039187	5.86939687884902	3.32188132381857	0.0712187492116471	0.320686145453326
SEC24D	-0.291882807932266	5.66022439480746	2.63170782832186	0.10775777929733	0.378150983721136
SEC31A	-0.258660915483931	7.41292511076809	4.27218316038014	0.0412090659137972	0.257929322708994
SEC31B	-0.0232515866467316	1.46706688341943	0.00675738817286245	0.934642036072999	0.974141626638602
SEC61A1	0.113678834019804	8.79269286104458	1.22780773520326	0.270373883986848	0.565854667852303
SEC61A2	0.324823911067855	2.22999345594126	4.24188054065369	0.0419203635312056	0.259130890211912
SEC61B	0.234078050277489	6.31268728108813	3.21431949170339	0.075885333195452	0.32839768233998
SEC61G	1.36808543758519	7.04388541031959	12.7313570500115	0.000544180666876005	0.0604971004585055
SEC62	-0.00274301584166586	6.76592199191269	0.000593790238560712	0.980605625640616	0.991371356723605
SEC63	-0.0325914391692876	6.41294567944555	0.150440612558444	0.698902430357077	0.860138266934808
SEL1L	-0.24037919381129	6.70884950467337	2.61852410160755	0.108632670184737	0.379003906684041
SELENOS	0.0456823505519974	5.87998703511866	0.145938061482793	0.703222326255959	0.862723810542987
SGSM1	0.556221947427608	-0.79843528468367	2.4427834578879	0.121085473505215	0.396885108391062
SGSM3	0.144500754616973	5.81106003147078	1.55274514478436	0.215512839632644	0.509264639795887
SIL1	0.3598710991958	5.55749185120333	4.38051869479557	0.0387694940336584	0.252225064883619
SKP1	0.151700483415391	7.41818852228211	2.26237610079597	0.135562460445316	0.41716932488886
SMCHD1	0.0352179401497933	5.86743061016246	0.045211760985414	0.832028730464536	0.929081403992828
SNAP23	-0.144632769170874	5.17371529584238	2.11954939152825	0.148422685747752	0.434396009467162
SNAP25	1.25232945245657	0.296525378728921	6.94556556386463	0.00967961968227554	0.150458577106182
SNAP29	-0.0490619961684942	5.49728215320942	0.227563368025743	0.634331107751342	0.823214676580947
SNAP47	0.215618814868356	4.9215029644426	5.08497164721896	0.0262158240903024	0.218359052082142
SPCS1	0.0265867283293463	5.85535215765162	0.0869338308566642	0.768696044393992	0.897946675278772
SPCS2	0.242325966811601	5.15750462595382	3.82738741248681	0.0530863255994686	0.283042465540567
SPCS3	-0.132987845402034	6.7748081863778	1.50310393746521	0.222945954053189	0.517179448995677
SRP14	0.101055871212548	7.29835056238641	1.22720927723656	0.270489992194621	0.565859835839591
SRP19	0.245733653108003	4.24193982892069	3.94984341268196	0.0494883907459871	0.275167789888808
SRP54	0.0096281721244076	5.91963414109469	0.00903447110750486	0.924456998570666	0.970123709348147
SRP68	0.0958567273860143	6.96790316145757	1.37929364010017	0.242886939899641	0.537588424023797
SRP72	-0.0830581627483142	6.84643509999744	0.675835156966233	0.412893613157336	0.682147175167768
SRP9	0.175324089135878	6.59008641463504	2.79389421357864	0.0976116249597459	0.36372004436767
SRPRA	-0.0234531692864693	7.26423421290127	0.0440125635089928	0.834238102888443	0.930446648885738
SRPRB	0.352239271475665	6.50827186756485	5.75542592006735	0.0182066271680028	0.189686382278824
SSR1	-0.0396980513638757	7.72569239261694	0.134695410150367	0.714353544767616	0.869136671454604
SSR2	0.186909506888881	7.37434667982547	1.5333198213502	0.21838535284601	0.51164840911378
SSR3	0.101192998623742	7.59650719798248	0.481730100115885	0.489177487838975	0.737219370588821
SSR4	0.284359714613442	7.15662170209493	2.86842083221697	0.093307866501932	0.356799028126276
STT3A	0.179266008501459	7.10333666472225	1.92202016656535	0.168580583179253	0.458613777658298
STT3B	-0.0923250804393871	6.89151522834939	0.825396434746801	0.365694480029984	0.646849288679831
STUB1	0.221789293079535	5.47688719641711	3.01502018937154	0.0854391282588235	0.343352474961473
STX10	0.110640981408395	5.3422963997546	0.714466444147559	0.399893351663504	0.672675706300093
STX11	-0.620967290254921	3.48279696153209	5.44947923323266	0.021483616065507	0.202563984407014
STX12	-0.256761745034429	5.56307526986728	5.3821356478191	0.0222849262956635	0.205026476008162
STX16	0.0562058024892308	5.88012388016899	0.26541238511761	0.607512399652821	0.809069030264142
STX17	-0.306596386743714	4.11295152186845	4.23343226174376	0.0421209981246161	0.259810977427282
STX18	0.256519538087287	4.42840326998161	7.13984758755426	0.00874537687870112	0.146897212594696
STX19	-0.266822204097028	1.33644504025939	0.700815489190503	0.404417418950283	0.676003438843664
STX1A	0.177143679770964	2.89931846221703	0.801087519733683	0.372822325068931	0.651937718555744
STX1B	-0.0526900328570163	0.641598431464813	0.0438219650259547	0.834592140243751	0.930596344223149
STX2	-0.0474787835385751	3.38610637549622	0.0905330256475914	0.764097567604598	0.895530529880606
STX3	0.038363795068625	5.21889537469589	0.0650709386835405	0.79915416397637	0.912112618029445
STX4	0.118904601418035	5.74171702233193	0.989139505723998	0.322246747673108	0.611544862734319
STX5	0.159973518768623	5.73002670412695	1.99310553401306	0.160982885782956	0.449628846310741
STX6	-0.0397185425897989	6.40943585407974	0.206378628150937	0.65056152901407	0.832054700742787
STX7	-0.080392948044364	5.41419467524184	0.530809728840529	0.467893793532989	0.721246702720929
STX8	0.508179323969155	4.62631732837517	5.8297827092199	0.017492425078888	0.18713162699189
SURF4	0.0278680928444388	8.17591403029675	0.0877518484421535	0.767641940559135	0.897465076046967
SVIP	0.15467289477918	2.38732719857417	0.180021039589026	0.672226066669846	0.84493600767912
SYTL2	-0.0215903411649249	2.84227650780688	0.009495976974007	0.922557562228607	0.969240821879146
SYVN1	0.0506137980906515	6.20490348801615	0.201784627611044	0.654213051705559	0.834381218414937
TBC1D1	-0.265279798184452	5.39540281046145	3.00683529042268	0.0858586854117761	0.343947713628654
TBC1D10A	0.166815477833369	5.06348178030014	1.46197183842087	0.229341158767142	0.523174929984662
TBC1D10B	0.141092597477561	6.30271236944439	2.7060642347599	0.102967766860718	0.370683960698585
TBC1D10C	-0.111547792285982	2.99435701611999	0.117714585587836	0.73221476863169	0.879198616361382
TBC1D12	-0.061814090387347	2.93475042103772	0.226203888711591	0.635344226051859	0.823483491250977
TBC1D13	0.0167560356104905	5.07919801191371	0.0307087551081124	0.861230328995993	0.942492188173109
TBC1D14	-0.189654005402574	5.01483758035752	1.04182544885708	0.309751003545886	0.600700747281637
TBC1D15	-0.152725867138989	5.13804025642863	2.15066491410056	0.145506608106886	0.430644751281291
TBC1D16	-0.035070948902117	5.54776521842303	0.0439819038944156	0.834294999121326	0.930446648885738
TBC1D17	-0.0919126808501239	5.0502202045992	0.746690275363375	0.389502335552006	0.66458545619116
TBC1D19	0.208529226272301	2.05238100173807	2.16487082151584	0.144197059645994	0.428576272581307
TBC1D2	0.104242935595547	6.60418244525356	0.43637257920455	0.510329912572005	0.750984336567563
TBC1D20	-0.0565488333724469	5.54657344578292	0.332142163075396	0.565637824280349	0.784557835526484
TBC1D21	0	NA	NA	1	1
TBC1D22A	0.106540148279496	5.54758683040047	0.798603929908983	0.37356154284765	0.652817933718649
TBC1D22B	-0.0357938138936802	4.44090518007954	0.155529159931951	0.69410900799467	0.857753916843222
TBC1D23	-0.112755877153913	5.6915507952223	0.723295945431486	0.397006477989267	0.670933442953506
TBC1D24	0.316842432890106	3.51576572813391	4.49842098186119	0.0362882309652374	0.245874955966087
TBC1D2B	-0.365424985269526	5.59166907305529	7.82434791359754	0.0061360050082011	0.13223267425062
TBC1D30	-0.12697047469707	2.5137635163178	0.129240320398906	0.719945372517583	0.872398134636225
TBC1D4	-0.0606837285877106	5.1422402925461	0.112570366844047	0.737908221093864	0.882675965422866
TBC1D5	-0.211507024796338	5.21385774103611	2.36400920785566	0.127180714181451	0.405707612767947
TBC1D7	0.346995684454086	4.11852623432564	6.49213647274176	0.0122878169552415	0.162444485885189
TBC1D8	-0.0839026025973256	4.79278965951685	0.252299174405641	0.616516028669482	0.813228077654764
TBC1D9	-0.138382535438878	5.01359783016192	0.706190135873166	0.402627292946941	0.674745419087553
TBC1D9B	-0.178283161260645	7.01163599686394	2.86189042860083	0.0936764853435276	0.357361055958179
TMED10	0.0558013501754626	8.39948825612622	0.201599304302077	0.654361401042813	0.834449917428268
TMED2	0.0979738638375683	8.06555628078778	0.854237567613524	0.357482464701597	0.640431619512101
TMED5	-0.125258096624873	5.68936264088549	0.996564606796663	0.32044578350751	0.609867040440398
TMED7	-0.0334950024402776	6.28985230571142	0.0616859851569071	0.804337450008155	0.914711630220754
TMED8	0.0126515543320324	4.60296044370581	0.0119446863169811	0.913180377026134	0.965267538421715
TMX1	0.00435526438958617	6.17496899468262	0.00118403823340644	0.972615867714587	0.988604199994513
TMX2	0.148865584902945	6.4710137275782	1.96086505882491	0.164378584789059	0.453504811011193
TMX3	-0.230819135684104	5.19364631842248	4.12715814138805	0.0447343278434548	0.264752876442195
TMX4	-0.187672475731791	5.1445652576231	1.60538020926933	0.207954756183701	0.50246106019118
TOR1A	0.148440355112054	5.3574146347344	2.67538865699913	0.104914597937761	0.37361786113736
TRAM1	-0.0612039433054129	7.56367404956552	0.248627372443522	0.619089633373347	0.814648966038686
TRAPPC1	0.193189140610302	6.4077046237101	1.48088364918255	0.226373462653817	0.520809459007108
TRAPPC2	-0.0929141624999311	3.28834232450903	0.543763451462566	0.462527283446296	0.717604840323791
TRAPPC3	0.103225009663167	6.09874892192734	1.04943465797129	0.307999395534089	0.59946016159508
TRAPPC4	0.360278559131635	5.06211230331446	6.21993634230353	0.0141971957785264	0.172293570488723
TRAPPC5	-0.255937141237839	-0.211005225850262	1.62312559689846	0.205478482236557	0.500195454800503
TRAPPC6A	0.641843280921339	3.58753951616726	6.26236214602247	0.013880292398719	0.17086377148991
TRAPPC6B	0.0481932775828827	4.83700874033802	0.245601237931661	0.621228606239809	0.816282746982751
TRAPPC9	0.208327168865022	4.90833870878712	2.48248950294186	0.118138102030928	0.392672709167614
TUSC3	0.261622417087472	5.21142288145709	0.630434688800057	0.42899260411544	0.693472863248767
TXNDC12	0.154651721151089	6.34597948254144	2.18608512261952	0.142266401091353	0.427038038866265
TXNDC5	-0.459603935471537	3.08544675113712	3.27500045063285	0.0732131026154026	0.324809699628638
UBA1	-0.207450569238294	8.62213855438903	3.72383434848808	0.0563485013866699	0.289836723664166
UBA5	0.18132280890113	5.05619087336688	3.80613425101457	0.053738900154208	0.284696751039182
UBA7	-0.175415074210271	5.3141685971502	0.545662333392197	0.461748917927561	0.717191601495132
UBE2D1	-0.089589845165804	4.43008038740347	0.628033179395388	0.42987045793465	0.694265109439647
UBE2D2	0.0660695501405434	6.41467545112304	0.621517901001591	0.432265915530027	0.695937846775292
UBE2D3	-0.0350881377821683	8.02424053162488	0.138669001758119	0.710360830184299	0.86663770717625
UBE2D4	0.141293488239156	3.45154982539523	1.03210101663642	0.31200862547788	0.602561392282033
UBE2E1	-0.00963848253592557	5.76680646898757	0.00664756490042262	0.935174124417913	0.974211960236913
UBE2E2	-0.0524766379552425	4.51833077877585	0.0914338451749349	0.762962311709839	0.894967133596858
UBE2E3	0.129674300019274	5.84924538113178	1.50952054769822	0.221967910100625	0.516156685566874
UBE2G1	-0.0916475019625275	6.23998209431842	0.59877274077169	0.440791124025109	0.702659629930277
UBE2G2	-0.14436973997317	5.96607390814918	2.118080106538	0.148562027285098	0.434540258630085
UBE2J1	-0.233637082797477	5.97674981142722	5.09430558923277	0.0260818206963448	0.217891260267152
UBE2J2	0.117406385733982	5.74107197958907	1.21657534830359	0.272563655005101	0.567735767253052
UBE4B	-0.107119769129851	6.16309446541102	0.741949968068081	0.391006191571349	0.665457987336786
UBQLN1	-0.00657027907543385	7.37863326774774	0.00424445494489785	0.948179269231188	0.978626128202755
UBQLN2	-0.324098458392438	6.35038764052651	4.98169592378256	0.0277479964524374	0.223549146343141
UBQLN3	0	NA	NA	1	1
UBQLN4	-0.037822872592573	5.75747960215514	0.158348370135809	0.691492264316154	0.856421284214342
UBQLNL	0.0308051127350999	-2.14774689816214	0.0114663818926202	0.914929572303127	0.965659694856639
UBXN2A	-0.144056954661485	4.79760479486552	2.53214666996893	0.114564580151655	0.386866680449646
UBXN6	0.160517214852768	6.85586689757268	2.1117462956609	0.149164418545651	0.435499883091064
UFD1L	0.169845835870523	6.36096502785586	1.50438395919853	0.222750432335297	0.516883927737253
UGCG	0.0465096436893161	6.50891797428693	0.0635134922759574	0.801520764346137	0.913056130403231
UGGT1	-0.0565912638629073	6.64147149960825	0.222565065496054	0.638074485871692	0.824997530484896
UGGT2	0.14936343631627	3.61279418229577	1.49056823470085	0.224871800747502	0.519364640133485
USE1	0.162945287573291	4.16135617464373	0.910084087499334	0.342290390915577	0.627268986499756
USO1	-0.140663108443417	6.43355134469082	1.19835587412129	0.276163554579124	0.571175455505897
USP6	0.411827663742091	-0.710462193168854	1.54003533505332	0.217387108719796	0.510502143274647
USP6NL	-0.294606781248143	5.00983166509185	3.12099177828221	0.0802052028152258	0.335386044890915
VAMP1	-0.0116435618553011	2.05862329102974	0.00331674888589499	0.954184057996834	0.980929191144654
VAMP2	0.0588062443704597	5.33247308654708	0.199832426175125	0.655779904422156	0.835038179925041
VAMP3	-0.114791119913013	6.90399072751657	1.14162668150619	0.287767204431966	0.580785734013005
VAMP4	0.060534291644673	4.02065011927351	0.291994906462126	0.590093100623557	0.798820401038343
VAMP5	0.276314292010814	4.51538598491152	1.31214985120206	0.254618456165769	0.548977914714355
VAMP7	-0.169633069304102	5.34436590100022	2.16855497007798	0.143859641858611	0.428576272581307
VAMP8	0.292083806093724	7.04960576942584	2.62665380628419	0.108092240778749	0.378525725175262
VCP	0.0344992758959584	9.19889551426702	0.0435645149937692	0.835071633413652	0.930765310079721
VPS45	0.0692365536687211	4.97232883505827	0.541811157978736	0.463329736590454	0.718243105865528
VTI1A	-0.0452345068760192	4.56341630597134	0.304434163364406	0.582292114876531	0.794155836307579
VTI1B	0.0295534509054849	6.19513377856966	0.0740722148671128	0.786033590824521	0.90582116507256
WAS	-0.215748348113445	3.29554776963702	0.630967730431875	0.428798124874989	0.69333047971761
WDR38	0	NA	NA	1	1
WFS1	0.378895941488995	4.82555766373426	4.01407835433637	0.0477064654962301	0.271293380251024
YKT6	0.12846594996836	7.50467968193609	0.963975160454608	0.328451677668823	0.616837581372267
YOD1	-0.306957916868639	4.87714172118055	2.55985404124689	0.112623301849665	0.384143657618482
YWHAQ	-0.0603447338645088	8.60793393081036	0.222712088102922	0.637963644702539	0.824997530484896
