pspGenes	logFC	logCPM	F	PValue	FDR
A3GALT2	0	NA	NA	1	1
ABO	0.00086599451433726	4.05922378615394	1.69451040291508e-05	0.996717218870322	0.997966064056155
ACAP1	-0.499235724228715	3.71537147879177	30.3737449791774	5.7378612296095e-08	9.03257141618711e-07
ACAP2	-0.144731886868082	6.44721067594979	3.29215096867108	0.0702161100016765	0.135423508482718
ACAP3	0.131665625607688	5.81405270524067	4.04654704779109	0.0448024528089649	0.0947647057620907
AGAP1	-0.159177988311286	4.77275925424224	5.6317683063282	0.0180182140637426	0.0451205531423951
AGAP2	-0.395037660180428	2.60615204111362	22.4970719604174	2.7558992870242e-06	2.6033836697388e-05
AGAP3	0.0829933724284952	6.55747548162013	1.76801287143621	0.18423971640188	0.289162770043165
AGR2	-0.30825214879745	4.91934997394534	2.03528702891746	0.15431467610681	0.251757538879435
AGR3	0.197644535179999	-0.617164700619459	0.403908975063556	0.525370641313419	0.640410877406383
AKAP10	0.0737984943542601	4.58141586225608	2.82280182592258	0.0935640691829177	0.170013336423331
ALG1	0.137827445506033	4.34806560059473	8.73333989140757	0.0032731523555581	0.0109985259653514
ALG10B	-0.228500349451432	3.05927686396929	12.5842345800318	0.00042597799526327	0.00195537121761791
ALG11	0.0592335332520318	2.52345551475132	1.09028469371316	0.296917053789775	0.417864611086568
ALG12	0.138477954376938	3.92362455162472	6.37828855371796	0.0118630639072082	0.032104717800925
ALG13	-0.0529711083088997	4.09415815439361	1.49160734798759	0.222547762265498	0.335349401803244
ALG14	-0.0358891416686158	3.08496448262795	0.415402959823233	0.519537964379932	0.635354028195965
ALG1L	-0.299421519732964	3.69641604777761	5.94407414190291	0.0151171071979057	0.0392074413874279
ALG1L2	-0.44065935405752	-1.44652512625893	11.8286185434492	0.000632456219210755	0.00272753855400585
ALG2	0.0859727909551665	5.0959647739767	3.41165101749158	0.0653333683186546	0.127761684425089
ALG3	0.389983917547048	6.35451099916536	40.0118701683202	5.64489031261363e-10	1.51485265404169e-08
ALG5	0.0369308604786471	4.58917893045509	0.464276874246743	0.495950109225276	0.614236815145201
ALG6	-0.295024958480555	3.87945757108024	44.6672385664761	6.29925249444362e-11	2.16077379682219e-09
ALG8	0.198228206225505	4.78246538610944	8.53549399742671	0.00364176798735695	0.0120347351960811
ALG9	0.00935240331060327	2.58744998794321	0.0370982044181914	0.847344123130164	0.899168377992559
AMFR	0.241080752328857	6.75061198073289	23.6217845840387	1.57591211437745e-06	1.62222708873129e-05
ANKFY1	-0.0301487701782699	6.14236061212336	0.243550151094023	0.621872251575531	0.725182436986016
AP1B1	-0.00031305535009159	7.55629333636359	4.45095083048454e-05	0.994679600943669	0.996527074199508
AP1G1	0.0940498404899415	6.7585326152877	3.27784600857376	0.0708263524188624	0.136393197053675
AP1M1	0.0466126542393834	5.81180618162774	1.12649064008584	0.289041944244831	0.409504903129792
AP1S1	0.0237395864052931	5.86285239473486	0.130501851336523	0.718066178871892	0.80382877842378
AP1S2	-0.154333713299266	3.81515270107299	5.14725640823465	0.0237122284336378	0.0566023910876722
AP3B1	-0.116136648717769	6.02856589941669	5.38104974064206	0.0207619734105095	0.050806435103227
AP3B2	-0.927366419087705	1.68950402614273	24.2941630654459	1.1294566856382e-06	1.20818827215319e-05
AP3D1	0.00623418008954841	7.49422179602085	0.0215858035497349	0.883254045665656	0.924652561343144
AP3M1	-0.00692481371636506	5.49710953633063	0.0223739052731839	0.881157539056715	0.923578093888156
AP3M2	-0.249106675432708	4.14741216234657	11.1766952627006	0.000890977359341312	0.00365192391815125
AP3S1	0.0158857070822884	5.91141232191551	0.0692975853123296	0.792471634120214	0.859646454388021
AP3S2	-0.0967402065893243	4.20108136995665	4.50513398343704	0.0342883504426097	0.0762764665583819
APPL1	-0.461759345196657	5.33599336034955	77.6446915343356	2.08679223417218e-17	2.25825301618758e-15
APPL2	0.0253584986451977	5.32709221713263	0.221653934396973	0.637989677751574	0.738638403475422
ARAP1	0.0880002982992538	6.87540648590126	2.16050608339722	0.14223242254164	0.236225598395691
ARAP2	-0.0751156046645116	5.57424847721456	0.728466923884339	0.393792795064606	0.517478125727141
ARAP3	-0.233756390491361	4.12811988585263	9.05371540017415	0.00275502287791394	0.00949710394853349
ARF1	0.0958082217371061	8.9203253074422	7.38496153901516	0.00680734435480276	0.02017338196311
ARF3	0.0315050725744127	7.81914779493877	0.482114741080846	0.48779125813629	0.607181475041257
ARF4	-0.0268290555069031	7.32748823582019	0.23990234831653	0.624493335207527	0.72746291979471
ARF5	0.0256466455898747	7.32330416545561	0.196124275013136	0.658060761364311	0.754948635465326
ARF6	-0.0074112384339675	7.86596141074246	0.0175179130843713	0.894757011008875	0.932396873679184
ARFGAP1	0.22946769312176	6.52140562718292	13.8867826265546	0.000216513461005381	0.00110830235697559
ARFGAP2	0.00331050113312957	6.63716018992112	0.00455732396587425	0.946204548761472	0.964804322282898
ARFGAP3	0.0511916453506838	5.79719660964036	1.0219820686751	0.3125424974637	0.434526511068806
ARFGEF1	0.0859227686014039	6.32280501515699	2.54226081289629	0.111473324099267	0.194811958591105
ARFGEF2	0.0329543393904484	6.02964144421721	0.253679921806291	0.614719514033164	0.718910956408453
ARFIP1	-0.119005697425137	5.05935032002705	6.95308813454526	0.00863007644258582	0.0245423130783223
ARFIP2	0.0447836497644193	5.78622231410433	0.718118088199838	0.397170852660645	0.520838650520031
ARHGAP1	0.0453129549755168	7.42804945697029	0.533104356999114	0.465649538187008	0.586474199626583
ARHGAP24	-0.105407409536574	3.38003914095882	0.786875710723368	0.375476673527247	0.498755445916634
ARHGAP5	0.0362115991895355	6.57142510908192	0.267644733802857	0.605146862451855	0.710991543468809
ARHGDIA	0.12644149761727	8.23754819402934	6.23852781426663	0.0128230859850238	0.0342048631216703
ARHGEF1	0.0615444833589872	6.87522480084164	1.76656290552406	0.184419414384477	0.289384238891598
ARHGEF11	0.0580405107738246	5.75805813525382	1.00515488998335	0.316555513724583	0.4386923864167
ARHGEF2	-0.0820408240928367	5.78787878762694	2.00973175751148	0.156921197610019	0.254892099648707
ARHGEF6	-0.391217272945638	3.62454367947762	13.4828029028046	0.000266921818200893	0.00131396421389515
ARHGEF7	0.0293131650326532	5.56821048159012	0.434827616096715	0.509935782466793	0.626808775850483
ASAP1	0.158020344508585	5.90070000323626	6.60109833768024	0.0104829352898736	0.0288789340927366
ASAP2	0.150821074700465	4.72062017266551	2.15781015275456	0.142481008592573	0.236565620730538
ASAP3	0.157369714565487	4.70226898826314	3.55149882434134	0.0600764939107628	0.119521478341966
ATF4	-0.0696003525740355	8.17198355390351	1.58997001079614	0.207923542051625	0.318393069077776
ATF6	0.0681545176145253	5.98370883360305	2.93298444223169	0.0874122593679388	0.161307467338577
ATF6B	0.080711939130014	6.87300442587314	2.58540783383184	0.108489311236626	0.19083351161952
ATXN3	0.161929197646204	4.52765460973003	15.3204551190754	0.000103415471359249	0.000587800898326438
ATXN3L	0	NA	NA	1	1
B3GNTL1	-0.0871247121625326	1.75668360243702	1.76306604486308	0.184853628830586	0.289808725444804
B4GALNT1	0.824481871872061	3.69284835147299	31.7953350332865	2.88056423954651e-08	4.92871165998853e-07
B4GALNT2	-0.780452986895146	2.16020186070836	8.27936539060891	0.00418276590038278	0.0134939230063784
B4GALT1	-0.0825574012095179	8.05249391829927	1.3222861671194	0.250736614720608	0.366474271725501
B4GALT3	0.166601188202456	5.4762501900136	15.1776341229037	0.00011128601314635	0.000626920892857873
BAG1	-0.31848677582606	6.44779138123485	14.0334990764509	0.000200690202049746	0.00103689937725702
BAG2	0.29503448107397	3.43045297144594	7.2934686547725	0.0071573730182718	0.0210305706444549
BAK1	0.0774437272738618	6.15581061706974	0.899296903704451	0.343432369823838	0.466847515792441
BAX	-0.179885605618026	5.92799016999902	9.31423131611144	0.00239579260674059	0.00842020219629172
BCAP31	0.216982024742495	8.4515231630808	11.6311429520682	0.000701518265433012	0.0029765895958668
BCL2	-1.2942283864964	3.5689974255521	111.391422737785	1.25581939028433e-23	3.0444448499747e-21
BET1	0.155114658593808	4.00080904998437	6.61543436581975	0.0104000045783283	0.0286949250213397
BET1L	0.110111512199336	5.83313702154405	6.75680292572973	0.0096174745432042	0.0268373811102139
BNIP1	-0.118135954117325	3.14215241481388	4.09294929317141	0.0435986362115098	0.0927886821140971
CALR	0.0976472193819597	10.1763007546792	4.31832312965137	0.0382180527670697	0.0835707617819292
CANX	0.0372528074930711	9.20437228526936	0.49260973017847	0.48309485704981	0.602883604355758
CAPN1	0.0594823717621645	9.0669154829884	0.920395946906832	0.337838713688171	0.461306723070328
CAPN2	0.048416404961199	8.35156247569592	0.743516010295125	0.388953834023558	0.512367539098376
CKAP4	0.0485182785308705	8.17108015804304	0.720321842373296	0.396448007522966	0.52020216840474
CLTA	-0.0809088130241363	7.19770933431012	0.998239034172523	0.318224433581775	0.44038293752552
CLTB	0.0654286224428652	8.16956633915891	0.37911304647842	0.538360891122083	0.652146358891616
CLTC	0.160340955234432	8.87666682301438	10.0702846849619	0.00160036415973246	0.00600512297571959
COG4	0.031883857515642	6.22525600412678	0.447694721698081	0.503743218330928	0.621569465784519
COG6	0.096498109592185	4.2781712753774	2.57992895431999	0.108863298602915	0.191319909640506
COPA	0.143764621897553	7.92868351687965	8.30995491926282	0.00411405794523501	0.0133220642693067
COPB1	0.0775608678288095	7.09024400882688	2.10600471258133	0.147354460503803	0.242881576763182
COPB2	0.137702387830415	7.69350291365727	7.73313165628449	0.00562801821923805	0.0172928113213159
COPE	-0.00864316706229199	7.09102336977387	0.0250039444537025	0.87442162541972	0.918525851511971
COPZ1	-0.0379256657968024	7.22274767555188	0.924525334015313	0.336758335299002	0.460274790473285
COPZ2	0.512684473480751	4.97354381842847	29.353932507757	9.42287062985849e-08	1.41579287402386e-06
CRYAA	0	NA	NA	1	1
CRYAB	0.300039981011603	6.75014651854971	2.86565020608253	0.0911174438450752	0.166747240746509
CTBP1	-0.00570805968535081	6.74065559997718	0.0178334964771637	0.89381885452103	0.931774127043877
CTSA	0.179179453511943	7.4199038193976	10.9574320786837	0.00100020953243109	0.00402742070811695
CUL1	0.0196449667617001	6.25980105607059	0.213137114819897	0.644522121488249	0.743965829939571
CYTH1	-0.0638447807272348	6.34691746946486	1.78995953384354	0.18154451262234	0.285766718052061
CYTH2	-0.0513112853959804	5.99760698585972	1.49066192883062	0.222694180466504	0.335510763057418
CYTH3	0.433859124380674	5.17923568890829	42.9810318570813	1.39007450808653e-10	4.33413982463511e-09
CYTH4	-0.35602337285621	3.8791711230412	11.1027272415187	0.000926403395886328	0.00377561006226736
DAD1	0.159910954824227	6.75537571926441	8.3869771980168	0.00394611536990167	0.0128534699910928
DDIT3	-0.0139002799895104	4.29611316894308	0.0154747107686509	0.901051065605834	0.936033167909823
DDOST	0.137661170930826	7.92680247117889	12.3860524385436	0.000472410613941717	0.00213112245738619
DERL1	0.221337592838752	6.72514602364529	29.6319545842862	8.22979548097392e-08	1.25134649258276e-06
DERL2	0.110631653092032	5.21779610535198	5.90511871761066	0.0154508998792944	0.0398432670964093
DERL3	-0.73612319224588	4.36570849042078	20.7769562685555	6.50723251431795e-06	5.48507239023756e-05
DNAJA1	-0.117060623493698	7.58339576874868	2.76081085990655	0.097231495555052	0.175084856292422
DNAJA2	0.162392671302518	6.38633992362913	13.0841928905252	0.000328317947288024	0.00156651659236763
DNAJB1	-0.0196826171134675	8.4904150098943	0.0680246380955159	0.794343230926163	0.861157147546121
DNAJB11	0.210744018576678	6.82394977758005	14.6965852052081	0.000142532464609687	0.00077658597384308
DNAJB12	-0.00232467437480698	5.71795096168126	0.00367004176772965	0.951717424917126	0.968185919185813
DNAJB2	0.177072113359866	7.01616285639824	4.45443753370217	0.0353109388905461	0.078228649502251
DNAJB9	0.0961384162011635	4.79002641794168	2.54618027267202	0.111198553131545	0.194536607667737
DNAJC1	-0.221146971421224	4.78600015544162	17.7100520224893	3.05459429806606e-05	0.000205442414510827
DNAJC10	0.142243547313275	6.41924242855956	6.29712750860777	0.0124111668125192	0.0332774120972928
DNAJC3	0.106383758135649	6.23766186137779	3.91759271293296	0.0483360794889946	0.100627098712326
DNAJC5	0.101010458687324	7.48333846175677	2.9975931538411	0.0840104855588799	0.156380833096229
DNAJC5B	-0.571297767177454	-1.35205669974838	10.5586004867749	0.00123501660251655	0.00482119019647133
DNAJC5G	0	NA	NA	1	1
DNAJC6	0.387784344350818	1.34733535909276	7.003368870808	0.00839432022425239	0.0240397999944876
DNMBP	0.144476623786034	5.19237349381503	4.53033739625092	0.0337915820634099	0.0754046100527595
DOCK5	0.130234385674581	4.85563240075205	2.49030384572708	0.115187493313249	0.200151836653512
DOLK	0.0892023958975303	4.64422780292282	3.06092117693343	0.080814985914567	0.151583424853751
DOLPP1	0.0334079055688675	4.93142900241655	0.387809585958518	0.533739395346962	0.647582589777094
DPAGT1	0.126038599601213	5.14783413969352	5.67039195436249	0.0176301958498687	0.0443602455576404
DPM1	0.0876970505364766	5.24704894480418	3.03972276211471	0.0818697469569454	0.153175655596866
DPM2	0.1333540242593	5.87822348674531	4.02185350055526	0.0454573456800703	0.0958736745252391
DPM3	0.153556027693894	3.88405741999267	2.33512734395491	0.127122451659681	0.216376934128216
DPP6	0.781488951635936	-1.74510070091316	12.5102634480153	0.00044274244870162	0.00202342958550861
EDEM1	-0.173454266247559	6.04130294787041	9.50000798614001	0.00216908208712978	0.00774451681481252
EDEM2	0.125609166583608	5.04482824161597	4.18705231587806	0.0412608874348513	0.0888911539984374
EDEM3	0.130383831148169	5.50015958153559	5.0820587389037	0.0246104246426324	0.0582742012828618
EEA1	-0.0417416224917926	5.41963851705214	0.343079884809321	0.558323389502286	0.670211719812025
EIF2AK1	0.140636246621257	7.29530239186004	13.1054026680438	0.000324716911511591	0.0015527686353666
EIF2AK2	0.118613550345237	6.78331351672064	3.16080669956008	0.0760388386936493	0.144293226354809
EIF2AK3	-0.0506881302571933	4.43590906977489	0.633497249299896	0.426456365696216	0.549001567149098
EIF2AK4	0.111289997278138	5.8806039023279	4.55714497064444	0.0332714673446725	0.0744982544031396
EIF2S1	0.210377991094791	6.92836063221906	13.556375407003	0.000256929010869173	0.00127261256623354
ERLEC1	0.0896110127001327	5.59576241631557	4.25825955376654	0.0395799053495465	0.0858526226823982
ERN1	0.101955913778316	4.44256813472744	3.25520433739275	0.0718039150020247	0.137813353647352
ERO1A	0.192263538012585	7.81086074851773	4.72890740629168	0.0301318695981975	0.0686655279310002
ERO1B	-0.958300354035101	3.0444118220789	87.588276517593	2.79786586310286e-19	3.91991908196801e-17
ERP27	-0.0416389456822585	0.940126879780364	0.0761325054392344	0.78272358226667	0.8526067390274
ERP29	-0.174908608914363	7.09753487402862	10.2466081228436	0.00145722146127607	0.00554612987272756
ERP44	0.0958403752344975	6.61930850462478	3.62039730371227	0.0576543721052544	0.115715270597469
EVI5	0.0811170098444901	4.11322416851223	2.31274054767975	0.128955206186017	0.218806034025598
EVI5L	0.130896752047629	4.75955137219959	4.53226510921564	0.033753898112736	0.0753361027909788
EXOC1	-0.0481072583271984	5.44128776970346	1.36084453483671	0.24395206326459	0.358940924508782
EXOC2	0.0292551254704271	5.24973520579401	0.337399982671745	0.561597838504277	0.673206009420983
EXOC3	0.0691247369027903	6.45387039409494	1.45448590212009	0.228384806657193	0.341982829373003
EXOC5	0.152106587141329	6.08902711747355	7.69465541202349	0.00574734857977806	0.0175818016683404
EXOC6	-0.256602323274954	3.3531978942366	13.5601035251653	0.000256432843356858	0.00127140384056941
EXOC6B	0.180950216678105	6.33069517879693	6.19881502047841	0.0131102354004406	0.0348186163219974
EXOC7	0.034751456163531	5.90430815109704	0.474125276490104	0.49141755876635	0.610392290142113
FAM71B	0	NA	NA	1	1
FBXO2	0.305022765361832	4.96348690508308	3.44630988725672	0.0639862498340196	0.125723278974484
FBXO6	-0.17233502682432	4.63026661846885	4.08304997111739	0.0438525585102789	0.0931354269532215
FBXO8	-0.0410506746384125	4.04373067105515	0.712720553295456	0.398949357057672	0.522377189457235
FUT8	0.0161471221455689	4.37639665711273	0.0359505973355108	0.849695160674373	0.900797110196063
GALNT1	0.0229325050885289	7.00910110495522	0.106158983693262	0.744697674760936	0.823937081721038
GALNT10	0.210162893332522	5.78299782948078	7.46467541059339	0.00651669636850094	0.0194581014180427
GALNT11	0.0167087194502658	5.16527422536704	0.0409297625546957	0.839756560672966	0.894082780808286
GALNT12	-0.270875409643929	3.05090129766425	4.63680559324399	0.0317748228148748	0.071802846360886
GALNT13	0.634272895720376	1.02517018553906	8.87946078388912	0.00302552332763419	0.0102882098214398
GALNT14	0.167778028602124	4.62487350699244	1.63319407875426	0.201859930195552	0.311295107847847
GALNT15	0.639813868215889	2.8363359552062	16.0233024416477	7.21379263941971e-05	0.000434034550998661
GALNT16	-0.28322760418631	0.625954167117735	2.37734545158389	0.123744668037253	0.211852272189432
GALNT18	0.452179151804356	5.57658402500258	29.5599668674125	8.52330387756236e-08	1.2887092113685e-06
GALNT2	0.259046216968164	7.52180212418462	13.8295880620681	0.000223018510851174	0.00113406726140112
GALNT3	0.301782046024774	5.97716633643036	11.2950352856947	0.000837134417668287	0.00346347309599443
GALNT5	-0.121144021614662	3.96522523549305	0.400465724303485	0.527140637115547	0.641830234524921
GALNT6	0.495867666007781	6.60301021874333	11.909198139664	0.000606293903627406	0.00263578425643057
GALNT7	0.0172159534982974	5.233279026502	0.0428514477108921	0.836090244215174	0.891249118439435
GALNT8	0.266008637538018	-0.399828860650011	1.4702713203444	0.225880440547862	0.339174360446842
GALNT9	0	NA	NA	1	1
GALNTL5	0	NA	NA	1	1
GALNTL6	0.389391736535101	-2.18114058781567	4.68723046264462	0.0308640282277781	0.0700262096271498
GANAB	0.0666054212367494	8.90693901625114	1.79975922180159	0.180355846972041	0.284268957138488
GBF1	0.00885621492006368	6.79794946113298	0.0329349896952015	0.856065011413667	0.904838029013926
GBGT1	0.15249931847536	2.06501700196069	2.46264818476378	0.117220143795203	0.202964595339483
GGA1	-0.0151417842178942	5.70377575704835	0.137079514313259	0.711359944801209	0.798226657428275
GGA2	-0.452839747573702	6.29791001118888	55.3208312637494	4.54205092871906e-13	2.3728641849405e-11
GGA3	-0.0328546036605469	5.20865558764258	0.805169607817878	0.369987800938655	0.49340854150766
GIT1	0.13569090312565	6.73147553323873	7.47129477569632	0.00649314042797266	0.0194065657118629
GIT2	-0.0622018054268396	4.5170908109774	1.63450604769668	0.201679174763705	0.311083062246333
GLT1D1	0.0429716758759888	0.0537576073486722	0.0884503515649095	0.766281123869362	0.840703830397913
GLT6D1	0	NA	NA	1	1
GLT8D1	-0.0705416593089358	4.87304431969693	2.25325571493877	0.133970279259641	0.225524127744871
GLT8D2	0.45226500525589	3.38288675062496	12.4860699302409	0.000448369341607192	0.00204481439748822
GMCL1	-0.0663812587854656	4.59324468826875	1.43273995375844	0.231889901280595	0.346053883494899
GOLGA4	-0.165839487665067	6.41677158221104	6.97546027727661	0.00852434947850245	0.0243185725701664
GOSR1	-0.0382552296018291	5.45607428724149	1.52569244478872	0.217345179837844	0.329360837208971
GOSR2	0.100492557070622	4.31287252581837	6.07457646887542	0.0140521672093312	0.0368961578722413
GPAA1	0.123946808642869	7.00583264130207	4.16670839827807	0.0417548368348344	0.0896848273941472
GPLD1	0.0794316437095944	0.454567974017789	0.179988591150753	0.671567095544373	0.766611906960764
GXYLT1	-0.217324758571811	3.64180240076271	19.6963716660986	1.11956541784614e-05	8.64248424166311e-05
GXYLT2	0.0112150759127001	2.82728268415651	0.00617430484761504	0.937400992799957	0.95954236793733
HAS1	1.0821533568524	0.988583600495986	24.2960708738146	1.12839091497118e-06	1.20764694352273e-05
HAS2	0.161761380608073	3.79617556521504	0.947962694056135	0.330713273788642	0.453794810179582
HAS3	0.266072949820815	7.92645793174737	3.69252828409905	0.0552297106956113	0.111943282101316
HERPUD1	-0.0410621609960502	6.36161697882336	0.424700363246756	0.514902941198413	0.631224196550963
HSP90AA1	0.315509293586608	10.3756502624639	29.9725342244725	6.97316279050089e-08	1.07697179934035e-06
HSP90AB1	0.256647505473448	10.5656632346946	26.58970949891	3.64236426295458e-07	4.58772045169341e-06
HSP90B1	0.129840682105997	9.81796440781056	6.6986103045987	0.00993198891933434	0.0275794842887462
HSPA1B	0.0805656744562288	7.11513365774677	0.558805394664913	0.455096415427589	0.576546313150471
HSPA1L	-0.0444960381380204	0.623363503771263	0.460916040091063	0.497513007506651	0.615642386439751
HSPA2	-0.0526732554601184	6.84593072877446	0.15081618105263	0.697923329809627	0.787120054569679
HSPA4L	-0.233070099007094	5.90940818580731	5.93650573636668	0.0151813693491072	0.0393126770374863
HSPA5	0.237206237949015	9.79593871202585	19.3595329269041	1.32652210496365e-05	0.000100038591180342
HSPA6	-0.0922759474583604	4.12483913266495	0.292719455959644	0.588726123741464	0.69676362603262
HSPA8	0.0885815500214203	10.3031843488023	2.03790004042872	0.154050948695943	0.251403318135063
HSPBP1	0.0635762695728301	5.8496375592545	0.879366543251425	0.348831885883919	0.472170437254168
HSPH1	0.255775647968057	7.84222504506757	9.8322712733258	0.00181656364534542	0.00667134931267622
HYOU1	0.288686072778448	7.59950800390688	17.6038680325632	3.22375181682512e-05	0.000214876951497741
IFT27	0.0774442610502489	3.91065410712142	0.819239929288675	0.365842173376542	0.488998310790005
INPP5B	-0.228544905697367	4.01684984819105	30.5333535256221	5.30994238991621e-08	8.42406742682589e-07
INPP5E	-0.0629642393599727	4.00698069366815	1.18729631120809	0.27640500450619	0.39519195374292
IQSEC1	-0.121517807266009	5.31937619633933	3.94699583908609	0.0475052067290405	0.0993479054362487
IQSEC2	0.00448743388913208	4.08321224701317	0.00543027611751325	0.941286456901907	0.961952161797482
IQSEC3	-0.0446344393161468	0.240045592826473	0.085521421747218	0.770072236986693	0.843207992240446
JUN	0.259826664263366	8.32444051821648	8.26369219331855	0.00421842288804151	0.0135881729919083
KDELR1	0.148912893358724	7.57524466456222	11.6066101865027	0.00071061602714372	0.00300868355605434
KDELR2	0.296565806801504	8.03158708126349	32.952558263781	1.6471193166539e-08	3.03486305517716e-07
KDELR3	0.362709960854465	4.42673035249461	10.9326818215376	0.00101336455708482	0.00406703007508595
KIF20A	-0.282678518768899	5.35868439423348	12.7980468677501	0.000381045758071618	0.0017791480796696
KIF23	-0.0454764846740811	5.26952896666172	0.47602072290869	0.490553181601074	0.609674309383835
LARGE1	-0.22102359052226	3.87011909688255	4.09293572819817	0.0435989830956951	0.0927886821140971
LARGE2	0.383533920313649	5.82684470177996	11.5496540160491	0.000732201827552223	0.00308735325997005
LMAN1	-0.331922670319476	7.0462705599617	32.6538968780642	1.90240334150547e-08	3.43770975681089e-07
LMAN1L	0	NA	NA	1	1
LMAN2	-0.134281754705896	7.35046336823326	5.52838598230713	0.0191009604364033	0.0473377351683709
MAN1A1	0.132419170138101	5.6268488396514	1.41462318801634	0.234859808361996	0.349038106159142
MAN1A2	-0.0603626534834667	5.66353313382164	0.838655473838195	0.360226858156987	0.483649949694782
MAN1B1	0.251883177270388	6.80692320050098	13.7852986269809	0.000228191326218943	0.00115492752861833
MAN1C1	-0.374463274581126	2.35234192801338	12.0618394630394	0.000559701985120549	0.00245949695131588
MAN2A2	-0.0611658567268953	4.55301878145493	0.499477625656349	0.480061799884621	0.600035534370906
MAP2K7	-0.00505304564365037	5.40665891134887	0.0160533165518759	0.899227888208482	0.934630858711509
MAP3K5	-0.0913564430015638	5.37303292062723	1.56431771888357	0.211624152238062	0.322685703794236
MARCH6	0.121029219017151	6.88065890562344	5.46810907567691	0.0197631796834315	0.0487270443206169
MCF2L	-0.507082084783634	3.94409350024978	15.944932121989	7.50892334079866e-05	0.00044841552726563
MGAT1	-0.0716802943158433	7.51830730398708	2.04416345463641	0.153420875444929	0.25058355856168
MGAT2	0.201234686230758	2.14592941979437	5.18989708946557	0.0231432994715538	0.055488368640765
MGAT3	-2.21831042040341	3.25830318287209	139.850447975959	1.3458327677129e-28	5.47880901814595e-26
MGAT4B	-0.0291761327643571	6.61974818558545	0.392687616888587	0.531178518189381	0.645128494706112
MGAT4C	0.211428914263362	-0.799000122441548	0.681692828158493	0.409401579205433	0.532508605096833
MGAT5	-0.0227834809448404	6.09230828490336	0.127340703820146	0.721357230432455	0.806383275675387
MICAL1	-0.217412463143091	5.13486157353007	8.44097013734766	0.00383257494369635	0.0125594831386987
MICALCL	0.2318225275988	3.10684155906703	2.3211044356226	0.128267044525181	0.217895421830983
MICALL2	-0.179149724153324	5.24672162652841	5.30698971739667	0.0216528550720255	0.0525336782901183
MOGS	0.204901198939068	6.32895926812888	26.8761007119217	3.16458620377593e-07	4.05940023380912e-06
MON1A	-0.136383327300358	3.44225737075544	7.78831349261883	0.00546128716099254	0.0168911599463267
MYO5B	-0.555687581757614	5.67279793259432	25.321443136409	6.79946073663921e-07	7.80761920456241e-06
NAPA	-0.107686415714595	6.39233443897083	3.78134599379634	0.0523921724229553	0.107375621617491
NAPB	-0.0396052302711172	3.39946284524138	0.509455596745793	0.475710531013592	0.595770281933437
NAPG	0.0790128176503957	5.08300278738802	2.11465644636955	0.146527627951233	0.24174033496527
NCKIPSD	-0.186375558000203	4.36840686517341	14.9969669888924	0.000122115706833928	0.000679064043981656
NDE1	-0.011095057836603	6.0951192399958	0.0325295669875663	0.856944016311969	0.905452139236992
NET1	-0.0621988610011923	7.35959020813409	0.78820247833171	0.375074763391277	0.4984056842354
NGLY1	-0.314772700461075	4.19973928575606	61.672061932046	2.53097042826111e-14	1.71185636238751e-12
NPLOC4	0.173313148056591	7.53120168021609	14.383394337559	0.000167508747983644	0.000888875736963871
NSF	0.0135158240130027	5.15270880140853	0.0957829580595135	0.757080218597847	0.833576382755008
NSFL1C	0.0996508574410781	6.98033919329489	3.35542200625825	0.0675839035293536	0.131085068549922
OCRL	0.115209525943431	5.17038983126058	4.17923089763042	0.0414500584259342	0.0891918281238612
OPTN	-0.135527184425542	7.08879422997245	3.31350770351962	0.0693155282947929	0.133950007925522
OS9	0.138733736249272	8.10102559989374	11.7711771026346	0.000651802241411691	0.0027969938664874
OSGIN2	0.117435043869381	4.46261606144622	5.32244231252962	0.0214637491529015	0.052151109428266
P4HB	0.147881940300361	10.1060959568759	9.59851619032868	0.00205785461891009	0.00740374708314227
PAK1	0.160985746984206	6.63218631161333	4.3409647966468	0.037717556877039	0.0826522452954492
PARK2	-0.238944923706617	0.184818967980317	2.7708457646144	0.0966273219519457	0.174229575333042
PDIA2	-0.685170247628095	1.38404701147282	5.0142534185976	0.0255822097849491	0.0601527635483937
PDIA3	0.185136078762986	9.03576831933667	13.3997263229711	0.00027867920798489	0.00136234444045679
PDIA4	0.292875375427279	8.11466017402481	27.7946831190406	2.01749379486863e-07	2.73426169083451e-06
PDIA5	0.20535635247527	4.81937031696629	9.43769413246024	0.00224258349937996	0.00796608192008923
PDIA6	0.24257369661683	7.91241240720142	18.4535992283829	2.09579006629378e-05	0.000147580830516823
PDILT	0	NA	NA	1	1
PGAP1	-0.0124815630175025	4.52473630619923	0.019255855551844	0.889691834526015	0.929185038105474
PICK1	-0.067023255923123	4.58157486825143	1.42584255736883	0.233015209320601	0.347277485411431
PIGA	-0.173235730866902	4.11851091262167	8.3036484682137	0.00412812807945644	0.0133576021959136
PIGB	0.0820180548079888	2.86842287533139	2.68043759920986	0.102222425294909	0.182156512071603
PIGC	0.0657006993236821	4.68751682918983	2.36556198984412	0.124677267083101	0.213120445122862
PIGF	0.119604962015544	3.29032024715974	4.87368857894871	0.0277263766207734	0.0641596205458823
PIGG	0.0759496760692174	5.24332502182914	2.02782380890807	0.155070760677004	0.252570901514837
PIGH	0.264996366214781	3.59033457410839	25.3908817864592	6.57057842914748e-07	7.59736335408822e-06
PIGK	-0.0600818343192375	4.56512071694125	1.54089744788651	0.21507133448031	0.326603259624659
PIGL	0.0864465561482863	2.67611334743519	1.78034058661842	0.182720107863904	0.287260933202535
PIGM	0.0593968567376724	3.68356248403978	1.35355636240144	0.245217048150434	0.360408925810202
PIGN	-0.319394149001431	4.79021855784319	25.7672776146614	5.4582455156312e-07	6.46007159875253e-06
PIGO	-0.0561328963217057	5.46243297197289	0.583778998919224	0.445198389641794	0.567338045886914
PIGP	-0.0709248810455645	3.18861137606302	1.5831998637271	0.208892694127246	0.319536956291348
PIGQ	0.0371830291899727	5.36188081917435	0.359603721566724	0.549000391192495	0.662077717308663
PIGS	0.0742342923638279	6.26086016052724	2.5167805837903	0.113277981931771	0.197342409217594
PIGT	0.260719528835321	7.08705015376335	24.1511225869803	1.21232011081372e-06	1.28523235693499e-05
PIGU	0.0629465729055997	5.10115544961074	0.956854433302319	0.328457803377501	0.451331395088075
PIGV	0.100253073692243	3.96774661799261	3.95161169921393	0.0473761507560469	0.0991499385601548
PIGX	-0.00963915723959892	5.40472016076259	0.0145857793077314	0.903920880900552	0.937599006120393
PIGZ	0.0844962009598648	2.60993919246404	0.676260118344376	0.411272896256758	0.53408554628133
PIK3C3	-0.215629191942905	4.82728084026253	17.5067433583757	3.38674396790366e-05	0.000224217207276739
PIK3CA	0.192492072890435	5.32391894769754	8.14826772181823	0.00449076604593659	0.0143451947013176
PLAA	-0.113852676223964	5.39089263335541	3.20591305027173	0.0739826367146122	0.141148586944422
PLIN3	-0.0194964076543603	7.45793327672179	0.0656837350121521	0.797834489973033	0.863770232106887
POMT1	0.0652201887643387	4.27610665848382	1.03232562505736	0.310108704425237	0.432054986003566
POMT2	0.341075652948335	4.50687252786508	42.076071708065	2.12853966388648e-10	6.41415807095176e-09
PPIA	0.073024473588167	8.91643292413617	1.4486293607037	0.229322454244774	0.343124914894955
PRKCSH	0.00811571796654062	8.28143617683584	0.0355985156221174	0.850424223563143	0.901348580222939
PSD	0.340457839827341	1.75265807949134	12.3537249073223	0.000480457229282594	0.00215830630418514
PSD2	-0.253405688552299	-2.20457445545998	2.3769410843255	0.123776542593932	0.211885328705702
PSD3	-0.0132264243769637	4.83858698427203	0.0152171351867346	0.901873808409325	0.936558937285086
PSD4	-0.0414604276956526	6.18396555942841	0.509487507151642	0.475696718687867	0.595770281933437
QSOX2	0.216256013514524	4.85339176674808	13.3667297660418	0.00028349321170356	0.001380733529507
RAB10	0.0242358247244894	8.2315027027138	0.130804671693107	0.717753288947442	0.803603599311401
RAB11A	-0.165623044953728	7.50522520377311	8.59663661148355	0.00352353563854494	0.0117107256539656
RAB11B	-0.06518010239052	6.57069874375767	2.35998957417654	0.125121018455171	0.213712087887015
RAB11FIP1	-0.265359777918028	5.76272166720706	3.83152999389803	0.0508577133885704	0.104783383517394
RAB11FIP2	0.057214550860329	3.45687905938592	1.19374347934871	0.275106439913725	0.39379662625745
RAB11FIP3	0.175086607047051	5.17981729371509	9.86032759652545	0.00178960617386574	0.00659029575137858
RAB11FIP4	-0.058758295732628	4.44605318257589	0.923949758061387	0.336908645562138	0.460392737769883
RAB11FIP5	0.344129801602861	5.89461808214457	27.4915482311754	2.34028549577791e-07	3.12269634241832e-06
RAB12	0.0578709480667028	5.55449511927439	1.33758236098859	0.248017815530943	0.363386689385822
RAB13	-0.0114195246512395	6.39177907570864	0.051991648460342	0.819727222051685	0.879771433114526
RAB14	-0.115325989388296	7.1867026895574	7.70283634208882	0.00572176124604148	0.0175299167338002
RAB15	0.232476232086698	4.02618096447405	5.4273674932939	0.0202242317271875	0.0496821158767845
RAB17	0.21900192463222	1.52076050626519	1.90932637306182	0.167660490630516	0.268455862400297
RAB18	0.0885283895880742	6.65258849602363	2.09437390490956	0.148474332280974	0.244272836312622
RAB19	-1.03108662295542	-1.78634459742931	48.1932911495573	1.21546861126647e-11	4.82076300674363e-10
RAB1A	0.120322278643849	7.45889702314352	7.95000935008601	0.00500123098560805	0.0156909349637166
RAB1B	0.177645365557529	7.9243653257483	10.8805189985203	0.00104166776373591	0.00416821655607678
RAB20	0.0208904822509173	3.46049143851766	0.065756652116526	0.797724748128135	0.863694759414524
RAB21	0.161810800949243	6.39887652854959	9.9206737235511	0.00173299386870619	0.00641246367882093
RAB22A	0.266400367043734	6.43294083616374	22.3762428233384	2.92682976677857e-06	2.74204424871969e-05
RAB23	0.0326389290482768	3.41622926998171	0.124298726187303	0.724567993855979	0.809050304581928
RAB24	-0.219902896435618	3.2029217206725	7.43389476529013	0.00662738935234978	0.0197285530720611
RAB25	-0.24849153770563	7.00924700348251	5.53067351686487	0.0190762869144221	0.0472928836568507
RAB26	-0.56548470077416	1.07411861485618	14.2583913401329	0.000178673525451264	0.000940029257531451
RAB27A	-0.226625628449226	4.6559875436561	15.8058948952684	8.06285493233573e-05	0.000475571782449633
RAB27B	-0.464785641115394	5.30291138226126	20.6276525593542	7.01289368587249e-06	5.85112893141473e-05
RAB28	-0.142827796061437	3.52855611872911	8.63738769466738	0.00344691678316268	0.0114929186390848
RAB29	0.0764429517271533	4.53382952753265	1.6980330915886	0.193150350158125	0.300180937478334
RAB2A	0.173234196017159	7.13462881256384	13.3166641689989	0.000290958707180594	0.00141294734776694
RAB2B	0.157422101213278	4.21067052323617	9.32753773107861	0.00237878009555444	0.00836858948992052
RAB30	0.158628841847012	4.0256142362092	3.71042203263948	0.0546451724342557	0.111029686452726
RAB31	0.213708923949064	7.49368944141146	6.22538157554375	0.012917416566155	0.0344039229516553
RAB32	0.219971440637035	4.83386669929923	6.40220281895319	0.0117063689414917	0.0317546663668122
RAB33A	-0.444955854843636	-0.0633519656281312	22.5322528505405	2.70804695153307e-06	2.56942924477913e-05
RAB33B	-0.128117041821896	3.14614143119285	5.55199515817188	0.0188478933679976	0.0468235057349357
RAB34	0.186586721133401	6.25591206566945	7.70100736349868	0.00572747156765395	0.0175434307983676
RAB35	-0.0343286090018679	6.20786913757675	0.904194006479683	0.342123004831131	0.465542756826216
RAB36	-0.442190222847784	2.99453626547999	18.7763489824355	1.78030972350262e-05	0.000128640196230049
RAB37	-0.669652711870161	0.854699977564059	33.6447570735425	1.1800052777964e-08	2.27116805296478e-07
RAB38	0.324539469280409	6.18362176798654	6.73321600098225	0.00974370222229101	0.0271369716210341
RAB39A	-0.349350892291287	-1.22666604134055	4.54569440395512	0.0334925945789455	0.0749001057872439
RAB39B	-0.861307600815404	-0.409912797976565	35.4834876098461	4.87998634353627e-09	1.04454945781883e-07
RAB3A	-0.0731035581096211	1.09993133391617	0.842700736887742	0.359071918623444	0.48248961301734
RAB3B	0.945945180438448	3.48910693727051	14.6119631206305	0.000148884234797307	0.000807062919575136
RAB3C	-0.451465318593777	-0.957996407881234	5.81155008664293	0.0162841511234089	0.0416139813619175
RAB3D	-0.044186009234052	6.10516671301172	0.283364894850153	0.594742685044205	0.701940165883363
RAB3IL1	0.486980528633939	3.16828162542192	24.7072455845798	9.20780938043675e-07	1.01464604286161e-05
RAB3IP	-0.0665638343760023	4.4270531019804	0.596115888132797	0.440431759600752	0.562626148321245
RAB40A	0.268923225587182	-1.35080308609204	3.62357346667524	0.0575452544582719	0.115577327250625
RAB40B	0.205260908325659	4.02333476827167	5.90365013081832	0.0154636315946089	0.0398665689192593
RAB40C	0.0617313520990221	5.36929144276141	1.16943299651656	0.280043565807359	0.399300817860137
RAB41	-0.177686874065425	-1.39723817805577	4.69378641176317	0.0307476345157827	0.0698033419941633
RAB42	-1.45590370720285	1.74450813810919	135.021742035803	9.03232106678481e-28	3.48002427387409e-25
RAB43	0.126970871251579	1.28701173999309	2.38573811800997	0.123085167766299	0.211019910983367
RAB44	0.901674640987256	-0.354639539384402	24.3658886455882	1.09007684114925e-06	1.17142015319063e-05
RAB4A	-0.0431490795810334	5.12753823870327	0.685619178263741	0.408056923923491	0.531143592578019
RAB4B	-0.11070399469868	3.45434646127068	2.84107810282662	0.0925118533677979	0.168612582215206
RAB5A	-0.2846720241781	5.66474911856927	30.3401068138921	5.83238275890496e-08	9.16529427575626e-07
RAB5B	-0.0782014905208208	7.38727155457889	3.28113525982018	0.0706855318558472	0.136182787331169
RAB5C	0.154654101453255	6.64028175206193	22.73787550164	2.44463194251188e-06	2.35547528921854e-05
RAB6A	0.116071178838618	7.29654413452571	2.84911435588823	0.0920532730625319	0.16801805427605
RAB6B	0.613680507592377	3.70460853967059	9.36562149204594	0.00233076598871141	0.00823168636095467
RAB6C	0	NA	NA	1	1
RAB7A	0.175216356063053	8.61010099628619	13.2008090661496	0.000309006475630732	0.0014865381757433
RAB8A	0.0261653386276515	5.51570060487323	0.424975534310184	0.514766864657629	0.631093236652822
RAB8B	0.00164608545365205	4.66699558929744	0.000566085059437045	0.981027663086154	0.987711285989121
RAB9A	-0.128680603798255	4.81162587823146	5.48936034814453	0.0195270306388075	0.0482385176394448
RAB9B	-0.886326045694895	-0.585358217311506	34.9151794349452	6.40828566838175e-09	1.32437903813223e-07
RABEP1	0.112101320601609	5.67903959669157	6.25364704083467	0.0127154760972887	0.0339625046143971
RABGAP1	-0.0255304522137658	6.15996831580244	0.244114910802787	0.621468636218169	0.724800394326661
RABGAP1L	-0.0907228028633738	5.11506752047519	3.71366906427726	0.0545398081155643	0.110878253076549
RABGEF1	0.205585564291432	2.6774161425874	12.4164272830336	0.000464974445826341	0.00210408738321081
RAD23A	-0.0142521858607266	6.89065792210605	0.096706749084012	0.755948761932326	0.832730665503282
RAD23B	0.023843697779896	7.99465761729448	0.233820759521317	0.628918669237096	0.730881676584056
RALBP1	0.0154122565610723	6.97603267291679	0.0546605105864895	0.815239972197709	0.876238798452614
RASEF	-0.725284950514757	3.62679901788193	25.8878259502487	5.14369999746894e-07	6.15873868731353e-06
RBSN	-0.311469679434101	4.63796122729399	52.4026268597436	1.73397927774955e-12	8.04566384875793e-11
RBX1	0.0253180708862016	5.99532800030107	0.156188388210996	0.692860303744451	0.78360650102368
REPIN1	-0.327845191194478	5.60347147538115	14.4809605283178	0.000159286584099302	0.000853431174205746
RER1	0.0993661642821724	6.64072322213224	4.08732328420634	0.0437427550465469	0.0929850979106887
RFT1	-0.114036308096244	4.41395461662324	7.27557509163784	0.00722795882584155	0.0212119749219746
RFWD2	0.0364262045061881	5.45274697929631	0.829639649907271	0.362819438081397	0.486136323374225
RNF185	0.0222492229767648	5.26337833817732	0.285336661737943	0.593463988808758	0.7008527105932
RNF5	-0.18859817898101	4.93289167719338	13.3716799713188	0.000282765675956287	0.00137812338478266
ROCK1	0.0673182751350531	5.74522872221791	0.994670448800565	0.31909012361889	0.441128244198191
RPN1	0.0856940758470882	8.66356546758391	3.87805945875317	0.0494775422850196	0.102459684455474
RPN2	0.155704655360904	8.59234654148561	10.6713955402446	0.00116343472667473	0.00457819946429581
RRBP1	0.162312482965856	8.29553556688842	8.60926021290075	0.00349961714355006	0.0116380609570339
RUFY1	-0.190826473658114	5.40444858440557	18.3750329723629	2.18077057260753e-05	0.000152816842723547
SAR1A	0.117395609652562	6.83235922854593	7.93363247690223	0.00504596483824572	0.0158105921216947
SAR1B	-0.108310667429196	5.56308723805629	5.66316460888087	0.0177021388941528	0.0444997493627218
SEC11A	0.0664239534873838	6.4981171740985	2.34388130823631	0.12641370597936	0.21545952446565
SEC11C	-0.384754423615956	4.73298226728028	34.2344949472149	8.88572871342081e-09	1.77025376473469e-07
SEC13	-0.165842050579634	6.56445353973977	13.2813536919414	0.000296343358438982	0.00143521982080347
SEC16A	-0.0417530781769649	7.14325507081176	0.687741040972455	0.407332949544934	0.530297213502776
SEC16B	-0.156964232941312	-1.62912222383523	1.44325935569019	0.230186291994459	0.344059538349321
SEC23A	0.330490134019885	6.1079510659917	20.506263593228	7.45307332831177e-06	6.14707607536907e-05
SEC23B	-0.0357629403079487	6.18797326550535	0.561174599070425	0.454142682047254	0.575540822781295
SEC24A	0.00644339604523725	5.32190519741015	0.0102790307857617	0.919285396922559	0.947613669867715
SEC24B	-0.00412969410738464	5.57070289010988	0.00597577731071872	0.938413574115709	0.960129517978022
SEC24C	0.0580373948722188	5.84809382116229	0.422095098417043	0.516194408896647	0.632412160942255
SEC24D	0.0868601054236599	5.76359197693346	1.27446322923922	0.259477070568774	0.376545417984387
SEC31A	0.0457432520506158	7.50137859814163	0.713857378879557	0.398573811566844	0.522012174236143
SEC31B	-0.566067206385331	1.56779386896948	21.1918806713995	5.28653752648344e-06	4.58634232695644e-05
SEC61A1	0.0692060949564675	8.85137721971279	2.79686138075718	0.0950800120904447	0.17201461855303
SEC61A2	0.0135561822530154	2.24510594572247	0.0505022951811172	0.822284138396436	0.881377836007557
SEC61B	0.00156872660183975	6.32843789225978	0.000757767794653914	0.978050018802304	0.986082708133342
SEC61G	0.560259382142316	6.7920869204832	16.3346644395727	6.15241110556459e-05	0.000377007730797108
SEC62	0.157702999088141	6.90981261404403	9.46254755830089	0.00221296871985643	0.00788294751520923
SEC63	0.0915821814687182	6.46825848014418	4.76801589042358	0.0294613400364475	0.0673580452078406
SEL1L	0.263567518105681	6.73678018008408	18.5691733860308	1.97681011994762e-05	0.000140486347654775
SELENOS	0.0986505220238723	5.87213568845214	4.19296561649234	0.0411184707484387	0.0886551538791159
SGSM1	-0.649693819172679	-0.494735421359766	15.4758295095112	9.54899347412497e-05	0.00054867931610578
SGSM3	-0.0726501564820393	5.85291097059178	1.99587968338109	0.15835498818907	0.256771032891298
SIL1	0.0061139942922495	5.65128826503037	0.00761748759834076	0.9304856102202	0.955279669114534
SKP1	-0.0426677054279805	7.48718499132963	0.853779170950296	0.355934969813109	0.479020887600618
SMCHD1	-0.165009021502374	5.83845635059025	5.78129330863035	0.0165634313904654	0.0421877695290617
SNAP23	0.106762794224848	5.1997249544541	4.98220592824711	0.0260553489419777	0.0610126121958011
SNAP25	-1.35444812779656	0.228559474341213	69.9455234153928	6.22137841746288e-16	5.43451258037162e-14
SNAP29	0.236094248697553	5.54767753587911	17.6207271833841	3.19627608195164e-05	0.000213461551814077
SNAP47	0.106292757911204	5.01987120132728	6.97935995902626	0.00850605682556652	0.0242985147714052
SPCS1	-0.189167583675939	5.89287624479292	22.4295408319015	2.85015350944558e-06	2.68068492239746e-05
SPCS2	0.130210383236467	5.1092315167127	5.48449471923669	0.0195808390068502	0.0483659052560733
SPCS3	-0.0356077942657989	6.86128877509159	0.61245435621191	0.434238873621312	0.556876844729918
SRP14	-0.0212907864667674	7.30013425682225	0.22512298041509	0.635372823945752	0.736676019638537
SRP19	-0.137405992949673	4.25109195512241	6.84735815896822	0.00914826915049025	0.0257210131862103
SRP54	0.145663345141894	5.93796167298535	10.0311422400497	0.00163403360740388	0.00611338808970803
SRP68	0.0926170556219422	7.01398035950144	5.65689004082633	0.0177648442894318	0.0446313787131788
SRP72	0.0946176141394155	6.91517096868543	3.96361670590506	0.047042233830416	0.0985803454861165
SRP9	-0.0477871835378437	6.63855724979033	1.16951968414063	0.280025762886497	0.399300817860137
SRPRA	0.122962007647922	7.26081699290015	6.31228510157309	0.0123068560103087	0.0330784576744308
SRPRB	0.186671060282005	6.57176213576426	11.220088964555	0.000870837393289191	0.00358297352185068
SSR1	0.185447675581559	7.7008745897082	14.3348268464319	0.000171760310429119	0.000907863904414175
SSR2	0.0789257352968478	7.37765239649878	2.26661392279113	0.132825340682438	0.224016223760204
SSR3	0.217695233742041	7.57937489388481	17.1941123754095	3.97006149854004e-05	0.000258083901453751
SSR4	-0.0517676618930964	7.2410066528833	0.482083969205603	0.487805139431087	0.607181475041257
STT3A	0.167723716828267	7.08923572602705	9.28111886118454	0.0024386674089405	0.00854722027538991
STT3B	-0.206064699225279	6.98148136064058	23.1102535477237	2.03147123468937e-06	2.01336809185383e-05
STUB1	0.0158042558085949	5.48103004264743	0.0893957169097109	0.765072089620782	0.839788235019119
STX10	-0.0820450584066149	5.39904682474808	1.80766057897737	0.179404011723344	0.283065259103706
STX11	0.0047916959238432	3.35981217120128	0.00169900420590804	0.967137919694269	0.978383709458156
STX12	-0.122553935401916	5.58914133368712	6.38284889449337	0.011833017000807	0.0320377933002148
STX16	0.1812628564126	5.85013168049113	15.5148357774205	9.35984712647503e-05	0.000539968079146591
STX17	-0.1546428786744	4.08982561769132	5.63427929587802	0.0179927214928997	0.0450769681373429
STX18	-0.0820420546754611	4.48492593246679	4.06907006187054	0.0442138121892428	0.0937734406561588
STX19	-0.46022316486869	1.30234692444418	9.7446969175639	0.00190339509113519	0.00693588588857303
STX1A	0.319803290665694	2.90680057581452	13.138891098551	0.000319112383793638	0.0015300375094959
STX1B	0.00912066044743298	0.511498380668909	0.00869885500851692	0.925728612163533	0.952162870574457
STX2	0.0620316177923154	3.452618658595	0.774226532532387	0.379339062013957	0.502493836076445
STX3	0.194002457046016	5.17645259991861	10.4749735528967	0.00129096278700998	0.00501238313703929
STX4	0.0676722768230855	5.76251593559655	1.53581801619071	0.215827770508673	0.327429333180645
STX5	0.0291449237643558	5.70560905971663	0.372601275662035	0.541869492441216	0.65549316937159
STX6	0.0485385571600432	6.42700934116167	1.25610324799184	0.262932642441198	0.380383176432298
STX7	-0.0438044316520785	5.40041326209198	0.877371177966319	0.349378806255954	0.47276244112753
STX8	0.0894676158391234	4.56726983329748	1.26267230592911	0.261689735779359	0.379067991888248
SURF4	0.181151590469142	8.26020317076584	15.3660763816407	0.000101021799835944	0.000576321087588666
SVIP	-1.17651610321982	2.68752424559775	65.7456606396056	4.05085197327285e-15	3.15527733484964e-13
SYTL2	-0.355880603521033	3.10940187240135	10.2527233081503	0.00145249743070777	0.00553303046697578
SYVN1	0.118523331964277	6.16922319727052	8.13793114501419	0.00451601539797396	0.0144074446586849
TBC1D1	-0.208605925745686	5.46302457874393	9.94266173523538	0.00171282198068804	0.00634217385538443
TBC1D10A	0.220969034289932	5.02292242074807	15.0761458612491	0.000117244200036474	0.000656032380702011
TBC1D10B	-0.0181925856812734	6.34846152121096	0.267577329078503	0.605192300206486	0.711006211230882
TBC1D10C	-0.896877649664769	2.91118214245911	51.2268232897734	2.98189545442596e-12	1.33203677690879e-10
TBC1D12	-0.104846848586834	2.96369668381304	3.64400639768488	0.0568485160600205	0.114503695155994
TBC1D13	0.0186333696838869	5.17892662134634	0.148734352822965	0.699913246138174	0.788750005445715
TBC1D14	0.102791955709581	4.98675438902011	1.46063881347696	0.227404684989198	0.340919633835548
TBC1D15	-0.0407807374382032	5.2214781120475	0.900912480409282	0.342999656520253	0.466412087293186
TBC1D16	0.341955372155304	5.57181627062416	22.0050390706661	3.5217303612543e-06	3.22790374997548e-05
TBC1D17	-0.127006577758253	5.20554855676122	6.27149938043902	0.0125896115108211	0.0336930610217659
TBC1D19	0.133843137581097	2.08022192870646	4.15072850290289	0.0421471977224092	0.0903495219134327
TBC1D2	0.0688068800231919	6.73177348340516	0.820008116749555	0.365617702460539	0.488803452895111
TBC1D20	0.0804098070060413	5.54048014656202	3.97796137077382	0.0466465016996798	0.0979127269843654
TBC1D21	0	NA	NA	1	1
TBC1D22A	0.0675511239902114	5.5823903661167	2.10279936592472	0.147662129723892	0.24324004511549
TBC1D22B	-0.0472535564369511	4.48900802322224	1.34476616132652	0.246753434634	0.362008155393152
TBC1D23	0.14512904230423	5.66905722153437	6.04861666101037	0.0142576557888122	0.0373238511646945
TBC1D24	-0.184175303109622	3.60093626213049	10.1150167709517	0.0015627490520111	0.00588650026993567
TBC1D2B	0.0913725681682681	5.60106669495866	2.09643827418388	0.148274863126605	0.244025815928271
TBC1D30	0.222746671983585	2.48163011451791	2.85524898402661	0.0917048741479208	0.167538049501739
TBC1D4	0.024024727571732	5.19811794943305	0.0766715994911323	0.781975100717525	0.852024795534105
TBC1D5	-0.297889649976912	5.31792517585376	24.39363784963	1.07521502467985e-06	1.15762671519423e-05
TBC1D7	0.102429104084805	4.12228332893556	2.81207546519626	0.0941876885964513	0.170804023449564
TBC1D8	-0.261599734324206	4.85142170377844	13.1911867130972	0.000310555464337722	0.00149232621348568
TBC1D9	-0.161605333549475	5.14134359725537	4.57071821674222	0.0330113282486103	0.0740079403877821
TBC1D9B	-0.0390204461495579	7.10009412306238	0.752469103940401	0.386115331404697	0.509561709608401
TMED10	0.324873262597097	8.37222508590894	41.2456172220289	3.14948457955538e-10	9.06043723846493e-09
TMED2	0.152552998683698	8.06853312138064	11.9361524594775	0.000597789510665667	0.00260616417096837
TMED5	0.0794384027665376	5.69521147913168	2.36122699074124	0.12502232678839	0.213560424573375
TMED7	0.0180187418876351	6.29568950307971	0.102550788294298	0.748924734788501	0.827468254700773
TMED8	0.0851923541314668	4.66112155502908	2.9208915668048	0.0880654340415246	0.162263006394529
TMX1	0.181218714399061	6.1667643679777	11.1494703781583	0.000903853661493401	0.00369557449315551
TMX2	0.10518637944723	6.43728404728181	5.01086231178712	0.025631848597776	0.0602300986000452
TMX3	-0.244461630848658	5.22548128546856	23.1231955436903	2.01845077158533e-06	2.00230316541264e-05
TMX4	-0.0971642994268965	5.31193199019972	1.74791498999701	0.186748779463342	0.292252967701535
TOR1A	0.0211102578095043	5.45950245280708	0.234290524921598	0.628574321265049	0.730678280028808
TRAM1	0.174526177246466	7.54293156408602	9.68296767350938	0.0019671277894962	0.0071344907123425
TRAPPC1	0.103524294259734	6.33868939270879	2.88778460758608	0.0898809482371331	0.164918049082778
TRAPPC2	-0.145558753750789	3.28584753509168	8.79086064990317	0.0031732951655204	0.0107173990219579
TRAPPC3	0.00396708938563003	6.09912951993973	0.00580864286780452	0.939279233021543	0.960559708582464
TRAPPC4	0.037973775924364	4.96236298867747	0.419408961384478	0.517531916366547	0.633655012343924
TRAPPC5	-0.035284408286214	-0.161500656659499	0.14390738500318	0.704589478247258	0.792773392921509
TRAPPC6A	0.0256194895225753	3.68283478946581	0.0622827588573698	0.803027039210093	0.867737336505082
TRAPPC6B	0.1229417954963	4.82076363151162	7.75499974790793	0.00556132964775162	0.0171171538487716
TRAPPC9	-0.106307041960334	5.07998420399887	3.51771317217248	0.061303686641676	0.121481295277443
TUSC3	-0.30653535639942	5.38461958216925	5.36344282796269	0.0209702618655111	0.051211586871564
TXNDC12	0.228750193772481	6.37330352397667	28.9293662018962	1.15893552825336e-07	1.69182631648137e-06
TXNDC5	0.0582626059403933	3.0768417454633	0.332067611938817	0.564705669319474	0.676105073039064
UBA1	0.00243044619009446	8.66666898030048	0.00251657144928403	0.960010757440333	0.973741379740418
UBA5	0.0199226684530095	5.08678517635374	0.221415804088341	0.638170225770544	0.738688883649424
UBA7	-0.693754287996574	5.35911047702084	57.0597977561452	2.05242917568864e-13	1.17462100516335e-11
UBE2D1	0.0443340731595952	4.44527911742034	0.788462322256204	0.374996121194472	0.498393267887885
UBE2D2	-0.198491354513016	6.44375491358428	24.4828188819911	1.028818864607e-06	1.11659916046588e-05
UBE2D3	-0.0191602192473535	8.08383373018819	0.190189084888559	0.662949148290567	0.759184269599133
UBE2D4	0.065341119535544	3.44436009906983	1.41584585682001	0.234657929796028	0.348786132080401
UBE2E1	-0.195212607976995	5.74766863420691	16.4290832691899	5.86281860403037e-05	0.000361494683786853
UBE2E2	-0.0590813536089338	4.54672113764811	0.670104556897894	0.413408491604317	0.536104196108591
UBE2E3	0.193378826820015	5.88554859838389	17.9642834525879	2.68505870618792e-05	0.000183447836113713
UBE2G1	0.0382989849662661	6.25592413723582	0.511728037044915	0.474728541406388	0.594920311865263
UBE2G2	-0.0994701206690452	5.95506433513824	5.13426513665489	0.023888440786876	0.056909158812195
UBE2J1	-0.182018693719197	5.95199405373497	16.1278621097284	6.83818603041671e-05	0.000412816736967742
UBE2J2	0.0814028248654996	5.784686923586	2.58430501630172	0.108564475438427	0.190903595929869
UBE4B	0.0908655180301284	6.22533522261536	2.90948440503094	0.0886864351099314	0.163184250719076
UBQLN1	0.0345781968561394	7.44473676766489	0.535221880809495	0.46476540184322	0.585734714379049
UBQLN2	-0.00963928979985045	6.32804478857548	0.0218056962218378	0.882665208372195	0.924375895867698
UBQLN3	0	NA	NA	1	1
UBQLN4	0.0167368749144497	5.82177995241442	0.140432197492844	0.708011989907159	0.795214299543824
UBQLNL	0.119930445153146	-2.23666834843075	0.844399982450646	0.358588299328688	0.481899791112785
UBXN2A	-0.00483638480138861	4.79896288709663	0.0134833350188958	0.907606235232247	0.939840282749614
UBXN6	-0.0180687038052406	6.90867784944897	0.133790405193726	0.714689974298442	0.801171657165438
UFD1L	0.213460545204506	6.31133552852498	15.9062424436845	7.65908877414742e-05	0.000455241045154283
UGCG	-0.293156465844269	6.47853983235808	13.7461768102053	0.000232861462591922	0.00117426197051595
UGGT1	0.0958123161486803	6.73793970290087	3.92386669485054	0.0481575072182775	0.100371558707646
UGGT2	0.0176250802127639	3.74252204445556	0.0872527790436793	0.767822850145429	0.84188640310714
USE1	0.0385793035121404	4.23344872061119	0.295379881999805	0.587037739335488	0.695433276445532
USO1	0.00714917782739764	6.49081332728309	0.0166826582814117	0.897282354125216	0.933770068401788
USP6	-0.227963520280836	-0.740278794641136	3.00581079261069	0.0835882077994358	0.155782946487054
USP6NL	-0.301398716986558	4.94948950920784	17.8455085636258	2.85173090953515e-05	0.000193365638290793
VAMP1	-0.493253690054707	2.2011500154272	30.5351454188032	5.30532506460387e-08	8.42293551095608e-07
VAMP2	-0.105061439196263	5.35977819097703	3.70853085889848	0.0547066396585615	0.111133646292545
VAMP3	0.0741785025648731	6.95410647100123	2.23570614014286	0.135491314883286	0.227481177334197
VAMP4	0.110015677682207	4.06391229158829	4.97383464080906	0.0261804364204323	0.0612324223530891
VAMP5	-0.0792250374477489	4.51999577966623	0.64246770149914	0.423202655678913	0.545852492762328
VAMP7	0.0128078667813255	5.42145971373222	0.0681679335226544	0.794131616148992	0.861057528018024
VAMP8	-0.100936435471443	7.01318381775144	1.69250934753424	0.193874900656547	0.301046769094325
VCP	-0.0200776421494615	9.16861524714904	0.08487175409765	0.770922662120634	0.843531263559803
VPS45	-0.0413474428960015	4.97776232796045	1.15924264201253	0.282146363201516	0.401503095398754
VTI1A	0.0116482865971062	4.55176502846329	0.0988583442223113	0.753336275760613	0.831023236658877
VTI1B	0.287496619151729	6.18065362642103	35.4765278442828	4.89628394418559e-09	1.04699923072099e-07
WAS	-0.544845531859777	3.31149191872621	26.0475193358601	4.75491566226606e-07	5.81587643588733e-06
WDR38	0	NA	NA	1	1
WFS1	0.310383323343288	4.96882814299994	18.8702699594133	1.6978354312968e-05	0.000123842113812237
YKT6	0.281080768994352	7.53719873336459	23.26073344249	1.88516404932394e-06	1.89535412526623e-05
YOD1	-0.11354683185912	4.78634420304673	1.75544898035667	0.185803585662119	0.291005964303562
YWHAQ	0.194913544875013	8.56581027433425	12.170857625665	0.000528661423677637	0.00234098473607174
