pspGenes	logFC	logCPM	F	PValue	FDR
A3GALT2	0	NA	NA	1	1
ABO	-0.606430057114446	3.84430377121967	1.52099605226515	0.220468153057856	0.806059078967259
ACAP1	-0.10425105045432	3.69316518475727	0.25075529208683	0.617685379573265	0.938373612979859
ACAP2	-0.110395525976638	6.42482041457439	0.348964573007964	0.556082546530173	0.925489594712248
ACAP3	-0.0828236214830347	5.76113202770821	0.338826267336378	0.56186662725172	0.927918831557035
AGAP1	0.0751144077591872	4.7946782928249	0.25432963495833	0.615193767425385	0.938206472842542
AGAP2	-0.0492263749605757	2.68427661944117	0.0588717119429272	0.808803797479167	0.974282842031314
AGAP3	0.145199000909641	6.54930500174233	1.28784553109188	0.259259753221717	0.824736647310742
AGR2	1.29643146042678	4.79343249126574	4.72175988869716	0.0322343668911161	0.545625624937429
AGR3	0.941020101591297	-0.4922678181066	1.37493239372786	0.243856227813762	0.816902879090395
AKAP10	-0.0822059085975911	4.51611136084065	0.832903379077382	0.363711508104073	0.874093988533403
ALG1	0.0430874423853882	4.38356931919696	0.152278126544416	0.697228820681518	0.955552714051809
ALG10B	-0.0727540660889083	3.0470395438037	0.292787060950985	0.589688488335546	0.933294194097159
ALG11	0.241251420916072	2.52729446065326	3.52993541239995	0.063292072643544	0.644927004833281
ALG12	-0.0357541193016574	3.93880105584435	0.115574283057666	0.734624767337976	0.961682471745186
ALG13	-0.0483125348162467	4.09965931378081	0.172408544635858	0.678902948692611	0.952145895578412
ALG14	-0.0113628129030513	3.09505073402596	0.00871027718337426	0.925836030961246	0.990145376269145
ALG1L	0.566746276376907	3.38469536080159	6.05194887030356	0.0156718179962686	0.444664478608747
ALG1L2	0.602135521078865	-1.80959775371313	3.65518656822952	0.0588650369337377	0.635116551952072
ALG2	0.0222582111071314	5.07587033679584	0.0599836180519453	0.807042519489494	0.973618177168568
ALG3	0.360048410988265	6.18932835738352	6.48319938628464	0.0124743246982081	0.413741525945979
ALG5	0.144811756947552	4.52901222480706	1.78281274326063	0.184949331770994	0.785923654903658
ALG6	0.0647156340344573	3.88498423160243	0.376786481028347	0.540774171867871	0.922052911974939
ALG8	0.202481330821639	4.76511303112485	1.94191157755109	0.166666256225962	0.775374838768868
ALG9	-0.080655701419862	2.68083089960074	0.475144857458733	0.492285926590231	0.912144273242259
AMFR	0.095977600530055	6.7840318106134	0.630620025348321	0.429078866582779	0.893111719781531
ANKFY1	-0.17848912307311	6.26963863941422	1.87087096249596	0.17455612618675	0.780136194132187
AP1B1	-0.203217486714476	7.63506251804037	2.73549265921635	0.101394631253982	0.717902359850802
AP1G1	-0.0162098292151756	6.87624529716174	0.0211423862038863	0.884695386200048	0.98479411979572
AP1M1	-0.0197594968538387	5.85055414792687	0.0487057777317932	0.825797644913167	0.976587613955739
AP1S1	-0.11503755987991	5.79588315183454	0.777553941907747	0.38008406904084	0.877374319886764
AP1S2	-0.145888505947348	3.7802896599577	1.13319981187669	0.289753474072614	0.843083072923752
AP3B1	-0.0316878787802948	6.13089830808135	0.0994199576026343	0.753208495131045	0.965387528912599
AP3B2	0.259795284471952	1.59280643172051	0.291528355573097	0.590488132579468	0.933294194097159
AP3D1	0.00192658482423153	7.54504639501472	0.000444606782619943	0.983220882135963	0.99828423896802
AP3M1	-0.0615964140006529	5.47879782651337	0.484787123090592	0.487937603296085	0.911135311897301
AP3M2	0.200559532697861	3.9339874244765	1.41965316544153	0.236386242183278	0.81426930349299
AP3S1	0.164261473553033	5.89660604308904	1.84582964043561	0.177440448484099	0.781577341098503
AP3S2	-0.207025275386474	4.22613797524453	3.70724119843558	0.0571246279060829	0.633392472442545
APPL1	-0.0613053887433213	5.4279336074019	0.243744793396642	0.62263760072562	0.93944248153439
APPL2	-0.102680914155086	5.37118191814683	0.779530621545181	0.379481574959153	0.877374319886764
ARAP1	0.194838589281923	6.93883845609263	2.45394310639001	0.120507506439432	0.738725241430391
ARAP2	-0.0587581990421656	5.70845968879697	0.10723093896809	0.744029157304378	0.963160736861135
ARAP3	0.292780934550611	4.12323940117934	2.68776714705641	0.104381552898811	0.723327334018995
ARF1	0.101176664720641	8.9063371103983	1.71581320179169	0.193346381828884	0.793457588848733
ARF3	0.0406645607176517	7.88574780331743	0.148171767746616	0.701136752561755	0.955552714051809
ARF4	-0.0330474977373967	7.31396721929131	0.0952956280218152	0.758216077497709	0.966685712906077
ARF5	0.0460857330572283	7.23283104580019	0.189094505740876	0.664643419733337	0.947495304466244
ARF6	-0.114597249892061	7.94902125542349	0.774521206545801	0.381011103936601	0.87792472461309
ARFGAP1	0.0332547294381396	6.39460362592122	0.0864609851622046	0.769357733641823	0.967320627042379
ARFGAP2	-0.0206650829630378	6.68442452126651	0.0383073881313671	0.84523923410564	0.979481827294148
ARFGAP3	0.055205066567614	5.68546759506988	0.253002223974692	0.616116502720534	0.938373612979859
ARFGEF1	-0.0652816084157103	6.36132779092474	0.378014821650014	0.540116421366072	0.922052911974939
ARFGEF2	-0.121969183869015	6.07815769198354	0.94513485642744	0.333394301596641	0.86482534913632
ARFIP1	0.0986536041827463	5.12859934299201	1.02786350253502	0.313199337068438	0.855516838239691
ARFIP2	0.159419395241088	5.78576498536324	1.77733794344017	0.185619134413333	0.785979350914359
ARHGAP1	0.0224074210137891	7.65603431678318	0.0208023597028108	0.885619819025366	0.984826687577366
ARHGAP24	0.152752993214326	3.16704342127533	0.324994974357778	0.569947706500012	0.928511517862434
ARHGAP5	-0.153623636762229	6.71719144072424	1.12440290116194	0.291622376361626	0.844182428019916
ARHGDIA	0.0662406576970111	8.24027737713023	0.34163239132719	0.560254160346417	0.927506009326505
ARHGEF1	0.006084075754415	6.84273558239645	0.00393228302000074	0.950128953696707	0.993893195161386
ARHGEF11	-0.0376238932361788	5.84748706199562	0.106441229230934	0.744940047513647	0.963426417403333
ARHGEF2	0.108297513950959	5.78333348511145	0.558246901123754	0.456786343251192	0.899847399910287
ARHGEF6	-0.350762196501569	3.78209772033866	2.58500840892586	0.111150897918272	0.728379443446237
ARHGEF7	0.0417735691435823	5.54150087921381	0.212444234682861	0.645896718996037	0.945808740299533
ASAP1	-1.71143256375329e-05	5.89329820700863	1.98345302499297e-08	0.999887920920439	0.999968448366625
ASAP2	0.149022501958115	4.72545532263803	0.544208254303919	0.462486167045776	0.902513320143383
ASAP3	0.0906226387313398	4.76910865877627	0.244684510846258	0.62196866822953	0.93944248153439
ATF4	0.0103661818475102	8.00930403916075	0.00773330140832135	0.930107461944901	0.991641406228386
ATF6	0.115390794769274	5.96511062724119	1.71998536534899	0.192810513084631	0.792119044210922
ATF6B	0.104827397492702	6.89328151282908	1.23270431562453	0.269644037615458	0.830243033972481
ATXN3	0.0269309156209916	4.50783751778136	0.0952564042278039	0.758264266524575	0.966685712906077
ATXN3L	0	NA	NA	1	1
B3GNTL1	0.0888552512439096	1.58279270565674	0.328808663873978	0.567696985747772	0.928511517862434
B4GALNT1	0.205657768030024	3.54957220149377	0.38475702637016	0.536532176165618	0.919606930268814
B4GALNT2	-0.0402145584987731	1.39127052869263	0.00388520265032145	0.950428007499706	0.993996799054429
B4GALT1	0.179928521477147	8.16399918753162	0.943437679630185	0.333826606967427	0.86482534913632
B4GALT3	0.0985008606042873	5.38608471697225	1.05756478212575	0.306345152587347	0.85254005085167
BAG1	-0.00599266837756482	6.39602280599031	0.00127140438389564	0.971629794870298	0.996593564502049
BAG2	0.21906285401948	3.27734391550698	0.765614109866955	0.383752531693868	0.879800934235068
BAK1	0.115925180709458	6.24558589529156	0.414749925060509	0.521098035943084	0.917639684279513
BAX	0.159552021694688	5.76103430408472	2.48026037371455	0.118560053509785	0.736770939113088
BCAP31	0.136335120226655	8.33104922536514	0.973974812484862	0.326161912569799	0.861410187457237
BCL2	-0.0926351166531673	3.47598436994628	0.0890389324255481	0.766044874223836	0.967202343513347
BET1	-0.0920549882058975	3.87043537212106	0.571593370665561	0.451470331085015	0.899817314734018
BET1L	0.12422320761614	5.85397997565956	1.68052213433932	0.197950453423267	0.796053597246884
BNIP1	0.0315004613242039	2.94650227109854	0.0769478595966825	0.782071096692841	0.968672523435439
CALR	0.0781435181994191	10.1785368477925	0.745421754986256	0.390073013346388	0.880480696819357
CANX	0.0809163257400185	9.22453002583731	0.601631222095148	0.439855366843893	0.89708247359812
CAPN1	0.012137990279114	9.16464254350985	0.00924625771325438	0.923595168087915	0.990145376269145
CAPN2	0.00137675830954233	8.3636423824734	0.000118981518750326	0.991319501824749	0.9985967451545
CKAP4	-0.137338922079499	8.2574821760219	1.18032028684153	0.280000451951339	0.837994228770205
CLTA	0.254698014385117	7.11167678480729	2.19195977136323	0.141994273148776	0.760478188772895
CLTB	-0.0687967864782665	8.04906162898946	0.0994231094353007	0.753204712406976	0.965387528912599
CLTC	0.0448460225748759	8.92372104804985	0.175865503953898	0.675883920874267	0.951658934132076
COG4	0.0920908540475888	6.19105307115769	0.86565821872024	0.354484650961775	0.870790452248416
COG6	0.150894979303826	4.33632828582301	1.98359961314138	0.162229343090709	0.773537696643064
COPA	0.00699133628464012	7.95570704615499	0.00569124966925678	0.940020704141856	0.992917122252976
COPB1	0.157441297300962	7.1505661440107	2.50161966258991	0.117005436517076	0.73347172795743
COPB2	0.100163337697902	7.66594875597818	0.798827551724012	0.37367049142605	0.876442242471039
COPE	0.0195216229975768	6.94284421507423	0.0413752387220205	0.83924416331566	0.979201634013402
COPZ1	0.0556560397880917	7.14719162568795	0.353417832446795	0.553577699624015	0.925168979182711
COPZ2	0.152538375418577	4.78958661433202	0.582653798486333	0.44713836399798	0.897489412890747
CRYAA	0	NA	NA	1	1
CRYAB	-0.48920197430045	6.69260592158234	1.38255605310597	0.242562470852419	0.816538151940629
CTBP1	0.235736080500739	6.76369718728285	7.60701928339139	0.00695676078868359	0.336659401903872
CTSA	0.011909164512542	7.41539873898184	0.0109089392074319	0.917032565057991	0.989558355166261
CUL1	0.0241013515596109	6.34231323195286	0.0752028222265404	0.784493740350657	0.968944938034714
CYTH1	-0.0443900094187383	6.29611934399758	0.147198698872106	0.702071903957541	0.955552714051809
CYTH2	-0.00170964650280873	5.91805969693471	0.000382983031724768	0.984426889838275	0.998312684153858
CYTH3	0.109596324899646	5.19510883319496	0.567611728361334	0.45304597392739	0.899837750122183
CYTH4	-0.240681795658776	4.03093160184466	0.892498550291284	0.347163399043262	0.869855641061535
DAD1	-0.00559123205957368	6.60897246290508	0.00256612148919816	0.959703755869916	0.994826698131471
DDIT3	0.362544228042087	3.63306916825458	3.8192698761953	0.0535643877137952	0.624159048064243
DDOST	0.0672601230840927	7.89279491410136	0.624649986267152	0.431264877230112	0.893426342679694
DERL1	-0.0325968455321377	6.63844213582566	0.115305810924761	0.734921381738521	0.961682471745186
DERL2	-0.0640325327073248	5.11169687060938	0.361172204522351	0.549266686919422	0.923579768109961
DERL3	-0.080630164670519	4.33369800222586	0.0395413029448242	0.842798986816613	0.979481827294148
DNAJA1	-0.0512650935523709	7.70089004846722	0.0888244575484293	0.766318482476162	0.967202343513347
DNAJA2	0.0770689540345572	6.40200113670227	0.700186962717358	0.404790797774896	0.884456747845446
DNAJB1	-0.313749738380256	8.35549201273153	4.14603774292081	0.0444756585645206	0.599069241829255
DNAJB11	0.220607530563258	6.68801192553171	2.75528804465152	0.10018367318125	0.716650031979478
DNAJB12	0.00548443825011725	5.67454379924677	0.00346833223275479	0.95315962595057	0.994423549353156
DNAJB2	0.0240352860624107	6.93661303572629	0.0170533441445597	0.896373052765581	0.987393265954109
DNAJB9	-0.114382739818232	4.78113118380983	0.734621085042797	0.393515531872505	0.881520549023839
DNAJC1	-0.040427106385582	4.75148542021285	0.141279446245525	0.707838397789871	0.956487252447881
DNAJC10	0.184935821443179	6.43374350777832	2.54521141933707	0.113903032603426	0.731992441239695
DNAJC3	0.16125783652203	6.33085005592397	2.0473351301403	0.155707157154336	0.770616123036559
DNAJC5	-0.0220088398713843	7.63517723757854	0.0279761324296373	0.867515376926977	0.983831674248492
DNAJC5B	0.319540361469256	-1.38595212201043	0.476835506922616	0.491518806962508	0.911966735793298
DNAJC5G	0	NA	NA	1	1
DNAJC6	0.181384650680495	1.14386585101778	0.31119248589418	0.578242783614022	0.930423957708071
DNMBP	-0.0500475801679862	5.0663869150688	0.107445824902986	0.743781940966538	0.963113839998237
DOCK5	0.329151246633729	4.83618888624404	3.22218895682666	0.0757807783895905	0.675931868272658
DOLK	0.0658469829062714	4.57432018040205	0.362476783505561	0.548547619702153	0.923248674913615
DOLPP1	0.0440771849932048	4.87840230453622	0.119293085217443	0.730555129210336	0.961661866583252
DPAGT1	0.0219776447224533	5.18236123993608	0.0268170041344712	0.870263788828028	0.984391139500118
DPM1	0.00176933705588932	5.15969402029421	0.000263359603753058	0.987085758086233	0.998381386933229
DPM2	0.132646261631954	5.62238667475907	1.232396800523	0.269703403961289	0.830243033972481
DPM3	0.00163596286262808	3.44711467015909	8.52873306557787e-05	0.992650638310865	0.998765852425832
DPP6	1.00465244362285	-1.77806082604969	2.86032583423174	0.094020311272746	0.706233073918038
EDEM1	0.0369110790298402	6.00791937549265	0.0842643032627582	0.772223271016365	0.967823359168257
EDEM2	0.216647263565268	4.97089383850973	2.13180263547635	0.147522943835165	0.765484432439612
EDEM3	-0.0232207973241	5.54116156525328	0.0487412978201751	0.825735170672478	0.976587613955739
EEA1	-0.199309773083252	5.57502601607455	1.97037942602416	0.163621402964345	0.774723071216798
EIF2AK1	0.193113093336675	7.25456331765462	4.33125389566547	0.0400700859367382	0.578957574777021
EIF2AK2	-0.141690970196321	6.90911150465904	0.889198947313296	0.348052168222016	0.870513575002861
EIF2AK3	0.00298424239097255	4.39465718203189	0.000450855999528892	0.983103391070711	0.99828423896802
EIF2AK4	-0.0197746247432249	5.84720941705169	0.0269510311073843	0.869942917041843	0.984391139500118
EIF2S1	0.0697962106200894	6.99659649036057	0.239667543393064	0.625558708919507	0.940063625539179
ERLEC1	0.0853365236642332	5.54686548250416	0.728349573971318	0.395534700347859	0.882338190671778
ERN1	-0.0767513191920969	4.42559535461755	0.408258954788956	0.5243700750919	0.918196611407388
ERO1A	-0.0370687821753315	7.78721144538968	0.0365268122757007	0.848833687206458	0.980316199817909
ERO1B	0.196014665880592	2.84095495759221	0.550485440579083	0.45992362136678	0.901457631321471
ERP27	-0.457198771774736	1.07666969033101	1.79973064317093	0.182897436195489	0.785076744527939
ERP29	0.231591411591049	6.92393058361476	4.08978103783382	0.0459142577041959	0.601216883900225
ERP44	0.0300273992768238	6.52661353292827	0.0885158155028315	0.766712853386891	0.967202343513347
EVI5	0.0176581779394801	4.16103389182484	0.0250654058096788	0.874535435358602	0.984430806976129
EVI5L	-0.105146559608763	4.7482850533344	0.554554370342907	0.458274646371315	0.900312368005887
EXOC1	0.0127600029163178	5.49677651567368	0.0153236103955042	0.901740468324762	0.987614719066426
EXOC2	-0.0314164870420368	5.35313499600823	0.101742005116158	0.750439332029156	0.964395901635223
EXOC3	0.196429803802676	6.3775452128903	2.4661008227956	0.119603417421157	0.738427567832867
EXOC5	-0.0363870759967345	6.16315344181475	0.0847588610874058	0.771574622661574	0.967823359168257
EXOC6	0.158969673103498	3.24546030861566	1.05397514355173	0.307163001959079	0.853014692674276
EXOC6B	-0.077874406730399	6.39759805028425	0.242480038240832	0.623540449822381	0.93948343682108
EXOC7	-0.0611830572759068	5.90217281858352	0.368900996028073	0.5450322368428	0.923075143150122
FAM71B	0	NA	NA	1	1
FBXO2	0.095209428281904	4.89022522214145	0.0750953687936468	0.784643902592671	0.968944938034714
FBXO6	0.14403077130921	4.80278459377993	0.486708946067298	0.487078617090578	0.911135311897301
FBXO8	-0.00881257682522131	4.06766457895703	0.00690948816861185	0.933925867817634	0.992570547078922
FUT8	0.0211098626845305	4.42778838208218	0.0113244351419462	0.915473217481472	0.989517976902323
GALNT1	0.105500507024218	7.00928019096049	0.505878900557379	0.478646118120051	0.909930060854048
GALNT10	-0.341963578918829	5.84513936334	5.04826800294965	0.0269321976783084	0.522954444032422
GALNT11	0.100195478535461	5.07269064954569	0.324247838879396	0.570390694682062	0.928522813492271
GALNT12	0.236229763634511	2.87861079821262	0.631882004481746	0.428618938660455	0.893111719781531
GALNT13	0.29347849925779	0.659273583537957	0.432077172419827	0.512538153032859	0.915007144603084
GALNT14	0.0241549497068506	4.43468129013343	0.00529810758171598	0.942125578915745	0.992917122252976
GALNT15	-0.0646966532309655	2.78690381330369	0.032320084660388	0.857704377055843	0.982286786325362
GALNT16	-0.410480146858617	0.531970586698769	1.04875888047916	0.308356565364159	0.853724962742349
GALNT18	0.236963289936013	5.58471519920169	1.64500122988227	0.202716652444845	0.79843701894597
GALNT2	0.0914314709230116	7.65207088345452	0.250482934240285	0.617876145978948	0.938373612979859
GALNT3	0.121739280935353	6.08869707551246	0.411356373037936	0.522804142116218	0.918149727012498
GALNT5	-0.0302825215263791	3.83107915542414	0.00453527442037877	0.94644699951488	0.992998851588527
GALNT6	-0.162831123383327	6.78150684447788	0.257083050904101	0.613289364597881	0.93743786559102
GALNT7	0.0420990617312971	5.3461389815325	0.0534777194062032	0.817608860341311	0.975169289613019
GALNT8	0.919904119347834	-0.675897799868365	3.00867102646781	0.0860170668113362	0.689546041327493
GALNT9	0	NA	NA	1	1
GALNTL5	0	NA	NA	1	1
GALNTL6	-0.479757102716297	-2.31004487342024	1.4890294411853	0.225344318211726	0.807433091257143
GANAB	-0.0179217005847847	8.92268407196105	0.027603147111126	0.868393267120835	0.983916828988711
GBF1	-0.141733814484918	6.85519850252834	1.94643343421255	0.16617824874618	0.775374838768868
GBGT1	-0.00436881063199176	1.92460632911303	0.000455117505023141	0.983023737413585	0.99828423896802
GGA1	-0.0501988072981329	5.54945143452055	0.355898687458061	0.552191545529591	0.925015725563014
GGA2	0.141457665070145	6.10355988451122	1.22146068151996	0.271825427480516	0.831196014938733
GGA3	-0.0408319827586255	5.17148940884269	0.249762231301289	0.618381572133929	0.938373612979859
GIT1	0.192855479559318	6.61147612628755	3.74554379879613	0.0558794932370628	0.628092470613473
GIT2	-0.0522413146731034	4.60954346157968	0.26564063871712	0.607451337768121	0.936184118901328
GLT1D1	-0.493964898180498	0.156852693456991	2.84319697023846	0.0949961068295954	0.706689572037315
GLT6D1	0	NA	NA	1	1
GLT8D1	0.0110120708600177	4.78496602631617	0.0111388175897672	0.916166197921572	0.989517976902323
GLT8D2	-0.342352649508011	3.31460185826599	1.49238148383308	0.224826902298522	0.807095941273219
GMCL1	0.0920951577719106	4.56722012747362	0.552980721482833	0.458911264246136	0.900576205326222
GOLGA4	-0.195048012799942	6.51976526616377	2.66638176872964	0.105751592267989	0.723327334018995
GOSR1	-0.00975254900570525	5.45216012150578	0.0192101403748492	0.89005490365419	0.985700270689882
GOSR2	0.0427861793658309	4.25108504746729	0.228373164975612	0.633814799067992	0.941485497467003
GPAA1	0.097157841515194	6.90447147352766	0.868091314892123	0.353812258869444	0.870790452248416
GPLD1	1.07258484788721	0.116611054278804	5.83328930871097	0.0176111568576823	0.464891323479972
GXYLT1	-0.0601411553881903	3.73638318940716	0.280183966690129	0.597797721150284	0.934432545960074
GXYLT2	-0.501805672706683	2.76811784450439	2.65930289769849	0.106209493732732	0.723327334018995
HAS1	1.26909781381259	0.707958751786919	6.93473101141919	0.00984813535834365	0.388496485982038
HAS2	-0.286845137865342	3.94674148305347	0.596393520455039	0.441846917296965	0.897489412890747
HAS3	0.0297231546120676	7.93892075206206	0.00909270348882261	0.92423030176621	0.990145376269145
HERPUD1	-0.143486306085978	6.38458467097083	0.81095482467908	0.370082729829464	0.875399795229234
HSP90AA1	0.238040425418459	10.3048670956196	3.57306862211035	0.0617281452128746	0.641635797539931
HSP90AB1	0.21586187284569	10.5164002261229	3.94867465078081	0.0497467102261619	0.610867163185419
HSP90B1	0.175106399331982	9.72852152738077	2.61414234855829	0.109183244526341	0.728177117263248
HSPA1B	-0.435600466780658	6.97717722409841	3.50601972307357	0.0641776613782252	0.645798974224105
HSPA1L	-0.0698500235345548	0.607284903787588	0.270410423390834	0.604248932979976	0.935387995092366
HSPA2	-0.353335598430876	6.93538775595741	1.34093436137842	0.249730688838346	0.820013487028177
HSPA4L	-0.000960735795487468	6.07393573498707	1.93545536782655e-05	0.996498906070739	0.999218289365354
HSPA5	0.163133937369438	9.77022032495054	2.27831728159347	0.134465486315011	0.751205004565343
HSPA6	-0.640572133143784	3.56140377075666	4.57855640868653	0.034899658173918	0.55506779961791
HSPA8	-0.0492550566357835	10.5002908895674	0.118392048694015	0.731534580425544	0.961661866583252
HSPBP1	0.0567632009267353	5.67249319074134	0.253773994660719	0.615579645918367	0.938373612979859
HSPH1	0.0127960353916091	7.91163832393844	0.00458827435924324	0.946135474391891	0.992998851588527
HYOU1	0.115563690570667	7.62278592735606	0.845923798713598	0.360004220352416	0.873637151763751
IFT27	0.200206151695973	3.51973391892256	1.39470776669359	0.240517731392448	0.816473509343799
INPP5B	0.053352599682522	3.93611417695165	0.326841764359066	0.568855609250069	0.928511517862434
INPP5E	0.099082693544265	3.92669226168911	0.54270399046015	0.463103651510754	0.902513320143383
IQSEC1	-0.0814596978399039	5.30376274424569	0.437670615966071	0.509827415834717	0.915007144603084
IQSEC2	0.0734699893455411	4.12362212516758	0.29047806975982	0.591157080718808	0.933294194097159
IQSEC3	-0.170018532392217	0.149192742347528	0.335647757281822	0.563703928505103	0.927995065208114
JUN	-0.205409010354668	8.41562653456369	0.860754624331777	0.355845146095738	0.87142189473809
KDELR1	0.163942709148385	7.56223182141852	2.2675027842025	0.135382999409405	0.754412666847323
KDELR2	0.193617710679601	7.96408938054873	2.70816346088192	0.103093243137209	0.722812214327855
KDELR3	-0.153308673715031	4.37807107635978	0.393309518156295	0.532047724751981	0.918879082815715
KIF20A	0.0523395580219692	5.44409912081289	0.0880469392661268	0.767313401204641	0.967227227253985
KIF23	0.0297862860014394	5.27903870657014	0.0363595279141012	0.849176010960609	0.980316199817909
LARGE1	-0.1560019088728	3.8350001056503	0.472994651570426	0.493264485262221	0.912377857172219
LARGE2	0.0690105712549722	6.08052463877992	0.060544241112016	0.806161045964875	0.973618177168568
LMAN1	0.0520705892557461	7.05150448243235	0.151765684800437	0.697713157880382	0.955552714051809
LMAN1L	0	NA	NA	1	1
LMAN2	0.0104204265317729	7.22633145906566	0.00901058523853543	0.924572182661252	0.990145376269145
MAN1A1	-0.187478124394365	5.85056265840999	0.764793121246087	0.384006634441329	0.880102134161153
MAN1A2	0.0807205376689007	5.80196485869808	0.227298153776665	0.634613635553456	0.941765515915433
MAN1B1	0.250150638030782	6.61157966693227	4.58585975209143	0.0347582100351328	0.55506779961791
MAN1C1	-0.356675594134185	2.59435961389759	2.09199015464067	0.151317300298559	0.767951095668838
MAN2A2	-0.0150854799222799	4.44830951211362	0.0075948163638978	0.930734480055487	0.99196579827176
MAP2K7	-0.0310133648280281	5.39953827842772	0.122952059592366	0.726619753041643	0.960699199049773
MAP3K5	-0.042050289538779	5.46444155984762	0.0660772144216286	0.797684361996302	0.971943647858885
MARCH6	0.0795987105499912	6.79545219147904	0.47300585352573	0.493259378751962	0.912377857172219
MCF2L	0.288405038527327	3.62732454654732	1.10177782659383	0.296501116307905	0.845938541040859
MGAT1	0.0216430885218692	7.44877420051475	0.0388648007853993	0.844131886889734	0.979481827294148
MGAT2	-0.122192240405453	2.2724476075302	0.492481235800977	0.484513716750644	0.911112938895053
MGAT3	0.379890817019573	2.55036832916348	0.773007785031929	0.381474927613445	0.878147122374154
MGAT4B	0.18061057967753	6.6174444496603	3.30424168827271	0.0722079407956825	0.667016590072268
MGAT4C	-0.539636228465362	-1.93341222631649	1.11834252910611	0.292918957109991	0.845486603786203
MGAT5	0.00400230861900285	5.96704732034063	0.000956640774908389	0.97538963336311	0.996811179041021
MICAL1	-0.329797550196417	5.19290600409309	4.27115382933911	0.0414462001708483	0.589841482162094
MICALCL	-0.0701949426967262	3.26666236943323	0.0498733106018482	0.823756509491481	0.976381331342611
MICALL2	0.337041422398313	5.06610903479534	4.03167973491604	0.0474524970271891	0.603936856606926
MOGS	0.126264721187998	6.24371661777261	1.87831107564164	0.173709730448849	0.779612418853743
MON1A	-0.16069331266282	3.44067889449839	2.15014472919084	0.145811582123022	0.763578136607687
MYO5B	-0.190400627987318	5.71887558281001	0.476647904717111	0.491603830775637	0.911966735793298
NAPA	-0.186688495816984	6.51748011258282	1.93162200743989	0.167782938164541	0.775513286928608
NAPB	0.0618778761849247	3.29498613040023	0.222474941344321	0.63822659316268	0.942985160723981
NAPG	0.101136894477554	4.95214644215036	1.02389927683194	0.314129383515081	0.855606411614903
NCKIPSD	0.163041981343062	4.28841465521043	2.28591707395423	0.133824932332003	0.75002114073426
NDE1	0.177630183093106	6.04371340933925	1.83766956807319	0.178392356976676	0.781577341098503
NET1	-0.0315758843928855	7.28204669384998	0.0374302927223925	0.846998737490095	0.979732339582004
NGLY1	0.0374334718395198	4.18231930844746	0.135008717698745	0.714099907713947	0.95855429499982
NPLOC4	0.0532154641291795	7.52846558382343	0.219578631352601	0.640419252185942	0.94411385484422
NSF	0.0225665732360916	5.1413547085628	0.0500266506479492	0.823490304947679	0.976232660428741
NSFL1C	0.00882299200044386	6.94089886703919	0.00476713759120447	0.945097272395859	0.992926694468263
OCRL	0.0754341479493699	5.18735961528143	0.396993637383508	0.530136913145684	0.918879082815715
OPTN	0.0721595717616863	7.16664082039571	0.203311762101072	0.653073647215735	0.947036512498043
OS9	-0.0555086553966637	8.02447446978199	0.422352889767418	0.517311285127278	0.916350668610447
OSGIN2	0.113204731301864	4.36216259544654	1.04462236365354	0.309307396752067	0.854133421058405
P4HB	0.0122649393321935	10.1038360855823	0.0118777164330699	0.913441017475252	0.988986896809347
PAK1	0.401525822261351	6.58141154830938	6.74498681409002	0.0108733644788928	0.399861443849427
PARK2	-0.0236866639149204	-0.14603117840284	0.00675370977510784	0.934673241720468	0.992617590291774
PDIA2	2.02416476739522	1.23889270327946	6.17323048825207	0.0146939964662436	0.434553458973984
PDIA3	0.0727845758271293	9.00324584496246	0.419484579361113	0.518734147445376	0.916620210106124
PDIA4	0.145926309362352	8.16815748235408	1.35818110012557	0.246729032410976	0.818134708247049
PDIA5	0.140169216482259	4.74187010191353	0.804338006696862	0.37203421055932	0.875399795229234
PDIA6	0.135959417658734	7.94306450305468	0.992026573068378	0.321741557436159	0.860189867861503
PDILT	0	NA	NA	1	1
PGAP1	0.219571321918787	4.5358116131699	1.40871375182263	0.238187222503831	0.814813150731026
PICK1	-0.0505105344375665	4.3831309847974	0.168405237025543	0.682443844244317	0.952952909396709
PIGA	-0.0329193446939884	4.05581370384006	0.0608843075807891	0.805628464654102	0.973618177168568
PIGB	-0.0853649394944253	2.8397882567121	0.648328527270377	0.422692809492185	0.892009410640886
PIGC	-0.0466306700467371	4.6005043319829	0.246556276087134	0.620641019799786	0.938977325025071
PIGF	-0.00133174427677739	3.18697574425051	0.000117457125738374	0.991375286208257	0.9985967451545
PIGG	0.197368213047758	5.30776152605993	2.87715489494379	0.0930723661576023	0.704352110649752
PIGH	0.0222121282998569	3.51132270643468	0.0320142028902795	0.858372068636592	0.982286786325362
PIGK	-0.0710053765975521	4.56385165795695	0.534288853102293	0.466582542604365	0.904920617778399
PIGL	-0.198550729156916	2.53338759399219	1.87315872801448	0.17429535606134	0.780109296276196
PIGM	-0.024488600105944	3.69994749396685	0.039227025059561	0.843416716352562	0.979481827294148
PIGN	-0.1349828125775	4.73592976627358	0.871857818341061	0.352774843108212	0.870790452248416
PIGO	0.245882231751834	5.63452386859106	1.73398776102435	0.191024857798521	0.791344926344066
PIGP	0.18109016895504	3.10983898946784	1.49353908088034	0.224648552707566	0.80699644176324
PIGQ	0.410081986934904	5.18092375166064	9.50722917025961	0.0026696755488151	0.233878271089381
PIGS	0.0987081855704453	6.13633468023979	0.873635548110997	0.352286656036064	0.870790452248416
PIGT	0.111991986272612	6.99568447236042	0.894699519149694	0.34657228161251	0.869679480145324
PIGU	0.205400884016161	4.9199434668268	2.39806568421566	0.124762798369675	0.740046000585938
PIGV	0.036275602733828	3.94750989152568	0.103462265488389	0.748410226084874	0.964034103939048
PIGX	0.319552598183297	5.36095690904506	2.43428296450912	0.121985801068106	0.738725241430391
PIGZ	0.391258336817615	2.51516677547232	2.46373018565392	0.119779106342231	0.738586326697267
PIK3C3	-0.0810578768544685	4.73103568347333	0.654354280266615	0.420552538918483	0.892009410640886
PIK3CA	0.253029750969006	5.33279224195443	2.60737239097991	0.10963698400202	0.728177117263248
PLAA	0.035699089042292	5.40219716300422	0.0576781412738002	0.810714157092683	0.974664126514452
PLIN3	-0.180459016610033	7.5802673935282	1.29337445589736	0.258246433859086	0.824736647310742
POMT1	0.0706026694309521	4.03756091443817	0.34850672660163	0.556341296722605	0.925489594712248
POMT2	0.182749057097636	4.43447485759529	2.00853199810638	0.159641108708695	0.772040677837417
PPIA	0.172138571974936	8.82215856060124	1.96579414555312	0.164107450161031	0.774723071216798
PRKCSH	0.0641499522136822	8.19646813860334	0.484193357427675	0.488203507500832	0.911135311897301
PSD	0.128853316814556	1.4731363314717	0.399144721773169	0.529026957320997	0.918665901846403
PSD2	-0.26512183563489	-2.45139019976117	0.478518587217875	0.490757117600807	0.911966735793298
PSD3	-0.0733919048073868	4.67496318909713	0.101604144345598	0.750602759859492	0.964433096967099
PSD4	-0.105159504148306	6.27831756756453	0.850187798978492	0.358801569914018	0.872893224758288
QSOX2	0.168028804960052	4.71462157385533	1.44697485655139	0.231960567653949	0.811306674318104
RAB10	-0.214275186262014	8.36547160375698	2.05278517120255	0.155163614675942	0.770410802247456
RAB11A	-0.164687909611536	7.54293949344987	1.43600866920548	0.233724627681333	0.811921062316329
RAB11B	0.0713636601430888	6.49112068937194	0.653895301607165	0.420714987338904	0.892009410640886
RAB11FIP1	0.0319965879893866	5.73637023627797	0.0112637714206915	0.915699061910871	0.989517976902323
RAB11FIP2	-0.141069858529841	3.4786379828087	2.06688055293369	0.153767951788035	0.770026024711517
RAB11FIP3	0.141108712025003	5.18058136479956	1.47514441385158	0.227503063058936	0.809659963859336
RAB11FIP4	0.144202584229221	4.47901253294288	1.11517704535542	0.293599155054576	0.845486603786203
RAB11FIP5	-0.0240070481972839	5.95309923191271	0.0252080288333696	0.874182003965067	0.984430806976129
RAB12	0.0943395156513205	5.41044053422801	1.01731995253175	0.315681025485675	0.855612950708956
RAB13	-0.00661479290732217	6.24405221287625	0.00362790910026891	0.952095474537788	0.99432273339279
RAB14	0.0180898765478615	7.1808277991169	0.0308461346798865	0.860952563140673	0.982784189893661
RAB15	-0.0302658858149801	3.73133958431693	0.0228131128645446	0.880259752565796	0.984430806976129
RAB17	0.289090554986728	1.45367468892171	0.635404910728917	0.427338978814792	0.892425819279891
RAB18	-0.037805310286388	6.72828112534947	0.0733246064224362	0.787135313798053	0.969309641797565
RAB19	0.116501376172165	-1.71425591370483	0.0979438745979338	0.754987344141193	0.965849719433394
RAB1A	0.017638256715421	7.50720472109128	0.0335389225836076	0.855075728795127	0.981827017513993
RAB1B	0.0554770869637182	7.93727330571736	0.271456248981559	0.603551580341322	0.935361291626579
RAB20	0.633675083110953	3.27165410583375	11.6516206215538	0.000939559080270641	0.130885452563159
RAB21	-0.266129933441932	6.43533749195672	4.15025929655293	0.0443696686541355	0.599069241829255
RAB22A	-0.0649550378379556	6.47464545106457	0.245884343396639	0.621116897826369	0.939249943054509
RAB23	-0.175134452575266	3.45479437546693	1.27268225781937	0.262064479090462	0.825070448344891
RAB24	-0.379781234382314	3.16651857919147	4.5723965137957	0.0350194364035149	0.555082491067178
RAB25	-0.206873927436178	7.00797614975111	0.680842386566503	0.411334367344652	0.888766453656004
RAB26	1.07805282146532	0.867590245852609	7.66103070394972	0.00676664183791107	0.335412136621564
RAB27A	-0.210331397575603	4.69341383475718	2.80486096612287	0.0972208534977293	0.709340446559911
RAB27B	0.0620143872776836	5.35629636948187	0.0816772097027344	0.775650563794437	0.968217202225326
RAB28	0.253652734895544	3.40286954371342	6.29682686819259	0.0137630594470976	0.425366298424898
RAB29	-0.0248617689768867	4.55988049982165	0.0304263712750529	0.861892183506182	0.982920120339202
RAB2A	-0.00837321564495295	7.11188860697361	0.00621460954827033	0.937329057665136	0.992889672614257
RAB2B	-0.0581216518191718	4.17155894035618	0.31830688639836	0.573937475284515	0.929781265188007
RAB30	-0.103252104251161	4.20944215338973	0.30064632711276	0.584745306203375	0.933239875010421
RAB31	-0.0720950851211515	7.51012287447987	0.165020589926904	0.68547615285162	0.954211190711728
RAB32	-0.0424538590521919	4.65473056718932	0.05932990560834	0.808075893549911	0.974157607192173
RAB33A	-0.0986056839419708	-0.0910369171366108	0.214994836291793	0.643925802787271	0.945360408830274
RAB33B	-0.0468334331137577	3.13967011301567	0.184924329421177	0.668135014290457	0.94904842194191
RAB34	0.199985062230878	5.9498054722062	3.0517106876221	0.0838376210655984	0.68885107726796
RAB35	0.0657498789347075	6.2369675398795	0.566918438655322	0.453321214276901	0.899847399910287
RAB36	0.605695369942869	2.84354564310656	7.27197054199273	0.00826724919602911	0.360361564624519
RAB37	-0.41932250720855	0.87551994005871	2.63440438808904	0.107837696915502	0.727079233016375
RAB38	0.222892945454094	6.32302708468835	0.593461068683479	0.442968050084567	0.897489412890747
RAB39A	-0.400713095546549	-1.18986341845031	1.34295001697678	0.249377553232754	0.820013487028177
RAB39B	-0.290766204911856	-0.519055468445237	0.695808049710995	0.406258489725463	0.885394291492705
RAB3A	0.226540590837757	0.896210965536842	1.22616656940399	0.270909727079206	0.830604513094205
RAB3B	0.563242819785345	2.71398743485696	1.00998198247415	0.317423565847231	0.856432997074782
RAB3C	-0.44960467995979	-0.920083605417999	1.12101599392345	0.292346069392842	0.845321756008467
RAB3D	-0.110374603674529	6.32326560260523	0.316179228854034	0.575218333720123	0.929781265188007
RAB3IL1	0.0992851345305046	3.07105653876867	0.183546452683998	0.669298940912201	0.949455294705623
RAB3IP	-1.02518997646983	4.47672582552373	18.7193923703575	3.69875714122777e-05	0.0194085514966766
RAB40A	0.273234195158612	-1.32532146318483	0.631178864348464	0.428875105215424	0.893111719781531
RAB40B	0.112931116920121	3.93791536427555	0.459316707865189	0.499567190717361	0.913828975238464
RAB40C	0.192413836557045	5.30491819167677	2.15010580598193	0.145815189630733	0.763578136607687
RAB41	0.101219488036487	-1.47633586192267	0.318276354180748	0.57395581578382	0.929781265188007
RAB42	0.239833311412741	1.39851222608808	0.657495972720857	0.419443113799314	0.891894294340934
RAB43	0.0982797297520112	1.38131913724211	0.306037133696015	0.581403141569062	0.93102479886614
RAB44	0.142682609156455	-0.499653604969138	0.139473235968475	0.709625425282206	0.957051241193667
RAB4A	0.0780052563862833	5.10485511402935	0.528572343847229	0.468969901960014	0.905655224391119
RAB4B	0.11964120054439	3.3238382631238	0.842393253909359	0.361004246960039	0.873853587674084
RAB5A	-0.0857455951708936	5.70443804044666	0.609299525990137	0.43696456804053	0.89621768957743
RAB5B	-0.126883162086935	7.41920554456993	1.60667317566198	0.208013901061856	0.799929766281278
RAB5C	0.0987803951996959	6.61449261822499	1.65834594121114	0.200910203262594	0.797921743110101
RAB6A	0.186854937958764	7.3422991903407	1.81600142527721	0.18094920522808	0.783265727747383
RAB6B	1.16839958788777	2.86293669637968	8.0513799835131	0.00554360809902589	0.306594304993427
RAB6C	0	NA	NA	1	1
RAB7A	0.172447389461688	8.58289115451008	2.10630987682139	0.149939809967856	0.767307394327924
RAB8A	-0.0410275674450812	5.57106969156655	0.212450685280124	0.645891716370037	0.945808740299533
RAB8B	-0.203350644236874	4.66468838541347	1.78454365441476	0.184738159040256	0.785923654903658
RAB9A	-0.0419391823556805	4.77751038888918	0.139634116776031	0.709465719273102	0.956955829745549
RAB9B	0.101410387908822	-0.687544628394449	0.0845251034596512	0.771880956004735	0.967823359168257
RABEP1	-0.117342308477188	5.61811307060547	1.56764827109593	0.213578725117483	0.805829394539521
RABGAP1	0.0299156365316504	6.06778124204059	0.0888702313533536	0.766260058078014	0.967202343513347
RABGAP1L	0.173701180894421	5.16162023175366	2.41474173569546	0.123475399130164	0.739599533549404
RABGEF1	-0.105095281723498	2.6819053727458	0.53986200968129	0.464273872045812	0.903354262747001
RAD23A	0.0243979660295067	6.7525531579302	0.0683610465902408	0.794296115536052	0.97175079617864
RAD23B	0.109436322452255	7.94476118594686	1.00785806388741	0.317930307378023	0.856607109235208
RALBP1	0.0257050039496566	7.00262019388177	0.0334658771582394	0.855231859951029	0.981828080842393
RASEF	0.0867652739524967	3.55084109268822	0.0606935190980803	0.805927065345585	0.973618177168568
RBSN	-0.0966894170215285	4.68390107245313	0.957842940047326	0.330181134331148	0.86382554401524
RBX1	-0.0318576864679157	5.81996091944407	0.0832760514278685	0.773525649766741	0.967843744999101
REPIN1	0.170872535646343	5.61030353967733	0.647348982163625	0.423042282972293	0.892009410640886
RER1	0.0228587616944954	6.56787507925186	0.0664153869061521	0.79717875629235	0.971943647858885
RFT1	0.0151080590123951	4.32791696189361	0.0279124255407062	0.867664894942629	0.983831674248492
RFWD2	0.172032457740002	5.36982274530841	3.54237025252514	0.06283685384929	0.643136095962714
RNF185	-0.190716514549949	5.27425778535182	2.94321426877917	0.0894520042159913	0.69952051424933
RNF5	0.0488842648301004	4.76256966341646	0.224816635143183	0.636466547275222	0.942196469970351
ROCK1	0.0391854308250146	5.81437713220717	0.0733813488732536	0.787054980557074	0.969309641797565
RPN1	0.257116504854264	8.53572241126064	7.31326998247783	0.00809269365298145	0.35898187886648
RPN2	0.117586509148497	8.53319724874471	1.20745276828063	0.274574478850968	0.833643146768238
RRBP1	-0.0266347804501911	8.31971623114864	0.0504981010781213	0.822674521920223	0.976232660428741
RUFY1	-0.023254556680409	5.43704712791526	0.0500342941068638	0.82347704681418	0.976232660428741
SAR1A	-0.0373812864138781	6.72323581095924	0.196479214068043	0.658571224098325	0.947495304466244
SAR1B	-0.0381642111518426	5.62526218165142	0.155244827372427	0.694443143540724	0.955552714051809
SEC11A	0.0250041049398023	6.37259932708531	0.0799015973870452	0.778036966262092	0.968661533182101
SEC11C	0.0720865183590794	4.63498909620864	0.202677610776216	0.653579173895944	0.947066905583441
SEC13	-0.00162537797924899	6.48770811206405	0.000244291861023738	0.987562009210465	0.998451455663524
SEC16A	-0.0263684490648087	7.17620130129632	0.0570495199131373	0.811728707117489	0.974664126514452
SEC16B	0.105437008482131	-1.4089603230804	0.126630196719399	0.72272956121537	0.960181520073456
SEC23A	-0.110626087064334	6.15077414570534	0.470502411998032	0.494402818415354	0.912697977980772
SEC23B	-0.0288461568161047	6.17824514142814	0.0630668933244396	0.802247279035497	0.973410860141542
SEC24A	-0.198055481024838	5.4322923896245	2.0573182743786	0.154713183112222	0.770321103651955
SEC24B	0.0565547112007383	5.60774851815016	0.273584231067065	0.602137915163523	0.935361291626579
SEC24C	-0.261665859000459	5.95564991499453	2.69000154222403	0.104239550735283	0.723327334018995
SEC24D	-0.0888836202355368	5.80291948428587	0.365967264774467	0.5466323601393	0.923112010236795
SEC31A	-0.0345545670659337	7.57443490658444	0.132170845381588	0.716987974379396	0.959223884136455
SEC31B	-0.189905621668283	1.35732564191499	0.36381039531088	0.547814373171165	0.923248674913615
SEC61A1	0.133804299282332	8.80471786742438	2.51682818469387	0.115912428940097	0.732167385104446
SEC61A2	0.176132317277719	2.11363117200551	1.88299186993348	0.17317969136889	0.779410415137014
SEC61B	0.0823846343107705	6.19564318876893	0.663243243259387	0.417424923116331	0.891140801856467
SEC61G	0.707742041186679	6.46364462732834	5.32062341153507	0.0232158696164627	0.499966185113692
SEC62	0.150111060807669	6.87554662736999	1.50921715395558	0.22224987495358	0.806059078967259
SEC63	0.0240188201007257	6.45467036499238	0.0920372852860839	0.762256859023619	0.967202343513347
SEL1L	-0.132067888570242	6.78322269087652	1.10853511352199	0.295033024548122	0.845486603786203
SELENOS	-0.0699797204258512	5.79473379439267	0.440761078824418	0.508340371572088	0.915007144603084
SGSM1	0.158026520632587	-1.10531128733407	0.23469777520522	0.629161269473296	0.940648771412753
SGSM3	-0.0181619352810752	5.68753902994566	0.039017116232773	0.843830737132229	0.979481827294148
SIL1	0.259185136891616	5.46952414654213	4.42658584105555	0.0379863077866735	0.567132148315401
SKP1	0.112053026096647	7.38287221289369	1.30067180221489	0.256916572698538	0.823742682361527
SMCHD1	-0.0381036563213926	5.80860164973514	0.0686497052355246	0.793872198039743	0.97175079617864
SNAP23	-0.0696901588356418	5.22724547649692	0.579508337116832	0.448363667450308	0.897645257912333
SNAP25	0.394638870171896	-0.411542984141508	1.41525666516951	0.237108032630502	0.814534060985977
SNAP29	0.190957105115939	5.67566846377141	1.05854840182325	0.306121546576927	0.85254005085167
SNAP47	0.190406050172007	4.90246819654373	3.92430378543765	0.0504427097791593	0.613887257542736
SPCS1	-0.00171903424394567	5.83612392857602	0.000392310925814349	0.98423840699802	0.998312684153858
SPCS2	0.245937585498909	5.15440134416365	3.24393905866121	0.0748152962085143	0.672618588646041
SPCS3	0.0443137659110639	6.90476209749778	0.264926469096626	0.607933959211347	0.936372115208077
SRP14	-0.045018589471403	7.18965105818117	0.233700313637879	0.629889999241568	0.940648771412753
SRP19	0.127732327457463	4.14733341937364	1.42329548503809	0.23579030837431	0.8138058062372
SRP54	-0.0230960070579823	5.89384986403742	0.0660870304662407	0.797669666486039	0.971943647858885
SRP68	0.0884340181743687	6.95937757696086	1.06975633280977	0.303588667119678	0.850512713436206
SRP72	0.0949092357448465	6.97874652070345	0.699554985336094	0.405002136527597	0.884466122362827
SRP9	0.0936487978483116	6.53081623333358	1.11464790331315	0.293713056025177	0.845486603786203
SRPRA	0.0325533429114579	7.30456852235807	0.0943824312020971	0.759340833479206	0.966940437494622
SRPRB	0.1834134326065	6.37053219072443	2.99629547029649	0.0866552071824228	0.692435239544829
SSR1	-0.0463915772713808	7.71834319310704	0.270331729179243	0.604301475373387	0.935387995092366
SSR2	-0.0194405450598574	7.22433779614283	0.030252313650789	0.862283761806088	0.982947748185035
SSR3	0.0106465353100364	7.52582461862327	0.00649700215271617	0.935924032502941	0.992824300343586
SSR4	0.12592271392802	7.02662745802142	0.619981398587699	0.432986221089753	0.894494484398401
STT3A	0.144193445310809	7.07214079493315	1.72364706180382	0.192341655953023	0.791812850546812
STT3B	0.092990638734132	7.02844566767424	0.791668177593659	0.375811644145198	0.877198931473195
STUB1	0.150047106523335	5.41800885248753	2.19033329486166	0.142140605643529	0.760478188772895
STX10	-0.0835882844028039	5.20098718236236	0.729319660945498	0.395221389871183	0.882319951210415
STX11	-0.354214155569383	3.6598014899249	2.04419899948987	0.156020922618905	0.770616123036559
STX12	-0.132478134210841	5.64918482518022	1.89468840387223	0.171863432092367	0.779410415137014
STX16	-0.0351657937178709	5.81471425252704	0.0975951995293468	0.755409685018118	0.965879232347545
STX17	-0.126820084903312	4.23915839023899	0.741313597929664	0.391377261444434	0.880537144609788
STX18	0.255475695389425	4.42017449221959	9.03802577363859	0.0033715001680688	0.259755709172451
STX19	-0.253578505646431	1.35187204282419	0.578547157216658	0.448739141492881	0.898146235936165
STX1A	-0.0148865551121869	2.75919771721033	0.00495723074928687	0.944015119904965	0.992926694468263
STX1B	-0.154361371092555	0.568580355518864	0.610370269333423	0.436563252002714	0.896199967437054
STX2	0.187303141788483	3.55830821493368	1.04869621255841	0.308370941735907	0.853724962742349
STX3	0.0162997596714747	5.19772763091338	0.0132947736422648	0.908444868743436	0.987683591375898
STX4	0.0424623544513216	5.67950399870813	0.181276479230294	0.671227786255837	0.949896797709105
STX5	0.0493583269355889	5.64007595645847	0.262204814397363	0.609780787556168	0.936858092086224
STX6	-0.0125605269946849	6.43081861756508	0.0146016514820754	0.90407146405232	0.987614719066426
STX7	-0.0125302816935057	5.46100266026726	0.0192730297706366	0.88987624684968	0.985675998422223
STX8	0.0924763956557566	4.29578269200002	0.419019046926417	0.518965733092134	0.916620210106124
SURF4	0.0716233126136274	8.20639254733856	0.543142802942682	0.462923387079881	0.902513320143383
SVIP	0.265214918785945	2.4712279858994	0.496288786873414	0.482834112766161	0.910961422612574
SYTL2	0.0738008993300343	2.90137846830752	0.143946671434652	0.705223211292131	0.956352511966717
SYVN1	0.0339650273357301	6.18796639465813	0.14651152317826	0.702734443291016	0.955803534695686
TBC1D1	0.0226525409368548	5.60447829967392	0.0243317019329559	0.87637012520901	0.984430806976129
TBC1D10A	-0.0383830327909177	4.90537211574779	0.0862231917597538	0.769666007888419	0.967320627042379
TBC1D10B	0.139353672514987	6.29822106985403	3.19437723034143	0.0770352055078828	0.676998092288571
TBC1D10C	-0.155350255300052	2.95128988693694	0.278415648957154	0.59895415135295	0.934432545960074
TBC1D12	-0.0824087756382974	2.92330351020363	0.485506138346986	0.487615932999201	0.911135311897301
TBC1D13	0.0807132894260322	5.12784510765534	0.740298952679999	0.391700359193509	0.880761018509117
TBC1D14	0.0711619053015731	5.20384500520969	0.170767151920173	0.680348858815432	0.952769541495254
TBC1D15	-0.135922010135739	5.1521136513784	1.65727195845739	0.201054874673008	0.797921743110101
TBC1D16	-0.0191645897358323	5.55778279518328	0.0143107934647042	0.905027053438437	0.987614719066426
TBC1D17	0.0503647453057263	5.15621508366163	0.21583276433494	0.643281418848016	0.945195768685713
TBC1D19	0.181518990952478	2.02129728920231	1.67661027557187	0.198468764059467	0.796184129957697
TBC1D2	0.230065416924153	6.69874169998922	2.21268641991418	0.140144473830999	0.759989036387618
TBC1D20	-0.135828915631349	5.4878119322214	2.06599638246326	0.153855072850096	0.770026024711517
TBC1D21	0	NA	NA	1	1
TBC1D22A	0.0198611404072312	5.47943066111783	0.0444395025219191	0.833483091267964	0.97814379548625
TBC1D22B	-0.00817904775216541	4.46082018911578	0.00894419090930079	0.924849751550584	0.990145376269145
TBC1D23	-0.118259122902627	5.68364996082238	0.679086822977232	0.411935951732053	0.888866697303191
TBC1D24	0.258885189887882	3.46519426697214	3.76423482144081	0.0552825409657988	0.627008351448031
TBC1D2B	-0.200574848176148	5.70446927765701	2.06131937507279	0.154316863482777	0.770295359853472
TBC1D30	-0.279201254036269	2.40749806419179	0.703281526521661	0.403758287777555	0.884344123869924
TBC1D4	0.178431457397506	5.32027508143137	0.957759890139552	0.33020199750909	0.86382554401524
TBC1D5	0.0246995139732163	5.38768877419056	0.0397011163564484	0.842485844276137	0.979481827294148
TBC1D7	0.154835037895274	3.96570910891445	2.28692308401488	0.133740399685856	0.75002114073426
TBC1D8	-0.0624982855560605	4.8120539097576	0.136731481895891	0.712363463038627	0.958004623518692
TBC1D9	0.0840952296671001	5.16968616911861	0.23400201022312	0.629669382022942	0.940648771412753
TBC1D9B	0.0103677708990907	7.14911624306738	0.0102487928227145	0.919573167209903	0.990145376269145
TMED10	0.0640189757730104	8.40240459724539	0.239296437623404	0.625826112788312	0.940159415580458
TMED2	0.0823247685220876	8.05162946269164	0.692483907934389	0.407377897359397	0.886382508373909
TMED5	-0.0361988321991402	5.75278663879093	0.108609509418374	0.742447912694171	0.963074692439103
TMED7	0.00860745283806467	6.3163542749431	0.00685508309476924	0.934185912268352	0.992595600382325
TMED8	0.0614916844556378	4.63835812201235	0.283978619088016	0.59533183432479	0.934089705586035
TMX1	0.0604867991820127	6.21503642268273	0.249048388277541	0.618883088031834	0.938485977017749
TMX2	0.0250891010300308	6.38019649312003	0.0599475773198659	0.807099335894913	0.973618177168568
TMX3	-0.040902637264288	5.33482310006898	0.157618025300733	0.692236837405614	0.955552714051809
TMX4	0.0700052210347412	5.33503673745618	0.157919677713678	0.691957779963552	0.955552714051809
TOR1A	0.122205500565634	5.33617619872922	1.81477666658188	0.181095005091825	0.783265727747383
TRAM1	-0.0443101810697777	7.5718721455175	0.15771173112113	0.692150117409567	0.955552714051809
TRAPPC1	0.0261809880912964	6.27893349052477	0.0393314676144844	0.843211144573153	0.979481827294148
TRAPPC2	-0.149331899287568	3.25435267503363	1.31543714436088	0.254251794992357	0.821702108477607
TRAPPC3	-0.0198953824590979	6.00560809985655	0.0487233660390543	0.825766706864711	0.976587613955739
TRAPPC4	0.0857440621790052	4.84730149051592	0.452738950243583	0.50264720715833	0.913828975238464
TRAPPC5	-0.3475587408209	-0.266637915036048	3.0927991717821	0.081813406986499	0.687452774119638
TRAPPC6A	0.233657098344043	3.25702846709151	1.22042094623113	0.272028273695231	0.831196014938733
TRAPPC6B	-0.0616412474680647	4.75414932116693	0.366814854413591	0.546169166026723	0.923100908479439
TRAPPC9	0.202861577548121	4.89793685974481	2.78210304655733	0.0985687959137449	0.71387255632883
TUSC3	0.327277734476971	5.26756583486405	0.847524354627342	0.359552131913989	0.873494209103255
TXNDC12	0.0339957057730911	6.25395802434907	0.119847013297671	0.729955049890259	0.96163112166752
TXNDC5	-0.215879625563105	3.25351769794746	1.23705214531314	0.268806444977988	0.830151704141973
UBA1	-0.0683102309969389	8.72476613015941	0.408159767243797	0.524420358785443	0.918196611407388
UBA5	0.143066519478998	5.02299069543213	2.11410736525584	0.149195777953211	0.766759660572567
UBA7	0.0686314078000398	5.49009254806325	0.0927740997224246	0.761336347629921	0.967194039598246
UBE2D1	-0.052770081470913	4.4552428734886	0.263287254246456	0.60904483221384	0.9367235720044
UBE2D2	0.0562439109714386	6.40566981099021	0.415728363515642	0.520607963590214	0.917385513037912
UBE2D3	0.0548117858946855	8.08879886930411	0.3633401506347	0.548072713335956	0.923248674913615
UBE2D4	0.0744017675987521	3.39883132181698	0.317032787432849	0.574703807043723	0.929781265188007
UBE2E1	-0.0847680866372309	5.71192847604169	0.624816449760825	0.431203694194763	0.893426342679694
UBE2E2	-0.028389471744023	4.53531123040938	0.029345012559342	0.864343977360878	0.983576976393857
UBE2E3	0.146656582393746	5.85773181974238	1.76543356909042	0.187085429478727	0.787521963521078
UBE2G1	-0.0734630086222627	6.25154351660832	0.373576537763934	0.542500035315552	0.922052911974939
UBE2G2	-0.221415220465767	5.92035623111904	4.37284649183631	0.0391463373600355	0.575269331942488
UBE2J1	-0.140360399095304	6.04218528557629	2.02330301500984	0.158130230275673	0.771431694818783
UBE2J2	0.0355665848207957	5.68057637206505	0.188661847715719	0.665003532232377	0.947495304466244
UBE4B	0.021500106175877	6.25774152805148	0.0388838038448864	0.844094281636408	0.979481827294148
UBQLN1	0.0837061140462451	7.44496442235079	0.571617199978237	0.451460927204669	0.899817314734018
UBQLN2	-0.0955123314824812	6.5126318983985	0.387883890213811	0.534884656881269	0.91906593685337
UBQLN3	0	NA	NA	1	1
UBQLN4	0.0440657549850309	5.82484576447349	0.153075385266768	0.696477152751794	0.955552714051809
UBQLNL	-0.14140046243802	-2.25733690892167	0.259183273695562	0.611845357335716	0.937129228812676
UBXN2A	-0.089000153027213	4.84294229858883	0.759002640830559	0.385805703499301	0.880200638419767
UBXN6	0.0696799753805957	6.7829636906591	0.56177594174396	0.455371098472312	0.899847399910287
UFD1L	0.0164253232682508	6.24143984232726	0.0175372124481534	0.894921731698086	0.986810110325956
UGCG	-0.0151254682822724	6.45766837002218	0.00552017182053508	0.94092736500845	0.992917122252976
UGGT1	0.0596412221858223	6.72703753455018	0.388281690343424	0.534675721561272	0.91906593685337
UGGT2	0.268455248254313	3.70348110271196	3.70705108268793	0.0571308822989793	0.633392472442545
USE1	-0.0105313353668415	4.03329427194111	0.00677016182652897	0.934593903089709	0.992617590291774
USO1	0.0482520978387097	6.56909226678173	0.181176571240834	0.6713130077493	0.949896797709105
USP6	0.465025557781094	-0.677826720847355	1.35105693552782	0.247963487754822	0.81850629998142
USP6NL	-0.235223254175868	5.05309287695049	1.77000629494313	0.186520586276225	0.786824292773862
VAMP1	0.0334223112422502	2.09844235445977	0.0188905418035984	0.890967464196291	0.986123779438163
VAMP2	-0.100536377427055	5.21322217113632	0.687919910503194	0.408922266310882	0.887241150284381
VAMP3	0.0154035557079285	6.99894384937247	0.0224710672487101	0.881153974714314	0.984430806976129
VAMP4	-0.0969104666310489	3.90600233546715	1.09433694217285	0.298128706069625	0.847132974436846
VAMP5	0.24953871450409	4.4819413658969	1.54178218785966	0.217365910550538	0.806059078967259
VAMP7	-0.00499068916614821	5.46478080108466	0.00210570781947213	0.963494468351307	0.995542447058624
VAMP8	0.0593344756519552	6.86684091085666	0.204912485845025	0.65180180962274	0.947036512498043
VCP	0.20992646029244	9.33093927902929	1.4628370798845	0.229437591766875	0.810995307285688
VPS45	-0.0171497935903776	4.91174456257942	0.0470922619108417	0.828661183126415	0.977534669299351
VTI1A	-0.083016576506414	4.53498313989877	0.849695004626261	0.358940275813102	0.872893224758288
VTI1B	0.0242395120567568	6.18814557756139	0.0451438939762154	0.832188366814243	0.977789997710984
WAS	-0.014734360624882	3.42659960618988	0.00313950145663625	0.955432898460634	0.994430023048067
WDR38	0	NA	NA	1	1
WFS1	0.430222025626747	4.85071009305723	7.89778989291879	0.00599485354842351	0.312755658303098
YKT6	0.119310706497379	7.49596382324313	0.872907593740495	0.352486448874313	0.870790452248416
YOD1	-0.354136787557793	4.84003724073612	3.4512307535395	0.0662575310537834	0.65093737119096
YWHAQ	-0.0909788099014488	8.58604656489123	0.492742093970637	0.484398336398516	0.911112938895053
