pspGenes	logFC	logCPM	F	PValue	FDR
A3GALT2	0	NA	NA	1	1
ABO	-1.6353309396098	4.25160712691227	32.5760739172451	1.88264519612328e-08	8.42959674893403e-08
ACAP1	0.509050337716032	3.65264587810834	10.2965638543011	0.00141104481445743	0.0028833656716547
ACAP2	0.119399939785302	6.41178465603284	0.82757581436872	0.363376050430438	0.425898106166264
ACAP3	-0.0303767775005357	5.78863903506178	0.0884138374878295	0.766316552237827	0.805910574750466
AGAP1	-0.393048874267872	4.78878645713331	13.9868920353853	0.000203549305082443	0.000482734003796041
AGAP2	0.573068608298849	2.54513471806835	15.2287310605665	0.000107147519017825	0.000265748354082524
AGAP3	-0.0317401221473419	6.53130893902747	0.107700418476792	0.742903397284058	0.784945241707375
AGR2	-2.43245262251182	5.33387670818111	71.443267585045	2.6100820744177e-16	3.02579696481586e-15
AGR3	-3.60363768887264	0.254156623288464	97.6502909042159	2.69935346583153e-21	4.80420870848341e-20
AKAP10	0.105987801430382	4.55067733242289	2.17960065196163	0.140427525670423	0.184849734952178
ALG1	0.340618369850722	4.29987997061226	18.8894146277825	1.65254287526648e-05	4.71173320187773e-05
ALG10B	0.279132347614771	3.01272803317102	6.74835457835593	0.00963678050338049	0.0167103923006674
ALG11	-0.186577539664453	2.51888797729578	4.3557537537133	0.0373475585556892	0.0564518540511052
ALG12	0.0521078454189602	3.90062639896383	0.332886921847258	0.564202010452008	0.622002596808507
ALG13	-0.0986596849971832	4.07295949634959	2.15528175015299	0.14265650387608	0.187503168153759
ALG14	-0.346928936736172	3.09065740756267	16.6350955926202	5.20588886363343e-05	0.000136217286937629
ALG1L	1.77637681506493	3.57033677438313	54.233804280551	6.60558630983644e-13	5.33247180714364e-12
ALG1L2	0.916681326838941	-1.52879445423474	16.1486463753504	6.67862247204706e-05	0.000171394231764025
ALG2	0.141485375307928	5.06522879246944	3.52750221835068	0.0608916071864075	0.0876993194986524
ALG3	1.05210147642368	6.26887980039969	93.0929899662047	1.91548358697675e-20	3.19088787735174e-19
ALG5	-0.0871385935630928	4.5710462372188	1.02928413415581	0.310776451243938	0.371330176271979
ALG6	0.0067744718963354	3.8500483400549	0.00848481955900657	0.926641999387266	0.940919598374521
ALG8	0.293331493912964	4.73251748351068	7.05394240667795	0.00814036838731077	0.0143180658862051
ALG9	-0.232824023707321	2.58361415730504	9.65748866740423	0.00198400431977766	0.00394022389679034
AMFR	-0.394787081204819	6.76641188306239	25.5329982049838	5.94218027148175e-07	2.13600233465639e-06
ANKFY1	0.115650794604329	6.11361748477663	1.3339829218048	0.248603361591196	0.30523707808516
AP1B1	-0.423891874939685	7.57852414379967	32.1276435614127	2.34085083259185e-08	1.03217599644576e-07
AP1G1	-0.238174818695382	6.76094071645481	8.42837516639915	0.00384352072557118	0.00720826182697017
AP1M1	0.41763286125521	5.76143980412838	33.0689738010908	1.48219794023269e-08	6.74192549807287e-08
AP1S1	0.60550820567328	5.79916347519547	30.8357684415513	4.39071308270594e-08	1.86037584062653e-07
AP1S2	-0.814421669186912	3.87503901031616	51.396244882058	2.46572927358107e-12	1.86605220751963e-11
AP3B1	-0.255457950764021	6.03245633884433	9.97329614805709	0.00167610599718171	0.00337603912115956
AP3B2	0.685917358742662	1.62050036157207	4.23890205670943	0.039981739104519	0.0600031937225875
AP3D1	-0.0311788171152553	7.47563704336138	0.211391028887613	0.645862419836341	0.69785100641866
AP3M1	-0.139387585648179	5.4885616072225	3.52966751141609	0.0608126717364009	0.0876054213717334
AP3M2	0.710708971319161	4.07623141859639	30.9267816860695	4.20010778833036e-08	1.78383928448922e-07
AP3S1	0.223491198816228	5.87313665335017	5.21147752072735	0.022821982222614	0.0363827875112856
AP3S2	-0.313510134022039	4.20675121084558	18.8302055738552	1.70286875338344e-05	4.84925912084539e-05
APPL1	-1.01001211973788	5.42904314745473	148.600766321318	2.12160421168249e-30	7.74097193344065e-29
APPL2	-0.214612666918975	5.3237902390832	6.30925526742406	0.0122984832938804	0.0208163338151795
ARAP1	0.2352779291624	6.83685073109245	5.82559681989801	0.0161229092346676	0.0265777533146306
ARAP2	-0.162038165697106	5.56849671056478	1.31573781613221	0.251861061959369	0.308523752363677
ARAP3	0.745614747402773	4.05702295453338	29.0157842759802	1.06894808429293e-07	4.28520149981246e-07
ARF1	0.0180096940879438	8.89791615447357	0.101652747038476	0.749977208755033	0.79104295831631
ARF3	0.215899429492468	7.7837268871275	8.21996848890014	0.00430323551958232	0.00798993292744812
ARF4	-0.223760756303894	7.32648696866817	6.70332829225333	0.00988004866270263	0.0170985113044424
ARF5	-0.121481626035284	7.30158338060804	1.81945771594125	0.177937282095425	0.227851204627289
ARF6	-0.593332963436516	7.90006046633438	44.8927015437209	5.19500282453877e-11	3.33736403115962e-10
ARFGAP1	0.828310313352875	6.43741879924897	63.4168629276516	9.77764413134231e-15	9.67296493117743e-14
ARFGAP2	-0.17367509046837	6.62558770522424	5.50983735691619	0.0192661865916874	0.0312056917842243
ARFGAP3	0.136387700310449	5.76387313706603	2.42610150244563	0.119909050643885	0.160651419816224
ARFGEF1	-0.102805875236318	6.31099894503612	1.39025608275168	0.23887566382223	0.2947261830643
ARFGEF2	-0.282766876269667	6.03373534286168	7.61298127148137	0.00598952196429861	0.0108261352358237
ARFIP1	-0.379365098674478	5.07420906498553	27.3674772933885	2.40217728282475e-07	9.12524127594099e-07
ARFIP2	-0.170122143734748	5.77622517019451	4.29213263878702	0.0387583279985482	0.0583939270601946
ARHGAP1	0.0333940460138206	7.40672681932559	0.112330353974545	0.737635293282265	0.780381238639022
ARHGAP24	-0.0713001428941213	3.35853485806649	0.144646858902837	0.703852405072004	0.75052478212879
ARHGAP5	-0.398437041133919	6.58636246338475	13.5900446052047	0.000250110654153472	0.000584301742560242
ARHGDIA	0.173119019858632	8.20148416213167	4.42572656840696	0.0358580434749006	0.0544326850058844
ARHGEF1	0.646300070566182	6.81265485613111	65.7144468105381	3.44678611179533e-15	3.57199646465778e-14
ARHGEF11	-0.199606631130369	5.76022223936774	4.65991532789686	0.0313099771024467	0.048267024662766
ARHGEF2	0.131164933076188	5.75542287717383	1.8862779496096	0.170186298048246	0.219114106992905
ARHGEF6	-0.735821591207026	3.68901856362538	19.5033315433267	1.21128576436795e-05	3.52655617973061e-05
ARHGEF7	-0.0203104071962539	5.55120535052522	0.0814451782726138	0.775456701846633	0.813610651797619
ASAP1	0.933593258865537	5.82979799224942	72.3970322101012	1.70291707571071e-16	2.00605991219057e-15
ASAP2	0.245945345049982	4.68518396690905	2.08685080520231	0.149145962819578	0.194937663903578
ASAP3	-1.26819911510734	4.84434889121199	116.231940748471	1.06232325199656e-24	2.5179825482268e-23
ATF4	-0.188201128601116	8.15815456132782	4.9209574475978	0.0269436261759153	0.0422328217067509
ATF6	-0.162894303981435	5.97691370291033	6.52852709149323	0.0108859105750128	0.0186644882894202
ATF6B	0.124947124908205	6.84309739039707	2.34307435251832	0.12642042716821	0.168437288397138
ATXN3	0.0979569020384067	4.49588970468065	2.16554541763765	0.141710948840462	0.186384762072628
ATXN3L	0	NA	NA	1	1
B3GNTL1	0.0510216755551203	1.72607785353101	0.243282527722354	0.622043708107877	0.675635736620386
B4GALNT1	2.23451323324636	3.58006782080066	58.71275328452	8.3843628765808e-14	7.4977135625637e-13
B4GALNT2	2.12887011693959	2.04616532977495	15.5642597792487	9.01560132382881e-05	0.000226201570253743
B4GALT1	0.363139081265346	8.01310745626622	9.07900499984515	0.00270560110209418	0.00523627640824177
B4GALT3	0.340793558616968	5.42850631187632	23.5591743253144	1.58354960552692e-06	5.31755749036979e-06
BAG1	-0.683715419967343	6.48767581749878	29.7766372603873	7.36512184519043e-08	3.01751112513633e-07
BAG2	0.948593811234483	3.36182438053105	23.4581905956755	1.66526168055472e-06	5.57945794809085e-06
BAK1	0.774009730156467	6.08483567135901	30.6516723752866	4.80326769004776e-08	2.01882892496668e-07
BAX	0.613426569560766	5.85639459480173	37.7414363927163	1.55804935418669e-09	8.10122135151422e-09
BCAP31	0.352288641668604	8.39373788167169	11.8911472123206	0.000607553041772854	0.00132810772069725
BCL2	-0.44874237286736	3.58140417199108	4.47918543938548	0.0347621422111303	0.0529487383512104
BET1	0.293912138346733	3.95662008706601	9.04735519181365	0.002752051549803	0.00531890896682144
BET1L	0.119657105642551	5.80245021415001	2.86498210860014	0.0910974845702486	0.125749634470644
BNIP1	-0.0123237400740981	3.11364581991319	0.0188230861553885	0.890925484320082	0.911775804503195
CALR	0.55307232605925	10.1187108519915	48.4480384061713	9.76720372356138e-12	6.92914502825339e-11
CANX	-0.121281302673683	9.19725132611374	1.97800745332063	0.160169644966557	0.207474560679926
CAPN1	-0.431087567412945	9.08428107861356	19.5445103296437	1.18634054050203e-05	3.46143795274727e-05
CAPN2	-0.44918350546922	8.37287504242012	25.9974380397309	4.7223670527239e-07	1.72154444414909e-06
CKAP4	0.55849737919183	8.11047646871545	32.587854876658	1.87190806912937e-08	8.38593771211582e-08
CLTA	0.21044757481285	7.14791433772877	2.71061697688504	0.100258155775164	0.13710369999409
CLTB	-0.282465240491314	8.15891450054533	3.01325011286491	0.0831509740678977	0.115928630767379
CLTC	0.116178356896291	8.84939150580595	1.90479990166925	0.168107150986347	0.216710714656075
COG4	-0.0927553145105751	6.20763376707045	1.61158469894537	0.204810287027417	0.257746055479485
COG6	-0.388074816441004	4.29335807091674	17.0152283186913	4.28665211481723e-05	0.000114084081745068
COPA	0.0963815835459947	7.90395912749441	1.36887254257704	0.242516400359649	0.298712367177267
COPB1	0.0345143030803954	7.06962829318867	0.158481820926862	0.690713821459742	0.738738794871646
COPB2	0.312571991814078	7.65079054236199	14.2943145643117	0.000173582000217688	0.000416387822945064
COPE	-0.0194358632035094	7.06063044502	0.0537697152266912	0.816715831564446	0.849621223730294
COPZ1	0.0704504863213827	7.19114986479463	1.31636513176963	0.251748185119394	0.30841510775699
COPZ2	0.786689687739478	4.89497859205487	23.1263283273148	1.96490569841571e-06	6.49047467068958e-06
CRYAA	0	NA	NA	1	1
CRYAB	-2.66538795248681	7.24718860178921	142.016092227255	2.90731862292625e-29	9.83398596274684e-28
CTBP1	-0.0367086652688612	6.72009451194601	0.304135527555264	0.581527090417721	0.638205900168405
CTSA	0.391550312357414	7.36825170359087	18.9207717013667	1.62650027468014e-05	4.64319039684825e-05
CUL1	-0.0975176330583425	6.2423214431063	2.12337169922952	0.145642035448369	0.190974522985871
CYTH1	-0.00871041393401033	6.32418910763721	0.0130175804249857	0.909204756512049	0.926533668041846
CYTH2	-0.19777558745057	5.98748685526788	9.31217231384162	0.00238710686327663	0.00466805501004502
CYTH3	0.385764898253934	5.13955931430197	11.646683885918	0.000690885577406597	0.00149362937748392
CYTH4	0.559934948287599	3.82254302292544	9.03877352214498	0.00276478577785005	0.00534199400764805
DAD1	0.0476983082047163	6.72275028650922	0.306553388048224	0.580029680344894	0.63672693873009
DDIT3	1.08037845335113	4.19205243525717	31.4845162713122	3.20070120214094e-08	1.38263352742891e-07
DDOST	0.367963347050048	7.87951424208504	30.3608771463298	5.5358230525638e-08	2.305824450965e-07
DERL1	0.559156337920603	6.66458290125573	65.3062416615412	4.14690744165669e-15	4.24749909204868e-14
DERL2	0.109909438993048	5.18132040559471	2.29543835627755	0.13033354498971	0.17302726205911
DERL3	0.785823563330953	4.29778683840974	6.84930016089272	0.00911350698052552	0.0158645063157002
DNAJA1	0.29218879188122	7.53951954709168	6.48120583987269	0.0111759300758009	0.0191141980051788
DNAJA2	-0.322468334799238	6.38970659547335	21.6036802440597	4.20800832751646e-06	1.31795461605035e-05
DNAJB1	-0.464040435236816	8.50905423356063	15.9506968841391	7.39238617174362e-05	0.000188365887625287
DNAJB11	0.871146353609745	6.74736242225634	84.5233918618969	7.94898550228603e-19	1.16178181232265e-17
DNAJB12	-0.210881485607038	5.71104379172455	13.0393350475442	0.000333140451764222	0.000762352093476422
DNAJB2	0.292508069742342	6.96194682943487	4.85832400734771	0.0279297363647069	0.0435696370570361
DNAJB9	-0.226355975640065	4.78754736868636	5.65320202246495	0.0177670345037054	0.0290114890826879
DNAJC1	-0.163656970082589	4.77129037364862	3.84047911790713	0.0505377869613964	0.0741437942167197
DNAJC10	0.198197371264891	6.38411346113131	4.32316164890257	0.0380634037760241	0.0574351585554206
DNAJC3	-0.265630981976907	6.24180174406154	9.55623273189343	0.0020944512189123	0.00414052274142619
DNAJC5	-0.187075032107584	7.47492380839584	4.12092913445755	0.0428403649797614	0.0638537004525647
DNAJC5B	-0.412322586415944	-1.33767881924964	1.9837738436079	0.15956286339399	0.206720068475075
DNAJC5G	0	NA	NA	1	1
DNAJC6	0.634732301685051	1.27713517118192	6.62810441350543	0.0103006477427935	0.0177529206671311
DNMBP	0.018929573857194	5.16670575398088	0.0304217408526098	0.861601425140453	0.886452972963093
DOCK5	0.821783755920289	4.78310963440756	33.8899926335518	9.95841024550419e-09	4.63719727773122e-08
DOLK	0.409172381660327	4.59100916206864	23.8800183328355	1.34975565616941e-06	4.58866545653754e-06
DOLPP1	0.339913486787635	4.88332142687163	14.2841673619421	0.000174496111640059	0.000418265867600382
DPAGT1	-0.0434126780234569	5.12598615622135	0.261625815641572	0.60921228475025	0.663904205028004
DPM1	0.171425631680775	5.20754065800779	4.51338686297272	0.0340794907736679	0.0520394762718013
DPM2	0.631571535235214	5.80102261643055	33.7490303041946	1.0661511237641e-08	4.94294096718407e-08
DPM3	-0.0457884998715997	3.84028325541046	0.0895042524562541	0.764922243358248	0.80472660310559
DPP6	-1.96308001162974	-1.4956536360162	45.9215639053078	3.19878939673598e-11	2.11188000969077e-10
EDEM1	0.206352869011148	6.00876896976038	4.78884279129146	0.0290678622165171	0.0451710186430692
EDEM2	0.610732543892588	4.97684009097512	35.9299085026943	3.72023099983373e-09	1.8369946063845e-08
EDEM3	0.00381282195090913	5.47934252656635	0.00166214622084596	0.967494623374445	0.973487311103557
EEA1	-0.768998496645249	5.47662627348228	51.1739295183252	2.73464216426984e-12	2.06039331632313e-11
EIF2AK1	0.275522567403999	7.25468097357009	18.2753687501801	2.256425883653e-05	6.29971381901325e-05
EIF2AK2	1.14995000266113	6.69853203956523	92.2686589718568	2.73466640136524e-20	4.52595275148728e-19
EIF2AK3	-0.422525939129869	4.45235396843679	17.4171521351282	3.49189751495162e-05	9.42505600818353e-05
EIF2AK4	0.425078463712365	5.83390819401446	23.847296828928	1.37191521499335e-06	4.65779095356635e-06
EIF2S1	0.272819272457735	6.88483064430616	8.43215617179637	0.00383566012441919	0.00719616564757885
ERLEC1	-0.192142052816252	5.59052272598848	7.03484465400081	0.00822648892648756	0.014461564211548
ERN1	-0.430920168340853	4.46403559923933	23.4075280477537	1.70784143759678e-06	5.70787420055934e-06
ERO1A	-0.157804929585062	7.79748130417891	1.19862973675456	0.274078688703262	0.332213434565277
ERO1B	0.202778511563277	2.99431212545594	1.19131485988707	0.275546141512746	0.333801776143119
ERP27	-0.461030229833741	0.953087349776737	4.01718531709796	0.0455324426125413	0.06750330851539
ERP29	0.0579268605424338	7.06271550831056	0.448394302764082	0.503381676059857	0.564541852435275
ERP44	0.226520814578342	6.5791289352481	7.86330031522634	0.00522449062447419	0.00955369677253817
EVI5	-0.139193401554624	4.10695863867925	2.66346375234672	0.103253790840247	0.140694805876457
EVI5L	-0.154348566237802	4.74950705136283	2.65110430532259	0.104055129848396	0.14165805656312
EXOC1	-0.416412702703242	5.4569577005177	38.7902756706102	9.42900783121425e-10	5.08516421499869e-09
EXOC2	0.0481095614423182	5.22806231189608	0.348836748532094	0.555016869173329	0.613361219836926
EXOC3	0.0861029011793567	6.42160214063583	0.931908381057058	0.334795115285143	0.396168265217477
EXOC5	0.156044634625741	6.05580885503727	3.00413137868604	0.0836173425995888	0.116489687314137
EXOC6	-0.449629940649984	3.37241456717509	16.3324877758923	6.0781210483857e-05	0.000157010431700627
EXOC6B	0.0801032132960486	6.30370046789515	0.44972081996837	0.50275126615398	0.564008458343939
EXOC7	-0.346361737877787	5.91645854637341	19.1514977143684	1.44717398620745e-05	4.1620123302024e-05
FAM71B	0	NA	NA	1	1
FBXO2	1.2641767542751	4.87393156804157	19.0658940188723	1.51125705862621e-05	4.33555680800933e-05
FBXO6	0.609662375475107	4.56459720084246	17.8560502607698	2.79248699031035e-05	7.66131542608381e-05
FBXO8	-0.349104047957432	4.05308945704952	20.9201068671039	5.93099485781583e-06	1.81785954637345e-05
FUT8	0.208896879845843	4.34116320394285	2.09314923302479	0.148534922795457	0.194238561809739
GALNT1	-0.386322457205553	7.0250468509739	12.6139419678467	0.000415989305104899	0.000935737452583819
GALNT10	0.782139044765888	5.71807027516114	33.5521889272339	1.17276266891956e-08	5.40381917039285e-08
GALNT11	-0.123423032342192	5.14595263645058	0.927529178362673	0.335932342410981	0.397311188130665
GALNT12	-1.82472889715387	3.29430721397387	114.052796610454	2.63228243169824e-24	6.01556730627526e-23
GALNT13	-0.907509578536553	1.10024696565476	8.73934676848746	0.00324882781347035	0.00618759648680067
GALNT14	0.49282540961219	4.56486980374931	5.09355140426391	0.0244096478633563	0.0386433059656759
GALNT15	-0.453689729392991	2.884781021282	3.41170476366758	0.0652766553599864	0.09326699262191
GALNT16	-3.17942465321281	1.32733653282992	196.373771193739	2.48883027273756e-38	1.45919832818158e-36
GALNT18	1.21432264520607	5.48950010267264	65.3810788328443	4.00863376100463e-15	4.11112129620058e-14
GALNT2	1.03266243806013	7.44896904691153	70.3258905828894	4.30859490090177e-16	4.90126692027648e-15
GALNT3	-0.131039325885754	5.96779262668518	0.84307574857825	0.358924213438507	0.421261074069751
GALNT5	-1.75339584216729	4.1905437691615	45.7469885998722	3.47286100754592e-11	2.28513537503744e-10
GALNT6	1.3444095766209	6.50255293871943	25.9175449795389	4.91264077894178e-07	1.78656766613619e-06
GALNT7	-0.56134985247638	5.26735039382058	18.6413324110868	1.87396705209824e-05	5.29863145196381e-05
GALNT8	-0.161955737778824	-0.441254369434038	0.224003390154051	0.636195581247265	0.688865250239035
GALNT9	1.0590652624153	-2.28376933365312	8.25812697081899	0.00421504890565274	0.00784561431103252
GALNTL5	0	NA	NA	1	1
GALNTL6	-2.5284541039486	-1.80194514216827	118.922548448887	3.47982328095373e-25	8.55003978395413e-24
GANAB	0.622067497424082	8.84639529777169	53.1098811153763	1.11198660125251e-12	8.77207122744945e-12
GBF1	-0.135060380289317	6.79030949915041	2.96932562181774	0.0854236786821866	0.118682001476847
GBGT1	-0.229722336051195	2.05879822018895	2.34051145419854	0.126627590351285	0.168669246582711
GGA1	-0.281770791770811	5.69980627733161	21.3931413083557	4.67676068465147e-06	1.45352308678225e-05
GGA2	-0.019334918490671	6.27336489354852	0.035064338179492	0.851530504121398	0.87849818120719
GGA3	-0.15009053105748	5.19854659398311	6.68327465045657	0.00999041803542342	0.0172713225562015
GIT1	0.44478774655623	6.67608529016246	29.7177149987511	7.58047321038463e-08	3.10225270792121e-07
GIT2	0.0472631893721481	4.49602210004183	0.346856054262989	0.556141958920552	0.614386957865953
GLT1D1	-1.18671992442369	0.165905783472715	31.4382141445491	3.27367823927638e-08	1.41176682134773e-07
GLT6D1	0	NA	NA	1	1
GLT8D1	0.0468379112222059	4.84613786107071	0.375059291376892	0.540514448813247	0.600048218607353
GLT8D2	0.749527283149184	3.32455182439506	11.3857686777583	0.000792670052209413	0.00169613700910721
GMCL1	-0.0401627054666597	4.57191984044843	0.204365743215578	0.651399412978168	0.702761870921962
GOLGA4	-1.08271107188124	6.51999116163864	138.338753543316	1.26846105489011e-28	4.08986482223987e-27
GOSR1	-0.0905461987417853	5.43935390296052	3.19589491034032	0.0743781217218265	0.104861228103564
GOSR2	0.203005606753077	4.27172012392271	9.622183811758	0.00202182459822972	0.00400906659565004
GPAA1	0.229402981094295	6.95990071462293	5.84070761091286	0.0159865111785122	0.0263725731627928
GPLD1	-0.139003344886167	0.440101399747986	0.225365813532178	0.635171420471663	0.687931540160918
GXYLT1	0.109097467156939	3.61113321746305	1.78556758229524	0.182024043435697	0.23230290251121
GXYLT2	0.619484528259253	2.78656672913914	6.27759127214992	0.0125175468800934	0.0211408195238661
HAS1	-0.38183705024352	1.00809882469178	1.2489805987114	0.26423902422531	0.321800786641309
HAS2	1.20963282367462	3.71054915830744	16.4148809045866	5.82696815130491e-05	0.000151088852918748
HAS3	0.771289054796035	7.8508607590252	9.92366162040008	0.00172107127716463	0.00345814242911894
HERPUD1	-0.444078108586854	6.38501238976685	20.4470597344464	7.52471892025979e-06	2.2713981695148e-05
HSP90AA1	0.435568645362357	10.3241070392073	20.4815226519038	7.395267788224e-06	2.23443797738259e-05
HSP90AB1	0.335096196918444	10.5213081766835	16.4501796270401	5.72259903282024e-05	0.000148563890200578
HSP90B1	0.733560540019807	9.7457925005063	74.5488886432261	6.51516971431632e-17	7.99244292419064e-16
HSPA1B	-0.284010728405979	7.11559993181935	2.92094698365089	0.0880050826703096	0.121883335781894
HSPA1L	-0.55483160043237	0.652374971931169	30.4402510607568	5.32538555922205e-08	2.22179998858824e-07
HSPA2	0.63559962424813	6.789949268254	7.57980881883643	0.00609917700653813	0.0110017264569452
HSPA4L	-0.384958397693185	5.92209803889012	6.55735012314085	0.0107130682218208	0.0184052604869867
HSPA5	0.456128404441854	9.7444440722497	25.2428128867974	6.8606366486727e-07	2.43967759464234e-06
HSPA6	-0.185240822862625	4.11678165294203	0.472079048927971	0.492324131049854	0.554042882970569
HSPA8	-0.234630090000464	10.301081057037	5.77696446704491	0.0165701177438016	0.0272419443652367
HSPBP1	0.14212540138672	5.80203898446922	1.81950592763244	0.177931544518043	0.227851204627289
HSPH1	0.563228465154248	7.78445957380945	16.4281184767907	5.78760485293744e-05	0.000150175067829196
HYOU1	0.284675561300322	7.55833561035489	6.13802301315569	0.0135321483481597	0.022692084388945
IFT27	0.139645532935889	3.86322075504678	1.06521969468494	0.302484882625875	0.362373735097483
INPP5B	0.181349509396179	3.98476452750374	6.90613871986329	0.00883180696536607	0.0154204425853835
INPP5E	0.41735397004884	3.95508757170476	19.6472708639167	1.12632437473609e-05	3.29953788803919e-05
IQSEC1	-0.249092177884487	5.32313580745127	6.18834231011826	0.0131569135352241	0.0221239482298645
IQSEC2	-0.398034604113288	4.10127837167307	18.3397614054209	2.18383569612171e-05	6.10841693286775e-05
IQSEC3	-0.0199772394108592	0.235775434181696	0.00652457287526029	0.935650640651348	0.948405625339691
JUN	-0.346425393691313	8.33398040677731	6.2159501591201	0.0129556152083649	0.0218156615789079
KDELR1	0.284569996032238	7.53132747883147	15.6390213199418	8.67567728187809e-05	0.000218381833198795
KDELR2	0.440495360797354	7.97924872299925	25.6929926326185	5.48977799453594e-07	1.98203989202498e-06
KDELR3	0.896071325921972	4.3544023615597	20.0952096637053	8.98439123838119e-06	2.67840928280156e-05
KIF20A	1.26139618159066	5.27583373176173	64.115652101467	7.11718217124389e-15	7.14070079053517e-14
KIF23	1.38968270671602	5.1783817023986	112.426063988236	5.19279129578665e-24	1.15969307537428e-22
LARGE1	-0.319411657389571	3.87006201277002	3.442322868336	0.0640853032025021	0.0917498356841031
LARGE2	1.17354435518891	5.73886601294296	34.8872265500261	6.15002941342135e-09	2.94665320608488e-08
LMAN1	0.0663290792752918	7.02180317993106	0.460698863770243	0.497585274817633	0.559049112288499
LMAN1L	-1.70240231656956	-3.03694807987984	21.678752102126	4.05256033486783e-06	1.27254984955022e-05
LMAN2	-0.418148353214177	7.35972827224538	23.3084895677424	1.79427094987936e-06	5.97325235683633e-06
MAN1A1	-0.140326857625423	5.63699312791359	0.636047860687006	0.425492429805492	0.488072978761759
MAN1A2	-0.2317739552286	5.66313408081953	5.00582443283662	0.025665043050427	0.0404249788758703
MAN1B1	0.710426396797313	6.73104946377763	39.411837250869	7.00576568026489e-10	3.85490934001026e-09
MAN1C1	-1.36038947654145	2.5114424569418	76.7419109725159	2.45650260597073e-17	3.15620365051272e-16
MAN2A2	-0.529164271770371	4.58217100404514	15.4021016800933	9.79985447401993e-05	0.00024450742369928
MAP2K7	0.0428029997919865	5.38288362992349	0.470812910765337	0.492904841799872	0.554515392402514
MAP3K5	0.15069224527589	5.34391860793095	1.58265662536993	0.208916451273135	0.262382684457086
MARCH6	0.245059467315113	6.83979368758008	8.47306794549887	0.00375164759927058	0.00705047677929386
MCF2L	-1.0241951538707	4.03917355760039	29.8978783043028	6.94115847654242e-08	2.85251862368253e-07
MGAT1	0.0539978133351612	7.4909756239944	0.451887400395074	0.501724521010259	0.56298042957656
MGAT2	0.482860612653857	2.09647243828827	10.5720857011647	0.0012189420271437	0.00252152627628136
MGAT3	0.696937024354168	3.17397232340934	3.46826515824013	0.0630940840221828	0.0904373359692998
MGAT4B	0.122249772574723	6.58976782010373	2.67919337507206	0.102243721172608	0.139497344716535
MGAT4C	1.55748996161799	-0.89698439894266	11.0039778913017	0.000969700894036058	0.00204322964321676
MGAT5	0.162808438269997	6.05734230825115	2.43145906482553	0.119501869680317	0.16015636806762
MICAL1	0.562122380285486	5.07534467395389	19.1776786168775	1.42812716557305e-05	4.11326428354319e-05
MICALCL	0.95002387156482	3.04072644163245	12.8485096751262	0.00036801343868865	0.000836301767826368
MICALL2	0.713581536069469	5.17727150605038	28.8948386585747	1.13423715498393e-07	4.52616614472029e-07
MOGS	0.640912787631016	6.26363638684007	86.6854665571013	3.08932089552521e-19	4.66489284307135e-18
MON1A	-0.468680070128232	3.46137490023688	38.4088488519096	1.13168534171272e-09	5.99844304792215e-09
MYO5B	-1.58890266374026	5.8683334897391	98.9873309956506	1.52335952218604e-21	2.76131920780616e-20
NAPA	-0.458400915577858	6.41850059464941	29.1368800476768	1.00736301317455e-07	4.05041562163074e-07
NAPB	0.347749045000567	3.34663085268948	14.9424413911099	0.000124184286537453	0.000304948588855304
NAPG	0.0128449747987673	5.05703094275109	0.0230212570642029	0.879457880959422	0.901659985366984
NCKIPSD	0.14320694724934	4.33213912163885	3.34856374839307	0.0678090134338249	0.0965498592349413
NDE1	1.13738448503782	6.01230261403386	103.96995943006	1.82679693864866e-22	3.57564306395207e-21
NET1	-0.369872611771382	7.37113951975192	11.4176942753008	0.000779440814251053	0.00167063270246734
NGLY1	-0.538456594211732	4.22620167913922	71.1783371769958	2.9391839804169e-16	3.39497048172792e-15
NPLOC4	0.220608642532804	7.49230090888749	8.76422881075325	0.00320550181305425	0.0061146685295539
NSF	-0.483159588436637	5.17404820747471	52.0859664772062	1.78896887231751e-12	1.37884140585028e-11
NSFL1C	0.092522159729567	6.94667831913831	1.17082773633835	0.279709123616389	0.338234388540723
OCRL	0.00628445726270145	5.14880030536936	0.00486614040982419	0.944412048297461	0.955160601172957
OPTN	-0.184577655850815	7.07729520804531	2.45686904939446	0.117591452376643	0.157952936293986
OS9	0.0270853510792024	8.0745968103076	0.169321538450402	0.680877037579553	0.729932239026016
OSGIN2	0.310234099110384	4.41972524442525	12.2358656968853	0.00050702566432091	0.00112474406739501
P4HB	-0.340918990574478	10.1145715060297	20.3557952294728	7.87866691370696e-06	2.37094420020274e-05
PAK1	0.562180654868051	6.56650174907285	19.3847923255249	1.28608523082094e-05	3.72985191344751e-05
PARK2	-2.59128337615128	0.641603751829337	198.23599133812	1.25173787085805e-38	7.42426108334041e-37
PDIA2	3.8969111662781	1.245703157951	31.2990217947931	3.5032906433257e-08	1.50569471802121e-07
PDIA3	0.573697155540873	8.97444917966897	45.6767311825452	3.58970880299197e-11	2.35594269972999e-10
PDIA4	0.954703735559831	8.03347749411922	90.1539607727551	6.83211526114263e-20	1.089720247781e-18
PDIA5	1.22583948918526	4.73228900811014	102.113740968396	4.01755618225544e-22	7.663706273167e-21
PDIA6	0.533096882679236	7.8563241832268	30.2980050330705	5.70843014298255e-08	2.37306931322945e-07
PDILT	0	NA	NA	1	1
PGAP1	0.185480812378014	4.48250593297375	1.65217852016067	0.199207894694713	0.251415189345505
PICK1	-0.121972046463932	4.55606981824919	2.02923903545031	0.154869434427475	0.201447955099624
PIGA	0.0138833842090866	4.09027562651927	0.01987683170113	0.887933645395422	0.909070679304919
PIGB	-0.0661795356523598	2.85300966130375	0.674654096360296	0.411792347257253	0.474403831622051
PIGC	0.148737412672934	4.6509327004614	4.57998431551961	0.0327902290574003	0.0502815056445369
PIGF	-0.134018671300379	3.27256981968294	2.56559119642599	0.109790379196728	0.14856973688297
PIGG	0.309650449069474	5.19558135229652	12.7662751668494	0.000384159812132436	0.000869739178750613
PIGH	-0.0957194679184325	3.57166288248618	1.32613054771806	0.24999903184218	0.306655218742929
PIGK	0.0761070331352172	4.53833562105334	0.87228620650251	0.350736222711458	0.412676537370042
PIGL	0.59094947682017	2.60894117936809	30.6944399519882	4.70407843494876e-08	1.98043600041635e-07
PIGM	-0.224637327695433	3.67677070650189	7.92665886373503	0.00504721268460608	0.00925939521710498
PIGN	-0.857128642546219	4.8590452811217	78.8484487502218	9.65953274871855e-18	1.28780304873663e-16
PIGO	0.192710224975119	5.4270398852037	2.61348559740534	0.106536521819194	0.14459628139461
PIGP	-0.413557617218666	3.19741925173591	22.5490012316036	2.62144807200623e-06	8.494018071568e-06
PIGQ	0.17859855060593	5.31680782567382	3.31708090308483	0.0691108397099578	0.0982060873614199
PIGS	0.198755679186751	6.22521198223725	6.86156481670402	0.00905195053069926	0.0157778120786601
PIGT	0.405632897008377	7.03327160192571	20.9101597626428	5.96072640405661e-06	1.82609448899772e-05
PIGU	0.274630342295093	5.04727051738826	7.23832289698753	0.00735499302122925	0.0130555221334515
PIGV	-0.151462528684496	3.96103054492911	3.47309493116338	0.0629113615723429	0.0902312093994507
PIGX	0.711255306558819	5.33115219084144	28.3568756577981	1.47683468915698e-07	5.79197169187447e-07
PIGZ	0.163641295891085	2.58560718723203	1.00007788555066	0.317734875004952	0.378491838025516
PIK3C3	-0.306724355982782	4.82934713799749	14.6600095574084	0.000143675124274719	0.000349712766701894
PIK3CA	0.527322446438329	5.26818963374591	21.8613668737744	3.698133594407e-06	1.16902824977387e-05
PLAA	-0.0968271993095275	5.38315270577919	0.935229518846848	0.333936091369307	0.395298494977155
PLIN3	-0.563227081121961	7.48924120818894	23.2965553250459	1.80497876737834e-06	6.00419701098436e-06
POMT1	-0.221122143455276	4.26423874316499	5.16432117071339	0.0234435648728637	0.0372712054929258
POMT2	0.543834735087062	4.44591772002504	36.2129224759214	3.24645719021733e-09	1.6161944989128e-08
PPIA	0.391480149029313	8.86228928424967	15.5963611011568	8.86802640717593e-05	0.000222739950254693
PRKCSH	0.457796232567892	8.22472730729534	41.4786868226065	2.61678949938818e-10	1.52545370039762e-09
PSD	0.560135126137228	1.68216797003752	12.4641466246342	0.000449893316581022	0.00100667478031956
PSD2	-1.59331131786397	-2.04584250297641	46.3113167561126	2.66272502380253e-11	1.77868357797432e-10
PSD3	-0.460789335152024	4.86124367008047	7.77987806888464	0.00546766374716541	0.00995554338600034
PSD4	-0.240673651613154	6.18361626627093	6.5498775027316	0.0107576061361211	0.0184718229916941
QSOX2	1.12592569788827	4.76566435976314	115.742285529882	1.30222882544439e-24	3.07234449251931e-23
RAB10	-0.694342482404893	8.2775515881808	44.9719766509628	5.00428868437377e-11	3.21889983874574e-10
RAB11A	-0.862320373765641	7.57055229183465	101.349006126454	5.56256358724264e-22	1.04854118055459e-20
RAB11B	-0.15505423443969	6.5606307888287	5.65431681210552	0.0177558629127636	0.0289988170931815
RAB11FIP1	-1.47163572034301	5.92802648462022	59.93188281805	4.79522383546066e-14	4.4007696545372e-13
RAB11FIP2	-0.267975366133483	3.45883703924455	10.4415229034087	0.00130642173030321	0.00268788155934601
RAB11FIP3	-0.134253585670785	5.16931497502799	2.01955517867219	0.155855781652043	0.202534691493616
RAB11FIP4	-0.516532269884958	4.46799198352701	27.7170113849894	2.02254679979833e-07	7.76969928935934e-07
RAB11FIP5	0.315504546964874	5.85059566917972	8.45045791499582	0.0037978426007555	0.00713098562097241
RAB12	0.020737047281721	5.53028694779618	0.0645314776746016	0.799567705191497	0.834855267059852
RAB13	0.0917146457131047	6.35584890694881	1.34216894753362	0.247158555852412	0.303667588807203
RAB14	-0.207730916636651	7.18520902188764	9.62527407782914	0.0020184850646316	0.00400337841887894
RAB15	-0.385303759413387	4.03415484593514	5.7970316342313	0.0163840513233253	0.026974297653482
RAB17	-1.95296307266702	1.78787642351203	86.0987252521744	3.99116758147438e-19	5.96313637949166e-18
RAB18	-0.0963340722945869	6.6353611466237	1.0085858848792	0.315686944765259	0.376333543951255
RAB19	-0.594323576396623	-1.7572454120761	5.74477451478253	0.0168731672799293	0.027677724357301
RAB1A	-0.0422865952282148	7.43921413846003	0.37556879652416	0.540239632427358	0.599820679719795
RAB1B	0.0645086380800932	7.89540540038846	0.574536584117199	0.448789001722246	0.511160892279572
RAB20	0.215618939300858	3.4168255124507	2.28193814135441	0.131467011263469	0.174350509867584
RAB21	0.0489888224148014	6.36974481984476	0.349013468016472	0.554916697084305	0.613277091582013
RAB22A	0.218003627822111	6.39357427707488	5.30800495150579	0.0216024604004152	0.0346312873249223
RAB23	0.709909219293614	3.35819891701504	19.7508115311091	1.06894531349816e-05	3.14481269759571e-05
RAB24	-0.301716381901739	3.19910462785705	5.9198563147259	0.0152913077899273	0.0253322191539009
RAB25	-1.22949976394304	7.12911456755097	64.9722127585772	4.82487643956217e-15	4.90644532354839e-14
RAB26	-0.486850462239213	1.07796325159756	4.1888936524778	0.0411681598316433	0.0616096965263779
RAB27A	-0.445916170401497	4.6762789560674	23.9890118879793	1.2785087070448e-06	4.36331942519344e-06
RAB27B	-0.846880021161783	5.3758932843349	29.0360826058932	1.05836699612141e-07	4.2461211057229e-07
RAB28	-0.0785896005456947	3.51135135312669	1.03547410737016	0.309327331184434	0.369719948192324
RAB29	0.534869082057006	4.47997362890083	26.4071855516964	3.85691364705982e-07	1.42436614037958e-06
RAB2A	-0.120998474451994	7.11936980141755	2.63419579123338	0.105162496232772	0.142929086273414
RAB2B	0.324250363141697	4.16528433196882	14.4101496504729	0.000163483625955276	0.00039424039299956
RAB30	-0.30777899567285	4.03375693031642	5.76501190287621	0.0166819814745984	0.0273930138514839
RAB31	1.17798157199077	7.41325289018692	57.9349268140297	1.19836556793139e-13	1.05281141731044e-12
RAB32	1.13895331080824	4.74117662795383	53.9322123245748	7.5955087087561e-13	6.09552719031201e-12
RAB33A	0.781592304951514	-0.131412022531033	21.7002768589593	4.0090660466824e-06	1.25997807091298e-05
RAB33B	-0.218895817369343	3.14605878869644	6.27839113690368	0.0125119638898307	0.0211341894858098
RAB34	0.98866891284304	6.16543353495913	73.899024107689	8.7050698230548e-17	1.05419800934088e-15
RAB35	0.0967044919204998	6.17788012293403	2.62482520049864	0.105781763305402	0.14369417264133
RAB36	-0.253737953223909	2.9860729857998	2.24210852400445	0.13487588774183	0.178333487530076
RAB37	-0.775006235182446	0.911594719621076	18.2017486884799	2.34240431675454e-05	6.52119634259446e-05
RAB38	0.434937843255393	6.12259220567213	4.29901241896747	0.0386031060372213	0.0581703761520409
RAB39A	1.48533349359912	-1.31907153601882	22.9247788551974	2.17281319483755e-06	7.12922008505557e-06
RAB39B	0.500865018458166	-0.46839221205071	3.80006085069115	0.0517625969853071	0.0757707210878305
RAB3A	-0.536163213610255	1.12618260084661	19.3093827078571	1.33607504887005e-05	3.86253208415119e-05
RAB3B	3.53417130437702	3.3311202110556	47.1753506999991	1.77404465050624e-11	1.21626975178793e-10
RAB3C	-1.20776202013115	-0.825196550958246	19.4094003700205	1.27018362253478e-05	3.68708890383873e-05
RAB3D	-0.286238125343974	6.12015344743782	4.71251750452154	0.0303741153515084	0.0469804983883116
RAB3IL1	-0.131748410209869	3.16408402002156	0.655910356777001	0.418360462564365	0.481014572051283
RAB3IP	0.286816176509358	4.38904032381957	4.1143732555789	0.0430054110155043	0.0640660048212279
RAB40A	1.2148279143049	-1.44137524670599	23.2741679049838	1.82523936212215e-06	6.0644742954095e-06
RAB40B	-0.426318082175091	4.03416368711954	11.376370981012	0.000796607448448413	0.0017034188283079
RAB40C	0.153383304186845	5.33290956948336	2.83432203001041	0.0928416280839826	0.127935643108596
RAB41	0.162587561256927	-1.43143864695478	1.44401324128169	0.230012235281218	0.285114558863289
RAB42	0.900592239352187	1.66700909674489	11.9521647383073	0.000588391038088427	0.00128898170721588
RAB43	0.405315839322493	1.23920406196807	8.45966384182081	0.00377896413296365	0.00709867432032886
RAB44	0.570432503121868	-0.41391110941076	3.66393469020582	0.0561248771423026	0.0814921074088976
RAB4A	-0.398748099052836	5.14231011147373	25.1940515626836	7.02843099612043e-07	2.49447681777144e-06
RAB4B	0.0138318842908022	3.42258561822648	0.017821313501392	0.89384995128604	0.914160941158104
RAB5A	-0.7603108491609	5.71894535197095	91.1295002494024	4.47648792215523e-20	7.27650401317061e-19
RAB5B	-0.660177413946827	7.43169429854732	101.532603729599	5.14437250884374e-22	9.71867233078154e-21
RAB5C	0.28950342061551	6.59724607232143	27.2267297914231	2.574592300645e-07	9.72920462818936e-07
RAB6A	-0.214588584247172	7.29066996102216	4.00827163139558	0.0457719358851503	0.06782682312561
RAB6B	0.719645623504149	3.62132257659597	4.71016526239956	0.0304153336785554	0.0470328424263552
RAB6C	0.0399408678121845	-2.99161804368828	0.0301798852123774	0.862147119494063	0.886978625880459
RAB7A	0.357337528228747	8.56308626253276	20.1251448106355	8.84980555801439e-06	2.6407473338801e-05
RAB8A	0.192528299990544	5.48149196967918	7.95862068321612	0.00496012899918761	0.00910684111981
RAB8B	0.498164812208722	4.61378596037517	18.1390788931901	2.41819282750186e-05	6.7138678285007e-05
RAB9A	-0.0667207751847182	4.79321451331188	0.597891114814206	0.439718587223274	0.502269932384989
RAB9B	-2.10125646036802	-0.284894635697572	96.9963850100944	3.57250475447533e-21	6.29669393629156e-20
RABEP1	-0.150946652120288	5.6692141329486	4.26917564988999	0.0392810522170411	0.0590628437532966
RABGAP1	-0.13433931187496	6.15448547147892	2.68873304639107	0.101636418643997	0.138757840645389
RABGAP1L	-0.395801029576041	5.12764870877704	26.7691738307327	3.22594271173309e-07	1.20319454401931e-06
RABGEF1	-0.17801827997479	2.66868621380544	3.83342972850793	0.0507491746033615	0.0744188079641259
RAD23A	-0.079031375176666	6.87979324948592	1.01921564380414	0.313152544155162	0.373714027707325
RAD23B	0.0997505210311269	7.96825481322769	1.54250149255781	0.214779331454026	0.26889853563416
RALBP1	-0.0644189103768429	6.9651984186803	0.381019863658185	0.537315387107826	0.597188810423933
RASEF	-1.03810674824909	3.72238162239511	23.270668556452	1.82842689303668e-06	6.07269168902297e-06
RBSN	-0.445643071889266	4.65815173332761	41.4014023298944	2.71472209902665e-10	1.58037599665774e-09
RBX1	0.0807484504560824	5.95744040509505	0.645989780791621	0.421900048729197	0.4846036228963
REPIN1	-0.775769648059403	5.65556455160181	36.377207072523	2.99976053824313e-09	1.49893990531647e-08
RER1	-0.198518331853111	6.6309218413238	6.78567772230705	0.00943980137190796	0.0163911148004589
RFT1	0.118899761939036	4.38126363753344	2.99498150427714	0.0840881532981993	0.117013283042424
RFWD2	-0.0246923614181813	5.42834407742674	0.159303155430916	0.689955036628456	0.7382401080144
RNF185	-0.234038924985329	5.26373101094693	12.8230572295867	0.000372936142315807	0.000846357303223202
RNF5	-0.120570027546303	4.91669420484921	2.22990669818722	0.135939938114795	0.179582108239911
ROCK1	0.209673356498534	5.71068609518121	3.58892923736681	0.0586941265640169	0.0848410226642873
RPN1	0.665085662175629	8.5958690231798	81.5905393061242	2.88091446501988e-18	4.03043568381059e-17
RPN2	0.453206690541387	8.5366909986353	32.3560415820711	2.09495682477114e-08	9.29860404785298e-08
RRBP1	-0.0436831632490993	8.27460508827568	0.22301280357328	0.63694262163705	0.689527765279991
RUFY1	-0.35105534297728	5.41503320017151	25.5779056600218	5.8115397256442e-07	2.09228556130477e-06
SAR1A	0.11667859233956	6.79818762975662	3.16617296268279	0.075734880033874	0.106550219571046
SAR1B	-0.904631882226083	5.64090458450008	166.068473037957	2.31126039743761e-33	1.03778847141283e-31
SEC11A	0.141454703746084	6.46318341177429	4.22750192535261	0.0402489956232729	0.0603581104472248
SEC11C	-0.826026237046765	4.7911006635694	61.3648992331526	2.490549272853e-14	2.36042246952222e-13
SEC13	-0.17396287950546	6.55433920908029	5.97342531427109	0.0148385751479456	0.0246449665818599
SEC16A	0.0630905570334171	7.11694921594451	0.607942551498709	0.435901544126995	0.498374186641631
SEC16B	1.39044739810636	-1.71908825146969	31.1210431678003	3.8206350864523e-08	1.63300615459828e-07
SEC23A	0.488455615651668	6.05553362020523	15.4143537166395	9.73826485685759e-05	0.000243018304216532
SEC23B	-0.335852892223852	6.19350531757036	18.9485610699354	1.60376662601731e-05	4.58203869318194e-05
SEC24A	-0.208697330629127	5.31994859515391	4.30639696590172	0.0384372226746766	0.0579512252952798
SEC24B	-0.263687936904406	5.57621543155757	9.89780612021886	0.00174497835825961	0.00350231589274046
SEC24C	-0.581461625090351	5.88868350393975	17.9771512710254	2.62566715871769e-05	7.23867854458284e-05
SEC24D	0.415522583582344	5.71764785579072	10.3414309892351	0.00137778316523107	0.00282263489806837
SEC31A	-0.139568878850978	7.49610992316498	2.57758510641695	0.108965386522306	0.147602146689234
SEC31B	-0.254158877063381	1.56147726705726	1.55055530250771	0.213587895643894	0.267538219660227
SEC61A1	0.407508121738362	8.80007856074849	34.5395763886134	7.27425126625842e-09	3.45737056083963e-08
SEC61A2	0.534825183294326	2.18191711703987	28.3387536112463	1.49003439306042e-07	5.83924971736525e-07
SEC61B	0.199905351586425	6.28673582310922	4.8969731455215	0.0273168764665494	0.0427352906149912
SEC61G	1.34382095266152	6.67979542170432	31.2901387477709	3.51848222240212e-08	1.51171446428813e-07
SEC62	0.0384028392857327	6.88519832607361	0.195522363367405	0.658534786396026	0.709169919023952
SEC63	-0.153123733819241	6.46083106645961	4.59559026240813	0.0324955682861778	0.0498716436135924
SEL1L	0.27471705795705	6.69875412474503	7.27868425044455	0.00719369842182525	0.0127843414779619
SELENOS	0.0140308080671469	5.84373221259646	0.035049385186075	0.85156179563222	0.87849818120719
SGSM1	-1.79742475213972	-0.277037365813529	61.1209025944098	2.78409482300279e-14	2.62303488606809e-13
SGSM3	-0.456459496160839	5.86578122199407	35.0994409510213	5.55137907319913e-09	2.67793402464291e-08
SIL1	0.14445887773304	5.60573047285372	1.74100493661504	0.187564843952791	0.238574324481172
SKP1	-0.453728897971209	7.5040338331724	43.505627989368	1.00056428683288e-10	6.16237420221827e-10
SMCHD1	0.333148504811051	5.79208567467066	8.64128681032275	0.00342547137786433	0.00649685595456622
SNAP23	-0.125542220737043	5.19167024842193	2.64477604840459	0.104468070863007	0.142136766033082
SNAP25	1.37611134924874	0.134480646550129	17.848766253673	2.80285513648181e-05	7.68810684027018e-05
SNAP29	0.171396531410709	5.5100776458825	3.65656674844303	0.0563718737607411	0.0818088237392706
SNAP47	0.346256970641804	4.97271350482929	28.0767853725307	1.69465512704103e-07	6.57754394562672e-07
SPCS1	-0.427847483654118	5.90653794555809	46.2668779311896	2.71897741357103e-11	1.81341004068294e-10
SPCS2	0.11979377275703	5.07280246640755	1.82130133324849	0.177718029239003	0.227650457946336
SPCS3	-0.204067823823351	6.85758116513418	7.78239293450897	0.00546016634727817	0.00994473202320805
SRP14	-0.162890945996355	7.28857987677028	5.66124486274312	0.0176865980158666	0.0288912442065369
SRP19	0.00962105544889757	4.22195695974983	0.0136547468621718	0.907019116534323	0.924712805727989
SRP54	0.0835805532321011	5.90772817366791	1.24718395257245	0.264582461855992	0.32207111353029
SRP68	-0.032737953244344	6.99339345420499	0.278153282320299	0.598128526464002	0.653668849421001
SRP72	-0.0294066447565076	6.89881683035093	0.145559836182997	0.702963673468395	0.749733848874584
SRP9	-0.046661634043659	6.61655366116351	0.456095404835585	0.499740517136662	0.561025713049275
SRPRA	-0.34692796419048	7.26969386395423	19.4448151551649	1.24764583174965e-05	3.62579299144747e-05
SRPRB	0.0994024702814156	6.5356162498456	1.22601375898448	0.268671480198252	0.326372823575909
SSR1	0.215971486960948	7.6629449846659	7.08743724313697	0.00799155219809358	0.0140874030453538
SSR2	0.164930684039638	7.33582859440214	3.9048889723269	0.0486490083230588	0.0716903165350027
SSR3	0.383638603200029	7.53070002525737	18.5299384102503	1.98289879285652e-05	5.58558104848825e-05
SSR4	-0.239230585800066	7.22728545001836	4.31727126619038	0.0381943100981444	0.0576156435052389
STT3A	0.180327319398217	7.05083442631146	3.96101273658897	0.0470641270242255	0.0695557452411108
STT3B	-0.419366554204081	6.99802632297678	38.4568954541289	1.10595603882202e-09	5.87753757326877e-09
STUB1	-0.153847691688907	5.46731797613044	3.64704591386614	0.0566927566004148	0.0822277106652059
STX10	0.257629453254063	5.35014004202246	7.09830675665347	0.00794386163502512	0.0140091444571761
STX11	-0.223509067061412	3.36529670927142	1.51212710265418	0.219344677899182	0.273705900688208
STX12	-0.659965664644833	5.63147497840044	79.5700459165822	7.02171854036131e-18	9.4602170973785e-17
STX16	0.426376546103599	5.79542599046741	32.0514030728862	2.42923211388475e-08	1.06874479614484e-07
STX17	-0.358672217707818	4.10665590631905	12.3053848870375	0.000488888839900157	0.00108687421311137
STX18	-0.162477463071059	4.47390144310611	6.47571407300627	0.0112100988868735	0.0191674954418625
STX19	-1.34336847728022	1.43184019432799	41.231525648903	2.94312508161073e-10	1.70788309627759e-09
STX1A	1.75439620849479	2.79755864830463	111.92986150851	6.3908404370734e-24	1.41732169136626e-22
STX1B	0.282906855183908	0.466274775121884	3.05668197017765	0.080968010483822	0.113169734168871
STX2	0.913473795841027	3.38234815821665	51.4372455579626	2.41911612611043e-12	1.83240682151234e-11
STX3	0.245411929864861	5.13240357003636	6.34956220458994	0.0120253270905346	0.0204122424037932
STX4	0.260747926060237	5.71266800413239	9.04090072320183	0.00276162366678242	0.00533660024228057
STX5	-0.032233554307793	5.68066883312861	0.192203325417035	0.66126259659699	0.711626704232653
STX6	0.404911848711552	6.37551404181899	28.6550287354749	1.27579481357837e-07	5.04776154599793e-07
STX7	-0.451302321787933	5.42122688354349	39.3020761805632	7.38285103111178e-10	4.04929532682741e-09
STX8	-0.105102290392496	4.53860612720532	0.760191807551957	0.383651928027572	0.446339694024961
SURF4	0.320711036278514	8.21607546255184	17.0872321876886	4.13192252994282e-05	0.000110184600798475
SVIP	-1.54170486422816	2.86731658985818	51.201700899461	2.69950203724735e-12	2.03511971498541e-11
SYTL2	-1.38987802046688	3.27276130667458	67.0345029524826	1.89723736947606e-15	2.01865422908291e-14
SYVN1	0.0856218499434917	6.14160013586399	1.57219887825547	0.210424826797266	0.264017060197642
TBC1D1	-0.2626408581851	5.46567239608705	5.49158080116498	0.0194662929876182	0.031493804640714
TBC1D10A	-0.106498800064081	5.00892691577953	1.36105856770958	0.243863663732454	0.300139893824559
TBC1D10B	0.332725910002593	6.29771761118868	34.4635232373072	7.54652266641421e-09	3.57677967077175e-08
TBC1D10C	0.573074597091441	2.8494747383806	6.35628402762615	0.0119803856872758	0.020344081268279
TBC1D12	-0.356025593220724	2.97323517342698	17.2014122153125	3.89802432241592e-05	0.000104454332811702
TBC1D13	0.0252450076401263	5.1526263825271	0.109454538748738	0.740892979762379	0.783177956474478
TBC1D14	-0.399398897163219	5.00677595898414	9.36771725249379	0.00231703680727202	0.004542874133815
TBC1D15	-0.186388974469592	5.21132616794829	7.34805407586482	0.00692489807737157	0.0123531230723428
TBC1D16	-0.0270375516097562	5.55768950631016	0.0510445575233797	0.821340122925326	0.8536394512852
TBC1D17	-0.403596223824306	5.21780789516628	26.3220047910753	4.0226141780633e-07	1.48020129847535e-06
TBC1D19	0.119201919397643	2.048354365914	1.25840901509801	0.262445805197121	0.319890098309384
TBC1D2	0.0517455805433521	6.70378778827905	0.167818674710838	0.682218491316787	0.731185930515353
TBC1D20	-0.295657707328016	5.5430026586251	22.8369585474301	2.27020131520096e-06	7.4248800131938e-06
TBC1D21	0	NA	NA	1	1
TBC1D22A	-0.0384795149455039	5.55996867719185	0.288760989823276	0.591234652315063	0.647299788480076
TBC1D22B	-0.445255896409555	4.50864263068947	49.9677339962926	4.79913506931712e-12	3.52336665518324e-11
TBC1D23	0.164248000936294	5.63344565420014	2.92023956131849	0.0880434522961859	0.121929854874127
TBC1D24	-0.000890784798499319	3.57425901172052	6.85424916570493e-05	0.993397383393753	0.994528238118715
TBC1D2B	0.579047275005051	5.54691467946178	29.1560687180944	9.97937204100975e-08	4.01441489801124e-07
TBC1D30	-0.042219485715732	2.45446206341972	0.0396761713194481	0.842189265233329	0.870891861781503
TBC1D4	-0.555023576629664	5.24738344713125	16.8343759416464	4.70157263653884e-05	0.000124150413047705
TBC1D5	-0.537631400781135	5.35122005443632	31.771042504493	2.78409281203412e-08	1.21314715663964e-07
TBC1D7	0.412526839243567	4.06251518351765	17.830194045116	2.82946706826956e-05	7.75276408564105e-05
TBC1D8	-0.302439179594449	4.86044496733137	6.96262930642626	0.00856068491760122	0.0149901619044629
TBC1D9	-0.125169479693728	5.12896609011273	1.08394196676301	0.298278403013132	0.357906016958218
TBC1D9B	-0.187482892909445	7.09689862353555	6.97322525952303	0.00851078992102926	0.0149140570390223
TMED10	0.0387365318514677	8.34752586392329	0.211293150502778	0.645938792398902	0.697903959387485
TMED2	-0.0394768061882194	8.04955641786569	0.296209580721928	0.586490787716268	0.642878800443361
TMED5	-0.153999752234166	5.68551579614794	3.50994784376931	0.0615356015354356	0.0885218558045999
TMED7	-0.114168138231421	6.28317531293197	1.57961187634071	0.209354283403819	0.262854902965146
TMED8	0.471984848888393	4.60743345570542	30.8872113494574	4.28193432315176e-08	1.81587051841806e-07
TMX1	0.491532600464062	6.10842758097258	28.3963833151316	1.4484643684277e-07	5.68945560640384e-07
TMX2	0.129558381079074	6.4023284211116	3.04791896084834	0.081403410395424	0.113728434879479
TMX3	-0.0566356631089472	5.20541752426146	0.457799181111133	0.498941003622573	0.560276125237324
TMX4	-0.719621795124967	5.36283354771175	39.9095195619245	5.52445349451611e-10	3.08508127707771e-09
TOR1A	0.481880945391229	5.40170030611671	45.1044354182234	4.70118950144733e-11	3.0315837432342e-10
TRAM1	0.114559616506542	7.51192825031849	1.52455883390861	0.217462282658249	0.271830517909914
TRAPPC1	0.194399833860796	6.29246974105717	4.12448763418608	0.0427510586106676	0.0637354883267941
TRAPPC2	-0.050675377750809	3.26401264880301	0.440156522084681	0.507327074908218	0.56819206562705
TRAPPC3	-0.0318280794277891	6.07244503734786	0.156107606366258	0.692920116973478	0.740663648922531
TRAPPC4	0.0494269124369381	4.92811405150347	0.292804764204987	0.588649564720396	0.644884815233204
TRAPPC5	-0.0501535274133355	-0.191524642196907	0.121534954380675	0.727510087967868	0.771493442142724
TRAPPC6A	-0.347639000213182	3.67803105285667	5.06151301724666	0.0248605444236213	0.0392815392466413
TRAPPC6B	-0.0643987463954114	4.79929251394186	0.845305404474177	0.358290020783202	0.420638522707215
TRAPPC9	-0.311642255434731	5.0811994643848	12.768092765592	0.000383795298351919	0.000868991059052497
TUSC3	0.620711973892792	5.31971999835132	7.5230550268523	0.00629157257466414	0.0113175530359877
TXNDC12	0.664145632152759	6.30765708374298	80.8174336012088	4.04962679061261e-18	5.58581296202185e-17
TXNDC5	0.161196219861594	3.05325983375931	0.945382625916278	0.331328163932868	0.392594011008356
UBA1	-0.138940731493017	8.65687928020985	3.33962250108865	0.0681760415923076	0.0970182884036499
UBA5	0.0588532648321172	5.05777418157824	0.768122631048199	0.381184081708917	0.443731745853495
UBA7	-0.0268885529832844	5.34268443657235	0.0300063972393178	0.862539945965324	0.887311180296048
UBE2D1	-0.300834324947758	4.44704022070962	13.9195360746782	0.000210784925572387	0.000498503221605912
UBE2D2	-0.13436385184038	6.43207834699284	4.40023901131671	0.0363932430052474	0.0551400979983265
UBE2D3	-0.159814320678483	8.07466764774616	5.49360942280666	0.0194439516526954	0.0314656435882198
UBE2D4	-1.05257808681395	3.54332103453895	152.27749211884	4.97406324518724e-31	1.89907947612658e-29
UBE2E1	-0.429554639345591	5.76348140988422	32.4307770300642	2.02027197721963e-08	8.99371906214163e-08
UBE2E2	-0.126014006139966	4.53698553331196	1.25525556923451	0.26304387878581	0.320391187953259
UBE2E3	0.252807380849168	5.84335519628698	11.6499606611622	0.000689695279366044	0.00149143534042323
UBE2G1	-0.370661287951742	6.2674434758267	19.2377042293084	1.3854061026372e-05	3.9965385410767e-05
UBE2G2	-0.222329737260666	5.94890318184624	10.7102651576559	0.00113282156381675	0.00235733364585365
UBE2J1	-0.511366271077598	5.97965573567396	50.4909553225631	3.75953087255519e-12	2.79379590249555e-11
UBE2J2	0.062998483478557	5.75036696647059	0.660005287175781	0.416912323982117	0.479609017178165
UBE4B	-0.11940745059891	6.21703405720336	2.01383859131162	0.156441399185211	0.203212867720262
UBQLN1	0.17823234611415	7.41267688097903	5.27466081411093	0.0220158851029145	0.0352431040462422
UBQLN2	-0.149399986577743	6.32433605729396	2.1082097728574	0.147085286256692	0.192639199953303
UBQLN3	0	NA	NA	1	1
UBQLN4	-0.0769433057852137	5.80521080222253	1.19703608213004	0.27439755607161	0.332520919417007
UBQLNL	-0.120111116146316	-2.24415992446714	0.34363877485924	0.557978721471029	0.616127172896789
UBXN2A	0.0563482294836995	4.77228502527847	0.703540022949079	0.401963996056254	0.464823838377633
UBXN6	-0.299208756062495	6.90592692351631	16.3512582878228	6.01995987355387e-05	0.000155618342403322
UFD1L	0.547778953055006	6.24575352952592	38.4562505964811	1.10629744307781e-09	5.87812708088674e-09
UGCG	-0.442806216622965	6.49614160984221	12.6666653620862	0.000404681543745262	0.000912071234683559
UGGT1	0.395562864517939	6.69019444382795	24.0349845029678	1.24960380800268e-06	4.26867070979109e-06
UGGT2	0.461008819830889	3.68845167135719	20.644008421572	6.81450545675174e-06	2.07123283481106e-05
USE1	-0.128893095838715	4.2094048096285	1.45368601761615	0.228459920953337	0.283493496034346
USO1	-0.8373795294163	6.56158861020498	98.9293657186206	1.56157384853023e-21	2.82456591722802e-20
USP6	-0.459842346810338	-0.733177525211477	4.7131700100506	0.0303626918503938	0.0469671385132705
USP6NL	-1.24152574791953	5.0761300164625	130.8826230983	2.57925830875447e-27	7.54373898010023e-26
VAMP1	0.617971708072295	2.1370140765818	15.726967499584	8.29232609470041e-05	0.000209621850251996
VAMP2	-0.510888439009828	5.38082528448646	39.1181869180006	8.06087771386753e-10	4.3947119541359e-09
VAMP3	-0.104938561909838	6.94102309752306	1.82864128817884	0.176848216196656	0.226627319157849
VAMP4	0.114849936372305	4.0293327185685	2.10341235038749	0.147545312137684	0.193112780496741
VAMP5	-0.430899509189183	4.53206456615642	8.03936961353422	0.00474689567019979	0.00874493117399418
VAMP7	0.0137473409038253	5.39758503039925	0.0300682361682892	0.862399791070821	0.887202786151031
VAMP8	-0.405585731601406	7.01097847286013	12.0516230143159	0.000558460004435112	0.00122943150221089
VCP	0.194595042696389	9.1321843484063	3.12037239039285	0.0778781031539592	0.109276141221312
VPS45	0.0144042420728056	4.95065775029042	0.058726534993684	0.808611188691711	0.842710843265503
VTI1A	-0.128036605768951	4.53986071750956	4.71223970805997	0.0303789801347875	0.0469851733994918
VTI1B	-0.146015442628001	6.16813874916953	3.70698394718253	0.0547045544612946	0.079633844576533
WAS	0.374135003537404	3.26615597912444	4.08597219444264	0.0437282009671022	0.0650515654144293
WDR38	-4.54735399498051	-0.639616913684379	347.527516856237	2.21040649965782e-60	5.36897213021648e-58
WFS1	0.349822181845803	4.9177297794712	8.25902469157152	0.00421299658373627	0.00784236660620465
YKT6	0.620492230568202	7.47214368236846	40.1807810291905	4.85408788536382e-10	2.72924729780244e-09
YOD1	-0.8842781741487	4.86101811341134	44.6675778866524	5.77734840165604e-11	3.68271666173046e-10
YWHAQ	0.243989685525699	8.52625865244629	6.72497099813656	0.00976233914431836	0.0169131646991845
