pspGenes	logFC	logCPM	F	PValue	FDR
A3GALT2	0	NA	NA	1	1
ABO	0.402003907168273	4.00021923915679	1.83596569890286	0.176349395056121	0.531340039083256
ACAP1	-0.129560492658396	3.58801827071076	1.07367636081877	0.300873609056982	0.649439592134685
ACAP2	-0.00797474575600275	6.41064113768344	0.00554345561180149	0.94069385181104	0.982071569779723
ACAP3	0.0823672494630429	5.82765177663859	0.839583176364808	0.360183711716198	0.696858582329318
AGAP1	-0.134364294415365	4.73073644717973	2.38733441803136	0.12327843976406	0.458480216070564
AGAP2	-0.190848529630847	2.5480926685104	2.82223228602598	0.0939114078677762	0.406865048616828
AGAP3	-0.0310018452791861	6.58496231068807	0.14408421824081	0.704497677784526	0.894045011861254
AGR2	-0.119810834991928	4.96428939577808	0.152120791569279	0.696767925034609	0.890620736731188
AGR3	-0.247757650425961	-0.474924924294179	0.321870815695907	0.570870437945254	0.833315120752561
AKAP10	0.0723532308243299	4.57196993367024	1.32701566032837	0.250168939368708	0.607744457631262
ALG1	-0.103298390040842	4.33491806698098	2.62057695198274	0.106439364979875	0.429089174634759
ALG10B	-0.0686020333490794	2.99267276791881	0.619272444694259	0.431881373853157	0.750437401790725
ALG11	-0.0579439384541456	2.56075372548628	0.572533806248275	0.449792524345731	0.763837047578957
ALG12	-0.0353802406566712	3.92329582787085	0.227544038114463	0.633665971094881	0.86368684891924
ALG13	-0.0503092791411706	4.06922520380499	0.68237748392864	0.409364810281623	0.735954959614136
ALG14	-0.0848781342723133	3.04951116168461	1.15413413812576	0.283468637458558	0.63436331015437
ALG1L	0.0555147691653819	3.58275698215022	0.12018699175535	0.729052262291008	0.904444598077416
ALG1L2	0.300420608504896	-1.45823213527999	2.57192992141736	0.109729564990911	0.434437939215456
ALG2	0.01375281040369	5.11371301720587	0.0457681145753631	0.8307297171285	0.943831419640762
ALG3	0.100323518594709	6.37766826256688	1.34039771293568	0.247799337308099	0.60588854259732
ALG5	0.0294674897487429	4.61042584600481	0.15751539368255	0.691710417527383	0.888173242810046
ALG6	-0.122384855821285	3.82877348671518	3.50370386445351	0.0621142860623507	0.347280251901861
ALG8	-0.119280012679176	4.74402107662073	1.71294982878428	0.191511876727879	0.547832133504232
ALG9	-0.147174592085484	2.56628008466443	5.00551027600948	0.0259325685590006	0.241928922819658
AMFR	-0.0633795337248477	6.78147427258533	0.953904497570297	0.329441345221512	0.671731139744437
ANKFY1	-0.147910612734122	6.12508088284286	3.16017932666388	0.0763738025451629	0.372751469079317
AP1B1	-0.0864948056642979	7.53415468036834	1.95804396531616	0.162659944473223	0.51219709338557
AP1G1	-0.144899482768782	6.78056211935103	4.66204302029297	0.0315552080762293	0.261465893207623
AP1M1	-0.0870301413601783	5.80039090486048	2.23406147438701	0.135952165147538	0.477592859994873
AP1S1	0.0829687925629484	5.85220217902945	0.95556104982352	0.329022357647199	0.671480238803286
AP1S2	0.0539076888130369	3.80604915359418	0.315890741557929	0.574468429094508	0.835075190989454
AP3B1	-0.139777338586545	6.03538463158153	3.91164911500843	0.0487823823558536	0.31490568877422
AP3B2	-0.016981251601309	1.67053510105212	0.00344014007389261	0.953264154397792	0.986153568019404
AP3D1	-0.0786321394366252	7.50683817407447	1.70573264070884	0.19244770008819	0.548572652638321
AP3M1	-0.00157222024345706	5.48239059751513	0.000624067166364626	0.980084917817943	0.994249189067819
AP3M2	0.112993380561444	4.09363687284661	1.22189396460988	0.269792834415096	0.62280999215368
AP3S1	-0.0362999608418394	5.9336423885034	0.175321511242211	0.675696888270197	0.880086028970851
AP3S2	-0.006383300618664	4.18479893659417	0.00977966959690723	0.921283769788784	0.975043292032691
APPL1	-0.142663563982361	5.32356794992627	3.3073862338887	0.0698735356844973	0.362542010550854
APPL2	-0.0762845297669415	5.30675800116309	1.04115533859922	0.308298804346111	0.655113304983447
ARAP1	-0.181572141467014	6.87082029344149	4.64521897743922	0.0318614782549778	0.262886160583799
ARAP2	-0.157614041562701	5.59248838695535	1.68448281803693	0.195234379250892	0.552146088146921
ARAP3	-0.0813068892453848	4.15135428022735	0.562522222341906	0.453779038491639	0.765918796650695
ARF1	-0.0223472230272085	8.93754495599844	0.220518832276154	0.638954361330455	0.866038721180995
ARF3	-0.117394215220676	7.8274677480702	3.3852680152415	0.0666775548192406	0.355917591241471
ARF4	0.0111128215363385	7.33672173403022	0.0224676366170028	0.880941134414497	0.961542925719883
ARF5	0.0422246203437901	7.30164307720494	0.308615422926159	0.578906678465406	0.837823225818348
ARF6	-0.102055161999924	7.86172786009473	1.76704158143379	0.184664945133165	0.541317973714
ARFGAP1	0.0920942720998012	6.49786683018436	1.38320393565953	0.240402104518968	0.599687086094186
ARFGAP2	-0.126249670783843	6.6034774053772	3.86612463442143	0.0501062878520236	0.318462653042693
ARFGAP3	0.0834712796987725	5.78707816820678	1.37905322348529	0.241107445120895	0.599813620380112
ARFGEF1	-0.0300468444625862	6.34079498088308	0.155325573418069	0.693751146974623	0.889384345152505
ARFGEF2	-0.0412891752115645	6.03211819818398	0.213494895046174	0.644345651470077	0.868234623900235
ARFIP1	-0.128503228256778	5.07541086377081	4.16080319478	0.0421641056561156	0.298105668947655
ARFIP2	-0.0794201543862245	5.78523067306733	1.36068949878042	0.244258542272513	0.602088682690203
ARHGAP1	-0.299043011808503	7.45406509044739	12.2768599229	0.000521742992962301	0.0415150015494585
ARHGAP24	0.230642509447981	3.40812624598448	1.82761534383838	0.177333359880383	0.532844952028359
ARHGAP5	-0.162200649650425	6.56938321558723	2.86123859335941	0.0916796750829996	0.402206463192819
ARHGDIA	-0.02676901087568	8.25820153947724	0.149679176879506	0.699090977998859	0.89157954978815
ARHGEF1	0.0398113187609202	6.89934035966599	0.399126109310776	0.527977395110194	0.81228498835544
ARHGEF11	-0.096025302129896	5.78405928134241	1.43434119965091	0.231914973463843	0.590456771532157
ARHGEF2	-0.0306653921618711	5.80836589067986	0.141498742381547	0.707036791576514	0.894646992782842
ARHGEF6	-0.164491042062671	3.57655253302096	1.21980164479614	0.270202531976787	0.623352210156512
ARHGEF7	0.0148864700541375	5.58539501121883	0.0546392175436085	0.815323445752466	0.937366355703151
ASAP1	0.0467839372398326	5.95148625424924	0.285832352072815	0.59326298458707	0.846303988709152
ASAP2	-0.0210006171915552	4.76451328738039	0.0215658352458291	0.883337450549416	0.962353039466378
ASAP3	-0.0986423934814431	4.73984243860697	0.695670596395257	0.404844341918858	0.732237394829724
ATF4	0.157348991574575	8.16118833272938	3.99298012985042	0.0465086645933197	0.308381531157927
ATF6	0.00703136849283222	6.02119445276124	0.0163928631965637	0.898199402296998	0.968178746088488
ATF6B	-0.0826636539989609	6.87733502984244	1.47392291324251	0.225594057607587	0.583796665957589
ATXN3	-0.0112612022354946	4.52835474717887	0.0360590447238225	0.849510115944696	0.95051042138566
ATXN3L	0	NA	NA	1	1
B3GNTL1	0.198168493494695	1.78434472356872	4.25436470534839	0.0399301220271058	0.291654608440394
B4GALNT1	0.215716860715704	3.7907498662413	1.13875446806659	0.286694081263705	0.637270124480954
B4GALNT2	0.533364380058392	1.84606762114184	1.81524488407077	0.178802750951683	0.534875994606946
B4GALT1	-0.173599179468533	8.09465599626645	2.80896487790051	0.0946839670495856	0.408362244186434
B4GALT3	0.0717855076573774	5.48927296490915	1.42360760983546	0.233665831273606	0.59258720371053
BAG1	0.0334112162052841	6.44553685828548	0.0791626276280041	0.778611383518245	0.924173361124105
BAG2	0.168016982168305	3.48859877072806	1.26293779084064	0.261910862636326	0.617557927765791
BAK1	-0.163464651327406	6.17017161063396	2.31967305208284	0.12870253962165	0.467533913686669
BAX	0.105151273398627	5.90753663942138	1.75250515376334	0.186476471998958	0.543221356997862
BCAP31	0.072726159939475	8.44501643194	0.766339253876923	0.381987298437515	0.715772714637642
BCL2	-0.259213462069799	3.27393108681882	2.34338092629982	0.12677223253853	0.46416322820155
BET1	0.0838934268574555	3.93485730618149	1.26063684183669	0.262345069381252	0.617848406594113
BET1L	-0.0798224008532591	5.84443822261921	1.88885171437054	0.170262155585771	0.522767024389872
BNIP1	0.191863518925305	3.13084132043059	5.74487286906491	0.0170915315277035	0.206526212577386
CALR	-0.0474333382981834	10.1847745698841	0.580514138061489	0.446653909144853	0.761830864830868
CANX	-0.0523457015895964	9.22573867441726	0.527137766202826	0.46832622925734	0.775218600398134
CAPN1	-0.199216958960097	9.03714321547943	5.65759232812638	0.0179473773997161	0.209402776271722
CAPN2	-0.03389624622076	8.35942420489269	0.178829660340651	0.672655799959208	0.879068709512855
CKAP4	-0.105855020817157	8.16004036063324	1.78298469586739	0.182701644660452	0.53928511179765
CLTA	-0.0149959444299888	7.1846568575887	0.0175825862499694	0.894590895907134	0.967413374708458
CLTB	0.125341224992206	8.15636831954034	0.776073485916259	0.378984503596184	0.712384737599391
CLTC	-0.0541370192935203	8.91412663026302	0.608546674230807	0.435893517626147	0.75298240692328
COG4	-0.0211236095006938	6.21989535634504	0.115389180874839	0.734305758864166	0.906444693501821
COG6	-0.113392652721589	4.30580555208543	2.05042902181403	0.153107777793823	0.49971453943352
COPA	-0.039260752955808	7.94763823660174	0.336525457026907	0.562236735331217	0.828952250235846
COPB1	-0.127998469004492	7.11019790358565	3.18409080149739	0.0752750331410583	0.371344793707431
COPB2	-0.0254699681516305	7.69433838296238	0.144996747318005	0.703607739879991	0.89378530436734
COPE	0.115776665632111	7.06397724466199	2.66926616287461	0.103254809719571	0.4236405402468
COPZ1	0.0460709299643317	7.22020772758815	0.70902571531343	0.400375969453302	0.728452469480829
COPZ2	0.147322411574014	4.96948380724458	1.3096026981081	0.253294223768269	0.609852073143255
CRYAA	0	NA	NA	1	1
CRYAB	0.296958967594658	6.81355031113386	1.4287973055053	0.232817297740486	0.591228258056142
CTBP1	-0.140050515604037	6.73554638843838	5.42911607713251	0.0204050182178974	0.220287212508812
CTSA	-0.0365187351232433	7.4127977946667	0.251774648102773	0.616162150174833	0.856550960958692
CUL1	-0.112020564273746	6.28326913477908	3.68902407935219	0.055631301397955	0.333177801339835
CYTH1	0.0138423602935637	6.31668967724075	0.0402947274516617	0.841028825633019	0.947279426836098
CYTH2	0.0593841747399612	5.98747787627903	1.00667041933533	0.31643540711939	0.661349018294262
CYTH3	-0.0183630258019865	5.22987728942449	0.0377469348937417	0.846071472869096	0.949141945723733
CYTH4	-0.227130225237637	3.81106970955684	2.38961203529767	0.12310034412341	0.458317644489598
DAD1	0.117690170622783	6.72391578231626	2.56263514044032	0.110370892927032	0.435608899028416
DDIT3	0.736311069512011	4.35002295136061	19.6532228259505	1.26494833990223e-05	0.00377653655689231
DDOST	-0.00690198470494459	7.92736550274262	0.0160724530035504	0.899193806945754	0.968321958525519
DERL1	0.0923218452216814	6.72403979092281	2.64073432677401	0.105108028989111	0.427248509094038
DERL2	0.0808727053198589	5.18104142470142	1.62274629387738	0.203603842717297	0.561742605940597
DERL3	-0.15251407353509	4.21494695710802	0.427767372723823	0.51354105959902	0.803991350465863
DNAJA1	-0.171337517988902	7.57478463386701	3.0092502365894	0.0837223217423576	0.386738493553358
DNAJA2	-0.0288220409320798	6.42063337386381	0.248399032687786	0.618535943627425	0.857702167139661
DNAJB1	0.249277450293346	8.48914044251434	5.31665573687567	0.0217407824225209	0.226732489142448
DNAJB11	0.0694898633368762	6.8211325005888	0.852745228826756	0.356450165742216	0.694529215197486
DNAJB12	0.0370201018102566	5.72825278361052	0.489600026339098	0.484597679922327	0.785618845201315
DNAJB2	0.0696373483505909	7.02291881455961	0.359910394944208	0.548966853179058	0.82262893310234
DNAJB9	-0.000485650496465837	4.7732934424489	3.4683348133207e-05	0.995304630963949	0.998693763612613
DNAJC1	0.0207909405510035	4.78051570431243	0.0807584922578627	0.776449999309491	0.922920835048459
DNAJC10	-0.0881627346318486	6.43268242185116	1.34256909408467	0.24741744933511	0.605876932786385
DNAJC3	-0.175251900758264	6.25736257971445	6.12625687833884	0.0138195854378382	0.187092120277178
DNAJC5	-0.246969666446046	7.45979579646977	10.2333499256391	0.00151275123247798	0.0694763090836331
DNAJC5B	0.0521107797457107	-1.26145770379356	0.0430145274933605	0.835825576071703	0.945696586298403
DNAJC5G	0	NA	NA	1	1
DNAJC6	0.217166514834635	1.37177675024512	1.20201065259188	0.273717934343814	0.626390310666782
DNMBP	0.175873632119319	5.21316107474105	3.39777336318041	0.0661791784830089	0.355409599947804
DOCK5	-0.0544087292922616	4.89494993864733	0.23039325070264	0.631549715827332	0.86310715742553
DOLK	0.0542765298859743	4.65560314803919	0.558940607300708	0.455218691982077	0.76687936641582
DOLPP1	0.0507062290764218	4.95195196297899	0.424462525546597	0.515171185301697	0.804711152037416
DPAGT1	-0.0662187284706415	5.15800970470605	0.844568971892307	0.358763127179474	0.695779168001666
DPM1	0.0611514604389218	5.22882394967265	0.819226098917675	0.366065469616679	0.701878105932268
DPM2	0.26608917935157	5.89195139972635	8.53761716136717	0.00371818382828427	0.109851030030951
DPM3	0.420223175859138	3.80978991991237	10.7677828257068	0.00114303684048011	0.0604557247330857
DPP6	-0.219505542591259	-1.73972025608136	0.57958748916164	0.447016600617901	0.762037706568962
EDEM1	0.0208606679543828	6.05524210382158	0.0668522772588622	0.796137087614022	0.931200088559315
EDEM2	-0.0832711631712352	4.98550564899029	1.295604890537	0.255841549946343	0.612551159616466
EDEM3	-0.0387765649191724	5.52570467025029	0.240451677744149	0.624205265103123	0.860083747871536
EEA1	-0.120005714186609	5.44821190113818	1.55733303414465	0.212939036826452	0.572598571414103
EIF2AK1	-0.0148343798628291	7.31303943453634	0.0739140825863523	0.785890521152779	0.927293599841735
EIF2AK2	-0.148089408852503	6.77523691388603	2.54298360001671	0.111740501194678	0.438076113148252
EIF2AK3	-0.00744554817079452	4.41152327255426	0.00776556793044611	0.929832684712837	0.977634916362121
EIF2AK4	0.0443188054021728	5.89715414424706	0.36615400421864	0.54552316671697	0.820436180341224
EIF2S1	-0.126804982712159	6.93500892392972	2.74236732612606	0.0986684386844701	0.415532996914955
ERLEC1	0.0176943278339943	5.60368656669795	0.0775767203414355	0.780782705277993	0.92487390147521
ERN1	0.0564899751110654	4.47075192942236	0.511752944882342	0.474885762451182	0.780223410439801
ERO1A	0.0460039802483066	7.83619290065459	0.139033106727783	0.709483009747142	0.895995176188137
ERO1B	-0.0461473176548527	2.87596914756373	0.0996223780672835	0.752482363299079	0.914008132096224
ERP27	-0.114641140187026	0.87781742249611	0.285053821841079	0.593766431625658	0.84633098023616
ERP29	0.124854672057494	7.10475412254358	2.45135179420712	0.118380087486131	0.449697670360005
ERP44	0.111893255754288	6.64476645477384	2.47496511088507	0.116628220945339	0.447160245564336
EVI5	-0.0652737959675421	4.13634471172482	0.765606638895817	0.382214657296947	0.715823819300024
EVI5L	0.0150713026492474	4.7559902835264	0.0314108344570526	0.859435432212988	0.954253196565976
EXOC1	-0.0750573252203933	5.46239010819443	1.70953509489736	0.191953985147082	0.548389553165096
EXOC2	-0.16771727145935	5.23518084790731	5.81730731685518	0.0164134358827553	0.203176127938202
EXOC3	-0.0560924366505976	6.40592959873934	0.543961280839201	0.461318654857777	0.770278922564057
EXOC5	-0.0883706392650006	6.10402585223445	1.41971777022536	0.234304293861669	0.593553845909579
EXOC6	0.0364130511994808	3.33470108359308	0.132314804590532	0.716276380087038	0.898818641659116
EXOC6B	-0.0546721654824346	6.35517651456299	0.292146865187008	0.589211885702801	0.844338690014475
EXOC7	0.00924064761338843	5.91290127469618	0.0167767554131329	0.897020898407366	0.967978884842681
FAM71B	0	NA	NA	1	1
FBXO2	-0.0669539114596595	4.88833081247269	0.092223183625267	0.761560614814035	0.917706146878006
FBXO6	-0.291251470138467	4.63878020907113	5.90781857371001	0.0156051036856164	0.197958992471378
FBXO8	-0.0180709744730839	4.07472110456234	0.0675340949056548	0.795123280396024	0.93097410765188
FUT8	-0.0788215623780637	4.39140428135404	0.416006011757177	0.51938392080124	0.806571840598189
GALNT1	-0.0751054332959143	6.99798934029141	0.63669659769322	0.425482148488876	0.746794856297258
GALNT10	0.0658797278017699	5.82014883719905	0.371593607344374	0.542555490639975	0.818917490372703
GALNT11	0.027549459098145	5.14315588798811	0.0569284158682189	0.811566059159438	0.936458772159715
GALNT12	0.123838262963419	3.05697262254647	0.492429365561329	0.483339176018144	0.785071764991112
GALNT13	0.346650091140312	1.02609042509616	1.57020922053086	0.211061915340856	0.570186314928446
GALNT14	0.19758461163707	4.61588848740457	1.12360304382187	0.28991752575046	0.640620039593801
GALNT15	0.154981601009667	2.91247195119858	0.512387142203359	0.474612426401494	0.779990366133193
GALNT16	-0.0781023485272856	0.378192343864223	0.107126227971977	0.743646997599585	0.910232532522022
GALNT18	-0.0976072132100663	5.58786583458864	0.741713556949894	0.389736529207999	0.720428143361425
GALNT2	-0.193029959750953	7.54761151973914	4.1184665765903	0.0432180029490999	0.301635338946502
GALNT3	-0.155992330757963	6.02000727001755	1.70432399183046	0.192630978376882	0.548638031351741
GALNT5	0.185891936391187	3.99493648097379	0.454552316088144	0.500652028702183	0.797025144207249
GALNT6	-0.1936489081147	6.61044718045372	1.10721906122213	0.293455527273232	0.643335612167821
GALNT7	-0.0996137597324627	5.29833545794305	0.789516865581138	0.374892097674796	0.708854204552889
GALNT8	-0.113666659652416	-0.57908749222199	0.165382306323849	0.684511801941415	0.88488906028092
GALNT9	-0.130754797799987	-2.21831306666828	0.235865833952104	0.627529719842542	0.861403497257506
GALNTL5	0	NA	NA	1	1
GALNTL6	0.402710012312641	-2.13706415486846	2.46629010635432	0.117268451623848	0.448111156594481
GANAB	-0.0601352533857816	8.89256440542427	0.766071531970341	0.382070360666253	0.715823819300024
GBF1	-0.0420441906070688	6.80420205476534	0.388987869832918	0.533261854273668	0.815064440749275
GBGT1	0.150308288993369	2.06181239586499	1.33138771461436	0.249391713591401	0.607417129818473
GGA1	0.163747860110892	5.68924491650309	8.42296934725285	0.00395372135656574	0.113270123207673
GGA2	0.071909422179927	6.21748395961582	0.884684612920127	0.347608341597563	0.686275328056631
GGA3	0.0439738138949166	5.21588618587987	0.679960006928243	0.410194868222693	0.736529876259535
GIT1	0.0876526811832726	6.75309974368512	1.62694864569886	0.203020885570162	0.561031885522987
GIT2	-0.12634766667845	4.51899895891315	3.78097688184642	0.0526859991505123	0.325561873928227
GLT1D1	-0.0162539325160509	0.0170834931232426	0.0065716192896777	0.935438881709704	0.980179016844646
GLT6D1	0	NA	NA	1	1
GLT8D1	0.0871940973549783	4.87925064845699	1.62673975957393	0.203049815947364	0.561031885522987
GLT8D2	0.269257940353739	3.45051986952458	2.22709864072564	0.136561648115723	0.478250315750232
GMCL1	-0.0319105947119025	4.58783781179879	0.163702224784768	0.686032160146515	0.885589117772095
GOLGA4	-0.0672682402949953	6.43546557299727	0.622133480814807	0.430820658571749	0.750275166741772
GOSR1	-0.0341077945606282	5.44476446542948	0.640837785397576	0.423982310067759	0.74548209959256
GOSR2	0.021298377984225	4.30056631315791	0.152285680247952	0.696611819669251	0.890535928125263
GPAA1	0.0268262606674577	6.97210779281378	0.102445054613037	0.749117101401901	0.91257864031427
GPLD1	0.0914021942910269	0.417121811478099	0.130176802581284	0.718479158980226	0.899382639299203
GXYLT1	-0.162570737645066	3.61766101007038	5.38245258998648	0.0209485973426139	0.22357651632357
GXYLT2	0.332853075641528	2.90494563843566	2.75514320744154	0.0978900597981025	0.414621141836652
HAS1	0.410017086053604	1.29833732997126	1.73959623187718	0.18810258038682	0.545317388532073
HAS2	-0.0339417237115685	3.85809760769872	0.0232844076540634	0.878812862674422	0.960652495740359
HAS3	-0.0570044474684961	7.92213208400196	0.0958320293779992	0.757084852443972	0.91636910818061
HERPUD1	-0.0167580256246489	6.35585775232159	0.0350842491245884	0.851534097419286	0.951647966824784
HSP90AA1	0.0281298840707812	10.4063982506684	0.127294721961935	0.721481168053342	0.900925229664515
HSP90AB1	0.0213573576643112	10.6089435536582	0.0993979332823159	0.752752191413581	0.914008132096224
HSP90B1	0.0198363197052889	9.81024986488135	0.0804863362585857	0.776816955474038	0.923062222911829
HSPA1B	0.29801286877486	7.1130097943429	3.63609702052452	0.0574057139978163	0.338145288320471
HSPA1L	-0.0409990731490071	0.577599940456916	0.185383687229725	0.667067311885841	0.877282635291818
HSPA2	-0.0720752099813376	6.79758310041191	0.135409474075154	0.713123370502482	0.897687776102447
HSPA4L	-0.197747512333289	5.94222488308218	2.23177424240265	0.136152037188008	0.477799927370946
HSPA5	0.0149247396903074	9.84500933425339	0.0396004925410979	0.84238603480675	0.948081095500794
HSPA6	0.988733929144346	4.21558948636177	14.3296771493479	0.000182152792995114	0.0214147506376121
HSPA8	-0.304096230680679	10.2743896345744	13.825216941997	0.000235576832474172	0.0258224073856955
HSPBP1	0.137860659760689	5.81959437528454	2.30120169932522	0.130229278011903	0.468685214500175
HSPH1	-0.0556963001031541	7.88966816305772	0.238499791400267	0.62561541964494	0.860462410170091
HYOU1	-0.0891229243513494	7.60434552612223	0.934637128695207	0.334367340594164	0.67498175783644
IFT27	0.309821766643344	3.8398099254846	7.1137828577409	0.00802568724109189	0.147695197930485
INPP5B	0.0409146220686854	4.00497192185769	0.497220407904697	0.48122035848543	0.783804089759583
INPP5E	0.0874298597350603	4.04349295622386	1.07649266773464	0.300241542458672	0.648848396446249
IQSEC1	-0.0103140065256704	5.29688634619855	0.0154260169335266	0.901231179938278	0.968564645715177
IQSEC2	-0.091208979440038	4.09455502170445	1.1709352142649	0.279997581142103	0.631355826472955
IQSEC3	0.0192304648132346	0.139157046501902	0.00941086560007942	0.922777524010072	0.975440112731821
JUN	-0.0856638643869591	8.31684198472408	0.477485444867745	0.490048277366885	0.790052253336267
KDELR1	-0.0345753732631375	7.59831236339698	0.337398686270114	0.5617302517841	0.828662597554206
KDELR2	0.00593772240826192	8.03861432408249	0.00781540251871436	0.929608485467113	0.977634916362121
KDELR3	0.0321117625880525	4.38233850640637	0.050265311177923	0.822740706371917	0.940879376108439
KIF20A	-0.179667186491828	5.34073952710098	2.59231234717005	0.108337556920626	0.43140299053288
KIF23	-0.0405601787426235	5.27682462902478	0.194367533045855	0.659594220690385	0.874990188852976
LARGE1	-0.0137941878997863	3.80473929206546	0.00806683804592255	0.928488140944263	0.977469087055834
LARGE2	-0.414911626193171	5.8023072582106	9.36015778496657	0.0023987959756617	0.0890778013122529
LMAN1	-0.116700437612783	6.99494506332065	2.14336476146537	0.144137447430459	0.489206928720629
LMAN1L	0	NA	NA	1	1
LMAN2	0.100968570242202	7.33161192817505	1.57876208704785	0.209825939622259	0.569015246806389
MAN1A1	-0.18741627458037	5.67274874417273	1.45064678132862	0.229285504205012	0.587807613096621
MAN1A2	-0.22442852194637	5.66785728838758	6.16677665586422	0.0135123307244756	0.184759215569871
MAN1B1	0.151411478039721	6.81500359739949	2.74179179249685	0.0987036627401506	0.415532996914955
MAN1C1	-0.284499990914062	2.29744996026792	3.54826481029193	0.0604849737443988	0.343444458023125
MAN2A2	0.120327918576385	4.56228890158592	1.01605406427707	0.314193798259897	0.659817822574077
MAP2K7	-0.0165519775750097	5.40069130464121	0.0884262062885865	0.766374232760515	0.918956812811989
MAP3K5	-0.143324672254077	5.36444477120024	2.08967275696183	0.149244817126133	0.495517252062036
MARCH6	0.0385382774663748	6.8662195907051	0.30164642204656	0.583222762009813	0.841065493199609
MCF2L	0.162197510473747	3.84922566346584	0.84455318104995	0.358767614192471	0.695779168001666
MGAT1	0.0487555972958757	7.51527789843949	0.527856228119379	0.468023484813534	0.775029402307626
MGAT2	-0.125876563462251	2.16365466650341	1.16933549124418	0.28032575075615	0.631594861807345
MGAT3	-0.148673447935434	2.54924591231754	0.319173108174751	0.57248804039606	0.834120184716278
MGAT4B	-0.0568901642699045	6.64007245904297	0.72980620802422	0.393564436136813	0.722106842643625
MGAT4C	1.78860227674806	-0.646824114729885	19.6551705606181	1.26373213387819e-05	0.00377653655689231
MGAT5	0.1182973792848	6.08149639440841	1.84338229116583	0.175480757246034	0.53003972070188
MICAL1	-0.0503746552250652	5.08109301029481	0.2711695069981	0.602896820087128	0.850287630406421
MICALCL	-0.101139390549334	3.18986966975023	0.243892128299136	0.621736886631181	0.859252646952217
MICALL2	0.0725242755795021	5.22728907700829	0.44623836171339	0.504592676860865	0.798945149326501
MOGS	0.0580018165593603	6.3436637101781	1.08719764499277	0.297854598276365	0.647472775904457
MON1A	0.0122799333383963	3.42868232361356	0.0338382201810802	0.85416410634311	0.952072959322845
MYO5B	-0.0848121821346592	5.61953724097535	0.283366853036577	0.594860372666144	0.846614151918512
NAPA	-0.122366202798415	6.39471609847386	2.80378861526249	0.0949872615772045	0.409009296968502
NAPB	0.0756085336418754	3.39054752264652	0.976164895607812	0.32386980691375	0.667145339888605
NAPG	0.0888919731622599	5.07175596223103	1.48932687228872	0.223190436177949	0.582012854503383
NCKIPSD	-0.0155516480209098	4.34080055187438	0.0541645802540509	0.816112832214038	0.93760000824995
NDE1	-0.0191272454519444	6.09539162931467	0.0502993890385761	0.822681632500502	0.940879376108439
NET1	0.096163521916872	7.36959500973024	0.919612542824215	0.338277307610879	0.678579835119557
NGLY1	-0.0486800692024564	4.17689639922412	0.604576225869503	0.437393182981709	0.754137474688337
NPLOC4	-0.0490544578336186	7.52675338869884	0.626086420774799	0.429361619927841	0.749486932667103
NSF	-0.0187169358880329	5.15506088595504	0.0984082493807442	0.753946004997344	0.914619057602103
NSFL1C	-0.00189167480657371	6.96345453742186	0.000671459736067246	0.979342727278282	0.994018630371023
OCRL	-0.0540320969958043	5.18602882940858	0.483325625308252	0.487408006072372	0.787905050683792
OPTN	-0.152768990013823	7.08979237141623	2.27585644210027	0.132357287845073	0.471457905997598
OS9	0.0608039275280303	8.0800595906812	1.33875423426869	0.248088862725844	0.60601322475862
OSGIN2	0.107155905780216	4.49770095361182	2.36640942393537	0.124928153353735	0.461614484167276
P4HB	-0.0310254014685165	10.1054258200061	0.24104252642823	0.623779802879229	0.859958208410862
PAK1	-0.11479679357415	6.60814011718208	1.20537881111683	0.273048014365013	0.626275350951854
PARK2	0.588713639269852	0.334703025780764	7.2338880836578	0.00751686016091967	0.143325678194342
PDIA2	-0.605039578868995	1.13744772561155	2.20837155296648	0.138216207252979	0.480886589753187
PDIA3	0.00908524576558874	9.05116617654004	0.0176196449289492	0.894480521558244	0.967381418931547
PDIA4	-0.115726542794033	8.1356942545725	2.28194287282891	0.13184273322697	0.470881727832514
PDIA5	0.0415079176004051	4.83270142776912	0.217273038298855	0.64143250627742	0.867038220388101
PDIA6	-0.0956229995684747	7.92302691770206	1.56561704557264	0.211729104465582	0.570695188070908
PDILT	0	NA	NA	1	1
PGAP1	-0.164941914210502	4.48151703334182	1.88756342009522	0.17040752823335	0.522788915037142
PICK1	0.18434268341033	4.54083199862378	5.92663132683324	0.0154423325393728	0.197289710201784
PIGA	0.0632405974515784	4.11910164984358	0.519047017930491	0.47175741614755	0.778036357492943
PIGB	0.0693324384219699	2.89265353708812	0.973656949454206	0.324491234692091	0.667758581095914
PIGC	0.0817794749939382	4.67440526655942	1.99892734464852	0.158351255448521	0.506402971083768
PIGF	0.10476758627379	3.28927887449382	1.84706475573451	0.175051303617603	0.529659165099801
PIGG	-0.177845399979638	5.2381628083157	5.43606741444738	0.020325306677467	0.220116880841689
PIGH	0.0361891589160253	3.56519950254437	0.271125195759673	0.602926431573278	0.850287630406421
PIGK	-0.0237761269839631	4.54746436267815	0.128467519175549	0.720254985647001	0.9004545051129
PIGL	0.196285890540429	2.65548661521472	4.59241564393943	0.0328431393946062	0.266622838233851
PIGM	-0.0436656411922846	3.67867292258906	0.380691238534884	0.537658091454718	0.817987266669409
PIGN	0.0247593271094074	4.73958534550962	0.0757919476780593	0.783255105995865	0.926013878441339
PIGO	-0.328949959163614	5.46141175709438	10.9864020924369	0.00101963615603922	0.0569840994594333
PIGP	-0.0167511678572215	3.16489843329948	0.0427302342524922	0.836361277652902	0.945829545004455
PIGQ	0.0541940099882247	5.34343316251397	0.437789354273899	0.508652136182622	0.800813000970282
PIGS	0.0889263753026087	6.25504933781741	2.00178566253596	0.158054932221146	0.505891721272085
PIGT	0.0437635708498385	7.07897278623281	0.356856853235378	0.550665870123319	0.823693624701569
PIGU	0.049309677642016	5.03407017805176	0.379527352003958	0.538280100318585	0.818432727824084
PIGV	-0.00845031289171526	3.97091072528623	0.013887124112262	0.906263091549589	0.970560155448704
PIGX	-0.095043322955308	5.39037509259919	0.696526171163422	0.404555904997187	0.731949085749634
PIGZ	0.0358943501885985	2.65867330910999	0.0572344901923404	0.811069775412866	0.936450570179284
PIK3C3	0.0834226220539565	4.79614751609294	1.29129001284064	0.256633153696736	0.613077095954827
PIK3CA	-0.0544734726950958	5.37423772342591	0.341725317367277	0.559233617771049	0.827346338086008
PLAA	0.0216130683027158	5.4497959652586	0.0569636629405713	0.811508836104554	0.936458772159715
PLIN3	-0.114397995034024	7.4635148761104	1.26927912579374	0.260718822127015	0.616721608567076
POMT1	0.237995939635788	4.2674148561414	7.26441390115986	0.0073929022193423	0.14281623677581
POMT2	0.0620774596524381	4.54887965560982	0.677442015222341	0.411062079397739	0.737137325656738
PPIA	0.0448474127916172	8.92465424784722	0.300242714678234	0.584099961452691	0.841623081918853
PRKCSH	0.0274537289116806	8.2574238510959	0.226488542768615	0.63445407201667	0.863840168193334
PSD	0.252068848950255	1.72579801264203	3.58442190617792	0.0591965182423464	0.341623964697628
PSD2	0.298298873143345	-2.30370699593309	1.80334017669624	0.180230168988197	0.536669623929422
PSD3	0.189865565652471	4.82568367626883	1.57852275944296	0.209860407638803	0.569040708571276
PSD4	-0.17153237123374	6.14069004497544	4.53555016638227	0.033935900416783	0.270649206061179
QSOX2	0.147481457515231	4.89501007403193	2.86827751783389	0.091283144923659	0.401164934789429
RAB10	-0.126370487771459	8.23035954956457	1.88179251940543	0.17106048184567	0.524012735666025
RAB11A	-0.0310339465113658	7.4965454571953	0.153019247419193	0.695918506507047	0.890151130990749
RAB11B	0.0315378293332503	6.55765309968737	0.282620725392828	0.595345544692135	0.846710172284965
RAB11FIP1	-0.105126580238502	5.68368047085621	0.322303104351204	0.570612062406568	0.833166114279348
RAB11FIP2	0.0116925644010269	3.47064900388811	0.0253178589967501	0.873674719117089	0.959205142426043
RAB11FIP3	-0.0336301313380352	5.21145498193022	0.173737789185033	0.67708148771921	0.880734883828943
RAB11FIP4	-0.152188983999633	4.4214780879979	3.16193177579655	0.0762926894963577	0.37259602339052
RAB11FIP5	-0.0468972707364796	5.93283169938227	0.292004470757161	0.589302613407672	0.844359453032336
RAB12	0.106037838139288	5.54245105158721	2.78453626069757	0.0961246806941992	0.41160011416331
RAB13	0.127835179575725	6.36757551107167	3.54645795904614	0.0605501421321546	0.343458504458392
RAB14	0.000189873450909211	7.20666180292174	9.83161371517387e-06	0.997500095422851	0.999200036241051
RAB15	0.352459775926532	4.02724751891876	6.39844277850427	0.0118861655275822	0.175469808601717
RAB17	0.0433676306672938	1.57762834408035	0.040450960555002	0.840725074772091	0.947262997103774
RAB18	-0.112560573371722	6.6529719754377	1.81549409800656	0.178773009761007	0.534857541070312
RAB19	-0.303646952399716	-1.87714435565439	2.02346775090336	0.155827637485554	0.503020215471221
RAB1A	-0.0778436229612147	7.47377831529955	1.78279613936686	0.182724721881901	0.53928511179765
RAB1B	-0.0778984888211881	7.91342457480472	1.13636653380001	0.287199064628726	0.637957613045069
RAB20	0.0973220377072007	3.51230985616313	0.725534733941746	0.394950801146825	0.723454724955313
RAB21	0.00706120518540294	6.3892844576629	0.0106493219306702	0.917870321377167	0.974313433338764
RAB22A	-0.0413456843674365	6.44709731844443	0.302271025323226	0.582833291560091	0.840806887902306
RAB23	0.010865296401816	3.43401953000619	0.00794820972231743	0.929014497412656	0.977476867259084
RAB24	0.0751335389771564	3.14026627300934	0.469020387202538	0.493917898296706	0.792742244631269
RAB25	-0.00560047493913219	6.9704541263381	0.00147366365651071	0.969401231390561	0.99128616878547
RAB26	-0.0544958480373342	1.06135735721439	0.0604191176536062	0.805987214587404	0.935328986196762
RAB27A	-0.0317210806473031	4.63414307880371	0.154104477151529	0.69489633471607	0.890047859706894
RAB27B	-0.185406492004297	5.25213665889427	1.56587471272439	0.211691602033989	0.570695188070908
RAB28	-0.0144322471825623	3.47541695179492	0.0570687869195756	0.811338280077468	0.936458772159715
RAB29	-0.0480427324579691	4.53722407550777	0.363224732094516	0.547133790279561	0.821497200995449
RAB2A	0.0197471701589066	7.14766532412187	0.0822885560468886	0.774399305070663	0.922142807512257
RAB2B	0.0519561631510142	4.21899360607438	0.484449567483157	0.486902602847905	0.787611040038423
RAB30	-0.277487050702151	3.99116844122971	6.04796355854167	0.014433909066833	0.191299881265444
RAB31	0.0437044224336909	7.54773302183512	0.131093104835617	0.717532607253576	0.898828498537873
RAB32	0.176731835865394	4.80741737525874	2.25521400972064	0.13411927264035	0.474530843007882
RAB33A	-0.039871673971311	-0.126328769479936	0.0866485371017179	0.768666569540468	0.919762443963536
RAB33B	-0.000137274122412356	3.15022934729742	3.22633536648987e-06	0.998567923354401	0.999359793346991
RAB34	0.229151083967203	6.20681807591598	7.00481411000896	0.0085179665977265	0.150406740935731
RAB35	-0.0622697137292411	6.22857020904046	1.53021427564195	0.216958000384044	0.576437591184305
RAB36	-0.102649888150332	2.92047393534298	0.548112342457159	0.459615319127906	0.769303009074372
RAB37	-0.0774236699551262	0.719606935552971	0.219852710139284	0.639461118352494	0.866252929423728
RAB38	-0.250482759454556	6.20887956213664	2.37975282610884	0.123873345475531	0.4596358509176
RAB39A	0.0819819754054155	-1.22295068028913	0.11798589053745	0.731447578261569	0.905183831511044
RAB39B	0.0204074493678287	-0.561158318394105	0.009302062194298	0.923223829639497	0.975458090223263
RAB3A	0.1942213811394	1.12757039585374	2.681700459583	0.102458435186232	0.422303704700383
RAB3B	0.654414232753985	3.37987238550567	3.90168222418503	0.0490690237374608	0.315313297440236
RAB3C	0.135262379832746	-0.921420338042664	0.24117021839529	0.623687938696739	0.859958208410862
RAB3D	-0.264815217517826	6.11138890807985	5.33772347804408	0.0214837917399237	0.226307908346736
RAB3IL1	0.142437202051016	3.23202696073546	1.02858028895689	0.311233795783933	0.657759429572934
RAB3IP	0.225089883711194	4.33134779549929	4.09204579283444	0.0438897816470535	0.302825039649259
RAB40A	-0.170969550025648	-1.37007385229415	0.773838704232419	0.379670919776487	0.713167430057403
RAB40B	0.0851677833537591	4.05186538470094	0.49174075271285	0.483644976696119	0.785084026415434
RAB40C	-0.0424634419535008	5.34295380450479	0.29327073611049	0.588496804071229	0.84384431776897
RAB41	0.0134462844670978	-1.42493853087219	0.0129903679413982	0.909326541571102	0.971405156627192
RAB42	0.022531576875836	1.49875686021419	0.0155752323199141	0.900757106079325	0.968428906212106
RAB43	-0.179918825617236	1.28914547577628	2.5535778810352	0.110999817390251	0.436720412099415
RAB44	0.208996946707107	-0.282802645273938	0.65413660282294	0.419219087859665	0.74234852049301
RAB4A	-0.0557376523221805	5.10486544079878	0.56672745182309	0.452097836250379	0.764380513771026
RAB4B	0.0234393278396339	3.39643950691197	0.0692516142843222	0.792593444781432	0.930123882187261
RAB5A	-0.0571419757769559	5.6599153740439	0.629850527300043	0.427979227915147	0.748739666210147
RAB5B	-0.0490697773401358	7.36960325290824	0.722881427227806	0.395815520057015	0.724453831579711
RAB5C	-0.0270146291284933	6.64104720854018	0.363342659976069	0.547068778190439	0.821497200995449
RAB6A	-0.180710405964212	7.27084474169241	4.02564096834724	0.0456274330264888	0.306153460421174
RAB6B	0.829751310348497	3.78906337768814	8.30099784891898	0.00422110935381155	0.116429813785946
RAB6C	0	NA	NA	1	1
RAB7A	-0.0229855321131999	8.63299598530323	0.119747998048231	0.729528017766968	0.904536011676838
RAB8A	-0.0626528571398442	5.53275385925815	1.30436523698758	0.254243653520422	0.611100476523133
RAB8B	0.0480010695159412	4.66733522977826	0.243430512736402	0.622066813822687	0.859302241281184
RAB9A	-0.00326429506078881	4.78671407218019	0.00185253656169198	0.965694744640975	0.990771003306183
RAB9B	0.140368233016337	-0.540530435353759	0.371466085232606	0.542624720773745	0.818917490372703
RABEP1	0.112030669601084	5.69663424185641	3.03124075422465	0.0826055484832149	0.384949660111757
RABGAP1	0.134744298449141	6.20369704498641	3.22178585456317	0.0735773823132499	0.367902010499813
RABGAP1L	-0.121356707013025	5.13195508074545	3.4292705862049	0.0649415407664731	0.353024331574335
RABGEF1	0.0281863891684654	2.69959121523923	0.131983206392712	0.716616698333746	0.898828498537873
RAD23A	0.172957803504162	6.91948239863688	7.17612642632206	0.00775729436971743	0.145105531120271
RAD23B	0.0362790952751144	8.02359136125252	0.297940858044418	0.585544219687136	0.841883483797007
RALBP1	-0.0435121536215284	6.99859472231455	0.221635873744172	0.638106657978956	0.865697045786404
RASEF	0.0301925427276499	3.61869563604731	0.0213323295745507	0.883966239513004	0.962538005818297
RBSN	-0.0759018626021582	4.62132822477215	1.4332431572723	0.232093353933378	0.590506197421939
RBX1	0.162330189121081	5.96496169504878	3.4856948931925	0.0627860289240815	0.348213035822149
REPIN1	-0.148738552881166	5.56214276192757	1.50303557504665	0.221077190322333	0.579638540857702
RER1	0.035851608269778	6.62620582040848	0.298771465597646	0.585022236622552	0.841787973173043
RFT1	0.0689038668907449	4.40768750298074	1.31627678114434	0.25209070014472	0.609338894110146
RFWD2	0.0301481370958791	5.45844654689705	0.299914121082986	0.584305690147935	0.841772048363661
RNF185	-0.0117659186347464	5.2351558199892	0.0417478236211684	0.838226910391415	0.94637849414247
RNF5	0.10507614553743	4.88201097504246	2.12151848552794	0.146191271334104	0.492768709047939
ROCK1	-0.0843233380530591	5.77743702971213	0.867514693728373	0.352323727698912	0.690109235280413
RPN1	0.0352297278377886	8.65044832491481	0.387825687184586	0.533873733952288	0.815327365829467
RPN2	0.0020840149131663	8.58568007727801	0.00113195095338697	0.973180951101493	0.992106874992422
RRBP1	-0.0427609097459443	8.29904581188581	0.344274977401205	0.557772282810371	0.827038692774386
RUFY1	-0.0520901270189532	5.41373963703539	0.613888286602637	0.433888329342678	0.751635836981628
SAR1A	0.140635835660875	6.84768155326337	5.72451063110878	0.0172873362463811	0.207086681903543
SAR1B	-0.0957550427671517	5.56405115743398	2.15115694544983	0.143412795700059	0.488211743229523
SEC11A	0.146488179925134	6.51796673043227	6.23802987888867	0.0129890404959992	0.182028407708838
SEC11C	-0.017864385096971	4.66210397150345	0.0327028867573928	0.85660441763198	0.95327226733559
SEC13	0.0422237050080436	6.54375252196471	0.441400749662902	0.506910129946324	0.799662769136361
SEC16A	-0.0283516819182127	7.16706573051682	0.15304307178808	0.695896021649193	0.890151130990749
SEC16B	-0.356482521078176	-1.61410657500438	4.28698445360072	0.0391809054202778	0.288641150644839
SEC23A	-0.0112684058859998	6.13319172899341	0.0124762644508289	0.911131264521774	0.972191624362679
SEC23B	-0.0319688301241495	6.16540125399985	0.224916091372478	0.635632355161067	0.864554498177953
SEC24A	-0.0890465801779577	5.32911073685895	1.06500030163494	0.302831634241327	0.650728279856843
SEC24B	-0.0301588344636768	5.61979635708553	0.185484320599276	0.666982422742388	0.877221839324413
SEC24C	-0.0596384059631873	5.85637748384353	0.253198736067265	0.615166680048367	0.85619665821019
SEC24D	-0.00402838359338506	5.79668727678308	0.0014836335051375	0.969297951352712	0.991272840681166
SEC31A	-0.0612815596271847	7.53896069149293	0.73504008680954	0.391875250708934	0.721607647994296
SEC31B	0.231288804278912	1.50945347676	1.65344324925132	0.19939057430488	0.557438655862213
SEC61A1	-0.0209753395058507	8.84535553326452	0.151493732788698	0.697362473632064	0.890808542826048
SEC61A2	0.0669917083934094	2.23299379249172	0.656823227009655	0.418266544908423	0.741714313576622
SEC61B	0.0984185301676344	6.31834421341224	1.65966928261795	0.198548622996493	0.556252761312975
SEC61G	0.13983400202171	6.75253775515216	0.580310117118081	0.446733723876187	0.761830864830868
SEC62	0.0121146778673999	6.94513398009413	0.0287922441832957	0.865363373427592	0.956106665859478
SEC63	0.0260594533549943	6.50335185839287	0.193033824088998	0.660690450403885	0.875492981350472
SEL1L	-0.0338249422999752	6.74146753803287	0.166593032677794	0.683421750611642	0.884033950252445
SELENOS	0.0872077829685738	5.86776605898748	1.92411590209274	0.166337802974746	0.517654447289579
SGSM1	0.654613243168251	-0.54391530674814	6.87214396782312	0.00915952406790696	0.154865574590767
SGSM3	0.15895033005983	5.83284666946094	5.41826440678112	0.0205301055855505	0.22062703137209
SIL1	0.107234455218125	5.64203233633385	1.36720139107633	0.243135413420401	0.601214312391989
SKP1	0.0745490567375514	7.49391516294575	1.31541750111755	0.252245256128936	0.609338894110146
SMCHD1	-0.0115037755229941	5.81138692655512	0.015453662767371	0.901143170893008	0.968564645715177
SNAP23	-0.0411256793814961	5.19717199531275	0.376313616041273	0.540004458370478	0.818727366471643
SNAP25	0.409954475760552	0.0174648548105175	2.92114083210789	0.0883642128755313	0.396007108462533
SNAP29	-0.252356661122131	5.54844752280635	9.45239970330584	0.00228431871688953	0.0866128665374129
SNAP47	0.0476074161894071	5.00955627232372	0.757692031123069	0.384683177406575	0.716547575228231
SPCS1	0.0296539605925018	5.8821701113712	0.249944842691059	0.617446414773861	0.857081802962125
SPCS2	-0.211275274629466	5.07371301302723	7.83826724185116	0.00541565057675864	0.128945177398219
SPCS3	-0.0847736566761572	6.87259814340872	1.84862958760643	0.174869179092475	0.52929904377501
SRP14	0.11914713476533	7.29505786612547	3.42008602694885	0.0652998504169912	0.35393492123862
SRP19	0.0329207695847707	4.22937862320449	0.205489240534972	0.650623400504569	0.871761068796841
SRP54	0.0248335023996556	5.92976362614679	0.154730747981836	0.694308343475234	0.889696521909588
SRP68	0.0386784415798304	7.0347250823755	0.483130271450536	0.487495939827442	0.787905050683792
SRP72	-0.0846495259052225	6.95905831525481	1.61653681375795	0.204468860351752	0.562487686879395
SRP9	0.0545975860216048	6.61993134070616	0.809059152471676	0.36905305461039	0.704462499523598
SRPRA	-0.0897218922059814	7.26570367120819	1.79526572072748	0.181205856839562	0.537740959545059
SRPRB	0.156465459777868	6.56494890068675	4.78830446396653	0.029352907409653	0.253283466795564
SSR1	-0.0726108235935185	7.67043387368554	1.28931964168714	0.256995644631629	0.613361857230636
SSR2	0.140381060625288	7.35285999312117	4.55790563839353	0.033501819498576	0.268786870329027
SSR3	0.0190088855287305	7.56546536879295	0.0756837883351041	0.783405938577776	0.926095693775645
SSR4	0.140920345427306	7.19417895651829	1.91244421386002	0.167625042824916	0.519520860770024
STT3A	-0.0489859693946265	7.09166772917999	0.434726787688845	0.510137525768062	0.801744958339923
STT3B	-0.100749479280289	6.9950786402081	2.76634801905005	0.0972129341789254	0.413489651289583
STUB1	-0.0230223950136946	5.46101301250131	0.108899944421386	0.741608970929812	0.90955476343717
STX10	0.242179822794778	5.39689153461265	7.99990076762898	0.00496333098194723	0.125888898928249
STX11	-0.305083137725141	3.34798409800529	4.18347257643899	0.041610981572909	0.297183875319265
STX12	-0.0566893946597776	5.59137124791519	0.740256021230911	0.390202209195278	0.720657179419176
STX16	0.0369173116882797	5.85514262359794	0.348121667531108	0.555581271072296	0.826042560165053
STX17	-0.164224262395347	4.09737647116515	3.35730606730055	0.0678065602009107	0.357917087099514
STX18	-0.0411295445924489	4.47335087985533	0.525615239449573	0.468968832477626	0.775646599093207
STX19	-0.116979013177287	1.21972923386634	0.30712184299256	0.579826289346312	0.838420079988501
STX1A	0.180715764621006	2.91899351485046	2.25633493881134	0.134022919969102	0.474263888661715
STX1B	-0.130976303218976	0.449268181385184	1.09847529993349	0.295366345820067	0.64504395857279
STX2	-0.159054455563658	3.50434428097298	2.55087893013132	0.111187994117502	0.436782476891641
STX3	-0.0597972359769178	5.17884244197942	0.566428772770373	0.45221692186474	0.764432207021331
STX4	0.0614056711581936	5.76355724682707	0.710848092691634	0.399771813498966	0.727808896272473
STX5	-0.0192363916760243	5.66258784756616	0.0915040786011821	0.762463843399597	0.918078513105114
STX6	0.000787658829961743	6.44954818841091	0.000170302935552804	0.989595758003282	0.997022534513483
STX7	-0.0866958227464184	5.411818574677	1.96496141907049	0.16192157572992	0.511770518639349
STX8	0.230865701961089	4.52666344807691	4.91575625617633	0.0272924474486366	0.247303760889484
SURF4	0.0552812921961885	8.28950462959867	0.761593603537005	0.383463474952877	0.716286310873017
SVIP	0.0206259840634806	2.57658633888749	0.00844353172243119	0.926842113368877	0.976733433298027
SYTL2	0.270210279526528	3.15525529392549	2.73640521417241	0.09903400341953	0.415592057351297
SYVN1	-0.0973404993896691	6.14455153653719	3.1210028631731	0.0782116499333806	0.376029487006548
TBC1D1	-0.220000735120636	5.4618712089571	5.4539613557292	0.0201216011934767	0.220116880841689
TBC1D10A	0.109454698260657	5.00597697713853	1.93332353457465	0.16533032885148	0.516500779518118
TBC1D10B	-0.0154194178448781	6.34419939783053	0.119128157545818	0.730201430480228	0.904677867074172
TBC1D10C	-0.229475510665449	2.75710708238423	1.61184644088969	0.205125141587183	0.563268723540262
TBC1D12	0.0591599785938215	2.96988401949191	0.580348623163261	0.446718658285102	0.761830864830868
TBC1D13	0.00745633064880112	5.17607676750516	0.0110025220188913	0.916524378071328	0.974313433338764
TBC1D14	-0.354736053622858	4.9704955423106	9.35378770497644	0.00240691444030168	0.0890778013122529
TBC1D15	0.0832437427725545	5.20419029989111	2.05471396308763	0.152680508820639	0.499109745734088
TBC1D16	-0.0170301728430861	5.55908119766563	0.0290391358939646	0.864792913937213	0.955998613793673
TBC1D17	-0.0121929849161486	5.1837924962995	0.0302829671646539	0.86195620815428	0.955389886328006
TBC1D19	0.00935834503383228	2.09433776503175	0.00948047754790977	0.922493344619082	0.975343403029488
TBC1D2	0.0226725635302806	6.79410515173676	0.0455279500336398	0.83116768107289	0.943962471983005
TBC1D20	0.0779351336505814	5.53405703734564	1.97618489373839	0.160731732844573	0.509484339974287
TBC1D21	0	NA	NA	1	1
TBC1D22A	0.0811937755694867	5.57248827484801	1.72599274531801	0.189834138495501	0.546597335257301
TBC1D22B	0.0145920286749987	4.49361398080415	0.0655237415558355	0.798128478301832	0.93180011179154
TBC1D23	-0.0325008929608224	5.64881145526126	0.162472737492148	0.687150526288104	0.886018909200728
TBC1D24	0.00735870661822239	3.55502882018809	0.00946255917995191	0.922566392486123	0.975343403029488
TBC1D2B	-0.0959072274318796	5.59409389383428	1.15874624381692	0.282510380216258	0.633303813209469
TBC1D30	0.17576937632928	2.48963362460179	1.00954621570349	0.315746198670021	0.660789637319938
TBC1D4	-0.245225942069642	5.19792191920154	4.04402733747027	0.0451391373884762	0.305287009553379
TBC1D5	-0.116176384487892	5.32467773182299	1.79855541350113	0.180807603535574	0.537331306381424
TBC1D7	0.0957596852851968	4.10128032560384	1.25414046873562	0.263575831163148	0.618367435632886
TBC1D8	0.0012647041113899	4.81780542352065	0.000165685971926967	0.98973775017132	0.997120573278894
TBC1D9	-0.0881478285350869	5.14235978082764	0.699556563180796	0.403536693031457	0.731090136734824
TBC1D9B	-0.0608490881354586	7.12649837859221	0.933257917377859	0.334723726638365	0.675280639941718
TMED10	-0.0715449849354091	8.38107963179434	1.01289815508927	0.314945364024056	0.660148758402387
TMED2	-0.0229032340311958	8.07645859128987	0.142089545690285	0.706454260523144	0.8943972327738
TMED5	-0.0757037065212935	5.70541043153247	1.10934689174094	0.292992923880471	0.642979619001079
TMED7	-0.061226774689901	6.29137430089202	0.644345903349286	0.422717964557137	0.744448200543421
TMED8	0.0152490844779278	4.68562167730001	0.0467944153291984	0.828871565562325	0.94322103449301
TMX1	-0.100996005692182	6.1735221325549	1.82866292156476	0.177209570282798	0.532700427950129
TMX2	0.0136298323450224	6.42048319650479	0.0440041214768869	0.833975119164529	0.944916381396343
TMX3	-0.176475998800258	5.20637735444396	5.83660109365471	0.0162375629644422	0.202323066262051
TMX4	-0.0426287278829762	5.33876185000386	0.152326955472219	0.696572758345274	0.890535928125263
TOR1A	0.122211318916713	5.4861220308814	3.90432302823524	0.048992902318871	0.315058448725027
TRAM1	-0.0529056178271388	7.53897037363413	0.437024585647186	0.50902235887204	0.800977538523293
TRAPPC1	-0.0138907959602666	6.29846734429195	0.0316058851492207	0.859004256232831	0.954054330647896
TRAPPC2	0.0278855217640369	3.25674660736713	0.166980730696894	0.683073672436207	0.884006290047873
TRAPPC3	0.065471612408761	6.07625511405794	0.802038863399896	0.371135886483735	0.705887621311372
TRAPPC4	0.0497975186127635	4.93182302314987	0.397366527797781	0.528887786611874	0.812601581099889
TRAPPC5	0.149943906912053	-0.227640274969182	1.40938548713672	0.23601050497102	0.595834752946181
TRAPPC6A	0.343786833944198	3.61260611279668	6.06298676183542	0.0143138774442435	0.190599694371998
TRAPPC6B	0.0658667236969585	4.81245345274252	1.15215173797234	0.283881789082024	0.63484633619613
TRAPPC9	0.13072147302202	5.07385309506775	2.82583911418424	0.0937025755231794	0.406645007071996
TUSC3	0.0223955597849595	5.3837369658236	0.0142684182349798	0.904990998646055	0.970152402876263
TXNDC12	0.102690500916265	6.36619527084643	3.09106183331981	0.0796484778197802	0.378257539658979
TXNDC5	-0.240567812110093	3.02928037146404	3.66987175745335	0.0562665478792137	0.33519486175728
UBA1	-0.0696567918244755	8.67355669342647	1.0552695346561	0.305047372483069	0.652500164953012
UBA5	-0.0174943477223167	5.06897362908293	0.0905587233276961	0.763657167679969	0.918676596681054
UBA7	-0.267952889308016	5.32351693982073	4.12338038087311	0.0430942670433316	0.30123503364547
UBE2D1	0.00167440770490576	4.46575060997805	0.000600144977477635	0.980470269039093	0.994362419188174
UBE2D2	-0.012458695737234	6.43338609728842	0.0450466833649769	0.832048968833363	0.944466703372768
UBE2D3	-0.0288899064661567	8.10329661285076	0.220168757422181	0.639220566532607	0.866060467822586
UBE2D4	0.00391499026453452	3.44385640724506	0.00253883999403792	0.959844492753473	0.988388883629726
UBE2E1	0.0372798826624177	5.74058366892627	0.313223309599936	0.576087804123123	0.836217071289498
UBE2E2	0.0231520392549235	4.56818896139405	0.0547950794385124	0.815065015433944	0.937366355703151
UBE2E3	-0.0345326893574304	5.89041048855836	0.302085674841083	0.582948811840533	0.840806887902306
UBE2G1	0.0166192248196248	6.26761551844944	0.0499382875052813	0.823308673674821	0.940980480136321
UBE2G2	0.0827246366403086	5.94747439711979	1.7720722172431	0.184042811220527	0.540477944403321
UBE2J1	-0.141894168551101	5.91638632280261	5.26234280174384	0.0224181750355903	0.228600538122565
UBE2J2	0.0744273662072168	5.77260007307336	1.18926451365523	0.276271924721802	0.628304019406456
UBE4B	-0.0600848823370195	6.23839805621808	0.65109651753493	0.420300861980159	0.742959192963663
UBQLN1	0.000763372166047062	7.48820107759598	0.000132950749579292	0.990807206915565	0.997460261998406
UBQLN2	-0.220042084066548	6.33837652137372	6.2150151197977	0.0131557334332078	0.18223662490811
UBQLN3	0	NA	NA	1	1
UBQLN4	-0.0373007117475965	5.82935601818503	0.340687377253001	0.559830608927779	0.827462368019265
UBQLNL	-0.00556216270829679	-2.28004786780731	0.000959156480291297	0.975311946871685	0.993014669268093
UBXN2A	-0.0684018707418561	4.78690129332278	1.39787912453725	0.237928404724074	0.597350804203726
UBXN6	0.082192140425849	6.89014519024598	1.49997720798278	0.221546559104025	0.580002498927209
UFD1L	0.00916089606344147	6.27528288880058	0.0160803858927007	0.899169065957124	0.968321958525519
UGCG	-0.000141429343323574	6.47693108371254	1.55422241542321e-06	0.999006041588416	0.999534662829225
UGGT1	-0.0218829193325845	6.74637153484756	0.112411098364972	0.737628241721377	0.90758553249054
UGGT2	-0.0313357774045306	3.7646114106329	0.139838470021761	0.708681287946887	0.895448037321569
USE1	0.185734889796732	4.2024056206714	3.80660901494843	0.051894891139288	0.323134850728192
USO1	-0.0854666986466487	6.53607285800219	1.30578917111514	0.253985093051948	0.610673069974431
USP6	-0.322682896055104	-0.798188736516217	3.15129734925652	0.0767863447196274	0.373327113700911
USP6NL	-0.132633561837076	4.90856400708929	1.73465628613146	0.18872923178037	0.545651572249809
VAMP1	-0.0525480980550988	2.08219028164308	0.187971033302153	0.664893380542499	0.876633574729732
VAMP2	0.177804056298923	5.35241840987004	5.25953258124557	0.0224538166185099	0.228693041907988
VAMP3	-0.0743357637695265	6.96784371190793	1.18015787023522	0.278115080542602	0.630227541085042
VAMP4	0.218990566196672	4.07566405973231	9.72626166151665	0.00197618497424981	0.0804540867777793
VAMP5	-0.0624317619875526	4.52079909605061	0.213247014229552	0.64453787165912	0.868257095978295
VAMP7	-0.07720075774073	5.42662944728237	1.31962267939236	0.251489995208724	0.608838940101908
VAMP8	0.0950531476239639	6.98215582203689	0.796608074959362	0.372758438976141	0.706671083628806
VCP	-0.29158727932552	9.18000682651152	9.50339470722818	0.00222343885837054	0.0853634986403173
VPS45	0.0258990890286333	4.94996221083544	0.256790157372081	0.612671691415478	0.854321575603318
VTI1A	0.0152792119693532	4.54634887764091	0.0866271206362997	0.768694341605881	0.919762443963536
VTI1B	-0.0412446330347514	6.18321327044545	0.444229106914089	0.505552994030226	0.799316941993298
WAS	-0.24673914479311	3.25717874764337	2.78147265407936	0.0963070471916222	0.411915047611748
WDR38	-0.386625599944751	-1.82520779477417	1.84450629301393	0.175349545646703	0.529899700761398
WFS1	0.0321943924264285	4.99757585531732	0.115418014233046	0.73427382611318	0.906444693501821
YKT6	-0.00365436823347231	7.54612865071228	0.00219946263979177	0.962622489100573	0.989370797308154
YOD1	0.0144025922267917	4.77403808489025	0.0149502955286064	0.902758349994401	0.969113734607158
YWHAQ	-0.0213730130211077	8.56588569044713	0.0791155767656938	0.778675463006949	0.924173361124105
