pspGenes	logFC	logCPM	F	PValue	FDR
A3GALT2	0	NA	NA	1	1
ABO	0.113724843683198	5.9359102354371	0.938205114925167	0.334131482292554	0.768294832546779
ACAP1	-0.163765417356286	3.85772487616419	1.4422942303756	0.231457992148927	0.691820879611712
ACAP2	0.0259393694946605	5.80419473332876	0.113831626671035	0.736244281753201	0.942940176386454
ACAP3	0.115812857038423	4.81985836374529	2.54080581421025	0.112816739280203	0.55421482843353
AGAP1	0.115253432155343	5.46709158211449	2.80062395418327	0.0960875284538118	0.528172398063918
AGAP2	-0.0810627474043775	1.95271223749188	0.242120338433223	0.623320873674749	0.903975737852502
AGAP3	0.0125623840862433	6.23428019215239	0.0489070722551791	0.825244489373192	0.968924230899071
AGR2	-0.0370877960507653	5.96373370885257	0.0220917633450737	0.882021405827532	0.977001750584165
AGR3	-0.233263065037972	-0.878771619551632	0.389392630976305	0.533464777215604	0.87045688705218
AKAP10	-0.0654733437046513	4.84214054223116	1.15672233225125	0.283687635838795	0.737474630076575
ALG1	-0.0382014860380929	4.34919352964828	0.466847319806839	0.495381825940124	0.853659100145868
ALG10B	0.00426398665926608	3.66970026842363	0.00365545975600725	0.951860779396487	0.992532975511612
ALG11	-0.0123036203300364	2.45196070937292	0.0171486006575786	0.895969347021811	0.978948617981951
ALG12	-0.0851729302638466	4.06593488635142	1.16930928294976	0.281092129104731	0.735059804234301
ALG13	-0.0280135177357964	4.8238208132381	0.191868963938816	0.661927990413771	0.919969525021917
ALG14	-0.121236412764537	3.8632187251263	3.60707427587451	0.0592471035723058	0.442942631469143
ALG1L	-0.383618785859711	0.346363027368409	2.98878516113546	0.0856791359548512	0.506516247522224
ALG1L2	0.189736598845716	-1.88233064445455	1.4575685149917	0.229013481982405	0.691616627321623
ALG2	-0.0995814938085129	5.5111292560636	3.095337466088	0.0803361983686113	0.494046515604887
ALG3	-0.0365016471540639	4.97002179383808	0.293749027217147	0.588545758628074	0.894937673874323
ALG5	-0.00289363470401169	5.55530137711367	0.00245105359671284	0.960573146907729	0.994665807989716
ALG6	-0.0141800617233283	3.36496836430721	0.126469646942272	0.722566770108132	0.937579148722298
ALG8	0.00773945145059395	5.20885621328714	0.0333865096558591	0.855238102573181	0.97322440243535
ALG9	0.000570028788071789	3.13191072398934	0.000145218949521801	0.990399469738715	0.998054577117124
AMFR	0.0677612099822719	7.26717782646625	1.31119366566743	0.253806400278684	0.712083754643697
ANKFY1	0.10731232777124	6.56969497633011	1.49833666773147	0.222640372027916	0.685323045919294
AP1B1	-0.0969610359156748	6.95078220138498	3.03151192205538	0.0834915228063429	0.50232565959899
AP1G1	-0.0270969319239217	6.6609002194452	0.261376289475482	0.609847081013695	0.901293536818759
AP1M1	0.0172376540750901	5.47528355040632	0.13163417286011	0.717199456461432	0.93654584614223
AP1S1	0.0188013755022174	5.74235586438323	0.0538579701755422	0.816763456399477	0.96619097263979
AP1S2	-0.00818247115249323	4.49870024579198	0.00840595891051505	0.927058268004916	0.98829086125121
AP3B1	-0.0137458545713175	6.2357679338627	0.0542486058005899	0.81611209768833	0.96619097263979
AP3B2	0.192008887835449	3.05285958556406	2.09470443390644	0.149672693463194	0.605077396049475
AP3D1	0.0589552287045777	7.50252943678823	1.80114572876193	0.181383992461893	0.644699248756859
AP3M1	0.0043214329045518	5.50992105624133	0.00498342482290413	0.943805298196949	0.991815647868555
AP3M2	-0.0549329985815311	4.37293548415758	0.981985178221439	0.32313350432379	0.763344073540101
AP3S1	0.07095532282479	5.80238531800221	1.28545714881956	0.258501229148462	0.71641117345646
AP3S2	-0.0198084762333554	5.18146201206353	0.133568829165454	0.715219557675118	0.936254668768735
APPL1	-0.0172441013574237	5.76460761195439	0.069048467682015	0.793049068847797	0.960717121195399
APPL2	0.0721008785372658	4.87491024493758	1.51765426291618	0.2196953603038	0.682916704776911
ARAP1	0.0707666722855262	7.83266719461397	0.937947832689906	0.334197583887583	0.768294832546779
ARAP2	-0.135557200409963	5.70301257139433	2.50221164619109	0.115566311036295	0.558888342481356
ARAP3	0.0728141880332566	4.62686850582067	0.663937135806501	0.416326358261538	0.819084469671111
ARF1	0.0736082939368769	9.05550393146954	2.06197237280689	0.15287295600778	0.610345102344451
ARF3	0.00186094303249717	8.15578025600305	0.00209523853507881	0.963544895543081	0.994862385529817
ARF4	-0.0833462737996096	7.49381809937436	1.8531428940709	0.175240322783673	0.637817899451091
ARF5	0.0291042587013571	6.92451248404825	0.176002177446152	0.675367338262374	0.923930393243536
ARF6	0.0479718242920876	7.14892936499233	0.373236100621129	0.542070806838265	0.874924095631155
ARFGAP1	0.014124524942754	6.33077773539417	0.0403955580887873	0.840952150629042	0.970805056240879
ARFGAP2	-0.0333061224992288	6.77235762642124	0.477803520086485	0.490372445952372	0.85266865279077
ARFGAP3	-0.0773844371185515	6.02547061113501	1.3261482930783	0.251126920133701	0.709208493452235
ARFGEF1	0.0976651986182982	6.62310259336051	1.58730246924299	0.209458343806244	0.673079195107523
ARFGEF2	-0.0624062859466042	6.95659572440712	0.375387373140689	0.540910240323626	0.874206403111272
ARFIP1	0.00805982721499254	5.56072221487411	0.0268447349718986	0.870051080656285	0.975451300832703
ARFIP2	-0.0489742472825989	5.99932298867546	1.0912133361801	0.297702442963927	0.747689657667327
ARHGAP1	0.093874026024657	7.29726380515507	2.47782176451233	0.11734234460736	0.56203633350834
ARHGAP24	-0.252468571633853	4.16811551867447	1.4855525455452	0.224615522759967	0.686977313147226
ARHGAP5	-0.0947248444391565	6.97488665363778	1.54658243818871	0.215372271813385	0.679227808521676
ARHGDIA	0.0432574070678576	7.56370728881631	0.605444647212013	0.437602011834509	0.829251851032201
ARHGEF1	0.0704753762175731	6.29796509597458	1.03965445081275	0.309367127975035	0.75420247037392
ARHGEF11	0.00221210600666005	5.9667272907696	0.00116717114046313	0.972786998785001	0.996219458290748
ARHGEF2	0.181983390886205	7.16105086598639	4.60802690721476	0.0332565157856568	0.368633963079245
ARHGEF6	-0.0920790021573806	3.56830702057159	0.363760832149744	0.547237861726871	0.877302543852051
ARHGEF7	0.114210638657103	5.4134979194502	5.1446186236746	0.0245911702966985	0.320209670095636
ASAP1	0.0374716308790708	5.3387394048492	0.139842356279128	0.708909047478071	0.934329967234394
ASAP2	0.0802530667227601	5.50556878141915	0.227263771308547	0.634179308882908	0.908000501052061
ASAP3	-0.152514113664227	5.74903173854096	4.47302702338947	0.0359080836706035	0.380182889730185
ATF4	0.0748318153283118	7.81981699271858	0.75942057044498	0.384752861822663	0.799855093432529
ATF6	0.0566256906165402	6.23434652945336	0.69128178589847	0.40690825395794	0.813446423101002
ATF6B	0.0532423510669952	6.99445711733952	1.56731981679256	0.212335907825395	0.675565946034505
ATXN3	-0.0233868579490857	4.63702127230523	0.336489982487615	0.562639062910882	0.883607278812741
ATXN3L	0	NA	NA	1	1
B3GNTL1	0.0992995713521692	2.36193524021495	1.96883631787982	0.162415915749868	0.623724562764903
B4GALNT1	-0.0459914273610001	0.856205419758299	0.0378978689798913	0.845883450951588	0.971410116765394
B4GALNT2	-0.786142154010532	1.73480884493512	4.36566894152375	0.0381759393595426	0.38599092055146
B4GALT1	0.0428310828561789	8.09112519629952	0.237607520532337	0.626574568783744	0.905345057971778
B4GALT3	0.0975905954215901	5.73098409737185	3.69788793827818	0.0561718106262874	0.435796720066424
BAG1	-0.0525248510452117	6.73596859900511	0.489477954223428	0.48512732740892	0.850818568632544
BAG2	-0.128230482736858	3.69441243767722	1.50953081175226	0.2209280485892	0.684142411865616
BAK1	-0.0827443670709299	3.51694147554315	1.86195648438339	0.174223109555465	0.636967642766699
BAX	-0.156247681254835	6.19926570365468	2.47091469999732	0.11785081635068	0.562934006514325
BCAP31	-0.0608340068864579	8.06408085388713	0.789477286005147	0.375527932403474	0.793070353671806
BCL2	-0.492926642885372	5.77431996352709	9.49968586344404	0.00240219527303646	0.111628439960553
BET1	-0.0684724140096044	4.43881061302424	1.45744433358743	0.229033229454119	0.691616627321623
BET1L	0.0437665222566134	6.44998841668435	1.25157179802304	0.264848670788145	0.722806795934751
BNIP1	-0.0808190019318859	3.27525018667478	1.16800529270606	0.28135961313319	0.735262702970696
CALR	0.0104162724290549	10.4026581963533	0.00853050408251597	0.926521424261877	0.988191089544302
CANX	-0.0368396724563089	9.71731101133417	0.197961670791757	0.656943575787602	0.917910028136872
CAPN1	0.0242666526034318	8.26930661560741	0.114362645543154	0.735652962203381	0.942620498704253
CAPN2	0.163020757405923	8.35485272799249	3.10145408444148	0.0800406974533337	0.493352364000077
CKAP4	0.00984621267309773	6.26319509104209	0.0196184523809464	0.888775625840065	0.977546449958198
CLTA	0.0337737285940434	7.92389380097069	0.171885943784353	0.678969733852058	0.924973542523082
CLTB	-0.106886643989657	6.52030759700882	1.32000914287096	0.252222640406169	0.710475146487273
CLTC	0.0312341286097147	8.84118311763881	0.193439865788414	0.660633897086348	0.91970380422033
COG4	0.0583549408565355	6.26238543304026	1.40344154710934	0.23782048934662	0.696577151979199
COG6	0.0307494752245039	4.94439646029158	0.180168868395652	0.671770927513351	0.92276775078263
COPA	0.0615045792685245	8.07360944919136	0.975025353007029	0.324849270880311	0.764410614653782
COPB1	0.00176350645823667	7.21604792749876	0.000859041473731544	0.976652592185421	0.996632124089976
COPB2	0.011073738037654	7.39022074192796	0.0407876465513111	0.840192584309851	0.970641911233603
COPE	-0.132733941250612	7.308167263086	2.43698678559296	0.120384408760081	0.565395150544142
COPZ1	-0.0708631911184463	7.57126160721709	2.35433050351216	0.126815558738917	0.573833044410231
COPZ2	-0.311856121848496	3.87508672245016	5.46781732051451	0.0205467808158602	0.29724605178124
CRYAA	0	NA	NA	1	1
CRYAB	-0.396850158615412	7.31042556740761	4.37373412942322	0.0380004157900391	0.385590868996123
CTBP1	0.0504869345284773	7.28389230002262	1.18164913458533	0.278576810344	0.733557273710657
CTSA	0.163189653986608	7.39531395281194	3.27865472499656	0.0719721100895794	0.477208742011751
CUL1	0.00961888652584967	6.17098005307849	0.0930634079633709	0.76069560905691	0.951464717866664
CYTH1	-0.00322344339701999	6.16687595667676	0.00493846999019693	0.944058913641405	0.991832896480982
CYTH2	0.0183547626170914	6.96373316344552	0.0861033257088482	0.769552650061906	0.954342543915634
CYTH3	-0.104948620661928	5.50055460174847	1.45991891175546	0.228640108044079	0.69100014504291
CYTH4	-0.336537318692998	3.30331432877725	2.61831321476768	0.107511586097432	0.547548555659525
DAD1	-0.143130318192338	7.14804932176674	4.6569178747225	0.0323478950400147	0.365411430078242
DDIT3	0.586496914207511	6.03686461837196	13.5582420831722	0.000311375099208387	0.0335491405911781
DDOST	-0.0196248057408857	7.90446618163048	0.161234659268505	0.688532364175393	0.92823487270456
DERL1	0.0396506971712773	6.6013233566508	0.508107018722482	0.476947810341661	0.84860096182017
DERL2	-0.10931236762497	5.59375590198394	3.5088767473575	0.0627769096633443	0.454192387886869
DERL3	-0.910061898781547	4.66676246657162	10.7354054325753	0.00127679656922302	0.0806894157109039
DNAJA1	0.000444259188191317	7.29598673230719	4.0002575012738e-05	0.994961106137707	0.999131001091633
DNAJA2	-0.0195000684978476	6.24967529278151	0.271617409223301	0.602934783269201	0.898534982768039
DNAJB1	0.287762019814356	6.92908434829857	5.19696561966177	0.023883360183124	0.315099794012645
DNAJB11	-0.0239186964825882	6.19379619611619	0.0889869989382191	0.765837370945798	0.9530404045414
DNAJB12	0.0441362605822827	6.25662434216476	0.924980096713291	0.337552208020747	0.770164166099929
DNAJB2	-0.0381354189735894	7.5456116148915	0.283556410218616	0.595082837887442	0.8962101663677
DNAJB9	-0.0363354817389466	5.84735729838687	0.152216783435104	0.696919800510179	0.931454527031967
DNAJC1	-0.0641284757845244	5.65161610386756	0.853388315455395	0.356919751312607	0.783882507379208
DNAJC10	-0.0124786055114575	6.74066511069102	0.0417794122499188	0.838288105901441	0.970022246260261
DNAJC3	-0.0541444793151725	6.77453498062131	0.382838512863327	0.536925596094868	0.871797747243099
DNAJC5	-0.042190106318025	6.95245903634579	1.02650988365658	0.312435956572727	0.757149098728615
DNAJC5B	-0.0425873254788191	-0.708453923245386	0.0234164761881976	0.878562549261593	0.976384941379364
DNAJC5G	0	NA	NA	1	1
DNAJC6	-0.0667079050488254	1.95842369363801	0.28171013797423	0.596283062833869	0.896616240624474
DNMBP	0.0292308988933217	4.81742451900167	0.126321797627091	0.722722229839835	0.937579148722298
DOCK5	0.111129706263597	5.33779158069839	0.967752615241452	0.32665514901391	0.765354851261609
DOLK	-0.00724784306125273	4.64015539293204	0.0130520257593159	0.909179558995245	0.982488772675368
DOLPP1	-0.0348266898909571	3.94105792221978	0.383901787687488	0.536361370211978	0.871489841503212
DPAGT1	0.00305235897809458	5.0991720456941	0.00430966422527773	0.947736058395907	0.992387562820587
DPM1	-0.0536733372664789	4.91996709777937	1.55772170533949	0.213734849229642	0.676901752001862
DPM2	-0.0655542888192922	5.97945641346719	0.583002187038034	0.446208309844804	0.833063675391896
DPM3	-0.146890337437374	5.17150253701047	1.30236479611437	0.255404934245903	0.714218611561608
DPP6	-1.551722832995	3.32290790766174	9.81846051498844	0.00203888159092477	0.103014814948871
EDEM1	0.21445849843406	6.66459143359075	5.80227137307326	0.0170863664856372	0.277779833841941
EDEM2	-0.0214390963190839	5.06772193153878	0.155012706331474	0.694289303890988	0.930460270686173
EDEM3	0.00654469618915837	5.26472967976175	0.00656575478799881	0.935515012158383	0.990158422845922
EEA1	-0.0172859556173519	5.0071744159055	0.0348311627142696	0.852174945733556	0.97322440243535
EIF2AK1	0.0801914672660931	7.28101808410328	3.19743212747285	0.0755552771845352	0.484578653949793
EIF2AK2	0.00851738703719056	5.91679661858819	0.0113195245323537	0.915397212014418	0.984317338685823
EIF2AK3	0.0570928320696143	4.93776365186915	0.392925045999717	0.531616293431227	0.870327860626923
EIF2AK4	-0.0513355139544614	5.93302767721228	0.868473762678487	0.352714763409541	0.780889454043283
EIF2S1	-0.00622512250449754	5.84263079496978	0.0216672311536834	0.883152196639792	0.977055481536875
ERLEC1	-0.0666390876703548	6.60372431155266	1.66969814726909	0.198072587956927	0.660742978189901
ERN1	0.111485067841999	4.97230612066555	1.42810217245673	0.233757762829645	0.694214902499079
ERO1A	0.0983649298454885	6.15289144238724	1.5720113777671	0.211656089277938	0.674973121903309
ERO1B	-0.332883158784602	4.51950323891814	5.39631905467153	0.0213772114371474	0.301375729631332
ERP27	-0.140107261197971	4.79597413271397	0.454617855030016	0.501076331393477	0.856129052679712
ERP29	-0.0640336361554999	7.7604317133723	0.827757780763046	0.364224417476584	0.786446757294346
ERP44	0.042094447587715	6.53598362379142	0.437962305800944	0.509013805405988	0.860696575259227
EVI5	-0.108681998262371	4.79578946112347	2.81605695331117	0.0951836528013501	0.526785085493257
EVI5L	0.0313311912753977	4.81972995340643	0.41345067179546	0.521099413273234	0.864565602637808
EXOC1	0.0227036442019234	5.36363260900404	0.425023365154749	0.515331497451905	0.861789018582814
EXOC2	-0.0315578338626052	5.23968961659984	0.379469216201568	0.538720701610095	0.872335422232937
EXOC3	0.00105287397927746	6.09540446365231	0.000376333211858026	0.98454556894458	0.997738778554562
EXOC5	-0.0564350643792772	5.68506950098392	0.663528037197609	0.416469707687221	0.819084469671111
EXOC6	0.0159497328439863	5.84636088967058	0.0463272272509163	0.829843000572738	0.969628395630544
EXOC6B	0.0257946137806017	5.53370550514682	0.0554181479374466	0.814176620132109	0.96619097263979
EXOC7	0.0857162851205227	6.40287348873611	3.71485045714965	0.0556165928912166	0.433647645175218
FAM71B	0	NA	NA	1	1
FBXO2	0.0667975265347433	5.40766091361248	0.156029565650584	0.69333941069856	0.930208157672853
FBXO6	0.0399976030747278	4.05839762417925	0.180087817505276	0.671840414730411	0.92276775078263
FBXO8	-0.0987092335877148	4.59559799905539	3.50257304229307	0.0630110953936076	0.455436986764714
FUT8	0.0388253308305323	4.94727403686127	0.224286904759896	0.636407246169379	0.90878233256578
GALNT1	0.00116980551701163	6.24490193106691	0.000174641444881398	0.989471776616246	0.997918748772208
GALNT10	-0.157381927426287	6.04065678771596	1.18112715853073	0.278682628388295	0.733618838499797
GALNT11	-0.0123296548005553	6.28589002744066	0.0476044335158652	0.827550091606644	0.969488914482147
GALNT12	0.000852685766553521	5.68780022706983	7.43078105126277e-05	0.993132384516506	0.998637113164435
GALNT13	-0.470042928255392	-1.15865142337841	1.77491004472785	0.184578959999963	0.647444990935611
GALNT14	-0.64706302593952	1.0309596780339	8.69626399601966	0.00364300380052039	0.133749384275044
GALNT15	0.15486530128375	3.38090500378812	0.610955364005906	0.435527882329999	0.827604638507252
GALNT16	-0.0271221450533681	2.87264117141723	0.0250438994313225	0.874447679476472	0.975870787512304
GALNT18	-0.436030368824239	5.85080579659981	11.3045666071002	0.000957318947696134	0.0692166791788192
GALNT2	-0.00837780008517275	6.54395163103177	0.0170646251176623	0.896222917513501	0.978948617981951
GALNT3	0.207711573143991	5.95199701097826	2.6229625955942	0.107202255561112	0.547157978761673
GALNT5	1.0433928021736	3.07787703727076	9.8957520451984	0.00195960540802695	0.101247917554291
GALNT6	-0.213205183937963	3.49397080502814	1.07469658917443	0.301376020838086	0.749832355776789
GALNT7	0.272999194648504	6.88286996675716	4.72001691976515	0.0312137277515919	0.358884974961366
GALNT8	-0.0076731516157103	-2.02720360407243	0.00100963163292579	0.97468941899702	0.996449926956023
GALNT9	-1.04619130767782	2.70676367459292	13.2667633486688	0.000359538724720089	0.0371016956307397
GALNTL5	0	NA	NA	1	1
GALNTL6	0.197527991916616	1.35986833460917	0.953206478999821	0.330307434350953	0.766111086508423
GANAB	0.0444704828972234	8.79046959648223	0.835159488121705	0.362093815489245	0.785469507360946
GBF1	0.0478631469058011	6.95053641380593	0.933054298440678	0.335458197268751	0.768971834088052
GBGT1	0.0129768078390883	3.2428571753951	0.0248872430344747	0.874837701404879	0.975870787512304
GGA1	0.0408133076700571	6.30765829875454	0.426223897882618	0.514739567775658	0.861659803916222
GGA2	0.0512271494196048	7.70962382834289	0.446208542287403	0.505057121934294	0.858649484514336
GGA3	0.115108715921735	5.5127072358917	4.00510667957664	0.0469716467467602	0.412974718197516
GIT1	0.0696608898280915	6.45705018230441	1.97459142948106	0.161806794880337	0.622856979241648
GIT2	-0.0357978484271842	4.72799209555346	0.247431821929749	0.619539293580801	0.902718401573586
GLT1D1	0.122304142991515	3.88317013728197	0.756729620138607	0.385594437294612	0.800162801850802
GLT6D1	0	NA	NA	1	1
GLT8D1	-0.0552170337820298	6.2963573763206	1.73736763763352	0.189266093811754	0.651722677919239
GLT8D2	-0.437837161718903	3.5891676933979	3.62283032013475	0.0587008599672481	0.441562252594152
GMCL1	0.0270478476510027	4.92713756117857	0.177890800377488	0.673731055008106	0.923586950628066
GOLGA4	0.0791885285029565	7.22227379713724	0.697107246676829	0.404942503172098	0.812398340609959
GOSR1	0.00548001758358851	5.69173301683523	0.0215446510746347	0.883480805009899	0.977055481536875
GOSR2	-0.0547851835086225	4.26803194647086	1.54219497177759	0.216021332728324	0.679571007282744
GPAA1	0.007058079963543	7.14133612988709	0.00869467509603293	0.925819779255397	0.987936632101836
GPLD1	-0.00736250266455996	1.69984143787986	0.00270776643870201	0.958561633632192	0.993960416329134
GXYLT1	0.012357628398308	5.27079695383605	0.0393695489757974	0.842958110525141	0.971338199891984
GXYLT2	0.197271745128222	4.62685903591676	3.27657328826288	0.0720616012836614	0.47727177555471
HAS1	1.51233210637283	0.479830889475258	11.6822789618446	0.000791590433619201	0.0616991408898938
HAS2	0.345972695530757	2.18935493386227	1.04020935326829	0.309238446390852	0.75413969285154
HAS3	-0.865115617632803	4.27798487839383	14.7467930206092	0.000173921585464786	0.0232202080262927
HERPUD1	0.0522440393899091	7.2862096216746	0.251872880795559	0.616416131051282	0.902551265385758
HSP90AA1	0.0288358751702637	9.48789804017164	0.173085804998081	0.677914470626982	0.924868727228668
HSP90AB1	0.139893082269782	10.2978995695968	6.33884515461719	0.012747466202148	0.243975784918074
HSP90B1	-0.089122379504811	10.6087854995227	0.645951801776813	0.422698848119101	0.821791183801993
HSPA1B	0.306285383871553	6.71553264573689	4.2254396948066	0.0413689967694406	0.398055514290817
HSPA1L	-0.134227451041552	2.26283663247227	2.53370405636677	0.113317181752324	0.554925958222023
HSPA2	-0.34808640720635	2.88212136602308	6.58093037910271	0.0111813729867109	0.230550261020549
HSPA4L	0.02376889800623	3.06365186158499	0.0246199443439939	0.87550610181972	0.975892495461101
HSPA5	0.038986659955467	10.0097386321139	0.0851774245931852	0.770759876454553	0.954493328326726
HSPA6	0.632666514569473	2.47174570724794	4.45551886563033	0.0362679858416342	0.380252789221622
HSPA8	0.0455188941549956	9.56541980503311	0.174693260137116	0.676507441891657	0.924187689391372
HSPBP1	-0.0950279284239065	5.54095763716308	1.10492527944499	0.294696563076987	0.74607584156095
HSPH1	0.16725948244092	6.89965929930798	3.98264866374494	0.0475864356803429	0.414835050130362
HYOU1	-0.0477503023364578	7.33523984811613	0.116415508105023	0.733381269984685	0.941230954346308
IFT27	-0.156174039956375	4.91755515756648	2.79253320530717	0.0965651500360957	0.528686673629487
INPP5B	0.117956788030998	4.59155232661585	3.39930586161942	0.0669844616088605	0.465481652280352
INPP5E	0.0565069297239111	4.13228754625155	1.06060765526516	0.304556209908182	0.750717224826942
IQSEC1	0.0294554822016805	5.79408162940449	0.387281524294152	0.534575077052561	0.870883500860901
IQSEC2	0.0682994279046637	4.41226462567393	2.76324098240384	0.0983163172924689	0.531121883934872
IQSEC3	0.0877296892728759	2.43406448874414	0.0810149530089201	0.776277015800233	0.955609450576442
JUN	-0.0281322513160125	8.64855398184376	0.023603878645741	0.87808140293338	0.976384941379364
KDELR1	0.0379986909574912	8.14343057778526	0.478951748288212	0.489852379207174	0.85258796466733
KDELR2	-0.045488254235567	7.8133014252935	0.774290564337734	0.38014927210603	0.795682733668833
KDELR3	0.0393247545112903	4.83544526258626	0.0990123864024782	0.753408279678555	0.949542621738487
KIF20A	0.161275218615272	1.66708893581533	0.673810425506812	0.412888876256844	0.817226249448486
KIF23	0.167686935152107	1.33216356399697	1.03402037501499	0.310677643531523	0.755417150924275
LARGE1	-0.0765501362301709	4.40004907505309	0.530210615353888	0.467531460748558	0.843332245578631
LARGE2	-0.131685269234961	4.25253145797067	2.12777467617489	0.14651666686507	0.601164147413522
LMAN1	0.0632646305027975	7.81452756536424	0.796449703269931	0.37343277900852	0.792157592087734
LMAN1L	0	NA	NA	1	1
LMAN2	-0.0482211336155157	7.92572558667456	0.358093072156423	0.550372693386185	0.878330741256002
MAN1A1	-0.0748587510504512	4.89082286577632	0.252127166174228	0.616238352305506	0.902551265385758
MAN1A2	0.0133976822922308	6.34763952842451	0.0335803929171594	0.8548230754677	0.97322440243535
MAN1B1	-0.0114699028760357	6.63014483097502	0.0321794294659861	0.857850471809213	0.973633491339195
MAN1C1	-0.191409477920709	5.96996679085996	2.37947579837283	0.124819287391286	0.571379397915114
MAN2A2	0.110308592150434	6.08635935698731	1.60958616454544	0.206304085113089	0.669604812579105
MAP2K7	0.0247463585077798	5.62629525122632	0.24837472845568	0.618873284690377	0.902677879257004
MAP3K5	0.0940399253800214	6.52269297836923	0.512483476399317	0.475059045078189	0.847130092633991
MARCH6	0.055495988738914	7.30866083268688	1.06525163689055	0.303503160882742	0.750309242627675
MCF2L	0.0101030896425566	5.09223685080175	0.00866985664910896	0.925925418631694	0.987964525191739
MGAT1	-0.145131746521187	7.37816574943507	5.52451844272014	0.0199122119582937	0.293800142223335
MGAT2	0.113640570562983	1.32797586695204	0.648436451530093	0.421809828513805	0.820922780219117
MGAT3	0.1049281369312	5.59908148223925	0.159159120084358	0.690438237349478	0.929037799629111
MGAT4B	0.186949733727311	7.71581080346868	4.00371509436607	0.0470094946096185	0.41303296401995
MGAT4C	-0.0181314824354334	6.13562396346925	0.0154046338514245	0.901372194462228	0.979490820896809
MGAT5	0.146340241967683	6.35839198384792	2.28485617271374	0.132519953772275	0.584193458466628
MICAL1	0.0281145276549374	4.78391825049755	0.0453785253701034	0.83156765434259	0.969628395630544
MICALCL	0.349305047652163	2.11856073961665	2.36509004033727	0.125957017407244	0.572252997181954
MICALL2	0.237083898941675	4.97378280209876	5.44671980006655	0.0207882558064747	0.298839674706549
MOGS	0.135908263284536	5.93291156204521	7.69232074803415	0.00617248062612839	0.17672571427121
MON1A	-0.0976065322341531	3.87764074105437	1.89001915197459	0.171029592172824	0.633417228638641
MYO5B	0.04011039228208	6.79937030366551	0.190592935636522	0.662983828905431	0.920127737975422
NAPA	-0.00110951266874721	6.27147077561694	0.000343195179047455	0.985241583925428	0.997738778554562
NAPB	-0.003651786807113	3.85382419492613	0.00460769031528524	0.945961859411717	0.991978656506856
NAPG	-0.0209316394042241	5.15440257888221	0.136918215546681	0.711829947877424	0.935464219087952
NCKIPSD	0.10051001643118	4.99931984744333	3.35023487602993	0.0689664797950216	0.469313692227423
NDE1	0.12186310084731	3.7208946703428	2.33970880439834	0.127992815973045	0.57595377141638
NET1	0.127225306129181	6.5414345416029	1.0571585885651	0.305341384200873	0.751431357214479
NGLY1	0.0310103099068364	4.87237887206222	0.470059608802365	0.493904214634689	0.853481068025944
NPLOC4	0.0232879583769372	6.5569189390486	0.399225034202859	0.528348134368746	0.868596233757524
NSF	-0.0140407621632852	5.27086514664916	0.0631279818559605	0.801925533607023	0.962452828317443
NSFL1C	-0.0402767338343925	6.45165074623489	0.918465252721022	0.339254676532925	0.770973964739215
OCRL	0.0306357075568557	5.68276162536558	0.17768864926601	0.673905706089555	0.923586950628066
OPTN	0.019239401441324	6.19581449458225	0.0458787724016522	0.830655925226262	0.969628395630544
OS9	0.0105282982117251	8.27978882031842	0.0392336432180562	0.843225850415784	0.971338199891984
OSGIN2	0.00456708001975863	5.26614204106467	0.00270297169242855	0.95859830487368	0.993960416329134
P4HB	-0.0255902784496405	9.32318900040773	0.167392579189701	0.682960407073801	0.926748348406109
PAK1	-0.082583201492553	6.58411899355701	1.28319040818445	0.258919876809097	0.71702896462945
PARK2	-0.188606526727618	1.71982203824477	4.41327264868797	0.0371522021454968	0.382265151341322
PDIA2	0	NA	NA	1	1
PDIA3	0.0182079631927917	9.63388880915302	0.0432122148642834	0.835577840938243	0.969840306018752
PDIA4	-0.00932820507505277	8.59632947697517	0.00673091188925561	0.934710817473524	0.989935737398189
PDIA5	-0.200503696304913	5.10647331259879	3.37166203328928	0.0680933427790975	0.467778091073725
PDIA6	-0.00833611201058789	7.79847175079542	0.00602374716011685	0.938228365786842	0.990863416499786
PDILT	0	NA	NA	1	1
PGAP1	-0.16118944473837	4.21728071253876	2.81161203119846	0.0954430203821982	0.526785085493257
PICK1	-0.0668453816473209	4.93818041990667	0.965384359257047	0.327246091260854	0.765354851261609
PIGA	0.0328252309588495	3.53621406431392	0.174473219609595	0.67669959595396	0.924243902259868
PIGB	-0.0157475028655054	3.99749436843159	0.0882128803865359	0.766828219833735	0.953325250103863
PIGC	0.00890897512740989	4.95527696541058	0.0364821649186871	0.848753707773649	0.972416416835239
PIGF	-0.0187477163151284	3.54802018614311	0.104954313085543	0.746366120917878	0.946967877266881
PIGG	0.0716100471471444	5.55935904265381	3.12333615556851	0.0789931872137472	0.490705412570114
PIGH	0.0264095830297232	4.37600525042253	0.124199209219752	0.724965468658561	0.938497025803355
PIGK	-0.0639510515499854	5.29552779355149	1.00588389090021	0.317332533584868	0.759469630683296
PIGL	0.0867399318512952	3.66593390872891	0.939023553898173	0.333921323699689	0.768294832546779
PIGM	-0.00225983655544857	4.41986987997332	0.00166890827351546	0.967462148053408	0.995222808665035
PIGN	-0.143150797021649	4.31540116635415	3.76694697925921	0.0539477793306419	0.43235803919086
PIGO	0.0907148691401464	5.38131502189302	1.68420685627932	0.196144446621384	0.658875788363947
PIGP	-0.0342328570588378	4.46883875969115	0.303535801826534	0.582405754853251	0.891511142271317
PIGQ	-0.0312668865447788	6.74134583742667	0.155021956213417	0.694280646959557	0.930460270686173
PIGS	-0.0228121317358926	6.03537009368856	0.0954556458816151	0.757735341104017	0.950603501571098
PIGT	0.0645705701423117	7.3815855038514	0.994404754554667	0.320101530007347	0.761480696598132
PIGU	-0.087245431738543	4.91791349164768	2.24329785538528	0.13606999929164	0.59016731740352
PIGV	0.00565954316944991	4.76425555634879	0.0115864389553282	0.914409381025155	0.984069333225705
PIGX	-0.0390846608617727	4.36844056263154	0.478321032942038	0.49013793462909	0.85266865279077
PIGZ	0.147949076150348	1.70291105234573	1.08672710166949	0.298694489800897	0.748289077943817
PIK3C3	-0.038265381764721	5.26259552724086	0.837622678590172	0.361388618894545	0.785447944572384
PIK3CA	0.0797482133817228	4.83617428794596	0.740084321262833	0.390859211089449	0.803769873217094
PLAA	0.0531230844894514	5.00384631309209	0.928902331071655	0.336532799820317	0.770091290963104
PLIN3	-0.0637124756883122	6.23530573393071	0.989134952418956	0.32138341508481	0.762344733076446
POMT1	-0.00931188921224357	5.01897112893407	0.0246631424716291	0.875397830636037	0.975870787512304
POMT2	-0.117493110785953	4.77120433010746	3.85633509839072	0.051207859261692	0.425395687788997
PPIA	0.0120713552523245	8.03500066572346	0.0370722087448899	0.847550529291299	0.97200907041358
PRKCSH	0.0823323875755857	8.61877166338724	2.13545714220183	0.145794378774921	0.599658596060129
PSD	0.26588110273997	2.49330412711638	4.10673034790251	0.0442934650427174	0.405147882496433
PSD2	0.00043720107935966	-0.0401864579976742	3.96534189074441e-06	0.99841352154183	0.999909376756939
PSD3	0.192935537149895	6.97726207386852	2.25957538804464	0.134666899415171	0.587918792231526
PSD4	-0.0610172774901793	6.54673173037915	0.795195812921237	0.373808345665938	0.792162305990871
QSOX2	0.0648043835696102	5.03084793551732	0.452341608525586	0.502148543387662	0.85646193711964
RAB10	-0.0776804534929479	7.05552428899053	2.05755442395888	0.153310859052251	0.611218897160031
RAB11A	-0.0075391093555066	7.67030579498269	0.0227480729297117	0.880294889708905	0.976830892505604
RAB11B	0.00444461578144814	7.95699637899653	0.00508944725338368	0.94321168144966	0.99176199570721
RAB11FIP1	0.174488114081254	6.13645300733448	0.842096109558279	0.360112764888551	0.785447944572384
RAB11FIP2	-0.151493499655993	4.74856378030867	3.22296052126623	0.0744086900515215	0.482620666085216
RAB11FIP3	0.0553389780671179	5.97153394290462	1.41225692322627	0.236358380417952	0.695748922135608
RAB11FIP4	0.052016402751075	5.84615390343243	0.407273691831626	0.524224995159192	0.866466181539074
RAB11FIP5	0.0513187979774929	5.37744208896313	0.665373245331408	0.415823722667078	0.818617385959911
RAB12	0.0632099789949549	5.15459574267728	0.993280030316472	0.320374551436477	0.761518527789802
RAB13	-0.0521134486629092	6.93872116454526	0.629374654581114	0.428703192241653	0.824688969496897
RAB14	-0.0277221408209313	7.24779812168852	0.246595031483475	0.620131677135985	0.902819836881301
RAB15	-0.00472596935407478	4.97441500773654	0.00223839172422739	0.962321011465365	0.994752502836366
RAB17	-0.189072487081195	5.27415862872394	3.17529160586681	0.0765652216038418	0.485966956642346
RAB18	-0.0365437482630088	6.95452419964826	0.30766533524924	0.579853661081968	0.890993070233348
RAB19	-0.225917450276826	0.0834092835590056	2.27078680873605	0.133709980883013	0.586716471749637
RAB1A	-0.105149900972913	7.29351173128737	4.91232331289052	0.0280081351308029	0.340215578736947
RAB1B	0.0292075609826505	7.61822971980448	0.359409683773711	0.549641481116235	0.878135746580408
RAB20	-0.0582078459761744	5.28427876397438	0.231508693600295	0.631033133629473	0.906810609473129
RAB21	0.0145077414559113	6.51523908847332	0.0920031475718211	0.762020933761883	0.951782869666641
RAB22A	-0.0133547965163751	5.93124704079074	0.0868347863669519	0.768603920500526	0.953919490265474
RAB23	-0.231681781844573	4.20020096778833	2.09718429085878	0.149433364252417	0.60504678739092
RAB24	0.130531259647426	3.20615233847019	2.11297924406683	0.147919195205724	0.603265410445078
RAB25	0.0194480891793166	6.83471562184308	0.0486623280258895	0.825675194665851	0.969030734567981
RAB26	0.352958126332096	1.11081941499318	4.64367711617732	0.0325913555366822	0.366049051965393
RAB27A	0.14383127887754	7.48637609608646	1.58875068206503	0.209251611204373	0.673079195107523
RAB27B	0.444730112296713	3.59263937698107	1.32296937226815	0.251693559894501	0.710078866189337
RAB28	-0.0503888555563822	4.02028990001414	1.21113370880357	0.272681208307187	0.729882492104674
RAB29	0.0358254582616085	5.66655040285862	0.122763647603194	0.726494878562965	0.939110507780269
RAB2A	-0.0576838671063226	7.38621403851895	2.26612875155928	0.134106622114203	0.586716471749637
RAB2B	0.0278968808217082	4.64348088944764	0.403289062680487	0.526259003564182	0.867624729848538
RAB30	-0.0396719158751036	4.45877049417225	0.140104984011857	0.708648420949109	0.934316796322095
RAB31	0.0590480243576397	6.52863848920066	0.226780766140678	0.634539576060329	0.908043183086534
RAB32	-0.131746354299405	3.86838200309457	0.958923436861993	0.328865531098099	0.766026821544177
RAB33A	-0.106635149152583	-0.641679130422995	0.347891834025919	0.556100948177973	0.8810443196644
RAB33B	-0.0376054231616018	3.67202116769068	0.34571342526509	0.55733884889547	0.881317115016002
RAB34	0.0320515223940636	7.50519506172117	0.118039825071238	0.731599611260893	0.940581409357297
RAB35	0.0117211197629185	5.10510506695894	0.0513611446718117	0.820986849623601	0.967417773802047
RAB36	-0.151588445681662	5.3514833241924	1.96791949638244	0.16251319541809	0.623724562764903
RAB37	0.136021547338809	1.00603224402608	0.563856032728207	0.45376066324164	0.836576025671132
RAB38	0.0299801651841191	3.74433012050703	0.0697930366886985	0.791961980069777	0.960398244958727
RAB39A	0	NA	NA	1	1
RAB39B	0.175836189300197	2.25037957673039	1.45468777295018	0.229472112944828	0.691820879611712
RAB3A	0.0814225704270549	1.93765260067744	0.625583359601918	0.430094560719536	0.82542011575019
RAB3B	-0.56574344852971	-1.46183537645292	3.64781964075496	0.0578455569237468	0.438680046266954
RAB3C	0.035132699008357	-0.466856122679788	0.0226689152384519	0.880501762410046	0.976830892505604
RAB3D	0.0457159316865493	4.62159208594355	0.402227962022403	0.526803036927686	0.867870690426513
RAB3IL1	-0.157699043802829	2.78427783467061	1.06191337433717	0.304259651038103	0.750562307868876
RAB3IP	0.0131773989026409	4.48670408830592	0.0416412304315276	0.838552032650661	0.970083403648211
RAB40A	0.0672507814009251	-0.520828035926795	0.418522965802299	0.518557410835725	0.863510074954045
RAB40B	-0.0577643569134107	3.93876043526334	0.573133266484769	0.450076380749846	0.835038615784178
RAB40C	0.0646454754438097	4.63604815271691	1.20809177339	0.273282119984583	0.730214076982874
RAB41	-0.176735007685508	-0.183735560241288	2.90968705215997	0.089896005429982	0.51560586570617
RAB42	-0.488583089640294	0.689281635527231	6.46582431809899	0.0118994969813057	0.237744827438422
RAB43	0.0284533747434749	1.66522273145841	0.0566572096270046	0.812149473671934	0.965606159858044
RAB44	0.0849811235162064	-2.58114701097478	0.151232366506308	0.697852599934322	0.931508532450496
RAB4A	0.0288058080289731	5.71263596355862	0.188894968585788	0.664395347363483	0.920595709200616
RAB4B	-0.165082849462416	3.92795794534951	2.71329384900274	0.10138347246419	0.536319789353283
RAB5A	0.0432339390799158	6.22278384248173	0.790994777922842	0.375070530174902	0.793070353671806
RAB5B	0.0388618203534136	7.78192479012808	1.28617197953593	0.258369380746928	0.71641117345646
RAB5C	0.0353536594715716	6.99564387192531	0.428700599087236	0.513522167016253	0.86142955155974
RAB6A	0.0486666956665505	7.10589852764701	0.650965561385554	0.420907782104311	0.820453294571108
RAB6B	-0.207673395546649	3.58466236968196	3.92511519111065	0.0492008567275925	0.419683772004514
RAB6C	0	NA	NA	1	1
RAB7A	0.0790492050222166	8.51631749353224	2.47827783645656	0.11730885648454	0.561998401379726
RAB8A	0.0146041064871508	4.87490931245883	0.108293121495624	0.742505477842839	0.944854541297869
RAB8B	-0.199986137809469	4.92932347673977	3.6253891127495	0.0586126607386975	0.441318522474561
RAB9A	-0.0195271275636165	4.51073916160719	0.147088586911281	0.701817913104225	0.932494675987874
RAB9B	0.101299008521576	1.66045350622119	0.662136045275762	0.416958017577704	0.819157815610777
RABEP1	-0.0323538960346755	5.97858022224839	0.419948511709908	0.517846929019245	0.863078215032075
RABGAP1	-0.109125270055684	6.53903723368158	2.90664719728712	0.0900625317167404	0.515917239284325
RABGAP1L	0.23560968875863	5.17895082378684	3.92868476478687	0.0490990131712516	0.419105362914217
RABGEF1	-0.0103784448544972	2.864632158199	0.0178992744876115	0.89373012543996	0.978202141722001
RAD23A	0.111836021709829	6.5633640525022	4.67959240687349	0.0319354153850087	0.36294748198681
RAD23B	0.0588532843883107	8.27965705222223	0.410118019573492	0.522781624877045	0.865827183991476
RALBP1	0.0415117072312865	6.2353468919256	0.321826618619099	0.571268818519866	0.888074731668906
RASEF	-0.0044279476387976	6.24129122823012	0.00143511176799921	0.969826024907316	0.99544105183545
RBSN	0.00878107601189138	5.70459856236762	0.0220446968792698	0.882146222271552	0.977001750584165
RBX1	-0.157657104778906	5.85094320512681	3.20660489397526	0.0751411003044117	0.483631445004676
REPIN1	0.0254832096456377	6.57483530295398	0.225468744039136	0.635520579422444	0.908240724038057
RER1	0.00173158550352713	6.57862663710347	0.00196623298065024	0.964684245476511	0.995222808665035
RFT1	0.0237821879223225	4.61716048355569	0.383502951028664	0.536572885580663	0.871489841503212
RFWD2	-0.0451061960073574	5.45714660218985	0.939497657101589	0.333799664801891	0.768294832546779
RNF185	-0.0470307614609892	5.95420776883085	0.485310611007993	0.486988868823944	0.851902343092086
RNF5	0.0138052324887178	5.77629816732482	0.0423581473326589	0.837187635584683	0.969978102430623
ROCK1	0.142265785247758	5.8920197747685	2.42540900530262	0.121262856645948	0.567185180787572
RPN1	-0.0362195749357641	8.61771823106917	0.396205080923654	0.529910222383455	0.869445291660907
RPN2	0.0140503565603067	8.7116160802379	0.0567985942907646	0.811919658506789	0.965546639317521
RRBP1	-0.0416449344382967	9.46708736054368	0.289967748394638	0.590953565020581	0.895195872571332
RUFY1	0.0880454155331123	6.31742445063012	3.26591021624645	0.0725219514353862	0.478024868137859
SAR1A	-0.0646626210333061	6.84396430033738	2.7164619758203	0.101185823574703	0.535660983182075
SAR1B	-0.027565471367796	5.99374494932747	0.282718964186464	0.595626621335078	0.896461033637884
SEC11A	0.0217504376401436	7.36899620613489	0.220455723469903	0.639301387194977	0.910833516249326
SEC11C	-0.216237468553002	5.96626543868004	5.91032585597063	0.0161030271755759	0.270599799173668
SEC13	-0.00237498152035625	6.86978579770391	0.00165142879344353	0.967632895979384	0.995280339704395
SEC16A	0.0176278109657016	7.01943105685433	0.154123250071371	0.695123141182769	0.930835597218979
SEC16B	0.35267592980913	-1.85308971123827	4.52298708525426	0.0349016847151899	0.375258712116954
SEC23A	0.0606604966197023	5.85812295118837	0.401611740783954	0.527119440169475	0.867945011237184
SEC23B	0.0173295803500898	6.35608396690759	0.0439442443477496	0.834211233044273	0.969840306018752
SEC24A	-0.0145509210766293	5.26786333309724	0.0283194013304824	0.866562413488967	0.975140796790628
SEC24B	0.0400564403861895	5.59503554045169	0.436580114729141	0.509682247642365	0.861171961844741
SEC24C	0.0525611427508863	5.56700242007355	0.158338069601713	0.691196149627314	0.929381977137683
SEC24D	0.0271617217111134	6.11852632604137	0.0778811750978978	0.780532632812109	0.957126612419635
SEC31A	0.013619473121985	7.74079582539024	0.0452269844470135	0.831844882522427	0.969628395630544
SEC31B	0.268786057069343	2.61812101857504	3.25194850014949	0.0731295301491462	0.480130237751361
SEC61A1	-0.0221694394524146	8.43229678324886	0.17323206700615	0.677786128854373	0.924813602301607
SEC61A2	0.0735161913548991	2.65549243295205	1.55447750454545	0.214210188952222	0.677264089926618
SEC61B	-0.175770103911423	6.30363687051645	5.10894233016397	0.0250861409233449	0.324158364194663
SEC61G	-0.223609157317039	5.55165544157598	6.86516446104997	0.00959405230523883	0.213871470252687
SEC62	0.00663253427663272	7.84958558334045	0.0114513841170564	0.914907753863823	0.984176206622954
SEC63	0.0395227076977043	7.5087100521579	0.487222698842862	0.486133272819256	0.851370865441609
SEL1L	0.0384552483762454	6.90543463502995	0.193318908793414	0.660733316849429	0.91970380422033
SELENOS	-0.0513725289772238	5.79306852349105	1.09555030148644	0.296747448738745	0.74696620742987
SGSM1	-0.0184873602290774	3.58826078927594	0.0303709912189938	0.861860828333977	0.974029381486056
SGSM3	-0.120669175399497	5.81797165545296	2.97884513443922	0.0861969837859673	0.507666051343934
SIL1	-0.135075040021778	6.8249491544131	1.87870028063281	0.172309442946066	0.634891431840594
SKP1	-0.0162285247876242	8.34231970640537	0.0969033335673968	0.755963610316755	0.950482151890296
SMCHD1	0.0744455963554561	5.52221421099008	1.08403783890455	0.299291220524706	0.748397508198061
SNAP23	0.0721084188641575	5.66944602247579	1.62902228362367	0.203598950757318	0.667211160548365
SNAP25	0.247523677489721	2.05320479414625	1.49520011639846	0.223123023678191	0.686100176335569
SNAP29	-0.0255510208353651	5.18229521086893	0.255949422178592	0.613579538075597	0.902074849564123
SNAP47	0.0210806136793855	5.18766892858908	0.150293957001934	0.698745065997025	0.931508532450496
SPCS1	-0.003111930921823	6.87958954787169	0.00332724336545602	0.95407023515542	0.992811380380941
SPCS2	-0.138902472844405	5.5166849317272	4.60594595751864	0.0332957816563967	0.368871613310282
SPCS3	-0.139446938634247	6.95052991636248	4.53973618140231	0.0345709929938787	0.373589329700571
SRP14	0.0154852428131811	8.25380035373092	0.0715932412833314	0.78935901870364	0.959417785396262
SRP19	-0.0914682440430988	4.66803385418575	2.16129329450297	0.143394831770971	0.596701610921232
SRP54	-0.00242296320375935	5.77995273427218	0.00280025019143436	0.957860564685673	0.993766205727933
SRP68	0.00970014395562828	7.15631403217913	0.0351820549460401	0.851440908199663	0.97322440243535
SRP72	0.0241372502236768	6.51198924359242	0.171683436838976	0.679148261935267	0.924973542523082
SRP9	-0.1016252731232	6.8528858950651	3.4298563391963	0.0657815937933782	0.462681418105105
SRPRA	0.00467082092166391	7.55687650775122	0.00850228792241947	0.926642700027189	0.988191089544302
SRPRB	-0.194076372424387	5.5672634326535	6.33632973288627	0.0127648841062687	0.243975784918074
SSR1	-0.0284535316265084	7.25666740904919	0.312557295615239	0.576859229137555	0.889993683206669
SSR2	-0.013193220661814	7.34142761320903	0.027976648910709	0.867364783438703	0.975140796790628
SSR3	0.00490298897822754	7.68537738089019	0.00474761171664803	0.945148795273343	0.991948169799364
SSR4	-0.232946661872501	7.65837667077598	3.63434603144577	0.0583050418375036	0.440242122840374
STT3A	-0.00540162920496127	7.28752545973372	0.0113582854591784	0.915253034965566	0.984210455408177
STT3B	-0.0161936719519496	7.33565476895608	0.0644046886537235	0.799975065478622	0.961935392980345
STUB1	0.040665986675726	5.90140018825106	0.298425683496407	0.58559540766381	0.893931354322288
STX10	-0.0522980917403702	4.9630734221009	0.368237060023367	0.544785539779795	0.875887759006727
STX11	0.0456805681096075	2.75267643060652	0.058535326056302	0.809120989003474	0.964835171111869
STX12	0.0709899746280967	7.25217888058211	0.893812193841701	0.34580333017942	0.776611971577639
STX16	0.221913949900184	6.11034741656868	10.524353255663	0.00142137252961015	0.0847245903940585
STX17	-0.0946760351786038	3.76702084641861	1.07387410201054	0.301560485966183	0.749953206348624
STX18	-0.00760057806044085	4.68489352211995	0.0339334691883368	0.854070448747141	0.97322440243535
STX19	0.696210543154494	-2.18007190075348	10.4493035942456	0.00147673340079187	0.0866291087642766
STX1A	0.0554927705090611	1.62108657471499	0.36208840440359	0.548159397537699	0.877684617524946
STX1B	0.419605682845308	1.40881770486657	5.8599859358551	0.016553592746524	0.274096292123868
STX2	-0.047692700208725	3.32873213401181	0.283474867587107	0.59513574105109	0.8962101663677
STX3	0.147233150439304	5.71770504863737	3.71721506853914	0.0555396621661525	0.433647645175218
STX4	0.0347544757370127	5.73429162042997	0.283545898959225	0.595089656825232	0.8962101663677
STX5	-0.0879292786825712	5.92388099427762	2.39637451034684	0.123497490855632	0.568833790655237
STX6	0.00958226315909874	5.82150955514573	0.0435769758995204	0.834895379829991	0.969840306018752
STX7	-0.0305739323219797	6.1869879608002	0.412644522392914	0.521505449373166	0.865094344209811
STX8	-0.153723601200671	5.23242094472866	3.7708397529814	0.0538252509239871	0.432177650808237
SURF4	0.00366008654464733	7.87137873704716	0.00427443373800544	0.947949812197072	0.992387562820587
SVIP	0.00572085195219073	6.26448981792034	0.00762393675378854	0.93052493512286	0.989227027541892
SYTL2	-0.0129379929305151	3.95879395982703	0.00633808231560573	0.936640492438651	0.990538780975825
SYVN1	0.0632265825296465	6.60049770861421	1.21727335425245	0.271473432432602	0.72874768501082
TBC1D1	-0.0577322440264863	6.86540129738896	0.891761041602239	0.346355897174248	0.776611971577639
TBC1D10A	0.0233045792305083	4.87785576158232	0.0836043620503338	0.772827339248327	0.955127038962786
TBC1D10B	0.0839017821184002	6.01488650926028	4.07836045052073	0.0450243829105662	0.40714330737976
TBC1D10C	-0.309494911060039	4.05289975651224	5.75034169905749	0.0175810141098373	0.280632309465667
TBC1D12	0.0679113122195197	3.53831797298943	0.889066316938575	0.347083668720781	0.776636367553981
TBC1D13	-0.118314016238495	5.8165131369627	3.46992049480466	0.0642392920157878	0.458152303451507
TBC1D14	-0.0348134481824997	4.16493193398729	0.0599694568319224	0.806842916788772	0.964240779627295
TBC1D15	-0.00374743394039625	5.79262230136243	0.00455764174293444	0.946255690231673	0.991978656506856
TBC1D16	-0.147212972182689	5.39694971936028	3.02404559681337	0.0838693649089583	0.503200625026501
TBC1D17	0.0571522769204254	6.22657894636574	0.955950824880664	0.329614216201792	0.766026821544177
TBC1D19	-0.029431621610469	2.95087418850716	0.288891811180651	0.591642393824782	0.895195872571332
TBC1D2	0.0539272645068538	6.82308636176262	0.130646020717218	0.718217077578284	0.936767823710579
TBC1D20	-0.025279818219771	5.9828545047922	0.450577746733224	0.502982100320267	0.857006825511286
TBC1D21	0	NA	NA	1	1
TBC1D22A	-0.138314353262008	5.48533062468463	3.85434447266178	0.0512672307891412	0.425395687788997
TBC1D22B	-0.0338766613141063	5.00081117679316	0.391808180103525	0.532199484657627	0.870367907200495
TBC1D23	0.00329650459656448	5.1836710793401	0.00332917106471091	0.954056946799394	0.992811380380941
TBC1D24	0.0318398293998325	4.44056821935207	0.158255856099637	0.691272166332919	0.929381977137683
TBC1D2B	0.032075646392437	5.69074033165785	0.181420619876547	0.670700102048472	0.922481683772751
TBC1D30	-0.299093128991163	1.79459168978606	7.46523520769983	0.00696257416434903	0.185950644146284
TBC1D4	-0.2653739513609	5.00552883825639	3.47640145123478	0.0639934824966171	0.457816511653455
TBC1D5	0.0313701435719066	6.28104126003872	0.250038628392818	0.617701855407425	0.902551265385758
TBC1D7	0.12363342207708	3.4554842297221	1.74975099525782	0.187704792914877	0.651417495150363
TBC1D8	0.00585250145452737	3.19104797023165	0.00355268882493657	0.95254148821694	0.992532975511612
TBC1D9	0.0270566834724188	5.08165762395465	0.0557012870630072	0.813711301991933	0.96619097263979
TBC1D9B	0.0724084445035988	7.45631450405433	2.19483379915622	0.140346282017931	0.59358759028615
TMED10	-0.0456279245126984	8.45113667149602	0.697668551011721	0.404753832788274	0.812235107227279
TMED2	0.0252619144939935	8.17571305022536	0.19715237910923	0.657600317224284	0.917910028136872
TMED5	-0.0553624058513805	6.2347050545566	0.597623573304447	0.44057189872659	0.830797043068844
TMED7	-0.106237014690519	6.90630442134747	2.42143674192543	0.12156589475091	0.56750378388211
TMED8	-0.113026946508787	5.43871740426538	2.16896587888472	0.142690891705215	0.596701610921232
TMX1	-0.138588230149069	5.48987861055318	5.48782467630363	0.0203204905552259	0.296698354094004
TMX2	-0.0749767066920195	6.10991551622306	1.84631381105396	0.176033238846169	0.63845871570042
TMX3	0.0973505913604743	5.62193631918775	3.14921736069984	0.0777734264231466	0.488676150105965
TMX4	0.165803280348771	6.81469349046982	4.941826930628	0.0275478182083756	0.337335224654899
TOR1A	-0.0611754716361166	5.38594900724263	1.54662458646847	0.215366047941891	0.679227808521676
TRAM1	-0.111403538387621	7.82724359017324	3.47007546707657	0.0642334023854232	0.458152303451507
TRAPPC1	-0.0708606798843256	6.52346921369778	0.73273671916565	0.393216118714347	0.805713646810977
TRAPPC2	-0.0189836928873289	4.11988059009752	0.153728327269711	0.695494259804986	0.931166707103222
TRAPPC3	-0.020712101408679	6.58862484489405	0.169702343938678	0.680901319818523	0.925724744512083
TRAPPC4	-0.0590990668157508	5.6987179724872	0.825627114928929	0.364840967539873	0.787122542847114
TRAPPC5	0.0400338318527047	0.279350705966074	0.0805756045815331	0.776868218020096	0.955864500228488
TRAPPC6A	-0.299177767295603	4.49980511794526	5.51250819399307	0.0200448939982805	0.295101654442201
TRAPPC6B	-0.000952975933192676	5.13648225688415	0.000755440351189225	0.978105288075381	0.996696997306299
TRAPPC9	0.0583542549055112	5.68486551151141	1.0603112240056	0.304623588664419	0.750799111778865
TUSC3	0.167558400961654	6.25934846937147	1.28607989154245	0.258386361407707	0.71641117345646
TXNDC12	0.00211208545082069	6.01305950945788	0.00242066322378464	0.960818134560083	0.994665807989716
TXNDC5	0.064510764989918	2.06408495501291	0.120811927204803	0.72859039027959	0.939702897450146
UBA1	0.067941948752619	8.95651823122343	2.3651549127075	0.125951860814591	0.572252997181954
UBA5	-0.0195653448946332	5.23495292806793	0.250873665664088	0.617115804078884	0.902551265385758
UBA7	0.166588672980502	6.16432567860513	5.37301077143846	0.021655454270763	0.301830618180959
UBE2D1	-0.078144638401069	4.23883697811295	1.40390343080771	0.237743608153424	0.696577151979199
UBE2D2	0.005922219390969	6.57810211878283	0.0218065098021397	0.882779973919219	0.977055481536875
UBE2D3	0.00439841679652963	7.95748396032574	0.016219819936173	0.898810029944491	0.979272551709126
UBE2D4	-0.0774996621888472	4.47266143036049	1.38176589643887	0.241462868221428	0.699847352224693
UBE2E1	0.0189266903777225	6.08136683231505	0.19161024766932	0.662141723843505	0.919969525021917
UBE2E2	0.0933454858539243	5.19588462084063	1.09953592276107	0.295873305144492	0.74638973114309
UBE2E3	-0.0247479794193051	5.95885294797016	0.356512380995986	0.551252986513939	0.878405498242579
UBE2G1	-0.00197125673285772	5.18352801277535	0.000955380142822391	0.975378602773819	0.996551930877541
UBE2G2	-0.0136078326494228	6.19173668744245	0.0687984593294961	0.793415491927495	0.960717121195399
UBE2J1	-0.0175747248722933	6.42539451540388	0.0964652033732603	0.756498268448943	0.950482151890296
UBE2J2	-0.032787321309409	5.51315292734448	0.30218352942338	0.583246396874937	0.892057324007454
UBE4B	0.041310152909852	6.18751429544862	0.638374514217262	0.425427523872093	0.82300878460157
UBQLN1	0.00515192625427405	6.9552554019718	0.00709613941277613	0.932966980941109	0.989676002565489
UBQLN2	0.0177321592758592	6.68915130800409	0.0665425018004022	0.796754614280103	0.961730667017734
UBQLN3	0	NA	NA	1	1
UBQLN4	0.227850269930612	5.37103353434902	6.83323744625029	0.00976006949356992	0.214741068537204
UBQLNL	0.202183338838908	-0.745112207222921	2.97941294372923	0.086167310659455	0.507666051343934
UBXN2A	-0.0480611397113586	4.26967000362465	1.02978443160224	0.311667738182005	0.75612106901109
UBXN6	-0.0710190979952412	7.98543915676781	0.94622937070054	0.332078652596222	0.767074214788338
UFD1L	-0.0510723764092419	5.62912965200244	0.680432405444421	0.41060691553963	0.815422223732783
UGCG	0.0505102335922128	4.98802225148931	0.364574288538261	0.546790678497648	0.87709355732849
UGGT1	-0.033032262377103	6.27653925760452	0.250515694012465	0.617366888371546	0.902551265385758
UGGT2	0.116735980153969	4.83841271248463	5.27346335841223	0.0228871401235768	0.309128941639429
USE1	-0.0853929183939129	4.71972031789956	0.940247412025111	0.333607392833529	0.768294832546779
USO1	0.100518341847499	6.76897571198219	2.01217673584927	0.157892685026289	0.616888758487957
USP6	-0.144856617721366	0.590604547706531	0.487747985491053	0.48589866200733	0.8511254490036
USP6NL	0.0393209973189437	4.75971458628862	0.247509145378242	0.619484617648602	0.902718401573586
VAMP1	0.173831199948706	4.75934461519967	1.52783945751623	0.218161479880491	0.681155774095957
VAMP2	-0.00908895219901318	6.89304738255709	0.0186122252087589	0.891647279090313	0.977778085860289
VAMP3	0.0112486191485382	6.92037007158266	0.0593397263850359	0.807839629276027	0.96449655536672
VAMP4	-0.0487651762034293	5.18954293862932	0.585733248891785	0.445147040411749	0.832672867722832
VAMP5	-0.250710815143934	4.86224241656153	2.56109502297616	0.111400485521615	0.552852262760239
VAMP7	-0.0110003257134622	5.32153263889124	0.0336584701023478	0.854656293101737	0.97322440243535
VAMP8	-0.172669645773348	7.47423284053703	2.68573600223136	0.103120790459457	0.53789341496432
VCP	-0.00931816029611967	8.35737798839059	0.0466450387708456	0.82926938656386	0.969628395630544
VPS45	0.0313566680769806	5.46621463815163	0.557432110168348	0.456339718704411	0.837508474313569
VTI1A	-0.030122943200682	4.30123955650646	0.629477792296282	0.428665437218418	0.824688969496897
VTI1B	-0.0561390649651251	6.37492557551235	1.47645004163022	0.226034766526468	0.68837218076205
WAS	-0.16446121714114	3.04278392465442	0.695250352565936	0.40556757863251	0.812704502830037
WDR38	0.00411948027512407	-2.51615745254752	0.000404361096833503	0.983980484013144	0.997738778554562
WFS1	-0.368671100021039	6.10462853080459	10.1740976179583	0.00169934642349708	0.0944451184554617
YKT6	-0.073732815138839	6.39439220359433	2.08778511768087	0.150342785012044	0.606066262785342
YOD1	0.117887160955044	4.07385331664928	2.82620133487611	0.0945946077499292	0.525880795689672
YWHAQ	0.00583581881435247	7.57755185182191	0.0103671407879965	0.919021575479896	0.985326415366041
