pspGenes	logFC	logCPM	F	PValue	FDR
A3GALT2	0	NA	NA	1	1
ABO	-0.0148025332415763	6.04689449319776	0.0189683106583933	0.890539624745483	0.949837537581511
ACAP1	-0.219633893524941	3.952700362799	2.52975735867723	0.112655010071253	0.290942143408035
ACAP2	-0.0449279539804556	5.88319406319609	0.456120108457976	0.499905982944024	0.702249579020388
ACAP3	0.140636174467853	4.80259112944883	4.53701085464831	0.0338935226262135	0.133802866193527
AGAP1	0.0111685751870932	5.55702665004417	0.0244270159894275	0.875896882483732	0.942998975317341
AGAP2	-0.34671890582602	2.21399844079083	4.20740882724491	0.0410204970198515	0.151826559835299
AGAP3	0.0586338981279799	6.21679204839696	1.10808745650996	0.293252254941867	0.51887924849216
AGR2	-0.123708763736361	6.07011213934199	0.280418696278264	0.596775586221936	0.774369274627835
AGR3	-0.554927319501256	-0.561620996836703	2.64457491233554	0.104838643823992	0.278890358104104
AKAP10	-0.154482496289497	4.95120447754889	8.71397543059498	0.0033792280322035	0.0283838560810863
ALG1	-0.077103278990515	4.41072218071595	1.82417991303649	0.177722758726251	0.385291227884984
ALG10B	-0.0330040868508635	3.72195877187144	0.31584602546374	0.574488383809475	0.758175357882957
ALG11	-0.128103582190087	2.57390338756131	1.92253943510155	0.166493543710409	0.369750615898467
ALG12	-0.185153168655514	4.18648687149892	7.02267482699587	0.00842789194346296	0.0530693474546693
ALG13	-0.130156095898629	4.93737888767952	5.32151933837479	0.0216695713039351	0.100004090193743
ALG14	-0.163305098038383	3.94102213783313	6.56066198897987	0.0108605106383054	0.0629116227033141
ALG1L	-0.402652748629335	0.440080136398973	4.67272518616153	0.0313489004272647	0.127067047821887
ALG1L2	0.147852761419924	-1.86763590818803	0.995512718744806	0.319114612393093	0.546782886589681
ALG2	-0.169139714858473	5.60901752551175	12.4251280241611	0.000482137185404232	0.00769588694893397
ALG3	-0.0016269314807885	4.96988561791574	0.000809670455287456	0.977316333534586	0.990371651578507
ALG5	-0.0475601236893112	5.61589316119522	0.858619249502668	0.354788491884359	0.58077243934341
ALG6	0.00651261438395622	3.37248152628347	0.0337696785148113	0.854308114010474	0.931608215218981
ALG8	-0.0189444909093232	5.25301044152509	0.231185885621051	0.630957906043624	0.798732719195015
ALG9	-0.0748831847832512	3.21723849627613	3.23991899550278	0.0727584286161053	0.220132165517356
AMFR	0.122082689670693	7.23413046026519	4.21483503283059	0.0408436114491589	0.151499684537331
ANKFY1	0.134792329001058	6.55212608023202	2.90749323704953	0.0890903562820402	0.251526380792975
AP1B1	-0.0702754855288314	6.96749285132843	1.76859023194731	0.184456033886493	0.394338157557841
AP1G1	-0.054529209263225	6.71184649738411	1.53964611779776	0.215533586050945	0.434649007917752
AP1M1	0.0677468554587817	5.45334081710612	2.64729337904572	0.104660975207359	0.278541495142322
AP1S1	0.204975767402581	5.61000314295273	10.9759682138221	0.00102323489607819	0.0127471829452949
AP1S2	-0.000625446672784603	4.51642152768897	6.65196792168684e-05	0.993497383714704	0.996900292617865
AP3B1	-0.0178434606881575	6.26543330390227	0.124540617410664	0.724381694250912	0.858740670795636
AP3B2	0.175904769846576	3.05520830219358	2.0433569414551	0.153798298111178	0.351848699424996
AP3D1	0.0686929498521983	7.50772169499091	2.29952465302485	0.130351035182787	0.317808617340889
AP3M1	-0.0425241770955438	5.571581963237	0.561238629408871	0.454284206401701	0.666140707286848
AP3M2	-0.0509674023842849	4.4014666369311	1.14952197596069	0.284416426472928	0.509532442937623
AP3S1	0.153515563464192	5.74628103801225	6.94404755586153	0.00879839537931314	0.0546124858999081
AP3S2	0.00414551824850272	5.18804064593912	0.00635797775797883	0.936493816647326	0.972262959648552
APPL1	-0.00450478390788435	5.78001531429213	0.00578141705172557	0.939435870057585	0.973406391344181
APPL2	0.0428886967058182	4.91037208699769	0.71530399897259	0.398288722961488	0.619862224524518
ARAP1	0.169749173915136	7.76171129466087	7.88671153846223	0.00527020554464075	0.0388324960546191
ARAP2	-0.180788280334392	5.78705127789807	5.48905348470612	0.0197171160878237	0.0940007523303034
ARAP3	-0.0405116150217395	4.73259465392056	0.221557477887142	0.638160264101041	0.803471285195984
ARF1	0.102399499324122	9.04242031358338	6.46408935914347	0.0114545548625045	0.0650077766796681
ARF3	0.0195781481438622	8.16383400939656	0.244149608856506	0.6215468948325	0.791805671988724
ARF4	-0.078254008423754	7.52699994170269	1.8800104485358	0.171245320384233	0.376670495751008
ARF5	0.120337213572238	6.8671725491891	3.70072575051203	0.0552308780434312	0.183621599030117
ARF6	0.173443705016987	7.06108676753795	6.44706995731236	0.0115626714302749	0.0653970932311746
ARFGAP1	0.136608240011193	6.25012268998314	6.87935978063377	0.0091157613264237	0.0559587635180385
ARFGAP2	0.0268180158754048	6.74988689139092	0.528018242993931	0.467945649230585	0.677338881898261
ARFGAP3	-0.168948823477402	6.1395820992596	6.19643274406882	0.0132826852988349	0.0722581701161288
ARFGEF1	0.111826310033079	6.61953076057066	2.29138618910387	0.131030959643133	0.3189748221732
ARFGEF2	-0.0488275590667714	6.97904549770269	0.297254910256585	0.585969135044757	0.765949938696332
ARFIP1	-0.00798803132667283	5.59667093263441	0.0361815388655553	0.849255611842534	0.928720620001515
ARFIP2	-0.0180559575928513	6.00457280973141	0.209706543265532	0.647292636375357	0.809310121823248
ARHGAP1	0.191246098344549	7.22517668210711	15.1106756902475	0.000122107001320925	0.00297340800922053
ARHGAP24	-0.557337406689559	4.49470472086813	7.2686448644701	0.00736909929711245	0.0487018234217353
ARHGAP5	-0.130288680872718	7.0436193344949	3.89379237929298	0.0492816102889247	0.170911907543646
ARHGDIA	0.0946918183989902	7.53734285854363	4.00388503998433	0.046197146509956	0.16367555370231
ARHGEF1	0.0312244312396951	6.34167435682753	0.203959472501306	0.65183418442587	0.812498757861509
ARHGEF11	-0.02331843297487	6.01057739672105	0.170467263162649	0.679959430331897	0.830419103858692
ARHGEF2	0.273863273214572	7.07793752111712	16.9238716419539	4.89525461535538e-05	0.00154476996324864
ARHGEF6	-0.142058772455361	3.64923794456164	1.2717154081129	0.26024736501718	0.484472107838568
ARHGEF7	0.0238736567570896	5.49244418161169	0.261145682449535	0.609668764672761	0.783920635074023
ASAP1	0.0280612049069687	5.36633923942915	0.12013622527102	0.729103108488891	0.861804698542991
ASAP2	0.0644705721012148	5.52897340412466	0.165717304339272	0.684204805178471	0.833019089410181
ASAP3	-0.143940103405296	5.78878020023517	4.63843765809237	0.0319722601436699	0.128746470375919
ATF4	0.0350414973985264	7.86540940884986	0.187976306431586	0.66488368282916	0.821228056153802
ATF6	0.0608821632462451	6.24565994874091	0.869909967546421	0.351647970885664	0.578032538890894
ATF6B	0.0390005335642918	7.02064643508955	1.15178215045674	0.283944273780726	0.50887692891985
ATXN3	-0.0360540498951473	4.67444381125764	0.839435528216331	0.360213419290224	0.586139645444661
ATXN3L	0	NA	NA	1	1
B3GNTL1	0.0892505450671395	2.37642354894256	2.13379033594098	0.145015770192836	0.339295813268964
B4GALNT1	0.463507950189856	0.476808464753938	8.67589154949016	0.00344873652665423	0.0288462778916482
B4GALNT2	-1.394636487559	2.42663310855848	14.4796134555218	0.000168238855957124	0.0037063623584225
B4GALT1	0.0405761256111139	8.11038220998641	0.278601325151532	0.597966783859766	0.775326794796135
B4GALT3	0.124825543942709	5.7155846049075	7.81381395700087	0.00548193329862151	0.0397899402438477
BAG1	-0.00278349204118099	6.72558528946388	0.00178254996490542	0.966348118817117	0.9857134065562
BAG2	-0.0406739660247959	3.66502851069454	0.265096871453191	0.606977489317688	0.781845513242466
BAK1	-0.0699443481055489	3.54293416739845	1.28467387954272	0.257837498108702	0.482001137174792
BAX	0.084853088217115	6.04496442402334	1.21009473672237	0.272098531336489	0.497438241844026
BCAP31	-0.00223649790876316	8.04791010474567	0.00141096479931029	0.97005850021156	0.987245634570751
BCL2	-0.722247705624911	6.07385883343519	25.8150185237348	6.23761952977492e-07	5.90404248535652e-05
BET1	-0.0470748373012853	4.45546341626998	0.781894509491822	0.377192774076419	0.602137237952852
BET1L	0.0686539074935854	6.44475438724933	4.52923695069538	0.0340456942245573	0.134182396246786
BNIP1	-0.054881617207595	3.29056961382684	0.63583664877316	0.425783907198621	0.642566626272081
CALR	-0.216678897762749	10.6144860447906	4.1941400785026	0.0413385623561877	0.152579308376021
CANX	-0.148882875925976	9.84166542984443	4.16957708166676	0.0419342519352219	0.153829585032592
CAPN1	0.120914147481729	8.20871448818882	4.40261578938446	0.0366279549339403	0.140859103388962
CAPN2	0.348121321823915	8.20083392895117	23.5951024487437	1.82393677609715e-06	0.000137784902136272
CKAP4	0.0639419496179127	6.24105957681411	1.12662444163657	0.289256571286813	0.514432017274809
CLTA	0.196813896919506	7.80709145152144	9.74894902883898	0.00194960957106854	0.0198416066291451
CLTB	0.0746506693307211	6.40888328633067	0.960764062059989	0.327697586303491	0.554937705905502
CLTC	0.0490361797080399	8.8451657301407	0.498893614099976	0.480474693417661	0.687529374968308
COG4	0.0706652612226523	6.2648232223549	3.4737679508735	0.0632186047021189	0.200941853836161
COG6	-0.0236943019071388	5.00807457690554	0.148127520649495	0.700574007185137	0.84402763765548
COPA	0.0848723682479636	8.06729468252867	2.98864981527444	0.0847659195871117	0.243270479292624
COPB1	-0.0173762856418132	7.25517306523436	0.109937109938658	0.740421844796752	0.86856480441598
COPB2	0.0147279803129165	7.40914443713979	0.0852635636228706	0.770466867984345	0.885926774702789
COPE	-0.0485657590675174	7.28116315670688	0.517669472293635	0.472336165108936	0.680688977802069
COPZ1	-0.0913315404414339	7.62283664783401	3.54541470533464	0.060571377939074	0.195366122845711
COPZ2	-0.214207639579427	3.86317300164591	2.29478314285003	0.130746680839452	0.318384255243273
CRYAA	0	NA	NA	1	1
CRYAB	-0.315361456572242	7.32419811655987	2.98908600109282	0.0847433030835803	0.24323958755154
CTBP1	0.115503146703196	7.24460158560172	9.77702620772746	0.00192089679428608	0.0196675881707268
CTSA	0.403838429519609	7.19704421138733	27.58060906531	2.6752860488493e-07	3.18731716476588e-05
CUL1	0.0228182475455959	6.18165684671049	0.581083479070855	0.446421138000756	0.659537725442908
CYTH1	-0.0629572355481439	6.24034396524286	1.66369416667746	0.197989718096844	0.411750305455941
CYTH2	0.00782698498764939	6.9922070210633	0.0235016296987391	0.878251551632954	0.943965631157076
CYTH3	-0.143409433682583	5.57394204220084	3.17713146111967	0.0755758920482674	0.225468817461648
CYTH4	-0.339101026681141	3.37858935074429	3.06611722928529	0.0808500144940369	0.235824031314093
DAD1	-0.0531705774461288	7.11829829899379	0.912956880238783	0.340015982297923	0.566740636743117
DDIT3	0.280297533225342	6.20156753468838	3.43929206716457	0.0645363278950421	0.203779029303796
DDOST	-0.0668197540500323	7.97049229039374	2.10745690275006	0.14751303632145	0.342760982028891
DERL1	0.0417915670289128	6.61673580425742	0.609148371570755	0.435656502802037	0.650447814138441
DERL2	-0.176111451797491	5.69056927739198	10.22826621909	0.00151423237941089	0.0166412679163619
DERL3	-1.00052192037595	4.89460204802728	15.6733764224434	9.18527743185905e-05	0.00239868962552594
DNAJA1	-0.077028932951996	7.38478022388063	1.48005787022402	0.224616834127074	0.444794453555034
DNAJA2	-0.0554099100983603	6.30636520167868	2.59010398413806	0.108469589778366	0.284223795428662
DNAJB1	0.402878203987886	6.81546355724595	19.7474928549299	1.20064717637883e-05	0.000538425054920297
DNAJB11	-0.206937900015985	6.37605198838737	7.00952867821064	0.00848870273283379	0.053298102869211
DNAJB12	0.0802095663572592	6.24260012648094	4.41836202046539	0.0362959175880978	0.140031954000673
DNAJB2	0.0703816295049415	7.48375231619268	1.60082086545657	0.206661052222831	0.42251448967644
DNAJB9	-0.254118507599517	6.06333792522449	7.40624945303555	0.00683739132156969	0.0460447159667124
DNAJC1	-0.170098883294214	5.77483772703829	6.83850468767928	0.00932225021563122	0.0567896021149125
DNAJC10	-0.0854114729495972	6.82860271405609	2.39418066652874	0.122726087875722	0.306424942796363
DNAJC3	-0.268488054438187	6.98970177434668	9.46315108612952	0.00226800062220073	0.0219170723550236
DNAJC5	-0.00521642449297335	6.95098016431113	0.0139412149889339	0.90608022185291	0.957035244914945
DNAJC5B	-0.179721011359841	-0.570499816871457	0.529683472198729	0.467245313148363	0.677119005443066
DNAJC5G	0.295828207654665	-2.24675157031971	1.04020041350071	0.308506477119649	0.535464565310156
DNAJC6	-0.157247014689179	2.06971017864587	1.49970901694354	0.221571484431589	0.441296007295563
DNMBP	0.107519073521111	4.77141610352783	2.1650400088312	0.142114109798988	0.334895354000822
DOCK5	-0.000868759680058525	5.43608363262047	7.26109739274705e-05	0.993206184586196	0.996900292617865
DOLK	0.033233029610249	4.63004275902528	0.431209970433647	0.511843987938591	0.711118831843304
DOLPP1	-0.0123198222777613	3.9510749195598	0.0615559074095324	0.804204563766716	0.905039698659614
DPAGT1	-0.0380071676214168	5.15610358259899	1.12984953406857	0.288568521284891	0.513742500870515
DPM1	-0.0210611107950554	4.92465017796886	0.224539825226593	0.635909204031129	0.802324431450656
DPM2	-0.0504891209565878	6.00036058026262	0.526167938185862	0.468725804382203	0.677810179666996
DPM3	0.00246899515453675	5.09241356503844	0.00056898882519529	0.980983593759755	0.991960734725313
DPP6	-1.53713305690891	3.51180900335407	12.5421267994357	0.000453889280832284	0.00738799125838063
EDEM1	0.23884295130064	6.63176207372859	7.06844695991545	0.00821963477415554	0.052280370235512
EDEM2	0.0362491204676454	5.04643784213754	0.689255406176858	0.407005504119279	0.627595673351215
EDEM3	-0.0242662775594574	5.31376003135398	0.130913634878551	0.717713385991958	0.855159340975312
EEA1	-0.000183291996349605	5.02011551430124	5.48002144781443e-06	0.998133583287335	0.998842662723853
EIF2AK1	0.143996956488539	7.23871663256681	12.5562039422497	0.000450605668367508	0.00734557790360566
EIF2AK2	0.0166975519968067	5.93247434334129	0.0633726600013697	0.801396048205462	0.90335295811743
EIF2AK3	-0.123467117477743	5.10449734713664	1.70997780956681	0.191879621489286	0.404270745715637
EIF2AK4	-0.0804393951020005	5.98923596432051	2.87564224119775	0.0908526603878142	0.25470014730824
EIF2S1	-0.000895735021333764	5.86254271594142	0.000443635863471845	0.983208132402054	0.99306213961067
ERLEC1	-0.140986611519253	6.70100471152463	7.29847781893854	0.00725032613267164	0.048161875145378
ERN1	-0.105545545180645	5.16061657665135	1.01934957203935	0.313397698178752	0.540857212329675
ERO1A	0.237671949671191	6.04637823008614	14.0267580021453	0.000211912738754112	0.00431519928141559
ERO1B	-0.574679211043149	4.80391986273388	17.6713948873447	3.36749844927912e-05	0.00115827791174268
ERP27	-0.102500337647554	4.80959335498404	0.27906362161822	0.597663300718552	0.775118635558452
ERP29	-0.0186341733135783	7.75588290975476	0.0861733730412178	0.76928018054116	0.885234907836607
ERP44	-0.0733061744058339	6.6489616948808	1.69880497826313	0.193334081162767	0.405955770501142
EVI5	-0.0976780663459472	4.82768899434206	2.8629991780267	0.0915627015939793	0.255829559159168
EVI5L	0.0610062089609216	4.81268415149781	1.88626391481221	0.170536920585393	0.375846646655295
EXOC1	0.0334961067750357	5.37418493172229	1.0874435231265	0.297785824268349	0.523893917795434
EXOC2	-0.0498211159074006	5.28397805280145	1.09407670820123	0.296319359341992	0.522107254665785
EXOC3	0.0993876647641581	6.0369810851659	7.60071769936415	0.00615228728751719	0.042840600079725
EXOC5	-0.0320132541599873	5.69765400048287	0.27637831496907	0.599430634556106	0.776300113877836
EXOC6	0.0162491096129493	5.86578940940106	0.0601516408649884	0.806405710345336	0.906665597869194
EXOC6B	0.173742001063459	5.43302373914561	3.10461692517514	0.0789771978301959	0.232212552734104
EXOC7	0.063919496227391	6.42926187436461	2.03556250343891	0.154583131236874	0.353191703437594
FAM71B	0	NA	NA	1	1
FBXO2	0.302184292082696	5.22700715548361	3.78524375807543	0.0525375617292438	0.177224537361628
FBXO6	0.151876017920586	3.9815163057858	2.90496583775209	0.0892288270608409	0.251768907932834
FBXO8	-0.155232309360655	4.68248615437968	11.4257382942321	0.000809334120133994	0.0108943924535406
FUT8	-0.0281397595321811	5.02099159925432	0.12442671085626	0.724502607514495	0.858740670795636
GALNT1	0.0768714980527243	6.20647302423062	1.03624613681055	0.309426378468037	0.536555647007537
GALNT10	-0.270936892479721	6.18716497439033	3.77837016054345	0.0527512910477535	0.177716531309003
GALNT11	0.0219484738583628	6.28180006003755	0.22664905944169	0.634328197199451	0.801223097308175
GALNT12	0.1447174808263	5.59074584161264	3.28110132898949	0.0709720561385054	0.217116161802631
GALNT13	-0.510709483229699	-1.03718981472511	2.06775062434124	0.151371210107667	0.348345797467645
GALNT14	-0.588063997918086	1.09493304886243	10.9792056170188	0.00102150579768887	0.0127471829452949
GALNT15	0.654093461594341	2.98722943997603	18.4927229718102	2.2363861631044e-05	0.000848728041962933
GALNT16	-0.812945213035677	3.58145341393334	12.3795004547417	0.00049363119314973	0.00780778479680092
GALNT18	-0.60867019873101	6.09196974429497	22.1592664253245	3.67076231015615e-06	0.000225394218054639
GALNT2	0.0100772246539298	6.55357418864852	0.0360294855549848	0.849568892948511	0.928851129043419
GALNT3	0.310365296352998	5.85603959604381	8.63384113888763	0.0035271839969803	0.0293079372573516
GALNT5	1.83425611892337	2.38403100155566	51.3468112110039	4.91172065300945e-12	3.17894525615182e-09
GALNT6	0.214780466354311	3.19508884878964	2.06456957514608	0.151685230574381	0.348833786282984
GALNT7	0.342269780522025	6.8027954209442	8.93633140578406	0.00300101173826079	0.0263331948374239
GALNT8	0.215078897101728	-2.17436793566583	1.25929407601283	0.262583657394936	0.486920461796231
GALNT9	-1.10242035650563	2.9210172352375	16.3435139171932	6.55205128575748e-05	0.00189038520650644
GALNTL5	0	NA	NA	1	1
GALNTL6	0.245676324540126	1.31039079608449	1.31235759437195	0.252781099887943	0.476304115116576
GANAB	0.00261140926819536	8.84146281263274	0.00337207774411875	0.953727610678324	0.980337171863923
GBF1	0.084591456965843	6.93521613118597	3.49522030403272	0.0624132267367368	0.199175045397739
GBGT1	0.0509600724177291	3.23188249615555	0.528580766471875	0.467708883217642	0.677323695356366
GGA1	0.07916532660346	6.29151263275045	2.54975140383469	0.111248854046603	0.288976711991972
GGA2	0.0693891005818385	7.70806271804516	1.03137263887334	0.310565050638647	0.537790242797286
GGA3	0.153782755035991	5.48396678349081	6.72906890806785	0.00989942221880944	0.0591470718248078
GIT1	0.137828181863347	6.41236711398848	11.5210746438832	0.00077017516046829	0.0105330580055592
GIT2	-0.0945053422640395	4.80674249564013	2.14307330838528	0.144146875374801	0.338032644197264
GLT1D1	-0.0125739212582826	3.99602877618304	0.00723652593149449	0.932258025547518	0.969898188310519
GLT6D1	0	NA	NA	1	1
GLT8D1	-0.0526387621465738	6.32580280119344	1.60720017102988	0.205761042813804	0.42136979205114
GLT8D2	-0.24988482551143	3.51775689475774	1.48786339486844	0.223401221598314	0.443200074600011
GMCL1	0.045959321672749	4.92985495871649	0.688237869319786	0.407351649217103	0.62794356172799
GOLGA4	0.0319236085446309	7.27246596301527	0.13694551734797	0.711569123876696	0.851273707822113
GOSR1	0.0016942108970034	5.71729503399168	0.00183085756235148	0.965895454685672	0.985557542114393
GOSR2	-0.0774666046778832	4.31931689688377	3.25601413439493	0.0720545685593482	0.218748827749837
GPAA1	0.0628507875192967	7.11628048625456	1.01744440744472	0.313849656185214	0.541320984544047
GPLD1	-0.0322830649217214	1.74494251422929	0.0621978821604414	0.803207166733441	0.90438970882844
GXYLT1	-0.00585676131352529	5.30830332018544	0.00890922045862587	0.924856513410208	0.966171047709037
GXYLT2	0.168675027092582	4.63925768014283	2.63565590564845	0.105423891062333	0.279856547973583
HAS1	1.93397370554181	-0.0432977988052555	28.5526558277082	1.68281037897453e-07	2.22642321244768e-05
HAS2	0.277947695850792	2.20956180423765	0.73831374872821	0.390812368710201	0.613482226710328
HAS3	-0.677552610464156	4.25304185297764	14.8494442214932	0.000139408665947674	0.00326336199750631
HERPUD1	-0.183108702177127	7.50131292378517	3.27228023592557	0.0713506770310314	0.217722966920683
HSP90AA1	0.04141204335326	9.49634786373429	0.416780340975819	0.518987293058124	0.71647322147857
HSP90AB1	0.156830441796346	10.2834936746262	9.88344018375019	0.00181592937759569	0.0189647327585831
HSP90B1	-0.310951096237489	10.8345941970884	9.05882956240819	0.00281140974928853	0.0251247234056024
HSPA1B	0.388854822979311	6.62246596817626	10.5274856647316	0.00129399781615506	0.0149625136182836
HSPA1L	-0.260388231690815	2.41350959585688	12.8061617869055	0.000396151663198065	0.00669078392425755
HSPA2	-0.261888852515467	2.88453019291368	5.15269722306743	0.023841444400643	0.106676208718647
HSPA4L	0.0222772464973876	3.08311165098797	0.0205380592680871	0.88613017517358	0.947993905249806
HSPA5	-0.305774046523147	10.318977792458	6.07089572563086	0.0142415309917614	0.0757310203798987
HSPA6	1.22594360835728	1.96183881172477	31.4556654604336	4.25684752645816e-08	7.22969700114139e-06
HSPA8	-0.0311813305600003	9.64633528775316	0.0927827344089356	0.760856869133158	0.881311765750785
HSPBP1	0.0279591210495893	5.47581585904127	0.167333543333076	0.682752373386146	0.832181558786483
HSPH1	0.162619621074404	6.89883378109001	4.06240942096784	0.0446413330871482	0.160174372289065
HYOU1	-0.383100902389687	7.65296347536922	8.11873441086006	0.00465040363480475	0.0356447317579306
IFT27	-0.180250094342308	4.98547027489096	5.23036263673754	0.022815421242091	0.1034774417584
INPP5B	0.0865651361926741	4.62101894391438	2.63050414966652	0.105763576886906	0.280185063901134
INPP5E	-0.0304945523353791	4.21768138401285	0.37703114311199	0.539610692878641	0.732044938951101
IQSEC1	0.0244487954250993	5.81701042700846	0.214183983984458	0.643806314406135	0.806999003402156
IQSEC2	0.100176222576225	4.39746455437341	5.61474313733677	0.0183729147872219	0.0898460670634272
IQSEC3	0.26493831134953	2.29791724468594	0.952779198826627	0.329713033774322	0.556854363480759
JUN	-0.23466945340378	8.85231819472931	1.90264718758957	0.168696959083934	0.372983665329421
KDELR1	0.15459115531028	8.06372607257971	15.040613655648	0.000126521981876418	0.003042065016274
KDELR2	-0.0823466374001022	7.87545721866583	2.56586395830516	0.110129788883489	0.287160066898182
KDELR3	0.212708572859932	4.71037258674099	3.6433123123649	0.0571441023677126	0.187954814891971
KIF20A	0.241562176436091	1.59531617709866	2.60701672411339	0.107327593948118	0.282374631100371
KIF23	0.181015384775677	1.3147039775607	1.70725039390171	0.192233484939264	0.404715123287354
LARGE1	0.0122048743676987	4.36088935598142	0.019355152449458	0.889436216169957	0.949558762070563
LARGE2	-0.359419753775524	4.4912185373779	11.6278348267219	0.000728602307350367	0.0101521020307178
LMAN1	0.0835313161110206	7.81063576535738	1.48717287489805	0.223508441883669	0.443222644732381
LMAN1L	0	NA	NA	1	1
LMAN2	0.0232984588844378	7.89718360623974	0.150376410975699	0.698420725146622	0.842318750256153
MAN1A1	-0.148227403309406	4.9904987063918	1.24329628900493	0.265631245434887	0.490623343712511
MAN1A2	-0.0467173983753066	6.4195065675128	0.540478531252494	0.462745780094977	0.673328705799977
MAN1B1	0.067451281045187	6.58882534253792	1.99940704344701	0.158283896519206	0.358465741091093
MAN1C1	-0.263976451822619	6.08457695055619	4.78379727521773	0.0294155545208414	0.122358411620433
MAN2A2	0.0545944560462392	6.1363902057553	0.578164245902641	0.447564425067012	0.660533309796036
MAP2K7	0.0917231953794633	5.58927544889749	4.67945386914134	0.0312280732123896	0.126834916760023
MAP3K5	0.108161919598959	6.51988550343747	0.653602432407087	0.419397999098195	0.637441001396189
MARCH6	0.0467841446867059	7.32987133776321	1.12871337058511	0.28881067481378	0.514020752862549
MCF2L	-0.267149493695768	5.34992216678921	8.27584862565957	0.00427354911820703	0.033542668218192
MGAT1	-0.159405686876004	7.43719061740643	9.25637942242947	0.00253102452516128	0.023538036622927
MGAT2	-0.00584807506818579	1.42844813034679	0.00232153658811749	0.961599477015022	0.983335523294528
MGAT3	0.0774115881446212	5.62923939316668	0.0903248242552806	0.76394993540906	0.882783174400804
MGAT4B	0.338338556747424	7.5840794618193	15.8522509682426	8.39216765901207e-05	0.00225047300034
MGAT4C	-0.228970216278391	6.34162204755543	2.34668790371087	0.126487683495564	0.311978074775036
MGAT5	0.233740175535221	6.28486955388466	7.7016360585323	0.00582492730594313	0.0413915531737152
MICAL1	-0.0110370726360326	4.83537953836864	0.00794641785208709	0.929021469245278	0.96874858291835
MICALCL	0.228996194493673	2.18028227153141	1.16863648162292	0.280454576649681	0.50538383226954
MICALL2	0.339538726111716	4.87401103808478	14.6127138493362	0.000157225658001491	0.00355531901053984
MOGS	0.117962141693971	5.94793658127137	8.0883166089221	0.0047272086115257	0.0361166032528648
MON1A	-0.0732067328108712	3.89560371128454	1.05355810483789	0.305425223408818	0.532122068022623
MYO5B	0.0108566377947435	6.84201393173047	0.0157870631316421	0.900086612221894	0.95449358351243
NAPA	-0.0211317615348081	6.31081452319097	0.181527625070122	0.670335692785589	0.824305681171639
NAPB	-0.068654837598289	3.93165623867494	2.25101964064526	0.134462666096245	0.323745974764406
NAPG	-0.000852241764144075	5.16486635150197	0.000298215142334556	0.986232309955473	0.994329114453676
NCKIPSD	0.15112905982459	4.9635664105246	11.0820778247372	0.000968081417874906	0.0122744074689344
NDE1	0.12411168049531	3.72167780233413	3.58151902418376	0.0592825272157491	0.192362964666063
NET1	0.380199449195304	6.33987972741472	12.8100427517004	0.000395360999761885	0.00669078392425755
NGLY1	0.00559105721285451	4.91137779836976	0.0163129058232192	0.89844516969878	0.95368202476847
NPLOC4	0.07635082579536	6.53226964428657	6.22189217718785	0.0130965075382188	0.0715868673859225
NSF	-0.035184437539131	5.31445259326294	0.475811006622959	0.490800630324635	0.69573368561813
NSFL1C	0.0468081848197451	6.40864112066556	1.88496395680217	0.170683902744378	0.37602276163934
OCRL	-0.0194662713684579	5.74337945845936	0.104646052086485	0.746524510747402	0.87194497241929
OPTN	0.144415920148471	6.11315832865894	3.33068082595059	0.0688838191399773	0.213149091219155
OS9	-0.00428656888768085	8.31326247230569	0.00654072719070874	0.935589558953568	0.971641108619001
OSGIN2	0.0922447615145703	5.21668706924474	1.20977827924215	0.272161117723569	0.497476496834485
P4HB	-0.0619146279188853	9.38114547385254	1.03278836291259	0.310233709929858	0.537434949931857
PAK1	-0.179033864876527	6.70189954642981	7.22928751902669	0.00752885673839682	0.0492784809989606
PARK2	-0.166237160375271	1.7524727160492	3.85093356909844	0.0505408100995819	0.173594489307901
PDIA2	0.479478292537435	-2.87737646070321	3.71441344576477	0.0547849066025801	0.182542668486432
PDIA3	-0.132482244661801	9.78005241753328	2.71879556150135	0.100104674046396	0.270229582841738
PDIA4	-0.192781584721334	8.77563152711774	3.47172357345659	0.063295934714016	0.201134255387015
PDIA5	-0.360257115563403	5.29755140295254	9.23016629307922	0.00256652251742378	0.0238126752129978
PDIA6	-0.201868207089585	7.98597232905708	3.99346307993313	0.046480174060588	0.164432990981327
PDILT	0	NA	NA	1	1
PGAP1	-0.218672433229476	4.31484072245708	5.07521865116626	0.0249130140039752	0.109849373292799
PICK1	-0.0262840427656243	4.93801201933647	0.240992149954664	0.623809965342607	0.79362361154223
PIGA	-0.0428576389923695	3.61796294053407	0.287394388928889	0.592248788734849	0.771127759016606
PIGB	0.0271182246336736	3.98643870741482	0.354361765019088	0.5520538890084	0.740848481956262
PIGC	0.0969850646622343	4.9037282672229	7.8717560264041	0.00531294915293795	0.0390034314424909
PIGF	-0.0611947340291655	3.60907874724462	1.59093885433046	0.208064466210649	0.424550082851603
PIGG	0.0336107399199287	5.60131081042172	0.854740314809562	0.355876295983486	0.581916671895973
PIGH	-0.0712814953779804	4.47603701613004	1.1775432575666	0.278632363991228	0.503565571181048
PIGK	-0.0925841072881076	5.35315982714288	3.04115987181766	0.0820897283366511	0.238279118118519
PIGL	0.0382135414215926	3.71380220934814	0.27925144160903	0.597540094667478	0.775109292400308
PIGM	0.00301117713045444	4.43861687133527	0.00368910728377375	0.951603854463826	0.979386941202672
PIGN	-0.174307068680415	4.38763682087044	7.14105675854689	0.00790006190462575	0.0508692612073334
PIGO	0.0459647783217172	5.42612913353029	0.543672414383572	0.46142778715353	0.672088754878996
PIGP	-0.0625454778432958	4.52092889524361	1.48354677834771	0.224072499654228	0.44408376638416
PIGQ	0.00580794216909994	6.73798477719768	0.00769140401688787	0.930166692446873	0.969226648520603
PIGS	0.000753430837657137	6.04252342338277	0.000112783453109584	0.99153294483477	0.996299668940726
PIGT	0.125010574527429	7.34441504483535	5.04768259377266	0.0253058506754199	0.110988865590528
PIGU	-0.0355567789748102	4.91176914649674	0.540669314750041	0.462666882635766	0.673328705799977
PIGV	-0.0136958587297611	4.80229112943339	0.0936722289787693	0.759748564435108	0.880394810109252
PIGX	0.0233015424074641	4.34613367362981	0.170843386513117	0.679626233818985	0.830103510214385
PIGZ	0.202044100592223	1.65540851140759	2.2646085674167	0.13329629162194	0.322038568953854
PIK3C3	-0.065234750904107	5.31469748980434	2.52411911090657	0.113055085824221	0.291549659727829
PIK3CA	0.0669517408064691	4.8584518839821	0.653318255626158	0.419499014243926	0.637441001396189
PLAA	0.0436095825020374	5.02722036502708	0.846603426059358	0.358173141218948	0.584084117520855
PLIN3	0.0659705981711597	6.16000050001806	1.35672408305973	0.244929891739251	0.467022542995449
POMT1	0.00202883056456533	5.03349302741328	0.00201135726900168	0.964254901838197	0.985027392471603
POMT2	-0.0891221242054767	4.78898696276183	2.77416758871895	0.0967257142570467	0.264567753205425
PPIA	0.0984806394222748	7.98516221248414	3.16252156690847	0.0762482244742039	0.226878259379195
PRKCSH	0.137807767194569	8.58208782850548	9.09109327952916	0.002763538068905	0.0248697655528253
PSD	0.296533244066693	2.44474459074402	5.76152564551617	0.0169227197759423	0.0851362122845567
PSD2	-0.204477929571602	0.150601518638973	0.812088020154903	0.368147210305988	0.593311881364661
PSD3	0.266276516986765	6.90935331170783	4.42990595695545	0.0360545053334029	0.139347520855229
PSD4	-0.105148844292153	6.6166893253486	2.11093935627298	0.147180008432446	0.342219600148731
QSOX2	-0.0665266422259938	5.15174577156688	0.626042922353852	0.429367033146325	0.645735875322178
RAB10	-0.132368528436952	7.13779736524995	7.34579263971529	0.00706597012883806	0.0473311291399399
RAB11A	0.0342605551472113	7.66015224639603	0.582872383967479	0.445722774569048	0.659100631655241
RAB11B	0.0702545197042288	7.92456106259813	2.10404397901725	0.147840243861661	0.343254830303974
RAB11FIP1	0.182708914088719	6.12588954561402	1.03476642391549	0.309771530351144	0.536991697740319
RAB11FIP2	-0.22907384872033	4.86142592340773	9.55063232393999	0.0021652768132216	0.0212769322307008
RAB11FIP3	0.0362179915583015	6.00106123298345	0.873042248441903	0.350783468923504	0.57725479180258
RAB11FIP4	0.109549891066976	5.8120803819679	1.73502398353917	0.18866545907461	0.400103768018038
RAB11FIP5	0.150018848593774	5.310858238386	6.81222449596115	0.00945761439937837	0.0573481912544297
RAB12	0.157975738882297	5.08979484265265	8.23177896881016	0.00437598699998065	0.0341341240027806
RAB13	0.0367552577486835	6.89619901723261	0.501961375959278	0.479129354792477	0.686226714067909
RAB14	-0.0120192651213918	7.26283934472955	0.0610301143860622	0.805025577423213	0.905620684105495
RAB15	-0.0527382258960087	5.03822669123281	0.237104944717195	0.626621492138016	0.795847513775077
RAB17	-0.150561792750396	5.29398985044439	2.45313970037737	0.118228545328759	0.299536497565361
RAB18	-0.0254267324273488	6.9748031676559	0.185103948912344	0.667298188736535	0.822344057517178
RAB19	-0.42726839047681	0.30957208868167	7.8132415465114	0.00548362989771486	0.0397899402438477
RAB1A	-0.155272765971225	7.37606498398879	11.8866840429842	0.000637012382708193	0.00929587783590074
RAB1B	0.0598213536996378	7.61104766474628	1.80869718566194	0.179568987681793	0.387644329578644
RAB20	0.0719396606924356	5.20756519627501	0.484880769201235	0.486699791297484	0.692389942505843
RAB21	0.0309729099063151	6.52270806901545	0.481024525526275	0.488436366365438	0.693578278609639
RAB22A	0.028109135487262	5.92261511940418	0.501084789229104	0.479513142497662	0.686648128677228
RAB23	-0.149669149383413	4.19078631260821	1.13668998401496	0.287116060453023	0.512184766065892
RAB24	0.0876857312962998	3.24245977871051	1.14446384181594	0.285476698195345	0.510515308168466
RAB25	0.204808626281135	6.70107613512805	11.6421794694765	0.000723192884857614	0.0101217416795355
RAB26	0.305797759996507	1.10860057887428	4.00428530197224	0.0461863131164101	0.16367555370231
RAB27A	0.154360435457932	7.47657642494636	1.67138123123285	0.196959257611428	0.410280388136819
RAB27B	0.941404678499156	3.17458189891771	7.96904000046772	0.00504113470938492	0.0377486094076425
RAB28	-0.0396605606917741	4.04284122855007	0.998346368329679	0.318427860824725	0.546230296251175
RAB29	0.161640092079554	5.57961369553964	2.54598331644777	0.111512368015593	0.289096749688146
RAB2A	-0.0326416286694418	7.39786391839254	0.741739975948374	0.389716431016569	0.612652752153468
RAB2B	-0.038006139163165	4.71732106122848	1.04044214493443	0.308450357716627	0.535444778270393
RAB30	-0.270803166556611	4.68396891706031	9.11097115198645	0.00273445911368237	0.0247195516781245
RAB31	0.181944997070283	6.44314954530659	3.36683142034767	0.0674028656041425	0.209950107000832
RAB32	0.163700769864872	3.66721232062498	2.63436483528215	0.10550890605465	0.279927074373001
RAB33A	-0.265910188842835	-0.4767324774279	1.96533903820862	0.161863848057711	0.363816113957791
RAB33B	-0.00721273155902097	3.67599249671634	0.0169280169874671	0.896558833707196	0.952735495486409
RAB34	0.263277366573295	7.33286401344014	11.3295873031759	0.000850878792273573	0.0112699084284155
RAB35	0.0180775428346218	5.12156136286752	0.143950043924265	0.704624249109561	0.846262946658641
RAB36	-0.122952201421726	5.37492003084746	2.14545470310155	0.143924924436558	0.337667303368498
RAB37	-0.142756589019771	1.23351146989984	0.570908243054315	0.450426013870457	0.662593018868226
RAB38	0.205764887347451	3.61794983267773	4.18448510103209	0.0415716374832007	0.152991547996036
RAB39A	-0.416609902037056	-2.52961302577158	3.36972379356338	0.0672858624424259	0.209667475329704
RAB39B	-0.186090739028249	2.54553651759639	2.35533741624868	0.125793139396504	0.310795618734605
RAB3A	0.121417838087874	1.91287610193657	1.3560491093597	0.245047075196229	0.467171587431264
RAB3B	-0.555540308148778	-1.3756597832738	4.87726201729442	0.027885459435142	0.118357514550398
RAB3C	-0.0976118937219029	-0.342517152868395	0.171562819072563	0.678990104663352	0.829770351009443
RAB3D	0.0633593287622757	4.62277504990703	0.890563080809017	0.346000820700044	0.572452828489566
RAB3IL1	0.186898737479117	2.54902286156396	2.51160620650401	0.113948598406749	0.292912988668061
RAB3IP	-0.0406149983163565	4.55259685062845	0.382834186222859	0.536508313120028	0.729403247499233
RAB40A	-0.0404401181396505	-0.426342013270063	0.156938590427658	0.692241572577685	0.838201392451728
RAB40B	-0.0407620825992805	3.95549489095779	0.431763816596431	0.511573231274348	0.710950664014683
RAB40C	0.053097945698108	4.65767994068778	1.18243669448777	0.277637599616213	0.502652725335258
RAB41	-0.214427588859262	-0.105874563599744	6.66486957966117	0.0102550237796863	0.0605542894767823
RAB42	-0.257396332727122	0.585675224452619	2.44221080468316	0.119048202093594	0.300809039418253
RAB43	-0.0874308576802851	1.77938925673156	0.595945387580893	0.440670245315789	0.655449090967528
RAB44	0.244200034237546	-2.68937207402477	1.67822188296136	0.196047561587172	0.409237054394461
RAB4A	0.0986484227070436	5.67247333811056	2.66243793497235	0.103677227717811	0.276753825901063
RAB4B	-0.114712289367188	3.93495269625955	1.64115637196584	0.201047743607996	0.415185436028
RAB5A	0.0105786426068305	6.26688613480017	0.0537442096055873	0.816812335366058	0.912195354894883
RAB5B	0.076608613311963	7.76709948634697	5.32161804026858	0.0216683636117421	0.100004090193743
RAB5C	0.0601686811606284	6.99238560500023	1.63666778729872	0.201663407453527	0.41609801984229
RAB6A	-0.0332375313903609	7.19076936206316	0.389864740950863	0.532792980223012	0.726372547535918
RAB6B	-0.333614084337807	3.74934532204903	9.99688405807225	0.00171044920953711	0.0181079253849625
RAB6C	-0.0886981392827505	-2.7293674819548	0.199397693202528	0.655494255165849	0.814250489078565
RAB7A	0.124551983245151	8.48897599395344	8.59676821057443	0.00359785792286946	0.0296789196276111
RAB8A	-0.00850476971520742	4.91521813369416	0.0367442561531339	0.848102118781224	0.928349473806005
RAB8B	-0.147803695096847	4.94170139587646	2.72000068266386	0.100029771428257	0.270118734369922
RAB9A	0.000124207310409223	4.52088113009182	6.96861263516021e-06	0.997895298359919	0.998729414879633
RAB9B	0.0607250826354656	1.69832539605403	0.301401540009589	0.583368674443493	0.764344785626653
RABEP1	-0.0346508751656133	6.0094104927634	0.574060914366997	0.449179179535315	0.661856621482414
RABGAP1	-0.14693506934847	6.61235095004294	8.59570024313976	0.00359991515765137	0.0296792206788503
RABGAP1L	0.387849025382193	5.04164041937118	21.6751249978116	4.65168288302202e-06	0.000268418915661996
RABGEF1	-0.124916588017056	2.98523539918963	2.72505342869042	0.0997163935875325	0.269454804473103
RAD23A	0.164405557926012	6.52450762461713	11.6592226072416	0.000716818847582358	0.0100619349021423
RAD23B	0.0867890170774258	8.270189243348	0.907233802425084	0.341532093820879	0.568318327477493
RALBP1	0.0849991243695629	6.21645573795847	1.77335970559566	0.183866839085536	0.393481608184211
RASEF	-0.00283394784088634	6.26263973294317	0.000821091541261229	0.977156951239402	0.99026565854126
RBSN	0.00882520778086976	5.72627855165813	0.0216007139602597	0.883242152908271	0.946713119330712
RBX1	-0.0525559603119209	5.80999738795447	0.510671915255528	0.475342847533124	0.683296426548755
REPIN1	0.0495873853716357	6.57310009372042	1.1584770910883	0.282551524554833	0.507449077333964
RER1	0.0467096958476728	6.56402338981835	2.37993339945323	0.123841259835758	0.308328690482989
RFT1	0.00497151984308248	4.65149006265463	0.0221109452673273	0.88188127555501	0.946038207486262
RFWD2	0.0470160585404079	5.41053572201769	1.75436424734744	0.186226545348597	0.396527580133038
RNF185	-0.0850529557740139	6.01769171159991	1.45312675028247	0.2288726366866	0.449548178769459
RNF5	0.0965604259869976	5.72752112302963	3.22952524522949	0.0732168943862099	0.220877421247993
ROCK1	0.105933805627495	5.92234866332862	1.55400390227194	0.213411107363215	0.432218858933264
RPN1	-0.0650415538116282	8.67117436269092	1.55595634892411	0.213124411102079	0.431820820091504
RPN2	-0.00539536597525269	8.74893782281826	0.0083044283819613	0.92744452055209	0.968030071641062
RRBP1	-0.144503966012329	9.58399241757854	3.08639651719824	0.0798576082563676	0.233940869499263
RUFY1	0.202332935386352	6.23193379101559	27.1061892475773	3.35666690911238e-07	3.71364460314832e-05
SAR1A	-0.0353697502007541	6.85339724343869	0.928501742588537	0.335943469510823	0.562340155485509
SAR1B	-0.0459353756859802	6.03693749617144	0.965431942005127	0.326526962231661	0.553464125464439
SEC11A	0.0153551355465121	7.39356135893577	0.116802450291497	0.732741720491044	0.863948111162953
SEC11C	-0.339192229152139	6.12924644909193	14.1251093694299	0.000201540999554558	0.00417500200374826
SEC13	0.089265433311559	6.81739699521577	3.83872645457543	0.050905675428556	0.174222982633647
SEC16A	0.0421905038718547	7.01943210800177	1.08999366627201	0.297220935144426	0.523156908041424
SEC16B	0.281911117849808	-1.84200668973175	3.463606915093	0.0636039539953885	0.201815489043265
SEC23A	0.134323939319636	5.8112225486516	2.35044226366163	0.12618568901871	0.311458327657293
SEC23B	-0.0777404232271008	6.45653506059706	0.91403436598053	0.339731559955102	0.566424261383056
SEC24A	-0.0120585340858185	5.29256296244964	0.0241666918637178	0.876554596971832	0.943281936533701
SEC24B	0.0532148903259654	5.60133904553998	0.907989356944279	0.341331416067457	0.568142310458565
SEC24C	-0.0295880561733221	5.65015856153479	0.0639743835366425	0.800475300876542	0.902848205539508
SEC24D	-0.011197257498117	6.17093228360097	0.016214989463884	0.89874876048928	0.953842192674045
SEC31A	0.00992560573615447	7.76591376496379	0.0333724359120258	0.855157983055303	0.932194408929275
SEC31B	0.136365409862416	2.70092398275484	1.09134196899224	0.296922826640061	0.522908977542377
SEC61A1	-0.00117170428956951	8.44214354306247	0.000553994468926929	0.981235785848062	0.992131960973802
SEC61A2	0.0669141817427186	2.67129353108682	1.6701304040521	0.197126501857862	0.410450251281646
SEC61B	-0.191871321473929	6.36854676900294	6.78935887935572	0.00957703687401957	0.0578414380888138
SEC61G	-0.100787372056075	5.50608836368144	1.94258217139213	0.164306838647936	0.366696725545399
SEC62	-0.128492272595053	7.98578944084922	3.96104483490858	0.0473723548302607	0.166508994733635
SEC63	-0.0285527663282343	7.58317921389807	0.264023527138074	0.607706054777549	0.782531260114277
SEL1L	-0.140679182453504	7.07514960079195	2.50995466113979	0.114067113634858	0.2931492992288
SELENOS	-0.106919016495337	5.87130749229097	4.28990353990078	0.0391000567541804	0.147291027071316
SGSM1	-0.0839962329816984	3.66747580835579	0.846598342669517	0.358174582506381	0.584084117520855
SGSM3	-0.0930882115855234	5.83645959240528	2.31906669045516	0.128734473260635	0.315408679268716
SIL1	-0.0359807846911829	6.78639072630341	0.196000977894772	0.658252319487709	0.816269237956681
SKP1	0.0268076483102886	8.33231586129962	0.315795061038843	0.574519242960733	0.758175357882957
SMCHD1	0.0268449706086581	5.57263125478403	0.157126090647795	0.692067230273851	0.838159812034993
SNAP23	0.0477992652483813	5.70043669738257	0.978466512309385	0.323287373255597	0.550349237744493
SNAP25	0.189710362912517	2.0788711169512	0.673257308610483	0.412498267063405	0.632198144087511
SNAP29	-0.0320559708455403	5.21492386906208	0.539369683542075	0.463204763179915	0.673656780435512
SNAP47	0.125177474113587	5.12092843592068	8.00870476639814	0.00493443761470283	0.0372290414490513
SPCS1	0.0243492160363909	6.88013307477982	0.230858912474411	0.63119943848011	0.798781004771083
SPCS2	-0.265981575292382	5.66953259167672	20.5263394681793	8.17669967984195e-06	0.000407084048301819
SPCS3	-0.283615418439058	7.11943566123809	20.1537283042999	9.82466042029099e-06	0.000467735870943754
SRP14	0.0283623411412221	8.26382891530357	0.304278940948309	0.581577835433504	0.763083909107781
SRP19	-0.0711150778723897	4.68977438879441	1.52806918298947	0.217263353636494	0.436557549994953
SRP54	-0.00582955677827007	5.80671978767214	0.0162398463506541	0.898671603400423	0.953842192674045
SRP68	0.066751323973563	7.13016432336613	2.16874002039131	0.141774911995551	0.334556939057692
SRP72	0.0228637500194742	6.53342098777502	0.146818355029664	0.701836172249153	0.844736168920912
SRP9	-0.0733712779338649	6.86791763547543	2.27726000809335	0.132220579750663	0.320598839358532
SRPRA	-0.0604479499840621	7.63412317784173	1.45945811539248	0.227863437915985	0.448737314784053
SRPRB	-0.296751686679937	5.7097401597495	13.576644501804	0.000266736556165897	0.00504990015928748
SSR1	-0.0282460052734502	7.28499300179101	0.340654693943456	0.559841988783101	0.747381876763793
SSR2	0.104735728487212	7.26961328561113	2.89908909011183	0.0895517085365593	0.252323186766089
SSR3	-0.0422046402349267	7.74760653947291	0.390752489221106	0.532327161438871	0.726160561163166
SSR4	-0.184712086875927	7.67698510391724	3.23234496205543	0.0730922104248716	0.220668074009632
STT3A	-0.0911810661469584	7.38384889569482	3.19010197619423	0.074984363339374	0.224484379158394
STT3B	-0.14367788837419	7.46963716780895	6.44591775190351	0.011570028817004	0.0654078092730868
STUB1	0.128896249037485	5.84451918743071	4.21199144532674	0.0409112478832658	0.151609664664278
STX10	0.0735126801013247	4.8899150001808	1.2519666364383	0.263974099067543	0.488727347987639
STX11	0.0180533366727126	2.79166625576116	0.0135197397150047	0.907504319461118	0.957697879705592
STX12	0.0263733241782422	7.30188259045057	0.124505517520454	0.724418946600779	0.858740670795636
STX16	0.154312392374156	6.15066092936382	5.92152798618736	0.0154763519519359	0.0802538328698592
STX17	-0.169480129549434	3.86932636728654	4.56753613729182	0.0333028732285438	0.132387766468117
STX18	0.032451242465857	4.67603284815238	0.949880549441369	0.330448763824563	0.557585720638868
STX19	0.441956735523904	-2.1109143007665	5.32683527757513	0.0216046263751806	0.0998583261544974
STX1A	0.216198871524078	1.50478951271391	10.2068419241278	0.0015313954094074	0.0167606608176778
STX1B	0.746031600962632	1.10630861674891	23.5377695214702	1.87543571296988e-06	0.000140787018866739
STX2	-0.0935174133395582	3.39837270294554	1.38538118722179	0.240017304965052	0.461155243390293
STX3	0.207330128728757	5.66650701873587	7.73352595925065	0.00572524011419842	0.04092606716857
STX4	0.173168702228235	5.63734988363244	12.4711990680669	0.000470806906278464	0.00756672012392642
STX5	-0.0519519066276341	5.93110764386763	1.1668624686138	0.280819316753023	0.505850773152147
STX6	0.087201888339684	5.77876382894683	5.39544923709446	0.0207843106095839	0.0973253590472636
STX7	-0.0384660809870183	6.22232975111958	0.892521882968926	0.34547165279974	0.571903042344501
STX8	-0.0385653906806998	5.1827626641231	0.354367410704377	0.552050723508426	0.740848481956262
SURF4	-0.0267048473857681	7.9199128374252	0.256534621384111	0.612842177081421	0.786225084543331
SVIP	0.0266918912658331	6.26851709550183	0.226446513850947	0.634479625537039	0.801365168393221
SYTL2	0.235110977885909	3.78291576770492	3.32655090009607	0.0690552190957902	0.213491841201735
SYVN1	-0.0743189395682865	6.72780384647039	1.56313572423687	0.212074134360515	0.430202396910738
TBC1D1	-0.0490937300719985	6.88992153627706	0.766490097108117	0.381928631644651	0.606710105502266
TBC1D10A	0.0793696219581533	4.85101918639005	1.29580932377727	0.255788718995863	0.480044863149994
TBC1D10B	0.104634205838942	6.00684014452354	6.57485215204955	0.0107759388123724	0.0626034465647458
TBC1D10C	-0.478618816686452	4.26903040916538	12.1653152745898	0.000551418864422512	0.00844838614608182
TBC1D12	-0.031453397678061	3.63366631454287	0.256830743903395	0.612637306779441	0.786062898736314
TBC1D13	-0.162835383147647	5.89542108944554	8.55264367774106	0.00368386486473842	0.0301497178995814
TBC1D14	-0.0343869637776485	4.1938128728964	0.0782636581307254	0.779836013166714	0.891055110568914
TBC1D15	0.015205366413902	5.80091206003549	0.0913131877081282	0.762700709591148	0.882224201336445
TBC1D16	-0.0639031287701561	5.37325815111724	0.728795985224018	0.393880132043837	0.615842747587736
TBC1D17	0.137849470150858	6.17279833380921	10.7897921581834	0.00112784831838571	0.0137014966187142
TBC1D19	-0.0696909572797006	3.01238542626123	1.8572569371825	0.173851669153987	0.380133849637557
TBC1D2	0.326448162712735	6.61386975822003	5.9148143051007	0.0155343901732886	0.0804850803720773
TBC1D20	-0.0380926906680681	6.02117336439673	1.40662884965167	0.236452354423786	0.458226885077338
TBC1D21	0	NA	NA	1	1
TBC1D22A	-0.0081153026530041	5.42058792619531	0.0232292031785626	0.878953756389547	0.944251608825811
TBC1D22B	0.0272001104097307	4.97830725186372	0.304333504802569	0.581543982829725	0.763081301743749
TBC1D23	0.015229107385762	5.19630316725514	0.0844419240787761	0.771544473323964	0.886583703601098
TBC1D24	-0.00307127919522448	4.48589054897817	0.00136161848905764	0.970586496126059	0.987368576103448
TBC1D2B	0.104150573279937	5.6486118052574	2.52341942892787	0.113104843028803	0.291646567891757
TBC1D30	-0.44978640528281	1.99435294690609	15.3799863350139	0.000106539121340652	0.00267992892725274
TBC1D4	-0.420233244735742	5.2043111234061	9.2756150387175	0.00250529455973224	0.0233440812536606
TBC1D5	-0.0032232898284053	6.32848465318887	0.00318047452859695	0.955060006995701	0.980995041431373
TBC1D7	0.317505016551896	3.29981146827638	20.3523062840361	8.90848530685572e-06	0.000432721090554308
TBC1D8	-0.106635791866222	3.30965569409525	1.93086099289039	0.165581612247246	0.36847717391365
TBC1D9	-0.0380218324881128	5.15620222616598	0.116140050690341	0.733471576148353	0.864179278426795
TBC1D9B	0.102663673229925	7.4422648571646	5.52511060483041	0.019321362427111	0.0927715061046126
TMED10	-0.108970908303614	8.53552610968988	3.87493620343786	0.0498314558957864	0.1721103422249
TMED2	-0.00433744703935561	8.22009117180399	0.00593942640364531	0.938615443310498	0.973199862355234
TMED5	-0.15156122191564	6.34855034509248	5.09858639732603	0.024584634938578	0.108983386315092
TMED7	-0.165566659528983	6.99738772547447	6.9241443120728	0.00889481342425541	0.0550077103769414
TMED8	-0.131643742846809	5.49643859141247	3.90539841573684	0.048946382325648	0.170192974815202
TMX1	-0.141167152823075	5.53700319946142	6.50092190716767	0.0112241303905177	0.0643171337399085
TMX2	-0.159086371350075	6.21669182655608	8.33374112754775	0.0041426981280031	0.0328794404787377
TMX3	0.0452625854961442	5.67213900242586	0.958073195556162	0.328374946597697	0.555705292768467
TMX4	0.163439643344657	6.81411168690393	5.51993399060527	0.0193776684495071	0.0928575744319276
TOR1A	-0.0583844235513236	5.41713984795333	2.05562516796611	0.152572162860885	0.349999576973811
TRAM1	-0.116981307764196	7.87293034644781	4.72454779200861	0.0304308116808713	0.125001711499546
TRAPPC1	0.0290243282062604	6.47426339255921	0.158953757266881	0.690374094506232	0.837158817043991
TRAPPC2	-0.0205399499443485	4.14701252165868	0.211475845948177	0.645909642176179	0.808467395002768
TRAPPC3	0.0739634471022797	6.5363653760726	3.12580353653902	0.0779666433951094	0.230256147419258
TRAPPC4	0.015568699306981	5.66857461556507	0.0908092722205756	0.763336698567874	0.882571306254055
TRAPPC5	-0.250141251233831	0.533198682066456	2.54440136842615	0.111623204080429	0.28935276771098
TRAPPC6A	-0.270402303988152	4.54402578090709	5.93398846775168	0.015369228266268	0.0797805763830667
TRAPPC6B	-0.0138410231047007	5.17070043243044	0.169708979297947	0.680632482294493	0.830850716303699
TRAPPC9	0.058451077445124	5.69749256596123	1.12672819025623	0.289234404677226	0.514430799822158
TUSC3	0.152049155618581	6.26735454191722	1.0543178177287	0.305251183347421	0.532012379011694
TXNDC12	-0.0152130049551518	6.05034784303619	0.140360171826999	0.708158859138315	0.848805255507544
TXNDC5	-0.27825688571621	2.36410192420695	2.47885226568568	0.116324723630694	0.296343420934493
UBA1	0.0997501127011191	8.94161653586151	6.66579680047471	0.0102497952951014	0.0605542894767823
UBA5	-0.0795468560035796	5.31143843576021	4.33870973654891	0.0380086951698617	0.14431492361387
UBA7	0.12303039455455	6.19433379258348	3.70022582654328	0.0552472395485608	0.183648757005745
UBE2D1	-0.0408108127435403	4.243002655806	0.497198165896984	0.481220880661956	0.687955568871236
UBE2D2	0.0282993549705006	6.58172724636549	0.592694384999214	0.44191840977139	0.656367931451682
UBE2D3	-0.00139468086911766	7.9845816126047	0.00169887277569457	0.967147003108176	0.985920960513878
UBE2D4	-0.0472493645312119	4.48338296613489	0.550274248062096	0.458722317521721	0.669656869208995
UBE2E1	0.0685833154114601	6.0601834533272	3.14949725274921	0.0768530377893952	0.228167579462267
UBE2E2	0.206603977972393	5.11199615592104	5.64177045228174	0.0180965103784233	0.0889559328059228
UBE2E3	0.00288845339681684	5.96270632647307	0.00592270058021139	0.938701764515229	0.973247224957622
UBE2G1	0.0221244648366352	5.18710609627064	0.148123542858293	0.700577832449909	0.84402763765548
UBE2G2	-0.114426985887782	6.30174496502437	6.58222227737178	0.0107322818749715	0.0624407079834652
UBE2J1	-0.136690307109563	6.55228903883296	5.58874137703349	0.0186429683226543	0.0906115612791966
UBE2J2	0.0364361711601453	5.48344609774234	0.596377386497233	0.44050479621834	0.655325113688302
UBE4B	0.0258499010076241	6.21633999011055	0.2955100005229	0.587070456105449	0.766803545999628
UBQLN1	0.0138603684708014	6.97103271369551	0.0627638252120186	0.802332421146139	0.903821854441776
UBQLN2	0.0578584627052795	6.67583428911201	0.841144532585623	0.35972551320997	0.585688031740146
UBQLN3	0	NA	NA	1	1
UBQLN4	0.356123301412869	5.25132557483267	25.2032429205748	8.37555675101047e-07	7.51196470099055e-05
UBQLNL	-0.050453742397128	-0.560911227121932	0.203209630474592	0.652432402940513	0.812671210979938
UBXN2A	-0.0192869128877666	4.27654221236819	0.213932002289697	0.644001337456479	0.807049035955324
UBXN6	0.0412631979677948	7.92583872100039	0.507163766252824	0.476861955278225	0.684396900882548
UFD1L	-0.0633038960704722	5.67111254190909	1.52145506557956	0.218259052635043	0.437804995341897
UGCG	0.0706894130000615	4.98645823661202	0.76054273392588	0.383779626414928	0.608166933491385
UGGT1	-0.090051736705169	6.35394441728769	2.08679141271727	0.149506947658322	0.345671570312047
UGGT2	0.106692257895109	4.85057398575667	5.13925289792066	0.0240238822549726	0.107312051550052
USE1	0.0169397200587057	4.67084019643982	0.0592624516963685	0.80781360399699	0.907137743255143
USO1	-0.013976329431721	6.8712098260214	0.0423843274771497	0.837013223052811	0.923301656107866
USP6	-0.582761543639361	1.00860592979432	6.52992703279229	0.0110460423614928	0.0636170217485976
USP6NL	0.0297957188438975	4.78503124678784	0.175351371896002	0.675665770203927	0.828096023290518
VAMP1	0.0123852042496999	4.8851817833775	0.00886638007356201	0.925036860344788	0.966317296051154
VAMP2	-0.00777253432754213	6.91637222418261	0.0175662144386515	0.89463818766735	0.951623536626395
VAMP3	0.0582718746620626	6.90296881014525	1.83897901748698	0.175978580418278	0.38303572671119
VAMP4	-0.0144267663311533	5.19167014429466	0.0557549271887632	0.813479264234537	0.910043349557342
VAMP5	-0.263246267607934	4.93471899474623	3.76237452110602	0.0532522516405266	0.178754088875202
VAMP7	-0.0101412862955781	5.34613444840846	0.0331778437554627	0.85557620523463	0.932288917202032
VAMP8	0.0211183224483081	7.3614039272006	0.0733834104690372	0.786638615291103	0.895409968646072
VCP	0.00155670483811406	8.37281144330837	0.00151723285365018	0.968951983042098	0.986585022233476
VPS45	0.0406672976893603	5.4762521031645	1.33954847856147	0.247933280230236	0.470762627788888
VTI1A	-0.0205768542956419	4.3215504788908	0.339154624690767	0.560707016258792	0.747827954238335
VTI1B	-0.0345400560868163	6.38926867603378	0.575706134958008	0.448530658407695	0.661267233693842
WAS	-0.237771759449867	3.15452655738536	1.42466287007686	0.233476998774049	0.455187958124411
WDR38	-0.220403034871389	-2.35308311533605	1.1369940759491	0.287051708049384	0.512161676795861
WFS1	-0.487416175589667	6.28814345619958	16.1623106384746	7.17780870395262e-05	0.00202219982392416
YKT6	-0.00401874054404035	6.37211924139312	0.00725942414537964	0.932151193203867	0.969898188310519
YOD1	0.0816472605887391	4.10655789035063	1.78636360782248	0.182271503827689	0.391180050158644
YWHAQ	0.0412119088614372	7.57048568322808	0.644318866593385	0.42271691032663	0.640075994409852
