pspGenes	logFC	logCPM	F	PValue	FDR
A3GALT2	0	NA	NA	1	1
ABO	-0.318958270417329	6.18610697376557	4.85113404498942	0.0297515253940385	0.0775296537510857
ACAP1	0.227620258848698	3.65572228351694	2.62576417519655	0.108056003360913	0.208032026435388
ACAP2	-0.0986237770690308	5.88135783102464	1.00901832615113	0.317381784075436	0.460614909455634
ACAP3	0.225609244319664	4.80506331337884	7.54600101278304	0.00704778503662746	0.0252274127045735
AGAP1	-0.102081451472139	5.60464180580711	1.06052283235776	0.305395077655906	0.448036854511653
AGAP2	-0.0256874327906948	1.92794823954019	0.016654752632807	0.89755533455879	0.938053482571677
AGAP3	0.177182887091427	6.17200312962305	5.60181641907945	0.0197215964200338	0.0563485777548536
AGR2	0.324464178749635	5.80441958851593	0.776083403056261	0.380296508758031	0.524311658811714
AGR3	0.568989154589148	-1.25251464858642	1.56864334385141	0.213107477413887	0.345589633242649
AKAP10	-0.229243652472421	4.92545496583494	8.76178448251584	0.00378101166478829	0.0154420964638971
ALG1	-0.297041383641923	4.48689283968307	21.2590524176747	1.10588472182925e-05	0.000186363049117973
ALG10B	-0.0280571337308375	3.6972264592423	0.108475578304362	0.742523802305308	0.832043699064841
ALG11	-0.205351729210628	2.55743565687577	2.9764604372701	0.0873420861011527	0.176403404576836
ALG12	-0.344910331255421	4.1969907293877	11.5608087734489	0.000944627742728897	0.00524684033421338
ALG13	-0.149301045916401	4.89232175714624	3.88536050236265	0.0512652395694611	0.11793722940052
ALG14	-0.424011569021713	4.01370451574227	28.6018191462345	5.00831600881593e-07	1.86633194441544e-05
ALG1L	-0.588440470148532	0.404312889948905	4.7514421527918	0.0314436111441203	0.0809234822331009
ALG1L2	0.301121189735553	-1.88310083764897	2.40046911343987	0.124222204781231	0.231371215540397
ALG2	-0.190240874125084	5.55024325527408	7.9780352761397	0.00563960428786014	0.0212073149867916
ALG3	-0.159256547674048	5.0377246318169	3.99425201162309	0.0481665211345771	0.11253622756165
ALG5	-0.103152224944401	5.61550289017403	2.21911930882311	0.139223268427571	0.251966413943685
ALG6	0.0578496226327191	3.33995813077478	1.16349619955897	0.283143090096897	0.424959462720007
ALG8	-0.123662917022253	5.28742504290823	3.46924878968621	0.0652354281665303	0.141761996169083
ALG9	-0.163499695122404	3.22505451609867	7.05276741420753	0.0091115546559724	0.0307941865859564
AMFR	-0.0461807014921654	7.3456491645191	0.436801102238317	0.510076824251446	0.64443360421354
ANKFY1	0.170618554493473	6.57098703908248	2.74420218420576	0.100508201084899	0.197052458621739
AP1B1	-0.121449330514618	6.95795192293739	3.03002018590079	0.0845829455018303	0.172183167695233
AP1G1	-0.115728870039519	6.71161680087544	3.62319901077862	0.0596392445201373	0.132309796226533
AP1M1	0.013599485082209	5.49315501410094	0.0625021563464206	0.803058595120623	0.875525123149304
AP1S1	0.180196860254854	5.68393949542146	3.85280118882245	0.0522327946697071	0.1195163001401
AP1S2	0.0694275875001495	4.47231318765832	0.420683887693526	0.517971737284206	0.651720585980156
AP3B1	-0.171113533445677	6.32414585910046	5.81235103943456	0.0176010112401143	0.0514614630994301
AP3B2	0.140681333497357	3.12157438138059	0.599237902781127	0.440559001732587	0.58190029214734
AP3D1	-0.0597314618759448	7.58227875005326	1.06307115659312	0.304817546218425	0.447645708963154
AP3M1	-0.0103875881063433	5.52933070780411	0.0194703107378537	0.889286256891955	0.932444390983529
AP3M2	-0.245175011754543	4.4710501180528	13.3520009987002	0.000400060766328811	0.00269410465627637
AP3S1	0.297376088298004	5.7256040766658	17.4534477106255	5.98976630725745e-05	0.000654568952853438
AP3S2	-0.16200703151678	5.26056120066009	5.48590852642531	0.021002032483765	0.0590910893697612
APPL1	-0.0889805763491805	5.80765846324962	1.19223524030931	0.277307191143182	0.418623922243407
APPL2	0.0365181347775213	4.9175123418246	0.294314361030211	0.588585878241434	0.711950533754674
ARAP1	0.359424477990763	7.728274953158	15.3001687574378	0.000160543822306767	0.00134995087584699
ARAP2	-0.0114678002069954	5.62744421780687	0.0149125580868234	0.903033142967707	0.941082198498051
ARAP3	-0.229248081407867	4.80427676301801	4.41617268075219	0.0379240934308201	0.0937814249163662
ARF1	0.0674383589342219	9.08406470136908	1.61570715839014	0.206420320659933	0.33735024394082
ARF3	-0.0817802302895129	8.20896471933388	2.79488879976143	0.0974581884777313	0.192358249578571
ARF4	-0.0893631401858736	7.49474592144596	1.5216133938902	0.220051421954419	0.354262719731689
ARF5	0.105768388172674	6.90663934638506	1.87716026286467	0.173496657161181	0.297551409799114
ARF6	0.385845753195727	7.01886563313204	20.0897694037342	1.84585867110255e-05	0.000273063851281214
ARFGAP1	0.10100550144118	6.30606135139588	1.48143584096141	0.226201005510367	0.361231368839641
ARFGAP2	-0.0407980665791768	6.78115688475304	0.476771842588892	0.491368382877672	0.627896444598713
ARFGAP3	-0.228207604074873	6.1003039571191	5.27943310541653	0.023504297623587	0.0645701681880366
ARFGEF1	0.241840409864914	6.58653613065245	6.96666811064021	0.00953192826978238	0.0319094397189485
ARFGEF2	-0.17616886814672	7.01307392200528	2.22104149181932	0.139053873327926	0.251747338335277
ARFIP1	0.0468592936853616	5.55547714800657	0.739629569758645	0.391683243297836	0.535783166391976
ARFIP2	-0.130552440034855	6.04356936087439	5.24253438902441	0.0239835860967921	0.0655754941992758
ARHGAP1	0.199553911484781	7.27944145806273	7.92303833253345	0.00580132276349409	0.0217135223433636
ARHGAP24	-0.989647902692442	4.56991705706632	16.9986562103463	7.36231415197188e-05	0.00075878100678586
ARHGAP5	-0.20898223276473	7.0262332651262	5.75801088718186	0.0181243644005554	0.0526369751950877
ARHGDIA	0.0574270319561053	7.57736708542155	0.954194366380474	0.330835333452075	0.474461050072376
ARHGEF1	0.309540650884685	6.2174097984979	16.5324240523613	9.10597877573503e-05	0.000884647536939296
ARHGEF11	-0.235822993712793	6.09935016745611	6.69374873336874	0.0110030869046614	0.0356040542391163
ARHGEF2	0.398197570804452	7.11360955464116	17.3538172207501	6.26617392673277e-05	0.000673815883943814
ARHGEF6	0.120339753237197	3.46714949578022	0.548760663623461	0.460430924075574	0.600360340415846
ARHGEF7	0.00666362222921548	5.49897132517127	0.00932110363235633	0.923265849793072	0.954156439147265
ASAP1	0.0194918835476726	5.36974414732995	0.0269928436064997	0.869805792834869	0.920261332806293
ASAP2	0.357025766134233	5.40857156479592	3.4386360220063	0.0664145213043101	0.143694615586109
ASAP3	-0.361563501549184	5.84247579118802	12.807606654711	0.000518345340991613	0.0032956700572388
ATF4	-0.0226169544850762	7.89297796938006	0.0325440085112901	0.857176711462014	0.912799726062556
ATF6	0.0966027293924851	6.23755128211126	1.1922013645487	0.277313979505235	0.418623922243407
ATF6B	0.0945987109074295	6.99746458013955	3.29247991319826	0.0723716583506645	0.153054043231393
ATXN3	0.00200836612571508	4.63321377657676	0.00156618568475749	0.968504919261891	0.98103335910645
ATXN3L	0	NA	NA	1	1
B3GNTL1	0.0835567229881201	2.40070816302301	0.759820088655495	0.38531706239573	0.52961390343412
B4GALNT1	0.345439251758416	0.686504812032743	2.06159333053927	0.153940139094432	0.271822580298231
B4GALNT2	-0.787917644299688	1.61008599637725	3.14087890635861	0.0791704227190326	0.164002062139705
B4GALT1	0.201613115610341	8.03818952708369	3.18914631633144	0.0769331379784922	0.160581253728231
B4GALT3	0.13462916759568	5.74331873900144	6.55480179899534	0.0118411870571541	0.0376377361839558
BAG1	-0.123526396958657	6.77300037541221	1.63311159110643	0.204011129000665	0.33422587745437
BAG2	0.0440967998381344	3.60044709314516	0.164182678756438	0.686135383146106	0.789963485865165
BAK1	-0.15909551129723	3.55367072164005	3.92095497881063	0.0502294501305767	0.116183144560775
BAX	0.193631868266114	6.01548130573813	3.97428105048206	0.048719445081138	0.113509767516222
BCAP31	-0.198042689442816	8.13434471253215	6.42900947390799	0.0126574215813371	0.039659974733147
BCL2	-1.09089930076457	6.06696867403211	44.3706361190384	1.17556069868716e-09	2.95009081842829e-07
BET1	-0.0411108902462901	4.42537971993394	0.292543896134016	0.589707953764987	0.712844696707731
BET1L	0.026984155186699	6.47784234866571	0.354766806206931	0.552672312624884	0.681943399098352
BNIP1	-0.348230696037723	3.41249098393595	13.0132215625364	0.000469937868324254	0.00305217831597315
CALR	-0.476142848215262	10.6708466078501	12.0260539288689	0.000754218880060827	0.00440820871543402
CANX	-0.364248895368694	9.89157002662227	15.9633851807247	0.000118203605834661	0.00107241998667946
CAPN1	0.225450214892375	8.19263177627876	10.2626043296496	0.00178421905066739	0.00854529744914947
CAPN2	0.532448465528291	8.23974363661264	25.7315491745194	1.6395139338838e-06	4.44900589142196e-05
CKAP4	-0.00877160420562629	6.28796922695166	0.0114054891955715	0.915148420605019	0.949247140886073
CLTA	0.213752459857066	7.85837640162382	5.323322084822	0.0229473123103802	0.0633240021347257
CLTB	-0.0427562341890653	6.48160926144582	0.158674755853989	0.691165393477311	0.793963023630667
CLTC	-0.0624651231279939	8.90406395182632	0.434288013766596	0.511293954464736	0.645556269476025
COG4	0.054827420855942	6.28684825210262	0.880758567393868	0.350086577368478	0.494270730283234
COG6	-0.0883099707654255	5.01965672833851	1.01713424841391	0.3154523229568	0.458741634773943
COPA	0.0768773350327942	8.08963446980791	1.20085230165505	0.275587253363229	0.417163546509751
COPB1	0.0377548695479153	7.21045471561624	0.304727603160445	0.582073390654684	0.705910139967768
COPB2	0.0163738698022775	7.40198257332878	0.0621272163646417	0.803637916878112	0.875698361007282
COPE	-0.197871088617389	7.32937582333959	4.81343943538124	0.0303797043999483	0.078821482678939
COPZ1	-0.274235996697092	7.67468253905111	19.3141334000274	2.60131344634264e-05	0.000352982135334663
COPZ2	-0.887187864133307	4.17100300728457	25.8607898776769	1.55328351830618e-06	4.27954264587295e-05
CRYAA	0	NA	NA	1	1
CRYAB	-0.461400916804227	7.28600985674697	3.7161460829866	0.0565130595445694	0.127008040273396
CTBP1	0.115053968596853	7.27539016297445	4.77632613940194	0.0310119249141865	0.0801110720275161
CTSA	0.379921212153052	7.34300850473848	11.5337741657655	0.000957107245825639	0.00530201777215485
CUL1	-0.0430152408066328	6.21031001270246	0.971309838484978	0.326554912578509	0.469868214568787
CYTH1	0.0199220811102494	6.16832821235133	0.124804365400221	0.724569203202446	0.818554286156172
CYTH2	0.0506962182097894	6.96444281009175	0.524782244701158	0.470374099445433	0.609595701676763
CYTH3	-0.485371039414144	5.69891136169877	17.436263071622	6.03653617209541e-05	0.000657609895023929
CYTH4	0.3349277726074	2.9347373078457	2.40458408574095	0.123903655723005	0.23088112766635
DAD1	-0.118767958229862	7.12169089833804	2.83852874881222	0.0949140332372696	0.188318193779681
DDIT3	-0.24079088248333	6.53151349655347	0.88833388756889	0.348031240115129	0.492201432669611
DDOST	-0.156882929223763	7.98127215487019	7.01120460593657	0.00931201909719481	0.0313597487106663
DERL1	0.0859952317643767	6.59917172144252	1.36100749846707	0.245930657502151	0.383793336713291
DERL2	-0.25254173205879	5.65943339539251	12.8302861920798	0.000512763682556442	0.00326416709778977
DERL3	-0.318684352803477	4.17636804275147	1.33445816478228	0.25056120757278	0.388892652200702
DNAJA1	0.0454083655952391	7.28615783443068	0.266165917537959	0.606969213644546	0.726749530192788
DNAJA2	-0.196626119911124	6.34696891369361	12.7999298956402	0.00052024876734969	0.00330474582955983
DNAJB1	0.538229056643332	6.89041052259859	13.1653464808819	0.000437128881403704	0.00288131565530309
DNAJB11	-0.246274822664082	6.31422812018659	6.77359734384341	0.0105496647740794	0.0344580472917201
DNAJB12	0.0749437976176682	6.26161098645713	1.56536196181536	0.213583332495069	0.346123646817069
DNAJB2	0.0410092336004986	7.51168492216996	0.231133102583776	0.631656699468445	0.74779910158169
DNAJB9	-0.280230988172406	5.97572619349129	6.2671373581154	0.0137950862135002	0.042405231809474
DNAJC1	-0.401892143792845	5.82891221186017	18.8821937960028	3.15257736741562e-05	0.000409638390429819
DNAJC10	-0.0873295985506408	6.7884148925063	1.46050090232854	0.229487893478482	0.365025253146691
DNAJC3	-0.418718214691977	6.96747884205142	13.8534387047397	0.000315631064881631	0.00224148634518224
DNAJC5	-0.217170275585689	7.04508833225661	15.6463034723975	0.000136796934051004	0.0012011279571062
DNAJC5B	0.809346236320518	-1.03881550976406	5.58779689666126	0.0198720114991615	0.0566307466843664
DNAJC5G	0	NA	NA	1	1
DNAJC6	-0.409928164478456	2.1346592458667	4.02736627617232	0.0472644612102152	0.110988890929828
DNMBP	0.282431136032881	4.71943547411785	9.34494510830261	0.0028179608199728	0.012261396682518
DOCK5	-0.189068524093984	5.51722354654351	1.38308986816056	0.242159499201701	0.379609240119473
DOLK	-0.074083099317332	4.68301475957182	1.01838662804534	0.315155966964322	0.458406678484627
DOLPP1	-0.0546340131246085	3.95631703994709	0.596230517895384	0.441705054529179	0.582712265166954
DPAGT1	-0.1388395384589	5.18272879892491	5.22709185223599	0.0241872199254951	0.0659763755668069
DPM1	0.0417905633816273	4.87585986071865	0.450511054257086	0.503524356923793	0.638860297917571
DPM2	-0.223593948260216	6.06021382323157	4.23162002706624	0.0420849697910796	0.101421709565937
DPM3	-0.075536755682816	5.12157634968704	0.282270001782607	0.596307433238574	0.718279408219191
DPP6	-2.57950958126927	3.90539381118952	21.3192526662842	1.07726518686559e-05	0.000182722773430157
EDEM1	0.485306164837153	6.6011649480943	15.5895419428184	0.000140429282865162	0.00122487501373469
EDEM2	0.117256593379251	5.01063226664498	4.33963713595893	0.0395938514258958	0.0970007446894829
EDEM3	0.00173177314536476	5.28098282048918	0.000371122213116741	0.984665597245607	0.990945534378352
EEA1	-0.0795830659930322	5.04586485080251	0.555093373483758	0.457861082382788	0.598255346901141
EIF2AK1	0.0161679541817108	7.33903708807482	0.0696807340949766	0.792304868173785	0.867791591716598
EIF2AK2	0.0218300318076838	5.9239832390418	0.052626671210491	0.818987691451704	0.886350131208955
EIF2AK3	-0.268112029212518	5.1216615325071	4.31274615151345	0.040198963457174	0.0980679594868771
EIF2AK4	-0.119915749920132	5.96972320406473	3.86230731551199	0.0519482938235433	0.119048411491978
EIF2S1	-0.119839809366091	5.90964966883401	3.91557766393562	0.0503844782882956	0.116464132534337
ERLEC1	-0.132066277206926	6.63598499898366	3.6401687235428	0.0590548564192345	0.131387909031856
ERN1	-0.193459005381876	5.15411102879255	1.67675915890309	0.198115059267894	0.327269297286935
ERO1A	0.463054537038058	6.02547317385407	32.9226446427081	8.85468163436107e-08	5.44053580419194e-06
ERO1B	-0.874066389759861	4.78784994305973	25.8828207502897	1.53905288382339e-06	4.27425766895431e-05
ERP27	0.459509355096514	4.5075936575407	2.71988008896978	0.102009152572147	0.199250206473429
ERP29	-0.188369679433859	7.8235925015596	5.01400362677312	0.02719103904536	0.0722603360031154
ERP44	-0.117349663078841	6.63419937468544	1.90434837913495	0.170440408708195	0.293809755274601
EVI5	-0.124837539098823	4.79668555356243	2.79596784370292	0.0973943807513391	0.192299048799255
EVI5L	-0.0603280813516734	4.8818989215969	1.19503472576233	0.276746931468466	0.41820779879499
EXOC1	0.104226482850875	5.34140564663745	5.18839452400449	0.0247055487352912	0.067039066519982
EXOC2	-0.11474196348967	5.28727899558265	3.54558005134892	0.0623929441881849	0.136913467603846
EXOC3	0.0593755082418266	6.07968501735279	1.12408454919758	0.291404241468895	0.433516102103823
EXOC5	-0.114934151899425	5.71554113212361	1.86258255294091	0.175161610356471	0.299729745851473
EXOC6	-0.0371902169798084	5.88474744730603	0.150342646672254	0.698970709649819	0.799334707512944
EXOC6B	0.211091250291343	5.4636025381315	2.63501209311569	0.107444530552345	0.207027023762701
EXOC7	0.119266159574764	6.4145772905862	3.84973182973274	0.0523250118491333	0.119661580127975
FAM71B	0	NA	NA	1	1
FBXO2	0.329939936298662	5.31474635299984	1.70377136419417	0.194567471739892	0.323030438455269
FBXO6	0.409539896206115	3.91269857505212	15.3383078079034	0.000157732231607992	0.00133174083995252
FBXO8	-0.247856042597739	4.66532235672373	17.4025291232618	6.12943666017311e-05	0.000665165692807943
FUT8	0.232592080895687	4.87971710178384	4.5048445582301	0.0360827330180297	0.090277503175365
GALNT1	0.12042744725384	6.20272611726137	1.38459712519508	0.241904700975431	0.379415136793468
GALNT10	-0.825290029147618	6.40618779786514	18.8957484597131	3.13357988248214e-05	0.000408269025386772
GALNT11	-0.0385022072779735	6.3075437418071	0.408648528552325	0.524008827459173	0.656634572683619
GALNT12	0.418545324101434	5.51203550477774	12.5326110110211	0.000591208179302912	0.00364435488804391
GALNT13	-0.268019957861695	-1.3226100612371	0.441024010800079	0.508042902749529	0.642464065410111
GALNT14	-0.964461922903438	1.1294258181602	16.4130742403825	9.61684142187891e-05	0.000922233839669962
GALNT15	0.552467565795897	3.25791985439731	6.21794299351951	0.0141616194597774	0.043225728565021
GALNT16	-0.637892432118975	3.21167400089572	8.98640136477798	0.00337507855044926	0.0141305550004638
GALNT18	-0.616013871797919	5.8873136930826	18.235143335169	4.21109214087035e-05	0.000509366075506322
GALNT2	-0.024371507744685	6.56334464182028	0.112059721308223	0.738460036250393	0.828708128360975
GALNT3	0.720747688819778	5.79149346324173	23.2430336211651	4.69674256553988e-06	9.8024499897425e-05
GALNT5	2.8768774188751	2.91540293969671	39.1613236701067	8.02860316534672e-09	9.89513463497081e-07
GALNT6	-0.0204060903815987	3.3731984913518	0.00611795464000669	0.93779978442999	0.962366468112749
GALNT7	0.758142732031104	6.75193118236686	18.6519863106458	3.49383664776994e-05	0.000442206973879353
GALNT8	0	NA	NA	1	1
GALNT9	-1.12752562067084	2.59487172738792	13.2574035715439	0.000418425768345492	0.00278803273476272
GALNTL5	0	NA	NA	1	1
GALNTL6	1.04467433217139	1.08915084622956	14.4877443844937	0.000234339620125342	0.00178140873999662
GANAB	-0.089203821083006	8.87604406111352	2.16692105085245	0.14391429588099	0.258234912896721
GBF1	0.0879037295398245	6.95212650080419	2.35384315656666	0.127896763663213	0.236502280747609
GBGT1	0.305596372431477	3.12500586869254	9.34527122182769	0.00281749983160946	0.012261396682518
GGA1	0.0978380287625052	6.30053545274387	1.67031113994754	0.198973202283962	0.328207872741616
GGA2	0.0140591849467788	7.74664599462944	0.0222233154422124	0.881772367777411	0.927691516740868
GGA3	0.285147249762595	5.46965558047611	15.0964470965684	0.000176456093733849	0.00143795147745788
GIT1	0.0594376333857956	6.48693841256462	1.18860243536864	0.278036373866188	0.419197946526154
GIT2	-0.136216278101636	4.78431937460644	2.81992230233769	0.0959896861423295	0.189999921377799
GLT1D1	0.172045683438425	3.89253559963306	0.507288954326053	0.477849530155131	0.615870769303852
GLT6D1	0	NA	NA	1	1
GLT8D1	-0.204162707992182	6.37375338184321	10.6483445399384	0.00147516930396743	0.00736841760967329
GLT8D2	-1.12298233359159	3.95309013961846	13.2321191818264	0.00042347944531963	0.00281450330777363
GMCL1	0.131374519881243	4.89410288923711	2.93580844622514	0.0895022464246115	0.179824663912244
GOLGA4	-0.125209257092857	7.34683200275028	1.12297919246991	0.291640374714823	0.433743474825781
GOSR1	-0.117546329293647	5.76489863112801	4.78291495334577	0.0308986763829019	0.0798779597460932
GOSR2	-0.216135025373289	4.35180882596141	13.542467655358	0.000365551171965323	0.00250987022517454
GPAA1	-0.164146707083087	7.24067390608718	3.1844245754417	0.0771489250728499	0.160897139649481
GPLD1	-0.00213600717103149	1.70600795422626	0.000151721165985818	0.990195002122945	0.994060714248063
GXYLT1	-0.0311057033317415	5.30595149025301	0.151997700363323	0.697400782209253	0.798447803695737
GXYLT2	0.349984289116184	4.60804512110465	5.46412650012961	0.0212522580038998	0.0596099221604132
HAS1	0	NA	NA	1	1
HAS2	1.18158854035079	1.97539448623779	6.66017384098893	0.0111997664473622	0.0360835166793669
HAS3	-1.20902812721815	4.36723062239689	28.390193067024	5.46056816078149e-07	1.97993810578202e-05
HERPUD1	-0.256296267919453	7.46027961881947	3.65387855863788	0.0585872389264964	0.130542747068891
HSP90AA1	0.0491792828003657	9.49514445430031	0.296832066990853	0.586997730716011	0.71079618113156
HSP90AB1	0.154126238951428	10.328364734874	5.40411420211089	0.0219580126227801	0.0612021202890255
HSP90B1	-0.511063039206371	10.8296661060684	16.0968119418805	0.000111173124553769	0.00102672928310189
HSPA1B	0.517969795970739	6.69621853917699	8.68520722352379	0.00393067649249443	0.0159222210544859
HSPA1L	-0.305337440613403	2.33887028319106	10.6291196558779	0.00148918186060795	0.00742594421225834
HSPA2	-0.604022482434439	2.97809961903143	14.2992446858812	0.00025596382348426	0.00190955246395188
HSPA4L	-0.507082702402471	3.35597960458548	6.33044309111937	0.013337944420008	0.0412925155059969
HSPA5	-0.518487980058401	10.3198977724856	9.83081981956204	0.00221048207112399	0.010096958565667
HSPA6	2.02046981532	2.21871404442062	33.3416536221084	7.50888605410171e-08	4.91390152406486e-06
HSPA8	-0.0149017343786976	9.61451363259567	0.0134092940067497	0.908027116949313	0.944348563159331
HSPBP1	-0.138909149354388	5.55776142410941	2.42511681371469	0.122327833108464	0.228582326491037
HSPH1	0.381745339749487	6.84809030033087	13.8162706584678	0.000321209818659765	0.00227365333815918
HYOU1	-0.687225353606635	7.68716058659651	16.3906359123513	9.7161163304645e-05	0.000928103341281407
IFT27	-0.240513203565908	4.94598484103771	5.55179680384179	0.020263801520869	0.0575112034171114
INPP5B	0.160604297966435	4.60649132372001	4.61395186428851	0.0339464035964046	0.0859032487558635
INPP5E	0.026908529721938	4.16925439768285	0.168025988858874	0.682683518831019	0.787374993779624
IQSEC1	-0.210332913619928	5.93205737145619	8.47902983056564	0.0043648733815187	0.0172845929155614
IQSEC2	0.00568356553950191	4.46714798465215	0.0104054185936359	0.918940168718206	0.951558775751007
IQSEC3	1.16205250628851	2.0556085721099	10.4558029946186	0.0016218681211922	0.00792834048175406
JUN	-0.0439451299653116	8.66449238269729	0.0375986763707645	0.8466151941661	0.905476142710434
KDELR1	0.0847410115509004	8.14005346516386	1.80632290483619	0.181764493402959	0.308002980238385
KDELR2	-0.100206152453598	7.84552000265525	2.13084518569298	0.147261715165737	0.262850382699627
KDELR3	0.610047951480623	4.61281755213226	13.7806258953448	0.000326654960794322	0.00230576131588783
KIF20A	0.589941609329147	1.53108464474833	8.99785772013474	0.0033556232693231	0.014068896351999
KIF23	0.720494299956138	1.15326171938646	16.8354940751649	7.9298895173597e-05	0.000799088866749324
LARGE1	0.0349350407644196	4.34238617241772	0.073288095488594	0.787124451644847	0.863941360768853
LARGE2	-0.420047283605696	4.39463002758724	10.3385591617807	0.00171848167844185	0.00829467182317876
LMAN1	0.129526463660801	7.80604256635549	1.812444808527	0.181032053814095	0.307113116713397
LMAN1L	0	NA	NA	1	1
LMAN2	-0.180608030350871	7.99539120083327	4.36034117141235	0.0391345723478746	0.0961242070172295
MAN1A1	0.23525341214546	4.74804580116733	1.95281696256028	0.165145696284961	0.28646066854759
MAN1A2	-0.0550265391305641	6.39431855849142	0.445453919606612	0.505924331049034	0.640718543893739
MAN1B1	0.000997580193464793	6.63339627519227	0.00015675495958071	0.990033683024839	0.993994581303595
MAN1C1	-0.560664629517722	6.1477942622772	11.2019508826963	0.0011248523103533	0.00597465877546915
MAN2A2	0.0393689789826573	6.15076267750618	0.160159125295836	0.6897999614393	0.792708601203817
MAP2K7	0.17313262491714	5.57349272744101	8.14945626669134	0.0051648640476638	0.0197864545243313
MAP3K5	0.501796564275608	6.37523297599076	7.30802376919912	0.00797495001784529	0.0278066105224578
MARCH6	0.0743712689396829	7.32164752043131	1.3510218208291	0.247659766074297	0.385452086046591
MCF2L	-0.483627919590319	5.36672989782015	15.2845831222429	0.000161707518296145	0.00135620707591123
MGAT1	-0.33026208700339	7.4613564035728	26.2269791888511	1.33324570458221e-06	3.84366263237014e-05
MGAT2	-0.0141310863432307	1.42110431343039	0.0074159633476769	0.931533548702024	0.95868927743043
MGAT3	0.733585480664453	5.37091373513446	4.39200730363289	0.0384430574389793	0.0948395645382564
MGAT4B	0.569110216227889	7.60136242888735	23.9553593596729	3.46670361961839e-06	7.83530959364654e-05
MGAT4C	0.068154349433924	6.10309283174556	0.101096439152109	0.751131331230184	0.838306515468762
MGAT5	0.378911895481883	6.29471777997938	9.99103480294943	0.00204123332998725	0.00947978796662306
MICAL1	0.352614072397574	4.65844443070338	5.16738319521087	0.0249918757521286	0.0676309964974778
MICALCL	0.824433085366856	2.01330100737603	9.28833569737414	0.00289917493131416	0.0125536984303257
MICALL2	0.659458892353818	4.86032185552953	22.9723485449614	5.27395384032409e-06	0.000107697239745206
MOGS	0.260039731045379	5.91481346556253	19.9986846865444	1.92148122536736e-05	0.000280859876794222
MON1A	-0.434955878995056	4.04998883270075	23.2952793514841	4.59298384486615e-06	9.60514663701979e-05
MYO5B	0.0394466773636766	6.81819372926067	0.128402642660389	0.720792964005926	0.815635173970741
NAPA	-0.200738000333637	6.38237847640489	7.1981722030705	0.00844486476202447	0.0289790301065224
NAPB	-0.174448414062325	3.9507889067866	6.26914104423186	0.0137803691387421	0.0423724990833864
NAPG	0.0352545742144562	5.13477455806493	0.240376241078283	0.624928350544183	0.742322932049318
NCKIPSD	0.123969691706031	5.01832829525	3.30656774948581	0.0717729265633126	0.152081209296769
NDE1	0.300874488306758	3.67658031918708	12.7033420942478	0.000544819895940043	0.00343152513230576
NET1	0.832376268202001	6.29555509202285	28.9703995417941	4.30980230230874e-07	1.69695410500546e-05
NGLY1	0.0149409430572297	4.89743262685965	0.0597962544625433	0.80728189966612	0.87861190762596
NPLOC4	0.0385300551272049	6.56665303083564	0.962224595903792	0.328817744013669	0.47237359749367
NSF	-0.19737175968419	5.3719237443767	7.7142822807259	0.0064602651966602	0.0235658255308643
NSFL1C	-0.0190181247395277	6.44577490228566	0.169623225394756	0.681262538364028	0.786340287783712
OCRL	-0.197759321695425	5.81324915490356	5.73551680121296	0.0183457590364636	0.0531583880562237
OPTN	0.474784669245622	6.01039944710088	19.5622049636958	2.33031871906894e-05	0.000325105214999913
OS9	-0.175243077751897	8.38579113514049	7.10551923881301	0.00886357103654223	0.0301075213829318
OSGIN2	0.305638913933423	5.14039661782732	7.54737219829725	0.00704278000590755	0.0252138303099086
P4HB	-0.320483078398233	9.48282913780451	14.4869121487053	0.000234430857387483	0.00178145214466395
PAK1	-0.280601426102154	6.68346535090098	12.841801062418	0.000509953415749231	0.00325077428498526
PARK2	-0.52545264547882	1.87838299332236	19.5104601737819	2.38435754672745e-05	0.000330871308066529
PDIA2	0	NA	NA	1	1
PDIA3	-0.27915598886551	9.79963373132282	7.25725409513869	0.00818865548893674	0.0283320067041954
PDIA4	-0.387158406052025	8.8021735523326	7.97384394256709	0.0056517627698176	0.0212415313483455
PDIA5	-0.473463821342212	5.23087331618414	11.6675182368913	0.000896980411952973	0.00504022948239677
PDIA6	-0.309894736930229	7.96215574461693	6.0653059092473	0.0153651018036603	0.0461418260479297
PDILT	0	NA	NA	1	1
PGAP1	-0.0507760289161425	4.14306419879869	0.210485921582308	0.647308103038424	0.759422128995569
PICK1	-0.0318821148288924	4.92152125500458	0.156670067690527	0.693021261916696	0.795488805492277
PIGA	0.171849632633739	3.49028445575824	3.37480614261637	0.0689479869308477	0.147763928365328
PIGB	0.0985438869026135	3.95166315464816	2.60862290682919	0.109199653892578	0.209691121132894
PIGC	0.119397933561101	4.91734779545281	4.85812485832166	0.0296365421720124	0.0773461391931896
PIGF	-0.0190211062667662	3.55576558724727	0.0872232513419772	0.768303966587979	0.850409359127485
PIGG	0.0124145837273414	5.61300242836969	0.0444602430542056	0.833396699086249	0.896262899900221
PIGH	-0.263142633836735	4.53762052554212	8.05830499604772	0.00541191163952486	0.0205551983113901
PIGK	-0.20584189685618	5.36710925036869	6.95276375690099	0.00960168617831916	0.0321016888295682
PIGL	0.129888869336642	3.67464755713953	1.50665845175365	0.222316493083261	0.356609831551925
PIGM	0.0202569093347309	4.42074549957764	0.0944683913352459	0.759163031544311	0.843952271380212
PIGN	-0.279373005734097	4.37139315003563	10.0732544095172	0.00195962336416357	0.00918474236097279
PIGO	-0.110575905413433	5.50671447692201	1.67865837153526	0.197863138008774	0.327008752010216
PIGP	-0.132779376688449	4.52286340631925	3.7763698610759	0.0545820036488878	0.123682392733103
PIGQ	-0.212292071921218	6.83899013728626	5.70247847819913	0.0186760910734838	0.0538936410320856
PIGS	-0.1925430685276	6.12724823296812	3.72601267647129	0.0561917193522758	0.126476909702675
PIGT	-0.0490461588731843	7.46050352057411	0.414489961641385	0.521063182659192	0.654281711575133
PIGU	-0.167391718818167	4.95507392234603	5.33295365407091	0.0228269500231334	0.0630754234587219
PIGV	-0.119040165609341	4.83807956487667	3.02322226071038	0.0849277854213423	0.172623161764687
PIGX	-0.125922650113732	4.41655094129706	2.61344471564235	0.108876590732632	0.209167174725143
PIGZ	-0.0901929788905158	1.85521884720381	0.231512560477638	0.63137724041135	0.747553236728514
PIK3C3	-0.0373061136683242	5.26681133631041	0.504620501486109	0.479006934928178	0.616667015879175
PIK3CA	0.250741318527411	4.78469603161136	5.27372501126974	0.0235777772002674	0.0647208119800172
PLAA	0.011235015196399	5.04593563915008	0.026842749437152	0.870165005409994	0.920501112122131
PLIN3	0.179338397112225	6.12023837496595	6.00080684677587	0.0159053790972813	0.0475040351616393
POMT1	-0.15744837142881	5.10301885529192	4.95960888919419	0.0280192550680862	0.0740437787126575
POMT2	-0.314930561850718	4.86483412529373	16.4071699570164	9.64286289447333e-05	0.000923453752776942
PPIA	0.00815348863620386	8.05208665163584	0.0088348143615296	0.925288197701165	0.955187979873993
PRKCSH	0.062630934720073	8.65532043740164	0.896645814114726	0.34579501217097	0.489805378896692
PSD	0.36476478387118	2.51332354228731	4.36991418220207	0.0389241342776931	0.0956952003310712
PSD2	-0.0198525460252183	-0.0191604911920673	0.00421469453761331	0.948357084513043	0.96872785607975
PSD3	0.466423980113645	6.90774763532	5.99673346850938	0.0159401606174888	0.0475601784130747
PSD4	-0.0941880676415233	6.56409048213297	0.929805653704475	0.337066016264364	0.481005220085944
QSOX2	0.0734725688660999	5.05033743141866	0.328950233049789	0.567469424539552	0.694427447906311
RAB10	-0.174177908220254	7.1017858722516	7.43326743313214	0.00747218134570601	0.0264106677837622
RAB11A	0.117951605734875	7.62109738122011	3.67720037574147	0.057800919618502	0.129358048214653
RAB11B	0.022186164868847	7.96113329563516	0.119690646327524	0.730042790037361	0.822707026559599
RAB11FIP1	0.73976780744279	5.94978563589352	9.93234243632096	0.00210162780666422	0.009699713180813
RAB11FIP2	-0.329491890152544	4.82574126209347	13.177887497543	0.000434531279871387	0.00287146320699274
RAB11FIP3	0.0447185348242505	5.9991879710979	0.582943543709154	0.446824317754229	0.587779696507694
RAB11FIP4	0.0335240832090586	5.87581806129835	0.0997025671962616	0.752795787643611	0.839445613193775
RAB11FIP5	0.177624703323145	5.34002710624145	5.63577071573453	0.019362234366615	0.0555045388965352
RAB12	0.261085016370011	5.08865844797732	11.9841570909799	0.000769619749644762	0.00448403070359461
RAB13	-0.102237808192407	6.96730038692263	2.0154547797171	0.158582542464519	0.277924057605546
RAB14	0.0890938485983937	7.19784095270986	1.73597827473078	0.190435407660353	0.318089743877907
RAB15	-0.145164759847448	5.05585640254112	0.840739402149267	0.361226891320812	0.505610840623694
RAB17	-0.403315341014825	5.36486271513997	11.3220149985303	0.00106091618175933	0.00572185995594644
RAB18	0.0418988239863955	6.92082050983546	0.312278173560437	0.577441570795421	0.702173534829694
RAB19	-0.83975591650641	0.396628158778165	18.0919396453379	4.49090254042521e-05	0.000530010162744925
RAB1A	-0.191217565394652	7.33036896438993	9.92781325311385	0.00210636425432134	0.00971511537937536
RAB1B	-0.0689811034430217	7.6831497048556	1.23185802350978	0.269509341583035	0.410068300102722
RAB20	-0.0215209064288872	5.26725737865076	0.0246822592703934	0.875454517364794	0.923891277407473
RAB21	-0.00587906004806385	6.53893812446876	0.0103260087237974	0.919248991680754	0.951783926416385
RAB22A	-0.10471043425329	5.98605074134282	3.13017784931703	0.0796759981166812	0.164901765180083
RAB23	0.0892010340070943	4.01153038748208	0.235537015049056	0.628430597276211	0.745292997247975
RAB24	-0.0285910225383133	3.31909115824815	0.0612698792874499	0.804969611361317	0.876920085514899
RAB25	0.258296872280976	6.7399367566322	10.7591153376136	0.00139703377663081	0.00705263566718797
RAB26	0.00695423459232803	1.34456728417725	0.00105621902866164	0.974133638552668	0.984580238616727
RAB27A	0.467358508173518	7.38430058799782	6.28429096488662	0.0136696226368864	0.042143956468873
RAB27B	2.44177142685225	3.16548664778516	22.5829043513287	6.2342157303312e-06	0.000122966363112754
RAB28	-0.101875497616798	4.04883721721692	3.29934614128552	0.0720791686040174	0.152590405818994
RAB29	-0.13994946178384	5.77056754193006	1.00037102571888	0.319454801160655	0.46278509204168
RAB2A	-0.0779423616600469	7.39771877917167	2.43015603063623	0.12194453901146	0.228077281202233
RAB2B	-0.000782048364546383	4.67491825346069	0.000222205229686935	0.988134216848539	0.99263022623858
RAB30	-0.270624063969424	4.58214745466289	4.48861443028056	0.0364125275456647	0.0909505379840088
RAB31	0.567740119571163	6.336193041917	13.9287075832413	0.000304635921129738	0.00218200192613869
RAB32	0.363491758915383	3.62839121877469	6.80422219831928	0.0103809662001321	0.0340086199239466
RAB33A	0.168797556329836	-0.771733434459154	0.550612501598817	0.459677066792911	0.599725250499815
RAB33B	0.138327824047428	3.59294137796936	3.45894990742191	0.0656295534717383	0.142410456220735
RAB34	0.309268504919044	7.39717101114351	5.68543455702947	0.0188489384792156	0.0543142311258529
RAB35	0.064879266097903	5.09431181238176	1.24889292119043	0.26624206214404	0.406774437937226
RAB36	-0.16555859691987	5.34292352894711	1.96876365795842	0.1634455134652	0.284156714623176
RAB37	0.501384795802944	0.895070769802634	5.48832453848999	0.0209744694802434	0.0590294858538022
RAB38	0.00370979174558808	3.77290809796229	0.000567292292575577	0.981041782436469	0.988398049328858
RAB39A	0	NA	NA	1	1
RAB39B	-0.283290338220426	2.52020289687513	2.92776022923487	0.0899368372969623	0.1803672620892
RAB3A	-0.380670474717293	2.19841978337244	7.04323896156784	0.0091571117465613	0.0309280818175978
RAB3B	0.228097423431246	-1.90852804938217	0.481859823272557	0.489070492379823	0.625382115892893
RAB3C	-0.79321225660628	-0.00286910671850296	3.84564604138125	0.0524480384281383	0.119824524780048
RAB3D	0.124877911612197	4.60418784319751	1.88424893510794	0.172693709237931	0.29641839882298
RAB3IL1	-0.129206490294897	2.7578029130648	0.54063132459364	0.463763762640671	0.603431747378969
RAB3IP	-0.270713495785907	4.643378808965	5.74461774262087	0.0182558446496898	0.0529597476613354
RAB40A	-0.00888130301656503	-0.461939972556399	0.00391753851070144	0.950208405649893	0.969905463161895
RAB40B	-0.0936209196772234	3.95642586595757	1.35838495606706	0.246383325643846	0.384240662611237
RAB40C	-0.0401153446647517	4.71116588414158	0.346099914923565	0.557556600629147	0.68589391840572
RAB41	-0.364650743198707	-0.10650119055423	13.6890899891942	0.000341076135521772	0.00238318511465381
RAB42	0.182465129997754	0.285810370124024	0.736514608317803	0.392678891205552	0.536722135633601
RAB43	-0.298548772210514	1.84711051167011	4.38272805569963	0.0386443374261726	0.0951895582130736
RAB44	0	NA	NA	1	1
RAB4A	-0.0971990938647108	5.79147947693974	0.733849502183387	0.393533659758968	0.537502465516035
RAB4B	-0.188955297301839	3.92390384500586	2.38305038602948	0.125580870505218	0.233421734049008
RAB5A	0.0427166808338773	6.24295630794543	0.509003951189599	0.477108096932581	0.615146057010754
RAB5B	0.0196111169796059	7.80983392246181	0.19141819700689	0.66261191444994	0.771208290460316
RAB5C	0.0520535709083237	7.00560619099367	0.71016545462138	0.401249948372825	0.544501118889763
RAB6A	-0.0872148667547396	7.19320836896645	1.12643062704928	0.290903873370614	0.433050084222165
RAB6B	-0.449352332015514	3.68966496170513	14.1168700818196	0.000278835149023241	0.002035466971901
RAB6C	0	NA	NA	1	1
RAB7A	0.0959074025856857	8.53445460294846	2.51393497959928	0.115765471893392	0.219346767403571
RAB8A	0.0690373487547383	4.86401048400233	1.75338367280508	0.188245473432403	0.315723082866859
RAB8B	-0.371547495048908	4.99620992743179	6.87605818659111	0.00999618889865135	0.0330860668314014
RAB9A	0.0303415514047493	4.49436620357412	0.205151917632028	0.651502074850058	0.762938565856971
RAB9B	-0.268270777468569	1.87231388628911	2.49753429366757	0.116946945553548	0.220999810837285
RABEP1	-0.19905521311325	6.06818598634961	7.19780610666099	0.00844647807272062	0.0289790301065224
RABGAP1	-0.125256788028701	6.53836520162979	3.32378728648296	0.0710484008567059	0.15103105772936
RABGAP1L	0.483531541359445	5.13225034994482	13.0450577032152	0.000462868593144979	0.00301566779062145
RABGEF1	-0.35803344312896	3.05417378441836	13.8655698561703	0.000313831825384476	0.00223404070093413
RAD23A	0.110979515765952	6.59582872363034	2.67890216569678	0.104594488129455	0.203189572211193
RAD23B	0.397424993906667	8.15025176210637	11.6442433991962	0.000907157871565036	0.00508544826105659
RALBP1	0.122757999627535	6.21704518571023	2.38670228746861	0.125294641300789	0.232998249391478
RASEF	-0.00440688621374076	6.2494461349516	0.00103917620775152	0.974343099466214	0.984709174701919
RBSN	0.0149699659326234	5.7149144167806	0.044218700282662	0.833843166147222	0.896511604174908
RBX1	0.00156707239939898	5.75562751664784	0.00021981503240868	0.988198203047827	0.99263022623858
REPIN1	-0.185276225344325	6.69632577935727	7.88556731041229	0.00591425409900124	0.0220371718938045
RER1	0.0757419470549205	6.55564247614156	3.28291151743708	0.0727814108714877	0.15374888509556
RFT1	-0.0372039047296973	4.66271957232949	0.632629693866655	0.428135698997782	0.570765391348233
RFWD2	0.0375566682117062	5.42120050959222	0.454996641028008	0.501411943711939	0.637056811978528
RNF185	-0.26131802229894	6.06623591740124	5.39387359707988	0.022080885496241	0.0614459270542691
RNF5	0.0653459488214499	5.76541083016207	0.540033126885122	0.464010535620843	0.603639713100153
ROCK1	0.271146371991134	5.87251252530946	6.3291885556684	0.0133468482339378	0.0413126300041068
RPN1	-0.21886043885537	8.71556064633259	9.46284550193636	0.00265626859018522	0.0116872451341293
RPN2	-0.117319138079063	8.79054631155802	2.63826745506378	0.107230202631289	0.206709661324121
RRBP1	-0.45781752431505	9.6918781474027	19.6564016258145	2.23513804878903e-05	0.000314140960986684
RUFY1	0.188987375851014	6.29933879833064	10.9648351438229	0.00126302887128069	0.00653778094965236
SAR1A	-0.0442248311215513	6.83406413881458	0.671743709145247	0.414248079901694	0.556992657431566
SAR1B	-0.213196581601304	6.0942934061364	10.9816047770452	0.00125270571535119	0.00650526236475941
SEC11A	0.00893501083927706	7.39079369583943	0.0224371554362837	0.881209176728373	0.92738004961981
SEC11C	-0.49117535104729	6.08791251926278	23.9209032049671	3.51784226860507e-06	7.88731287543327e-05
SEC13	0.0584619120105662	6.85280715753491	0.767125845210831	0.383050100492879	0.527043477480719
SEC16A	0.0130670567278781	7.03685715575259	0.0485728897824627	0.825981199046966	0.890956105383182
SEC16B	0.445824755145292	-1.81684819341804	4.03812326424229	0.0469753369955179	0.110420755322832
SEC23A	0.356801588995578	5.74955951487477	10.3177588603307	0.00173623186387728	0.00836548079868146
SEC23B	-0.238947368151347	6.49885620373463	4.61726897149903	0.0338835958185311	0.0857651497513896
SEC24A	0.00433092010465743	5.26795459534857	0.00160826863880721	0.968084818099442	0.980846621981531
SEC24B	0.0594196713153935	5.60437378225371	0.650290448115131	0.421779733232537	0.564469113845456
SEC24C	-0.0251014085805378	5.62512343878169	0.0286068100111535	0.866006228068287	0.918153503228869
SEC24D	0.0899611826789413	6.10693436163349	0.575128241336898	0.449878827891051	0.590666321116517
SEC31A	-0.0253440382420624	7.77552335900052	0.101334248351464	0.750848622349825	0.838080807830475
SEC31B	0.39200239710212	2.62992736047943	4.31057926786232	0.0402481506264313	0.0981629974005304
SEC61A1	-0.0699687526962142	8.46424487295448	1.28856745850783	0.258823265968853	0.398302904090523
SEC61A2	0.0987254235499835	2.67028674226122	1.58693908006827	0.210477496979732	0.342435402738869
SEC61B	-0.237306359576638	6.31592006602702	6.44753901825507	0.012533591253221	0.0393580841569938
SEC61G	-0.260539358624805	5.54317139275104	5.76738711996243	0.0180329093874584	0.0524079070226553
SEC62	-0.244284390733464	7.98912355717159	8.32185642227167	0.00472903529188544	0.0184114160924639
SEC63	-0.00354285705733653	7.5479408014403	0.00257243294007872	0.959642928447913	0.975329489442841
SEL1L	-0.281169959243071	7.08552058544108	5.56874369709896	0.0200783668852926	0.0570782453737901
SELENOS	-0.0397253256548988	5.78963397491237	0.415947973508658	0.520332540617464	0.653600680769579
SGSM1	0.103170051261235	3.53661991448227	0.492710825683811	0.484229420835039	0.621060012720015
SGSM3	-0.126325149310773	5.81095941688245	2.51971389367113	0.115352356165844	0.218782938133161
SIL1	-0.32561364963746	6.91187239805874	9.08237585118691	0.00321562780940501	0.013613477976036
SKP1	-0.0431218757689043	8.36378093239816	0.350545117196245	0.555041272076265	0.683716048026289
SMCHD1	0.217808433291553	5.48196284804939	6.38753978540102	0.0129392086713032	0.0403036903565985
SNAP23	0.130556073761898	5.66763243122608	4.27504031375151	0.0410640845204524	0.099630031039779
SNAP25	0.398662618990266	2.0465444953035	1.39547589548426	0.240075416161857	0.377142382022424
SNAP29	-0.106310421909692	5.22966060940613	2.35302017709593	0.127962712839957	0.236553916976229
SNAP47	-0.00122240107292535	5.21424297940407	0.000351883577159868	0.985068298631968	0.991030378437713
SPCS1	-0.0503483979939437	6.91376251894837	0.639318202102875	0.425711612161979	0.568297581857455
SPCS2	-0.352425188419921	5.61494107271293	18.8301067592451	3.22668245093587e-05	0.000417185405155451
SPCS3	-0.317767899403061	7.03053921393883	16.0061541856224	0.000115901776319477	0.00105835953483489
SRP14	-0.00143560861297945	8.2771837564457	0.000421548342004091	0.983657127209614	0.99031341788627
SRP19	-0.219892805174751	4.72957249680051	6.77380723109956	0.010548498928302	0.0344580472917201
SRP54	0.00941867738416654	5.78573430061529	0.0233381417728455	0.878865870531257	0.925736960673916
SRP68	0.0750416905470327	7.13771519586972	1.73117824287171	0.191044619388121	0.318698412400703
SRP72	-0.0125726668537486	6.54613184487071	0.0236371110403731	0.878098565902468	0.925523700429391
SRP9	-0.113168167681803	6.85161885301914	3.63584085642124	0.0592033066453828	0.131595581757707
SRPRA	-0.139342816735957	7.64110377617476	4.65576577731746	0.0331636273613567	0.0843837276215121
SRPRB	-0.631879351730242	5.78717864772937	40.4973211054587	4.87136622954648e-09	7.19614802803004e-07
SSR1	-0.097601763246152	7.29785482499508	2.56311774907273	0.112301688216488	0.214419488701591
SSR2	0.0679150724280384	7.31344834751796	0.565215120747148	0.453800677004986	0.594349144960989
SSR3	0.000156325993593112	7.69982137039662	2.72123467862668e-06	0.998686838016599	0.999298929544887
SSR4	-0.231487089319795	7.62769497047962	3.26694146358216	0.0734709378884938	0.154859964104375
STT3A	-0.203902839605992	7.39808844828592	8.51516139617179	0.00428534004676079	0.0170407307815923
STT3B	-0.209986779206352	7.44196514775504	9.39373914549857	0.00274984474173313	0.0120153745665611
STUB1	-0.0160831489612078	5.94796269641232	0.0370651510346845	0.847693751299585	0.906210898471518
STX10	0.00622267029551937	4.93844316307645	0.00456483044809116	0.946257920975244	0.967507640889534
STX11	0.233898265086748	2.68457129740796	1.30006795386593	0.256721272975884	0.39597507366815
STX12	0.0563234458471805	7.28295824484601	0.338190062536794	0.562086756860269	0.689865362008281
STX16	0.340367198742865	6.11370701103953	13.5450970523418	0.000365096755569675	0.00250976908308936
STX17	-0.160566432664139	3.79339470305635	2.30665454350165	0.131740948474403	0.241764952931572
STX18	-0.0584608542990054	4.72090200957753	1.52136440587353	0.220088904647093	0.354295679333356
STX19	0.735494252068123	-2.06984938337038	8.46586547888843	0.00439422927796296	0.0173775207197058
STX1A	0.230912176643182	1.565834521692	4.28747116797175	0.0407766994621104	0.099186952364393
STX1B	0.902299861011342	1.31937217732458	15.012204713099	0.000183500250165038	0.00148144446150681
STX2	-0.0396687296610768	3.32980302842127	0.142664608603913	0.706387010606527	0.804931070842133
STX3	0.388424556388177	5.64918229177961	15.0202038227908	0.000182819174626257	0.00147881187894769
STX4	0.212822705087237	5.67101558906079	9.84691165440995	0.0021928477747396	0.0100230033574833
STX5	-0.116559083188748	5.93368759811988	3.22356320295789	0.0753800005833918	0.158004431131274
STX6	0.0513461359283453	5.81507149212673	0.917941560305295	0.34015436066817	0.48398628173764
STX7	0.025338599326087	6.16600891264359	0.198301637766647	0.656985873892903	0.767103468093238
STX8	-0.173537979618915	5.22653972440916	3.00964117364833	0.0856213414742031	0.173770527288919
SURF4	-0.0220967789346292	7.89706071050278	0.075096396397385	0.78457907941752	0.861952599188857
SVIP	0.0815900037082885	6.23937422600771	1.12258209438748	0.291725265514741	0.433807778639719
SYTL2	-0.132712190830471	4.03431893723121	0.280447567877	0.597494147854949	0.719405206142449
SYVN1	-0.123173665691153	6.71497170940563	2.24483203035843	0.136976559276688	0.24880829800071
TBC1D1	-0.100925020441469	6.88756145140399	1.27321971821978	0.261662051031299	0.401721741057781
TBC1D10A	0.24882993608694	4.79067954944681	5.88154447272346	0.0169574372046747	0.0499514155757558
TBC1D10B	0.0138289069266548	6.07653142081107	0.0600197499191789	0.806929280106238	0.878365820503414
TBC1D10C	-0.260907998161276	3.98526001203524	2.10441926881926	0.149770214088171	0.266083571242111
TBC1D12	0.0236378573194109	3.58386185339059	0.074807854153278	0.784983006155951	0.862317970319197
TBC1D13	-0.290660397888139	5.89585573642824	11.5797708836489	0.000935974540969522	0.00521267746359737
TBC1D14	-0.129959315011308	4.21779045194092	0.688687750808355	0.408440351590429	0.551211875293317
TBC1D15	0.028082184824936	5.78741124524469	0.162846881794984	0.687346149196493	0.790717604198263
TBC1D16	-0.392800236132101	5.51406218670167	14.8966090474558	0.000193637984755551	0.00154177583504334
TBC1D17	0.093434377685221	6.23199930576532	2.44091382624073	0.121130781465018	0.226891461073278
TBC1D19	-0.104355464424798	2.9940798970738	2.63885341793716	0.107191674278061	0.206673644685526
TBC1D2	0.849000714514301	6.51942943806387	20.0132247965586	1.90920019969466e-05	0.00027985032343026
TBC1D20	-0.203059172888801	6.07977921033402	22.5490938880757	6.32559011922527e-06	0.000123807802936733
TBC1D21	0	NA	NA	1	1
TBC1D22A	0.0109673104804243	5.39810379996968	0.018578515627732	0.891835294347152	0.93431432179644
TBC1D22B	-0.00326157501305413	4.99128048244045	0.00242097526055976	0.960848009201227	0.975887613792294
TBC1D23	0.112008097922524	5.14417811672614	2.64430898788714	0.106833696499055	0.20619338995356
TBC1D24	-0.3442227208339	4.64961654751718	10.1537535412387	0.00188297669796165	0.00891172952552674
TBC1D2B	0.232809460290183	5.61682619767538	8.07489606696438	0.00536604970434806	0.0204182406452075
TBC1D30	-0.951956055911872	2.13727457799149	61.579542326086	3.27086831332883e-12	5.28785047021558e-09
TBC1D4	-0.622286290762466	5.17086979155224	13.73104153945	0.000334387432883857	0.0023474741622979
TBC1D5	-0.0998171013480098	6.36258279082092	1.84510385232898	0.177182514427402	0.302107833806904
TBC1D7	0.36089319569425	3.38474887161354	10.8471527034553	0.00133798001037292	0.00681721762134478
TBC1D8	-0.271940014505834	3.34546754004336	5.53535959291157	0.0204453786233024	0.0578845713395088
TBC1D9	0.242176135806671	4.99977777131502	2.54258277941351	0.113733621839036	0.216441992625426
TBC1D9B	0.0165298782741115	7.50774820624739	0.076898239573313	0.782075381362472	0.860303571079954
TMED10	-0.229856788448493	8.54802079394973	10.6134522213369	0.0015007028133226	0.00747087449777638
TMED2	-0.0445797446791894	8.22606225800928	0.374848850107489	0.541658971646924	0.672761174821206
TMED5	-0.214717934566472	6.31614514541957	5.54036677817929	0.0203898853346465	0.057782438317735
TMED7	-0.291984377114898	6.99445512633863	12.4433120692489	0.000617067947354569	0.0037713932733123
TMED8	-0.401454960393806	5.58196291667421	17.7011996636995	5.35522679165626e-05	0.000603266732522489
TMX1	-0.18916694687377	5.50141177594729	7.02012066853656	0.0092686320575915	0.0312439451573998
TMX2	-0.436437266515453	6.29856830304247	32.1856748670618	1.18488912013472e-07	6.54643381519525e-06
TMX3	0.211837527811891	5.60049614083791	10.9669429536198	0.00126172653623595	0.00653418747470378
TMX4	0.0968764451313528	6.89035767917899	0.853106751988658	0.357732429888382	0.50227224685845
TOR1A	-0.0385633529478415	5.37567761169872	0.372424012433352	0.542967010713963	0.673783727504387
TRAM1	-0.0577358459829807	7.79137535671841	0.559259178715037	0.456182996385615	0.59662411350722
TRAPPC1	-0.0835048937334065	6.53008683657466	0.625793485062044	0.430635060456643	0.572997168407526
TRAPPC2	-0.107654184709632	4.17228484494997	3.46169271231016	0.0655243384907412	0.142241422243215
TRAPPC3	0.163828330845596	6.50954283092937	7.68549093920753	0.00655705960858345	0.0238146459611481
TRAPPC4	-0.0638659682855803	5.7016650395721	0.675060625855325	0.41310156206141	0.555953507538742
TRAPPC5	-0.210077160612511	0.420789691757822	1.1578155017009	0.284315142820617	0.426038037489066
TRAPPC6A	-0.651276266102154	4.65623649252826	18.7395668033363	3.35976267041869e-05	0.000429855630602892
TRAPPC6B	-0.121781404079449	5.20784527233836	6.1884030808403	0.0143865920725971	0.0437678134164643
TRAPPC9	-0.118947702892916	5.79379307115359	2.61982107225421	0.108451005088766	0.208580423360472
TUSC3	0.47087834981437	6.17353957370934	4.27758836625634	0.0410050014574244	0.0995562624264708
TXNDC12	-0.0844109360717329	6.06846585999576	1.83044796422284	0.178898050509708	0.304383882867726
TXNDC5	0.0791201241603708	2.08274461933786	0.147494152464279	0.701696159605474	0.801419814302704
UBA1	0.042274987062583	8.99240161040651	0.538000424863937	0.464850658840762	0.604430636930784
UBA5	-0.137021384018338	5.30179843906313	7.37571535651376	0.0076989940005271	0.0270294236234621
UBA7	0.352716506991874	6.12656974743202	14.6914982581645	0.000213062124288121	0.00165592200999898
UBE2D1	0.125796320319142	4.13904292166573	2.64250051840285	0.106952215207727	0.206307435688252
UBE2D2	-0.117344050776371	6.65204695139339	5.16196415991537	0.0250662884396661	0.0677707323351253
UBE2D3	0.0162827405016891	7.96369497744294	0.142463996337852	0.706583814793167	0.805023207435012
UBE2D4	-0.250242702478598	4.55903774527528	9.12411486208864	0.00314873123559183	0.013401087639179
UBE2E1	0.142288913863558	6.03854915265619	6.69073893829112	0.0110205702452983	0.03564040387661
UBE2E2	0.316806516973851	5.12543607331185	6.59060291267452	0.0116190664609987	0.037061797138766
UBE2E3	0.00803911923421489	5.94998965003344	0.0194117080831268	0.889451911407053	0.93247402167795
UBE2G1	-0.0807764645635337	5.23318323281597	0.830590444215536	0.36413009530789	0.50847853011317
UBE2G2	-0.200847342528043	6.29671352574408	10.6896638659586	0.0014455102534957	0.00723936837462419
UBE2J1	0.015915567473629	6.41845127720849	0.0596127838176846	0.80757189272986	0.878743859245128
UBE2J2	0.006575052203756	5.50050149689989	0.00918446475117298	0.92382860412268	0.954343401045048
UBE4B	-0.0441155724962854	6.24790245426743	0.494922796320107	0.483252350808969	0.620280123431702
UBQLN1	0.045787245649638	6.9476149228159	0.339327534669457	0.561430949744463	0.689388805871243
UBQLN2	0.154084808720224	6.63972076773778	3.74110366436878	0.0557040270950721	0.125609957817826
UBQLN3	0	NA	NA	1	1
UBQLN4	0.38175999261068	5.35842204912108	12.0915082085403	0.000730789547789237	0.0043001664572621
UBQLNL	0.115522191531971	-0.658269992212316	0.509664631847453	0.476822972782007	0.614930697794343
UBXN2A	0.0184757837762815	4.23996434313343	0.104230280116468	0.747434755252664	0.835479151935051
UBXN6	-0.169759380044389	8.03337544321553	4.93973371778072	0.0283284871324566	0.0746148278302906
UFD1L	-0.137550696950903	5.67644823662737	3.03186331289926	0.0844897134552196	0.172060641529015
UGCG	0.493933899919506	4.81741956569807	21.9064171517529	8.34828171477269e-06	0.000151998566291084
UGGT1	-0.147856745110705	6.34032504711262	3.36777085880075	0.0692335744467175	0.14822346820338
UGGT2	0.0844734009311099	4.88693814978304	1.17360545770801	0.281072555774283	0.422743055577545
USE1	-0.135626526233103	4.74188990904789	1.62941789747517	0.204519608390089	0.334874532124609
USO1	-0.0380169960259882	6.86502257222368	0.186178469322406	0.666975935020296	0.774869833882773
USP6	-0.246747367605182	0.628897262989495	1.02717479704553	0.313086684876969	0.456225168553406
USP6NL	0.281758388991371	4.66786438323708	10.844070574023	0.00134000340523857	0.00682418849088366
VAMP1	-0.059475348281989	4.91491682163906	0.0972534263369044	0.755751664857835	0.841254351609868
VAMP2	-0.0591273844062444	6.92693232115687	0.62045388120201	0.432602763624003	0.574546467397494
VAMP3	0.105672626548441	6.88920376094178	3.68712119365443	0.0574698836290727	0.128830858633446
VAMP4	0.0931527341752564	5.12459486446262	1.35744437037802	0.246545927675688	0.384407899360499
VAMP5	-0.140108853710706	4.77275461397602	0.569855466110344	0.451958178414217	0.592549688310551
VAMP7	-0.121052349581423	5.38614788821452	1.71792661872034	0.192738473010161	0.320881596541336
VAMP8	0.113548113026504	7.31480973938297	0.87529061955032	0.351580507248697	0.496008560382221
VCP	-0.0163945686431642	8.37114447133181	0.0981317711774391	0.754686932101864	0.84056329120099
VPS45	0.0563004921696843	5.4725481588137	1.66957905291218	0.19907091174057	0.328249526650121
VTI1A	-0.0768591365850819	4.33063980255442	2.37996333647456	0.125823401908962	0.233768231055371
VTI1B	-0.274796786675228	6.48862972337968	15.7264036971584	0.000131834084471169	0.00116899623050233
WAS	0.631909589823692	2.67760139832756	8.70232121662418	0.00389670505949458	0.015812287099983
WDR38	0	NA	NA	1	1
WFS1	-0.911471050892834	6.3718912383241	43.7975954470054	1.44717114620323e-09	3.31243162684254e-07
YKT6	-0.217364784930201	6.46730560098643	9.0836100140832	0.00321362885446585	0.0136077811363426
YOD1	0.104789708619088	4.11293323112437	1.44896591256597	0.231323779504694	0.367164484211279
YWHAQ	0.0927597330664507	7.54913545459453	1.57090308643478	0.212780517355643	0.34521578218601
