pspGenes	logFC	logCPM	F	PValue	FDR
A3GALT2	0	NA	NA	1	1
ABO	-0.274490108719378	6.09693879402357	7.51055126917369	0.00632923971690696	0.010464609527993
ACAP1	-0.8855042216276	4.03165975365856	58.8134172366786	7.69755023269554e-14	4.90301754745687e-13
ACAP2	0.162465038327617	5.86981574289661	6.44784428650643	0.0113775482537929	0.0180148098627163
ACAP3	0.426243151747394	4.75867394182348	44.3738130339225	6.4839708551795e-11	2.99227216986135e-10
AGAP1	0.321738266733387	5.52446457467815	21.8530480254348	3.6905678493767e-06	9.71877896867927e-06
AGAP2	-0.263425822601771	2.17240549348414	3.10076402745057	0.0788002382193078	0.106542501263103
AGAP3	0.266325618736254	6.19344325551841	25.4804431118876	6.04852131057923e-07	1.76298855692187e-06
AGR2	3.55530276951706	5.87644910667369	134.154263328517	5.76961240758156e-28	1.72593834021083e-26
AGR3	-3.23680690193147	0.187683473989665	193.654891843425	4.95626760559291e-38	4.82717412377282e-36
AKAP10	-0.235122386838491	4.98459544517019	21.5352113796719	4.32875515846423e-06	1.128233166911e-05
ALG1	0.127156135861328	4.42736768985997	5.88008727237356	0.0156277217094589	0.0241330746752264
ALG10B	-0.141913866612004	3.74258319232398	6.37391603122107	0.0118555425949464	0.0187056432453732
ALG11	-0.583201217757285	2.64846731094553	50.8927921013244	3.02492258237354e-12	1.6114109529337e-11
ALG12	-0.441000922289174	4.25652934068785	43.3994006940684	1.02886217918342e-10	4.64401811361973e-10
ALG13	-0.103474670369377	4.94285024267317	4.24558403959784	0.039812963639892	0.0570202422538162
ALG14	0.0368052763892032	3.97600953896254	0.377309851458345	0.539295458288609	0.595217476521696
ALG1L	-0.172826379261554	0.498733030641143	1.08834108518927	0.297288315902181	0.352903477040344
ALG1L2	-0.330484388111729	-1.85681770086602	6.68759948458134	0.0099593989277118	0.0159238849742646
ALG2	-0.0700829033808271	5.62287106015067	2.3568362520697	0.125298583958173	0.162260503901308
ALG3	0.281578502669388	4.97479684621337	22.1846350702602	3.12541198506981e-06	8.31070726292936e-06
ALG5	-0.0112304490968543	5.62566286733111	0.0493437414015445	0.82428999884969	0.85328990240978
ALG6	-0.0889582256818268	3.3912179076965	7.24293875517797	0.00733033468879142	0.0120045749240879
ALG8	0.19542467287635	5.24868472188873	24.4331091344931	1.01742365605665e-06	2.8848817004504e-06
ALG9	0.00955805019046438	3.22287486994978	0.0573603597434766	0.810805178518021	0.84182763927778
AMFR	0.533476133998884	7.21996243012308	90.8553989868088	4.62303849133441e-20	5.69728843601035e-19
ANKFY1	0.538403267139404	6.50793359008666	47.6235904193046	1.39973153070716e-11	6.91282505967167e-11
AP1B1	0.113526430362426	6.97853289681945	5.29391763163661	0.0217657925018801	0.0327837219916827
AP1G1	-0.0425662983048266	6.73010492130278	0.995498857069376	0.318832184711884	0.375145867083734
AP1M1	0.235616425031313	5.44919534470997	31.5360573956217	3.08310408569806e-08	1.04819698911407e-07
AP1S1	0.847046575299378	5.58362595949475	158.728955875551	3.16489269385851e-32	1.50620120475903e-30
AP1S2	0.336052903402352	4.48486285951333	18.6545428759552	1.85286232852972e-05	4.44305034748494e-05
AP3B1	-0.0830339421552634	6.30233916102614	2.87833232163343	0.0903335796197355	0.120681704964895
AP3B2	0.599237442323755	2.99987604274489	25.3521937059321	6.44565305854741e-07	1.87049740218477e-06
AP3D1	0.0545078285418978	7.52317992331418	1.65515207043775	0.198789706476951	0.246469025724223
AP3M1	-0.0916754733398034	5.57993251639265	3.04555299705288	0.081505964527001	0.109822611219609
AP3M2	-0.00931033181328724	4.43661401442759	0.0401867777635891	0.841188470824837	0.867245882529295
AP3S1	0.322431955385481	5.71936538073366	33.6742884719043	1.09011953121228e-08	3.91265870308558e-08
AP3S2	0.0132480674092377	5.21974950908524	0.0693509935535527	0.792380762907087	0.825837569901671
APPL1	-0.308413141096226	5.83789409289821	32.7044280706999	1.74571274414419e-08	6.10610660284733e-08
APPL2	0.0537906131298798	4.90584147471838	1.231537404762	0.267583630034936	0.321561045218453
ARAP1	0.67279298693855	7.70605316477613	114.087303553925	2.2795892756343e-24	4.61947736436603e-23
ARAP2	-1.012059583029	5.92498027738831	225.921851163685	3.71912382385813e-43	6.92252914414127e-41
ARAP3	0.93293180611676	4.66495858391775	119.005706561074	2.92469317725973e-25	6.56762199805026e-24
ARF1	0.145053481031827	9.04045159875671	12.6272694226001	0.000412174177514516	0.000821601835045594
ARF3	0.304820262218293	8.15788227772636	66.2830065112055	2.53756959832406e-15	1.90533124843548e-14
ARF4	-0.248337581532468	7.57182090736337	21.6768155649763	4.03173662508624e-06	1.05607711784809e-05
ARF5	0.436059637982981	6.84998202118106	49.6945403274191	5.29747023753781e-12	2.74520173497319e-11
ARF6	0.32466060988776	7.03703960317892	23.7608570045442	1.42185938519329e-06	3.96234697029356e-06
ARFGAP1	0.215181133611373	6.25834929150115	15.6896141566658	8.42470690512276e-05	0.000185146086331926
ARFGAP2	0.046698819244864	6.77176406262195	1.57994053000276	0.209292232849683	0.258267211464265
ARFGAP3	-0.517877679602763	6.20813544155896	75.760268273857	3.5697867042381e-17	3.23482150393419e-16
ARFGEF1	0.216588345635485	6.59120063587876	10.0738933878178	0.00158624011956002	0.00288980219852855
ARFGEF2	0.0229200165964328	7.00798486455855	0.0712577499288546	0.789612301800815	0.823586572543455
ARFIP1	0.195558088993195	5.57883070897393	23.9511038774264	1.29327252380806e-06	3.622085597219e-06
ARFIP2	-0.0412942106409234	6.03748933651336	1.0967652189203	0.295428004639453	0.350993612320576
ARHGAP1	0.492967245269972	7.19965479586589	94.4375545804133	9.77842663749001e-21	1.30213197958055e-19
ARHGAP24	-1.57764408362484	4.78985045514062	100.785885202189	6.37167293660717e-22	9.74482030134296e-21
ARHGAP5	-0.0948658337024665	7.07316022073295	2.27785825307057	0.131795856969917	0.169947467231492
ARHGDIA	0.241950827917598	7.5311121196096	26.4722317196482	3.70194027986622e-07	1.10714538624706e-06
ARHGEF1	-0.0439785066777168	6.31264282173673	0.434435233437554	0.510091030406115	0.566973389306182
ARHGEF11	-0.150588398771992	6.05623894676853	6.60339638751825	0.0104354948884075	0.0166290262892957
ARHGEF2	0.995190624347138	6.99973252711166	187.395982892659	5.18810604507822e-37	4.49540443795605e-35
ARHGEF6	-0.283115056580869	3.6547628767831	6.06520055902757	0.0140863767227123	0.0219497999682695
ARHGEF7	-0.076437156519601	5.48829960450377	3.27600992419975	0.0708345207680126	0.0967458331263518
ASAP1	0.343432603070087	5.33884363422414	19.1459921676105	1.44418088984518e-05	3.51062952501012e-05
ASAP2	0.216927632024066	5.48505347852472	2.03113156957399	0.154661831635247	0.196538004719859
ASAP3	-0.405025289927467	5.87987878940618	41.5857601602928	2.43604518916567e-10	1.05776643361595e-09
ATF4	-0.173475369938115	7.88595807565671	5.41111432854107	0.020364248081627	0.0308446549605258
ATF6	0.0272932787148198	6.24615103298536	0.217419445999764	0.641194210803581	0.691291377228832
ATF6B	0.175053224296312	6.9997093407454	23.2089806003396	1.87247724418115e-06	5.12768179945335e-06
ATXN3	0.0208884489516806	4.67584823979873	0.365946022287077	0.545466926138888	0.600951110137583
ATXN3L	0	NA	NA	1	1
B3GNTL1	0.142534715926621	2.36261656239134	6.04138688323902	0.0142755258325551	0.0222231832975659
B4GALNT1	0.35237881672664	0.557033557948554	4.56778404755955	0.0330103448407745	0.0480303384573817
B4GALNT2	-1.84149236620469	2.65750875341135	51.8418524764503	1.94258203186727e-12	1.0588546919037e-11
B4GALT1	0.114983934592621	8.09165946982368	2.37842670661773	0.123585143652318	0.160264617314107
B4GALT3	0.408173563558396	5.68357287138795	90.0749448100506	6.49299546128003e-20	7.84403797841561e-19
BAG1	0.269232799713319	6.73445417938672	16.0735587156889	6.91649293050887e-05	0.000154007651181061
BAG2	-0.531481261591724	3.75353390739225	55.321992972427	3.85613029339927e-13	2.27564213275098e-12
BAK1	0.12767146173708	3.55279979303878	4.43183412355607	0.0357184921998526	0.0516299052000631
BAX	1.14728551935942	6.00624150261717	167.210128693868	1.16027859322604e-33	6.40779791001843e-32
BCAP31	0.286007106538314	8.06379493725501	22.8713553125563	2.21649243474167e-06	6.01663842499608e-06
BCL2	-1.41627444130369	6.34580615945809	153.058090552437	2.9520333094544e-31	1.24670072268857e-29
BET1	-0.0350090369122281	4.47543348683921	0.51293057181296	0.474170935224382	0.532345959267191
BET1L	0.102739313717363	6.4494055072533	9.91182642057358	0.0017294752192738	0.0031314492945606
BNIP1	-0.121728344648054	3.35463790659258	3.33138135763512	0.0685012303006046	0.0938293221582771
CALR	-0.429763433903183	10.6679659422804	21.1358310590284	5.29070720260365e-06	1.36227985026155e-05
CANX	-0.435435294495256	9.91464203794011	42.0708470876463	1.93384582034234e-10	8.48057203727089e-10
CAPN1	0.327870598430974	8.19072353441463	33.9299350282299	9.63055755574314e-09	3.47796278040692e-08
CAPN2	0.431984062315263	8.17576053032886	35.2000698909636	5.20879533409146e-09	1.94453438055341e-08
CKAP4	0.242731021889552	6.24241836517069	17.0740419391159	4.14354728224408e-05	9.48260984592251e-05
CLTA	0.771156775435366	7.77438691268014	119.510301271838	2.3712223622563e-25	5.37762414429389e-24
CLTB	0.427842097525186	6.4265418786743	28.087270539902	1.66927484293794e-07	5.20157964451197e-07
CLTC	0.191197881677854	8.85035770806103	8.70579548220422	0.00330442204418965	0.00572131999768466
COG4	0.400926078227271	6.23504752593599	101.772388444011	4.17867753443796e-22	6.51780317103395e-21
COG6	-0.0874738921540813	5.02429339112865	2.12989616437828	0.145010136720672	0.185426426925706
COPA	0.0490377650334895	8.07368081437533	0.999479684143657	0.317867376996885	0.37418586382356
COPB1	0.0256386448037028	7.25366640784962	0.260705639394569	0.609836598222658	0.662028515148354
COPB2	0.0893275568503037	7.40957442862796	3.43449726929632	0.0643727678051876	0.0886382217879749
COPE	0.250671163231664	7.30077478754851	12.1803020832138	0.000520914291728347	0.00102341580309481
COPZ1	-0.0427294654130804	7.65737433468643	0.841546897218023	0.359348859024623	0.417115582482018
COPZ2	-0.639729617655302	4.07627085304939	27.6196923847626	2.10139992444818e-07	6.46236412942526e-07
CRYAA	0	NA	NA	1	1
CRYAB	-1.23671052178567	7.57701841195732	70.0181904623548	4.68688407153583e-16	3.7832323465966e-15
CTBP1	0.493762418191731	7.21510942527592	162.729896678663	6.62032721852652e-33	3.40892586776915e-31
CTSA	1.03623537199703	7.15651972962061	152.607503723373	3.52788643614343e-31	1.47012819846454e-29
CUL1	0.137759321681489	6.18561167702323	22.9526778392373	2.12821477605151e-06	5.78763862474268e-06
CYTH1	-0.231262830716056	6.25431407376547	31.1695143733537	3.68666579993455e-08	1.24320769249715e-07
CYTH2	0.178668446078651	6.97370417743471	13.240587585322	0.000299239660690126	0.000609688980282291
CYTH3	-1.03116385763518	5.77022218849936	206.326249916745	4.53481275779309e-40	5.9974092093592e-38
CYTH4	-0.177343859296695	3.35171725290337	0.971183421399149	0.324809962879451	0.381375858475531
DAD1	-0.0530652975238069	7.16354604099883	0.940934100592616	0.33245567198267	0.38966118408417
DDIT3	0.397452435496319	6.1569900498506	6.93126632312251	0.00870351822220232	0.014065342201267
DDOST	-0.113669779128315	7.99502188467597	6.96270230338424	0.00855378335332809	0.0138364947415413
DERL1	0.452666578681314	6.57738671855527	77.6300829726503	1.55207603902793e-17	1.46839483089962e-16
DERL2	-0.136958347318737	5.718152488968	7.26253547103725	0.00725180350665174	0.0118836127895621
DERL3	0.256555771424188	4.82195505042419	1.18850707004987	0.276098855737283	0.3303248129775
DNAJA1	-0.256615391498436	7.39580438329467	17.4727483100203	3.38046262980143e-05	7.82680042031239e-05
DNAJA2	0.0187982678760104	6.3245896526385	0.279754810306976	0.597071128492702	0.649693430719151
DNAJB1	-1.21353632879313	6.99282945987873	167.746961774637	9.42450745542773e-34	5.28613891383902e-32
DNAJB11	-0.254806990496888	6.38866196620926	12.8948490339289	0.00035838160111658	0.000722021038472303
DNAJB12	0.351328657749313	6.22115034990646	83.4057352749339	1.20465079958128e-18	1.27777396757613e-17
DNAJB2	0.13767799045034	7.50036629902455	5.80251531460213	0.0163244934757527	0.025117988614213
DNAJB9	-0.379041633619428	6.08727601654379	21.8352322807985	3.72369389075139e-06	9.79882501694427e-06
DNAJC1	0.134834223700589	5.78071174681027	4.78593164215384	0.0291049588373025	0.0427689710914466
DNAJC10	-0.120906988847638	6.84010250890927	5.67492265605934	0.0175412744238462	0.0268586401634518
DNAJC3	-0.359150436695663	7.02884281480175	21.6405956764446	4.10569741103361e-06	1.07388325746281e-05
DNAJC5	-0.0278691747031544	6.99531356739511	0.447346108255944	0.503873019960426	0.560955263194612
DNAJC5B	0.415744152486034	-0.705809859117617	2.56842814990545	0.109578758595043	0.143740605866373
DNAJC5G	1.16538833071985	-2.34913457613126	15.3805363908496	9.87723542588306e-05	0.000215073805703284
DNAJC6	0.0241297242395071	2.09264900879313	0.0392175550286769	0.843090009175781	0.868778583168711
DNMBP	-0.156085377165332	4.79251757973489	4.96814661232079	0.0262135304868995	0.0388724457996347
DOCK5	-0.393616838087776	5.48810586878718	18.3107772590226	2.20633060701935e-05	5.23469695903903e-05
DOLK	0.637989457092367	4.60137416172075	154.2487047423	1.84442728607562e-31	8.06030762513185e-30
DOLPP1	0.22385843164659	3.94743239662466	22.381399636659	2.8321119981877e-06	7.57803325422857e-06
DPAGT1	0.117994977573699	5.15670979445609	9.92916963097712	0.00171353888310758	0.00310505553145795
DPM1	-0.083859348404488	4.94558120348477	4.18989100576188	0.0411310061580517	0.0587539038564904
DPM2	0.127853245357836	6.019842399764	3.28147691953732	0.0706003953178862	0.096462766219773
DPM3	0.374088174489347	5.10527656586149	12.1184298402889	0.000538103614401694	0.00105512817968675
DPP6	-2.73536531462108	4.41580557803383	91.6573444407603	3.26246084807185e-20	4.08262530828433e-19
EDEM1	0.763401113051024	6.54578476418775	69.9714705956689	4.78662187676843e-16	3.85754440408715e-15
EDEM2	0.435729645782293	5.0160452444091	91.6834676500614	3.22565134744904e-20	4.03857334622319e-19
EDEM3	-0.143955889594557	5.33192940542192	5.51228636119692	0.0192297111062803	0.0292478772882157
EEA1	-0.0821284331037815	5.05179250486843	1.2476311819652	0.264483447528654	0.318307393529385
EIF2AK1	0.158228925579871	7.25136614290604	16.1044244814777	6.80778379900845e-05	0.000151721500045662
EIF2AK2	-0.0807253423910424	5.95070665698118	1.69017210489156	0.194112062706096	0.241181166518927
EIF2AK3	-0.459838292667935	5.15664929667893	30.120784020112	6.15455598468758e-08	2.0226482184571e-07
EIF2AK4	0.0154542078863944	5.99803973778542	0.117218907852042	0.732198811459209	0.773802066465366
EIF2S1	-0.0310201593415286	5.88978885720288	0.614104139893981	0.4335773569155	0.49199042465421
ERLEC1	-0.0992747686629149	6.71169168634841	4.66195642014521	0.0312611566681817	0.0456916207979333
ERN1	-0.0653401993318245	5.15067478032417	0.416108677956801	0.519148810202093	0.575767811394191
ERO1A	0.62379412249456	5.99773259148182	91.904297896404	2.93068027168074e-20	3.68579248582551e-19
ERO1B	-0.982735187374645	4.96987545646335	75.0110562069078	4.98783017813368e-17	4.45553489925855e-16
ERP27	1.96404560760329	4.66648111370257	82.6459565382793	1.68370208011358e-18	1.75990290636831e-17
ERP29	0.185022989749378	7.77510877829443	8.68388758116318	0.00334375607853288	0.00578384406562774
ERP44	0.0522863074924243	6.63536558233474	1.00133136722135	0.317419904248236	0.373729142252351
EVI5	-0.0253616151345067	4.84899445007645	0.211833322576843	0.645512547810637	0.695231207465847
EVI5L	0.400991533464306	4.79946788585435	83.5256101779497	1.1427123435825e-18	1.21463941495521e-17
EXOC1	0.075694502548293	5.36817515801354	5.93485443890831	0.0151543572153736	0.0234698729188233
EXOC2	-0.0206080179431095	5.30005880787826	0.225071027244438	0.635387492391095	0.686061228463538
EXOC3	0.047045190306396	6.06082118197919	1.65301405818397	0.199079546116733	0.246791851742539
EXOC5	-0.0694719410291902	5.73189270335697	1.44517968633101	0.229810077115705	0.280964706746628
EXOC6	-0.124715847564102	5.89620161371272	4.30036712869841	0.0385597566576965	0.0553832275104086
EXOC6B	0.473690051953859	5.41805992296074	24.9266604859692	7.9612212085759e-07	2.28601950096098e-06
EXOC7	0.16752462675021	6.40613935485825	15.2733366384109	0.000104380643599177	0.000226637588556132
FAM71B	0	NA	NA	1	1
FBXO2	1.50513916560872	5.16262616051449	74.8719795547092	5.30760882212948e-17	4.72606642390041e-16
FBXO6	0.473520835192592	3.93560046817818	28.6550577553176	1.2626823420071e-07	3.99756606903799e-07
FBXO8	-0.255201096383071	4.72714975095456	35.7186811699842	4.05495928172016e-09	1.533148011301e-08
FUT8	0.295354157111385	4.96163334077442	15.8562069795736	7.73328064280665e-05	0.000170997778944426
GALNT1	0.0292409909844707	6.22243417464671	0.183088211682971	0.66889678092079	0.716348264187079
GALNT10	-0.296482534056369	6.28954488761037	5.90597881628183	0.0154020599775544	0.0238211954893818
GALNT11	0.0527249488017794	6.29911096041788	1.35051660799062	0.245681883855473	0.298294084727499
GALNT12	0.756679189017604	5.53457055451961	76.1283843090094	3.02924976603098e-17	2.77907952248363e-16
GALNT13	2.54815508993116	-1.16387754698073	41.2451743671669	2.8651336221602e-10	1.23596699841445e-09
GALNT14	0.527294655826853	1.14128288409146	9.13419311641276	0.00262323904737073	0.00461343440525837
GALNT15	0.634703544220881	3.02793170203947	14.6839274183409	0.000141490578608853	0.000301788919385728
GALNT16	0.394417276785508	3.42096550117564	4.27459551962471	0.0391440529748782	0.0561294089906836
GALNT18	-0.458046897846899	6.14724230990732	17.5182932483822	3.30284548157541e-05	7.66050408538184e-05
GALNT2	0.310033033071775	6.53989844850106	34.6217601905096	6.88914810365197e-09	2.53011566133538e-08
GALNT3	0.197968095312717	5.81374658398238	3.4009171529298	0.065687167481234	0.0902700106354087
GALNT5	3.48733676111381	2.2185280800757	84.2958516756953	8.14236086918244e-19	8.77363824703329e-18
GALNT6	0.497524689775588	3.27490068809747	9.54091389373865	0.00210885505011812	0.00377001349597099
GALNT7	2.29559510141519	6.64338437307532	267.216130673609	2.06318650366976e-49	9.09539481828309e-47
GALNT8	-0.761985040834974	-2.07536167618426	20.3714766912014	7.77417523101489e-06	1.95819441865419e-05
GALNT9	-1.20570841647755	3.14942922092657	34.2217804957872	8.36081512785011e-09	3.04258598888657e-08
GALNTL5	0	NA	NA	1	1
GALNTL6	2.78323164874497	1.12240813272078	113.674282543304	2.71052196895765e-24	5.4227703850293e-23
GANAB	0.0389261414792231	8.84750063377019	0.849127152545975	0.35719540275692	0.414845908692729
GBF1	0.267277295540858	6.92141467731129	36.935625368582	2.25589717287798e-09	8.75462303630547e-09
GBGT1	0.224222448514097	3.19404107756721	9.91059636682734	0.00173061119721699	0.00313328036340287
GGA1	0.206590973705035	6.28123837475133	18.8090061438818	1.7131923538294e-05	4.1242668583086e-05
GGA2	0.351557593550213	7.68890407116726	29.8959978406306	6.87038337203459e-08	2.24585655486516e-07
GGA3	0.473533051152635	5.43600051748288	71.0749088095015	2.91236022617993e-16	2.40967361749915e-15
GIT1	0.414535069489563	6.39739794682037	99.9399795845673	9.15350028816878e-22	1.37155131330414e-20
GIT2	-0.187257555823664	4.83154689342759	10.1116549465761	0.00155463502358995	0.00283633695438671
GLT1D1	2.71529613279299	3.819992698172	205.494934572164	6.15529699599214e-40	7.97269602656136e-38
GLT6D1	0	NA	NA	1	1
GLT8D1	-0.109828546164465	6.36774195782098	7.37614176395969	0.00681322438548184	0.0112131714932138
GLT8D2	-1.83520139396757	4.03959059008845	124.065918495849	3.59422094839097e-26	8.84579666906643e-25
GMCL1	0.192018193917149	4.91377951520931	12.7725133076207	0.000382032851927997	0.000765833386776762
GOLGA4	-0.277495073604039	7.31905181890357	12.1832576150378	0.000520107245021647	0.00102191374250559
GOSR1	-0.0737261261861274	5.74727757479795	3.84603123841635	0.0503580118428093	0.0707280823646589
GOSR2	-0.107713263229699	4.3534230942927	7.58812699878	0.00606607173342603	0.0100568090351588
GPAA1	0.162038458359186	7.14277371999587	6.78459309345915	0.00943855566489411	0.0151537937989559
GPLD1	-0.16074819352728	1.76667514555448	1.81565581627484	0.178375087177686	0.223562730839488
GXYLT1	0.240004306961063	5.29414286818617	16.616449073237	5.23621139581006e-05	0.000118274323358688
GXYLT2	0.606388644416268	4.56475278750936	33.6528665552127	1.10150310662974e-08	3.95251019930278e-08
HAS1	-0.224154350188551	-0.170657020626367	0.329913948431864	0.565939955135182	0.620054030636008
HAS2	0.50172337607887	2.06784042148557	2.46106315219033	0.117263501441308	0.152847663876812
HAS3	-0.609052456155457	4.49174857475241	13.6515889465283	0.00024161194554435	0.000499936179812123
HERPUD1	-0.555750257251366	7.54347410037607	44.4838102901465	6.15505008821424e-11	2.84570558632286e-10
HSP90AA1	-0.0233599210259727	9.50673826633832	0.129806264509906	0.718768574257609	0.761755239727761
HSP90AB1	0.167707252155742	10.2713518812643	11.9780099273942	0.000579278072203568	0.00113065864520206
HSP90B1	-0.550903635287782	10.9041584599082	37.6012380885894	1.63807127519177e-09	6.4668428912834e-09
HSPA1B	-1.07842799209238	6.76716234526088	83.0278580482391	1.42283588227375e-18	1.49907840879558e-17
HSPA1L	-0.50582676424341	2.47455781128144	61.0744152016321	2.72660658728716e-14	1.82509777105359e-13
HSPA2	-0.443271196508494	3.02020796905233	16.3436307130003	6.02169917746215e-05	0.000135028196603119
HSPA4L	-0.109860810811191	3.1695247916809	0.596765956043867	0.440139890433118	0.498415284668923
HSPA5	-0.533466738974666	10.3635488857396	25.2314851241593	6.8433780015197e-07	1.98042614790035e-06
HSPA6	-2.45392161493484	2.50274025688676	125.248364639672	2.20729602801159e-26	5.54649345918753e-25
HSPA8	-0.195629278760259	9.65910601858922	4.72201847767874	0.03019642659449	0.0442512280554234
HSPBP1	0.240045048539764	5.5041878206959	11.2628408817189	0.000844231605771073	0.00160650146079633
HSPH1	-0.118251420680916	6.88886989903381	1.90550921239663	0.168012620113175	0.211789962787391
HYOU1	-0.813914643573051	7.76116811892092	51.964246452192	1.83485376770389e-12	1.00296292092372e-11
IFT27	-0.248716319675383	5.03338411833539	11.831023843308	0.000625804327707315	0.00121458338971417
INPP5B	0.22986195928761	4.58602976734998	19.8669400075751	1.00285438575327e-05	2.49132229413822e-05
INPP5E	0.0612775594156074	4.1937893866236	1.78396018780233	0.182205304017879	0.227772492879024
IQSEC1	0.00131564899364216	5.84844668837634	0.000725088616527224	0.978527157883353	0.982358386867475
IQSEC2	0.178651722877464	4.39915540034046	20.7493873348605	6.42627405914268e-06	1.6375561764338e-05
IQSEC3	1.79080460076242	2.14732835257803	37.3694045905587	1.83112375349415e-09	7.18495903775782e-09
JUN	-1.67474773109787	9.10146069273617	154.594875359718	1.60893593351782e-31	7.09286704165541e-30
KDELR1	0.334458939434349	8.06508373162713	58.0718287699064	1.08294055822009e-13	6.79114807760278e-13
KDELR2	-0.035447346975143	7.88759496180261	0.544887525424934	0.460722817562729	0.518986997790661
KDELR3	1.5657105877536	4.60341096436187	149.699344416667	1.1174735896263e-30	4.42202777324876e-29
KIF20A	0.970938861759921	1.49890920353398	32.0809931851544	2.36421909551223e-08	8.14814119215901e-08
KIF23	0.54451270917516	1.21853341347632	13.2040061666187	0.000304999291742934	0.000620719381462416
LARGE1	0.203601658187505	4.36766064851934	5.47155170737843	0.0196784127664016	0.0298670666824196
LARGE2	-0.147955222115414	4.49205699126978	2.56699227506683	0.109677789200732	0.143847981994676
LMAN1	0.00891316525212847	7.81727460743466	0.0189920764105707	0.890438642718975	0.909070093618917
LMAN1L	0	NA	NA	1	1
LMAN2	0.0973950087655165	7.93273113308891	2.36703783952826	0.12448570199174	0.16131590529877
MAN1A1	-1.00179566839526	5.0953011975364	87.105398344792	2.37399588041162e-19	2.71771154819969e-18
MAN1A2	-0.0282100654395542	6.42284825316927	0.222633939287761	0.637223704380705	0.687571162988593
MAN1B1	0.417384160289379	6.57932059327752	64.4949244251453	5.71899426362297e-15	4.13188291708792e-14
MAN1C1	-0.610157493464868	6.21029368222073	33.4454270018686	1.21810922298234e-08	4.35029115336844e-08
MAN2A2	0.0184794703337066	6.12901297253705	0.0698241291530934	0.791690045655905	0.825391563656193
MAP2K7	0.377255216582567	5.56276826996492	75.9643169634823	3.25919763869028e-17	2.96943866080527e-16
MAP3K5	0.863310878976896	6.42063984085941	42.8432326074595	1.33965477759285e-10	5.9823787544612e-10
MARCH6	0.0302169529245217	7.32895114737619	0.48936186236523	0.484501996158801	0.542296933607054
MCF2L	0.173117865974637	5.31989364572892	4.10642216140703	0.0431931471872373	0.0614202593243675
MGAT1	-0.398853057266979	7.51711935381395	63.6476467316686	8.41283328038115e-15	5.94983604473452e-14
MGAT2	0.0451390232120246	1.40800988593722	0.153962620355013	0.694925940171582	0.739856750471634
MGAT3	3.47475569539505	5.42453980464372	119.968093148866	1.96054090903489e-25	4.48266350884703e-24
MGAT4B	1.23362484854497	7.49554294954264	181.158609403508	5.4960486135605e-36	4.19771153682518e-34
MGAT4C	0.452665128224436	6.24857563308204	9.90820926794664	0.00173281789302557	0.00313663142407871
MGAT5	-0.0288047657469903	6.28822086877162	0.136725781156563	0.711697486980314	0.755184935300086
MICAL1	0.32581632473608	4.76275693719561	6.90176838048352	0.00884646952494887	0.0142752431430077
MICALCL	1.43395908955242	2.00031207971897	40.7964991606974	3.54850829928411e-10	1.5118161502952e-09
MICALL2	1.03181381773168	4.77389011143496	110.793331963304	9.09744765216098e-24	1.72139054671311e-22
MOGS	0.255972241455886	5.90490345775306	41.4171286711364	2.63976253503032e-10	1.14306312218235e-09
MON1A	0.034853690172881	3.95098927954536	0.262462441741537	0.608635041286237	0.660809770024221
MYO5B	0.267229176617579	6.81653306345675	10.5369424729216	0.0012398850554945	0.00229796663773903
NAPA	-0.0395876533957357	6.34052538792204	0.643892863103657	0.422644369992799	0.48116200295302
NAPB	-0.202504881060439	3.96380145589849	23.3445294081178	1.7499723171271e-06	4.81529833385565e-06
NAPG	0.0297349791877883	5.17130504987493	0.382378935887659	0.536583736244985	0.592593333818133
NCKIPSD	0.589352102863568	4.92508762577281	156.192185829471	8.57416111128911e-32	3.86807038428138e-30
NDE1	0.149076590721738	3.68996205353617	5.40382731525034	0.020448599293983	0.0309612197553148
NET1	0.188969188098093	6.32693079793368	3.28598828874402	0.0704078207079787	0.0962173364505972
NGLY1	0.0733281600117078	4.90456570630717	3.2147123997118	0.073517496916278	0.100024238589649
NPLOC4	0.277142903699343	6.52463494636105	84.5575560588321	7.25745388249141e-19	7.8877725414898e-18
NSF	0.174114280141179	5.3222047313807	12.596355071785	0.000418894188554366	0.000834004688217582
NSFL1C	0.186729886585486	6.42268329064572	30.1258650472813	6.13927303669153e-08	2.01815349118243e-07
OCRL	-0.23802027540585	5.79015065889516	15.7778586860779	8.05101983241807e-05	0.000177539294733656
OPTN	0.489674888504052	6.06463921813078	38.0409928650171	1.32624658373928e-09	5.29655501528934e-09
OS9	0.0190687003437016	8.33551879106735	0.162083857473507	0.687398495194322	0.732898395589059
OSGIN2	0.30067992328135	5.19378748831781	14.6497302225997	0.000144014022430777	0.00030678063374369
P4HB	0.175121705054038	9.39722616910435	8.26204801974771	0.00420172370887748	0.0071599697108825
PAK1	0.021284851302485	6.70678348937858	0.118355844525785	0.730953480629991	0.772648454537709
PARK2	-0.723411345028349	1.916743304487	90.7295909803025	4.88308491397242e-20	5.98255278977567e-19
PDIA2	1.08357738185771	-2.92662527680649	15.4156354615097	9.70030163132473e-05	0.000211532742681531
PDIA3	-0.188796173321333	9.80222637114051	6.59306478683974	0.0104955021439539	0.0167129897258095
PDIA4	-0.0222851333766273	8.78039972327323	0.0534960467610565	0.817172181150717	0.847352889363893
PDIA5	-0.534770883084451	5.36558741922625	29.8847090329235	6.90846334326802e-08	2.25712998166219e-07
PDIA6	-0.432180824069652	8.02938292683363	23.5225609607946	1.60123708582798e-06	4.43077695107206e-06
PDILT	0	NA	NA	1	1
PGAP1	0.063335408200693	4.30258062507944	0.518560599821518	0.471756192392006	0.529966452182866
PICK1	0.0438694200596836	4.95167458998813	0.714292737421166	0.398382631586398	0.456498644101555
PIGA	-0.270365033447621	3.62246250765957	14.2302244512928	0.000178936206941996	0.000376449180177367
PIGB	-0.0068255856294022	3.99759354264544	0.0243597179114847	0.876029250703604	0.896873492979146
PIGC	0.250240955017113	4.89916058827515	48.6191957030749	8.76919509222042e-12	4.42741278435433e-11
PIGF	0.00702039476488415	3.60740841296905	0.0245727700296175	0.875492716160431	0.89636945446033
PIGG	0.0163427622659825	5.60095116805028	0.218185354075011	0.640607408523353	0.690806924786491
PIGH	-0.0808196407070424	4.49717008344196	1.70999785298804	0.191521172595445	0.238221167457596
PIGK	-0.219708275011337	5.40071668433475	18.9083245980925	1.6290399635735e-05	3.93298579983427e-05
PIGL	0.360341344006943	3.66554957900613	27.2140281132925	2.56659541797058e-07	7.81264805121316e-07
PIGM	0.109548622710554	4.43621453044718	5.51535803937077	0.0191963088489784	0.0292006083150996
PIGN	-0.473491977601471	4.47125536975371	62.0911539933491	1.71219167635851e-14	1.17135726772493e-13
PIGO	-0.114017306704056	5.45254741784726	3.79977124528679	0.0517574395596103	0.0725192896874031
PIGP	-0.0851088343317369	4.54471597468045	3.03900723749385	0.0818333541931007	0.110234186992829
PIGQ	0.412154413686284	6.73923063690727	38.2868270772487	1.1786829109461e-09	4.73281306907216e-09
PIGS	0.0180485866624586	6.07720889933959	0.0766405998675772	0.782004619191332	0.816611198960774
PIGT	0.169024828532763	7.36304437864428	9.93008604660137	0.00171270097080203	0.00310376099771479
PIGU	0.374121611094421	4.91343665518359	52.4039369656422	1.49498906581198e-12	8.25809743805745e-12
PIGV	-0.0282260941227502	4.82365142063106	0.39312223697607	0.530917798157048	0.587265150860162
PIGX	0.0533095799175636	4.37938066955535	1.00085372396993	0.317535250964688	0.373829918770647
PIGZ	0.423844754481755	1.65536378373972	9.4353257260196	0.00223161834900156	0.00396960310274171
PIK3C3	-0.237790193865397	5.34579315195291	39.0989746290021	7.98662617155447e-10	3.26853326447591e-09
PIK3CA	0.071397461375627	4.83597871642989	0.826226009927565	0.363756345857369	0.421511157883513
PLAA	0.0263445826345169	5.03321010172322	0.339368161743939	0.56042817577952	0.614819436847316
PLIN3	0.283533502310401	6.15585876647195	27.8440490111396	1.88156342390833e-07	5.82265095024244e-07
POMT1	-0.0269722358466184	5.06384965340654	0.378839811237661	0.538474366970029	0.59442006296283
POMT2	-0.173713744921882	4.85426294203618	11.2026690238989	0.000871490850824654	0.00165511466249882
PPIA	0.208449625332955	7.99565692248259	13.5674488929514	0.000252417099265338	0.000521049607355574
PRKCSH	0.304580169714629	8.57316936219258	43.4403573129073	1.00906868456142e-10	4.559589625186e-10
PSD	0.883187518191608	2.36310058745214	54.3518758005771	6.04541935686034e-13	3.49699119703468e-12
PSD2	2.18729704540227	-0.0141682385646754	75.643578695824	3.76058596331787e-17	3.40158402038342e-16
PSD3	1.97822810517145	6.78380292203359	176.939220638326	2.74449528627801e-35	1.95364525647574e-33
PSD4	-0.0846160176411122	6.62699442126391	1.82041659921167	0.177807871545822	0.22290741350047
QSOX2	0.115037953425313	5.11234999602607	2.11571429648293	0.146353166987318	0.18697251411141
RAB10	-0.198143167523589	7.17058519833428	17.5606732646106	3.23223672640297e-05	7.50713046132304e-05
RAB11A	0.462015957937467	7.62571648872796	113.669729010338	2.71570277502565e-24	5.42881299370283e-23
RAB11B	0.0876866248685894	7.93971522227858	3.2622999211297	0.0714253316895759	0.0974639538088899
RAB11FIP1	0.293318004655649	6.04781916807714	2.8548425521082	0.0916546453269666	0.12227756452222
RAB11FIP2	-0.432357166931156	4.9303606206991	40.7994903989951	3.5434488518181e-10	1.5099166143545e-09
RAB11FIP3	0.222130107689851	5.98131835141388	32.8908431753441	1.59451374150194e-08	5.60298437931207e-08
RAB11FIP4	0.505156914299006	5.79053337225556	40.8291956091631	3.49359644204341e-10	1.48968422527858e-09
RAB11FIP5	0.380025482965844	5.29332256682109	44.1220792644301	7.30472038636623e-11	3.35195423426973e-10
RAB12	0.165439651331233	5.08459700343028	9.6460725163328	0.00199341403543737	0.00357789342017644
RAB13	0.20432085917239	6.91628391247223	14.4876395309183	0.000156607690565075	0.000332031559949309
RAB14	0.226903629735556	7.24429720045053	25.1164331933435	7.24543394805256e-07	2.09123896446893e-06
RAB15	1.24588403021745	4.96180088490148	129.444649633437	3.93979467853565e-27	1.07490945366171e-25
RAB17	-0.373006618772149	5.39012769156728	19.099429282457	1.47865252610948e-05	3.58921760781289e-05
RAB18	0.177891291732696	6.96499995315239	10.2178168122207	0.0014691658361487	0.00269095408781576
RAB19	-0.157947183948511	0.362509337668128	1.27543877392786	0.259231420785511	0.312885688145364
RAB1A	-0.340513190819321	7.42802339583907	61.304725783328	2.4536717490442e-14	1.65252918011211e-13
RAB1B	0.16163475499318	7.6204542032444	14.6773044830234	0.000141975779147748	0.00030277241605912
RAB20	0.212985350520468	5.22785276207725	4.49393640790029	0.0344535981902415	0.0499797953656845
RAB21	0.0964743471279908	6.53028188543763	5.08320046881593	0.0245435110727585	0.0365729316394636
RAB22A	0.0847330439462021	5.94599271245755	4.53269911902982	0.0336879664876259	0.0489397711684722
RAB23	-0.852822482899996	4.32534176812485	48.2105007078859	1.0623710084476e-11	5.30404504277199e-11
RAB24	0.292674880852222	3.21797189478491	13.4211603571251	0.000272380261210475	0.000558769793754333
RAB25	0.699023067123852	6.67652678592354	103.974507080844	1.63342652568744e-22	2.66870882558348e-21
RAB26	-0.0268149384047506	1.12211003946985	0.0359726010629327	0.849640674858912	0.874130808952454
RAB27A	1.8351232825649	7.33679295956638	182.549351082535	3.24143828387712e-36	2.54533941241451e-34
RAB27B	3.61583872846657	2.99735245001835	65.7629523141023	3.21321399153712e-15	2.38301267326817e-14
RAB28	-0.176394261675569	4.08337156944826	21.7269012839931	3.93166667636445e-06	1.03126221548733e-05
RAB29	-0.396963769084715	5.68684669521617	19.9796858701151	9.47345339028183e-06	2.36112811734777e-05
RAB2A	-0.0340719142561069	7.42510605715012	0.881334707598195	0.348240305816276	0.405852344722016
RAB2B	-0.14056185121942	4.72500020298619	14.7547670238979	0.000136404427099095	0.000291559241591193
RAB30	-0.313979855754802	4.69283734343552	14.250509084169	0.000177065462413375	0.000372731920878218
RAB31	0.261272271837752	6.4069744171568	7.32271403793201	0.00701599309238613	0.0115219838197163
RAB32	0.56692827457843	3.6653629295135	27.6585946068294	2.06150961167719e-07	6.34512659507895e-07
RAB33A	-0.380339548573517	-0.492384471687388	4.59112924897397	0.0325673836595381	0.0474627779026141
RAB33B	-0.159701172618112	3.69710388616985	9.19848484493116	0.00253413119730632	0.00446954788558386
RAB34	1.18443312883153	7.28721043673428	174.935892424174	5.9087169854961e-35	4.03462609813984e-33
RAB35	0.144634209677907	5.10947080867564	11.0723430241455	0.000933633001713919	0.0017647307106264
RAB36	-0.206084948639468	5.42315113783055	6.45803502499067	0.0113132322360872	0.0179186195794768
RAB37	-1.00788054390751	1.26678223443794	41.5737735079438	2.44998948877986e-10	1.06363745463131e-09
RAB38	0.964559712374076	3.59993721730561	78.2111896085676	1.19875653407052e-17	1.14751825478568e-16
RAB39A	-0.241500803204435	-2.54008816855608	1.42745967961635	0.232684236645059	0.284188271527999
RAB39B	0.221691729993869	2.48078586702624	3.76411339431424	0.0528642734797244	0.0739340715755838
RAB3A	0.218975444156566	1.9621573743024	4.356808728655	0.037311903957672	0.0537291416990476
RAB3B	1.5331994989178	-1.4749984380088	31.1516972307907	3.71886043875645e-08	1.25331981095859e-07
RAB3C	0.614127465819479	-0.330206557578436	6.30326927171906	0.0123316582983025	0.01939232177982
RAB3D	0.598210077773292	4.57280645202926	76.5353134429871	2.52675031394424e-17	2.33770920061822e-16
RAB3IL1	-0.612913870193859	2.73522398626732	30.0824388063476	6.27113288273118e-08	2.05853725770436e-07
RAB3IP	0.0461816256522038	4.57345216831689	0.49689307108797	0.48116096042436	0.539094070935798
RAB40A	-0.109707406037362	-0.431820195784905	1.44634314541893	0.229622870469083	0.280778022414325
RAB40B	0.00115613049425683	3.97869211699305	0.000398403962694448	0.984082329931598	0.986792002335336
RAB40C	0.304857773225725	4.64054444547323	39.9626873775411	5.28366870462546e-10	2.20838368612489e-09
RAB41	-0.187128294994393	-0.0575877184137049	5.78459631957729	0.0164899656284393	0.0253555168468623
RAB42	-0.139908872701305	0.631499893468456	0.839817474163874	0.359842671085606	0.417592326192173
RAB43	0.0531197068653221	1.78701577295335	0.255301953513052	0.613564710343383	0.665463268438163
RAB44	2.00756249184431	-2.76376505792226	79.6376225895343	6.36551372014945e-18	6.24327200468054e-17
RAB4A	0.158478180817389	5.69868337895983	6.82712145749542	0.00921909097701626	0.0148279663362008
RAB4B	0.0534974074989137	3.95948837540318	0.370163811168208	0.543161192720614	0.598830925354667
RAB5A	0.0647170373981494	6.25901285343457	2.28848732982972	0.13089990760223	0.16884414959339
RAB5B	0.140755965478019	7.77190269065517	20.2057201933002	8.45204228561921e-06	2.11959000551936e-05
RAB5C	0.152295490691641	6.98836950977525	12.6834221193447	0.000400245782658813	0.00080001675851796
RAB6A	-0.0476547937661194	7.19464803931399	0.91006361300132	0.340508325698322	0.398096738852065
RAB6B	-0.247634374846927	3.78740476518335	7.47998430250387	0.00643611995510009	0.0106266392162268
RAB6C	-0.599385814151951	-2.68215269231844	12.6437096707191	0.000408645027558537	0.000815149023774782
RAB7A	0.294661678800747	8.47508891598216	52.5477651126899	1.3981496473995e-12	7.74872173353652e-12
RAB8A	0.0382206360464265	4.90404007736714	0.928032995745545	0.335789548542589	0.393201909491503
RAB8B	-0.294487853873664	5.02655605844655	11.7755013223389	0.000644349036640314	0.00124749230238831
RAB9A	-0.120303266963111	4.54523987206692	7.75782228784706	0.00552873423347567	0.00923403348745607
RAB9B	0.0987193245442896	1.72237084245314	0.916895087444116	0.33870393067247	0.396263728929035
RABEP1	-0.00724240255011445	6.03898656687343	0.0264286895133123	0.870916301169016	0.892402431014763
RABGAP1	-0.411753326310671	6.66910295846195	74.70292435252	5.72416524004538e-17	5.08616775643071e-16
RABGAP1L	-0.132801783522576	5.06633034384583	2.5843458088871	0.10848751137656	0.142390921173685
RABGEF1	-0.242393429779085	3.02896130141529	12.7793421943952	0.000380671919189925	0.000763226999553533
RAD23A	0.243305327095936	6.51770420768524	26.4601356042897	3.72414126782458e-07	1.11338752858889e-06
RAD23B	1.17106352285402	8.16461045420815	164.613325772233	3.17943872795915e-33	1.6749043261249e-31
RALBP1	0.127004349437178	6.2136092125395	4.57768732090207	0.0328216705268979	0.047777947920281
RASEF	-0.187677399582153	6.29685326670942	4.06085344216276	0.0443646984462967	0.0629472694838251
RBSN	0.0244252729260683	5.7319726712733	0.1911256010131	0.662149640333873	0.710197036123851
RBX1	0.110829028666448	5.82731231427192	2.32394573834181	0.127959911962932	0.165408543021995
REPIN1	0.0807601396718362	6.6018043925765	3.06127721590272	0.0807252840140042	0.108852424829831
RER1	0.104982519317304	6.56652392364742	11.7891426241911	0.000639741819660567	0.00123914533603875
RFT1	-0.086650647916822	4.67082958487678	7.24292347115916	0.00733039627647267	0.0120045749240879
RFWD2	0.091247123700258	5.42969353717825	6.63905184153308	0.0102310999213266	0.0163271357057725
RNF185	-0.0378920925916382	6.04594578143303	0.344658905748223	0.557388419273017	0.611858643112681
RNF5	-0.0418050714077108	5.75715555755333	0.60288026288636	0.437808355254713	0.496132783928945
ROCK1	0.190679696017998	5.88218190110412	5.67903693769743	0.0175006095012453	0.0268012747164366
RPN1	0.0872372178044416	8.68503588651806	2.84441480685088	0.0922478312439892	0.123003635102094
RPN2	0.205275442664825	8.74568919204606	14.2671099492324	0.0001755491672316	0.000369973955732253
RRBP1	0.0228132278457147	9.61402067833799	0.0876279352189719	0.767324208483359	0.803991439861973
RUFY1	0.354441687734241	6.22253598972312	79.047241126617	8.27043574580821e-18	8.02082244001037e-17
SAR1A	-0.071008621184778	6.88063047071714	3.96431113893464	0.0469590276532054	0.0662988227255728
SAR1B	0.154092621275987	6.04910959891838	10.7098201216312	0.00113120773905195	0.00210883508174919
SEC11A	0.26793949079089	7.3753072441917	39.6331911811153	6.18506572661599e-10	2.56508221783143e-09
SEC11C	-0.428492130915993	6.1968074027059	29.5097532720642	8.30145515517965e-08	2.68951734320983e-07
SEC13	0.230582921548551	6.82160222064013	23.2716984786912	1.81475687409985e-06	4.9821054006753e-06
SEC16A	0.0995333753615911	7.0243059357058	6.4973355582697	0.0110686820591531	0.0175589547211111
SEC16B	0.390627826802422	-1.91081849731104	7.00087937785823	0.00837548909839234	0.0135745156130291
SEC23A	0.489260255978848	5.76327068766507	33.9395655272873	9.58571529863629e-09	3.46375976451154e-08
SEC23B	-0.216620909766442	6.49453899929312	9.07664833411532	0.00270570026336641	0.00474550402860831
SEC24A	-0.110027700566386	5.31426580628344	2.46148178367562	0.117232403729535	0.152822984069089
SEC24B	-0.0316556007687968	5.61397410614459	0.364646623292255	0.546180925891853	0.601528560909777
SEC24C	-0.147266222579527	5.65958708057329	1.80275662633804	0.179922499594827	0.225277421387155
SEC24D	0.00017457950939358	6.16384500195077	4.41597907845181e-06	0.99832405506471	0.998522742334356
SEC31A	0.0455167935992596	7.77322848398528	0.744360695898221	0.388636161920691	0.446756460805303
SEC31B	0.000760790399901586	2.64248025542192	3.99322277122737e-05	0.994960291283302	0.995832159617893
SEC61A1	0.271116469220345	8.43618476304291	30.1577821882247	6.04413995405048e-08	1.98870169916696e-07
SEC61A2	0.109304180600074	2.65959253814481	5.04524782330763	0.0250817950663882	0.0373086690598592
SEC61B	-0.151181689741246	6.40395599267247	4.64820155915869	0.0315104719956579	0.0460265732899431
SEC61G	-0.150292149697668	5.58224014070385	4.1275154450669	0.042661940923605	0.0607542097318235
SEC62	-0.30857510597249	8.02139352621709	30.6529268942452	4.74447865989242e-08	1.58052843385625e-07
SEC63	-0.0479044423450179	7.58301175581998	0.908349282876686	0.340963163337329	0.398535787903079
SEL1L	-0.24769767457332	7.09674036999844	10.1478688995883	0.00152492626602723	0.00278577587878824
SELENOS	-0.206553848119215	5.88847417445904	18.8908213475911	1.64356208240373e-05	3.96614117032949e-05
SGSM1	0.122307838164433	3.63746599537387	1.85947653481608	0.173232046302744	0.217735837309691
SGSM3	-0.352367164155776	5.90051540989693	40.8935901943211	3.38793276213089e-10	1.44822541568247e-09
SIL1	0.373654178486981	6.81513993060251	20.1035098086883	8.89940500302181e-06	2.22511690463614e-05
SKP1	-0.0114347391638385	8.35984663169778	0.0647796408660828	0.799188302510258	0.831725146633993
SMCHD1	-0.20117060822285	5.57274974406474	10.6155394018312	0.00118921992564903	0.00220944312692857
SNAP23	0.267293052319673	5.66648057964214	32.0806333102419	2.3646333605602e-08	8.14845132805221e-08
SNAP25	1.69978059511654	1.9398015606797	44.2767343781145	6.78890155465129e-11	3.12782395059181e-10
SNAP29	0.125471730894432	5.21978815207488	9.48490132545351	0.00217309804311882	0.00387383709048594
SNAP47	0.144745288198618	5.14448116471376	11.5533202739958	0.000724305950969219	0.00139135845393735
SPCS1	0.137655657916341	6.88864991110289	8.32773871672073	0.00405461993779131	0.00692573515035144
SPCS2	-0.251604189684595	5.7033735654113	21.4855985238575	4.43795233422192e-06	1.15549545388383e-05
SPCS3	-0.24697281828765	7.14384632197019	18.500261658343	2.00383157342974e-05	4.77997719547585e-05
SRP14	0.201592795875284	8.25644608088798	16.4093681119802	5.82217868390439e-05	0.000130858413210331
SRP19	-0.0262033487489175	4.72586947930814	0.217359374655883	0.641240287808483	0.691311393171939
SRP54	0.0216655985639738	5.8122371373985	0.271951925740873	0.602231166881048	0.654762234397152
SRP68	0.448735310652819	7.10679381381305	109.740870798776	1.41781447824498e-23	2.61002507028132e-22
SRP72	-0.0489121436421378	6.55107944483443	0.853865052108279	0.35585842958913	0.413560753802408
SRP9	0.0535627271244689	6.88881224952446	1.36577509587952	0.243035377552974	0.29540913109617
SRPRA	-0.0444963805146046	7.64534624562354	0.90773532011943	0.341126256191778	0.398707873184194
SRPRB	-0.261522122391474	5.78135383188279	12.2667825134202	0.000497815726396354	0.000980030834604167
SSR1	-0.171667540201112	7.32387784109563	14.4799533093082	0.000157231777589308	0.000333298473702052
SSR2	0.20576173921467	7.28130578043714	9.91258970457569	0.00172877069317745	0.00313062481825908
SSR3	0.293357411164331	7.71643192026099	21.5134356263049	4.37634614448641e-06	1.13992770725256e-05
SSR4	0.300682132517045	7.67711814753715	7.87419669915125	0.00518860537683575	0.00870588113709461
STT3A	-0.209469345134443	7.41569421805858	20.1507068950746	8.68993874385354e-06	2.1755582420599e-05
STT3B	-0.151838634013731	7.48472469238106	8.7955007233001	0.0031482207103448	0.00546895886688863
STUB1	0.314222487279465	5.85130151172669	25.1930758983593	6.97504181710993e-07	2.0171348921664e-06
STX10	0.257608253456391	4.90155754389597	14.0660495496858	0.000194831429360799	0.000407603376652915
STX11	-1.09844048706952	2.92755330301924	68.785009740191	8.1756222558203e-16	6.44205192989189e-15
STX12	-0.238473321863938	7.32342096324985	11.9582581649261	0.000585320468724118	0.00114174295436265
STX16	0.200161596520673	6.09582425799409	12.107227260842	0.000541276801561108	0.00106085355819573
STX17	-0.434228172705201	3.92212884373885	36.9792794438984	2.20900828108725e-09	8.58857497867252e-09
STX18	0.125884786868877	4.68872938901249	13.5166294575561	0.00025917866029346	0.000533852936714281
STX19	0.66392438805551	-2.24348914345298	11.9561002074739	0.000585984481451819	0.00114286076140339
STX1A	0.168619519796952	1.51613312326246	6.37717299110069	0.0118340548276318	0.0186729123835938
STX1B	1.52020524729009	1.02313779756655	71.0855908422452	2.89839928098013e-16	2.39891229026577e-15
STX2	-0.779725066685116	3.50093523511557	131.625664077009	1.61571950386013e-27	4.57204951497717e-26
STX3	0.821379071850115	5.59160610795516	116.733512652706	7.53735100565439e-25	1.61053193937146e-23
STX4	0.32802259027655	5.62985853375684	39.778939147708	5.76870715539273e-10	2.40072993376463e-09
STX5	-0.156682284244984	5.97452969785515	11.1002176340006	0.000919974397760119	0.00174061566650977
STX6	0.346409368847309	5.77010189369142	83.3970716078346	1.20925571228843e-18	1.28211719571239e-17
STX7	-0.233259579772195	6.25055329938456	37.6395612473875	1.60818878112873e-09	6.35686136419738e-09
STX8	0.17995356998543	5.21504335575431	7.21682448918376	0.00743634114454613	0.0121638055123132
SURF4	0.0284399488521911	7.91973107631653	0.335917777422347	0.562427716055715	0.616716863721767
SVIP	0.145316276500151	6.26237885338654	7.23913611949485	0.0073456739543531	0.0120272427917498
SYTL2	0.971692232708402	3.79887015796147	43.3297733914117	1.06341092133017e-10	4.78963786183627e-10
SYVN1	-0.154209740962077	6.73222342947796	8.03390162157176	0.00475633143849759	0.0080239742454896
TBC1D1	-0.246685635752061	6.93706943624712	22.4468459671309	2.74082907646285e-06	7.35650000356318e-06
TBC1D10A	0.446498336991892	4.80917343314215	40.3501336901979	4.39095999484265e-10	1.85283027288675e-09
TBC1D10B	0.338309574398817	5.99001064309602	70.8864594783541	3.17006135156251e-16	2.61257138871967e-15
TBC1D10C	-0.590693074161892	4.31199963319269	25.0446541653355	7.5082251461917e-07	2.16236884210321e-06
TBC1D12	0.294661123889101	3.58780514920002	23.0494748030395	2.02773934659376e-06	5.53055837416782e-06
TBC1D13	-0.105291686226316	5.92893361072164	4.49712338189282	0.0343899670377717	0.0499018936146635
TBC1D14	-0.354624997314252	4.25778514650993	9.80589596793803	0.00183013790544063	0.00330086888371463
TBC1D15	-0.0837737315920438	5.82250637703156	3.2334533430983	0.0726857967409023	0.0989784154611929
TBC1D16	-0.125348430947848	5.45546337125515	3.07164231229741	0.0802150982027726	0.108245797091417
TBC1D17	0.0673863465020915	6.18837427607433	2.622763273699	0.105902726969803	0.139252942087766
TBC1D19	-0.274046979008402	3.05281629231078	33.9669195505769	9.45948861161799e-09	3.42110002637791e-08
TBC1D2	2.03326456976605	6.50351372336667	169.058478739313	5.67450092551998e-34	3.32976814389526e-32
TBC1D20	0.0931258675595298	6.03762862282873	8.46573710393657	0.00376247549787972	0.00646097753780644
TBC1D21	0	NA	NA	1	1
TBC1D22A	0.00786200110848487	5.45638876496696	0.0216336541432795	0.883118682244051	0.902770686604635
TBC1D22B	0.461344416249234	4.96045765986008	91.3940320726298	3.65787117021738e-20	4.56153780472567e-19
TBC1D23	0.13419010198656	5.18439906036888	7.09419202884978	0.0079555771690293	0.0129398500293461
TBC1D24	-0.303695184663849	4.56089272696788	16.3794479220927	5.91214916725942e-05	0.000132749963609056
TBC1D2B	0.0248967248912764	5.65100048166531	0.162558779195539	0.686965138398791	0.732529598883294
TBC1D30	-0.100305898981561	2.06800089331374	0.937191845973714	0.333418160049886	0.390679949905971
TBC1D4	-1.71842819234707	5.53435318918104	265.674062558551	3.4867777322631e-49	1.48501272637809e-46
TBC1D5	-0.238127800335239	6.36960118875197	20.7279575439515	6.49599237685238e-06	1.65465074957472e-05
TBC1D7	0.628736459508903	3.27494478928382	64.8941318937758	4.76904534589469e-15	3.47453092060429e-14
TBC1D8	-0.202191320672835	3.33823969501376	7.57046350445486	0.00612499144730673	0.0101476089594464
TBC1D9	0.642616836479197	5.06775214543799	35.3394708485119	4.86958854776228e-09	1.8246797051621e-08
TBC1D9B	0.0397043584325464	7.45790782849935	0.854147595187999	0.355778916922918	0.413487471645117
TMED10	-0.165870656471772	8.57055119063853	10.4701927831597	0.00128463148211485	0.00237581658074497
TMED2	-0.00429953420166001	8.22933754146952	0.00684086229481818	0.934112022910088	0.946542741821304
TMED5	-0.0379087215890755	6.35810731278639	0.381794714430807	0.53689499702327	0.59288432386186
TMED7	-0.0285298485619308	7.02254319692927	0.229292874750279	0.63223519034185	0.683127187087634
TMED8	-0.436576647354338	5.5934511513587	47.2562867327946	1.66368852269736e-11	8.14756678977570e-11
TMX1	-0.0768095831462539	5.56877148664813	2.3003982465714	0.129903991969097	0.167636992101452
TMX2	-0.137262585441248	6.26431774703831	6.65465630084221	0.0101429468406232	0.0161977736390963
TMX3	0.289067538480536	5.62255871783654	41.0652404563067	3.12169398160593e-10	1.33928506692494e-09
TMX4	-0.0194071040499387	6.82283233075218	0.0930304201847767	0.760472488231923	0.798376966128755
TOR1A	0.0995798675700584	5.41762254120431	6.65174935896122	0.0101593094091094	0.0162208112105795
TRAM1	-0.191750302728011	7.90459149161342	14.8522751081314	0.000129704091396139	0.000277946819768223
TRAPPC1	0.435538710740642	6.47384587398999	33.2167574771163	1.36108441526902e-08	4.83274398571147e-08
TRAPPC2	0.263084634783595	4.13984856344911	36.0984344298049	3.3762791335997e-09	1.28719681488535e-08
TRAPPC3	0.15489226751722	6.53668250550474	13.3352227996031	0.000284844776639844	0.000582817323296637
TRAPPC4	0.333109270609011	5.6704361829232	37.6538029885756	1.59722390710571e-09	6.31948391399028e-09
TRAPPC5	-0.25497555479845	0.514508114002957	3.34962568982319	0.0677506070164765	0.0928568371937396
TRAPPC6A	-0.588487822657822	4.69222245284644	34.2803971275591	8.12683105556034e-09	2.9630152461422e-08
TRAPPC6B	0.0503342293447148	5.18446658378974	2.42360739093495	0.120083238792211	0.156126228818269
TRAPPC9	0.0741373659272911	5.71487517850217	1.98479095140781	0.15944049792531	0.202017992732311
TUSC3	3.18744322391004	6.09380803606025	279.604469732717	3.15655878250518e-51	1.80268202469978e-48
TXNDC12	0.0108867281592758	6.06209443603633	0.080494525434096	0.776733015493435	0.812190387970497
TXNDC5	-0.30653456054304	2.30996707973709	4.07934517970038	0.0438852917227192	0.0623198423514263
UBA1	0.25475522769132	8.93207186548034	44.8983424582766	5.05910032853365e-11	2.35809818318296e-10
UBA5	-0.122979086167596	5.33234620038073	12.5690905979209	0.0004249128001066	0.000844649912397001
UBA7	0.322783099104693	6.1289571204435	25.8103703748936	5.136297948032e-07	1.50935440110102e-06
UBE2D1	0.126592420473705	4.232884429631	5.38537720985839	0.0206637944820715	0.0312606759630038
UBE2D2	0.213581440386355	6.58891191907086	32.7165762957427	1.73543454069071e-08	6.07353748446743e-08
UBE2D3	-0.108170330452388	8.00299611573594	12.5881994859387	0.000420685426298663	0.000837106698767248
UBE2D4	-0.0255824547356786	4.52598026635771	0.184609579135529	0.667606351222058	0.715103473869639
UBE2E1	0.2331417513994	6.04587732218383	38.2402964803987	1.20528818869183e-09	4.83577863730612e-09
UBE2E2	0.809416563991764	5.05491747839147	88.6010164406264	1.23469443578548e-19	1.44910797675934e-18
UBE2E3	0.0387007258806748	5.97304667985236	1.10246195971493	0.294178452939762	0.349624753604992
UBE2G1	0.154228354695056	5.19643675119185	7.96546910614842	0.00493686274047515	0.00831123455330695
UBE2G2	-0.218347313807	6.32736325432725	27.1852167132012	2.60333139372202e-07	7.92159254800763e-07
UBE2J1	-0.0690440871412234	6.53359390625018	1.81097363398307	0.178934982140674	0.224175012775134
UBE2J2	0.176211273604278	5.48926256521728	13.3648145580123	0.000280488917357602	0.000574325742777202
UBE4B	-0.125761791000283	6.24255942598858	7.68095817546216	0.0057658156482884	0.00959747056241329
UBQLN1	0.0335255703066574	6.97563805990788	0.435110234093955	0.50976267186119	0.566689183148097
UBQLN2	0.444778121972735	6.64015357520479	54.196698108356	6.49674887714241e-13	3.74685117706758e-12
UBQLN3	0	NA	NA	1	1
UBQLN4	0.47602000285788	5.22195313119695	44.1757707214832	7.12132861841125e-11	3.27437777719008e-10
UBQLNL	0.352648395661779	-0.652288159371119	10.8145205056326	0.00107014143010679	0.00200242116730385
UBXN2A	0.0858244118917799	4.28169801124341	4.58668457718968	0.032651236401577	0.0475539955749347
UBXN6	0.196905456610225	7.96104165083472	10.6831094159141	0.00114734533962192	0.00213733365661054
UFD1L	0.0784844630048353	5.67967439169144	2.50538454228263	0.114021240737242	0.149015745422864
UGCG	0.275636710847077	4.92853169740663	11.3608531176109	0.000801667628800024	0.00153025707812876
UGGT1	-0.00979415870691023	6.36193058711993	0.0291491978104978	0.864496547783385	0.887162838058519
UGGT2	0.228167138610773	4.83113317551787	22.4533958254685	2.73185813023093e-06	7.33398836500457e-06
USE1	0.272821150509648	4.68873994956995	13.5647754889988	0.00025276831163294	0.000521688881701234
USO1	0.0231303824854648	6.85704511558155	0.134848200824049	0.71359574005222	0.756943465576098
USP6	0.0321255803151445	0.921145972629406	0.0274075933943861	0.868568848298142	0.89057812135454
USP6NL	0.40956252050117	4.72653208157711	35.2700404538662	5.03566585462826e-09	1.88466207320672e-08
VAMP1	0.710924806624	4.80265017386847	30.9100894165596	4.18439500821821e-08	1.40231365386113e-07
VAMP2	-0.146118337589499	6.94713626278831	7.73800464327281	0.00558888934349094	0.00932458743929622
VAMP3	0.304028305674142	6.88643444712793	57.8954502683115	1.17461419956103e-13	7.33491690024097e-13
VAMP4	0.442354062832126	5.16014531245414	55.7488596109313	3.16477768480909e-13	1.88357493282527e-12
VAMP5	0.510964499162232	4.8899343172568	14.415399409712	0.000162573451577121	0.000344012268735149
VAMP7	0.1111735519343	5.35758394071737	4.19089471360525	0.0411068499070871	0.0587260745048204
VAMP8	0.666940225829696	7.34527142119484	56.7887974560787	1.95699030837976e-13	1.19126096097303e-12
VCP	0.213450773044726	8.36420066507595	30.0317456578868	6.42866479212156e-08	2.10887061222494e-07
VPS45	0.0731089877213262	5.47600927493242	4.85510308549932	0.0279699978181161	0.0412289614110179
VTI1A	-0.0944109646080936	4.34996580890617	8.71913183891781	0.00328070892363073	0.0056837874953801
VTI1B	-0.195283301530569	6.45410717220677	19.4357037062225	1.2471610087701e-05	3.05326011578089e-05
WAS	-0.476748312163654	3.13161997847018	6.84126207745355	0.00914728628650002	0.0147256717154957
WDR38	-1.44445851445612	-2.15887615160782	80.5852238865141	4.18393667577514e-18	4.19361630589859e-17
WFS1	-0.841915672526855	6.4637431098196	67.763302919836	1.2975468080538e-15	1.00291467833823e-14
YKT6	0.110627715740904	6.40914648212438	5.77444643481018	0.0165844629392487	0.0254961385584241
YOD1	-0.100546859017286	4.11263981338506	3.19553391770919	0.0743792272045145	0.10107626527473
YWHAQ	-0.0618184210716985	7.58758490349057	1.73794029941725	0.18793789800432	0.234227928829111
