pspGenes	logFC	logCPM	F	PValue	FDR
A3GALT2	0	NA	NA	1	1
ABO	-0.103382608302302	6.500670295004	0.291736483172941	0.589996217937093	0.810851193590613
ACAP1	-0.180499300353427	3.05073621891646	0.9248784468351	0.337909762855178	0.628005079402149
ACAP2	0.195238196284888	5.60465413974278	2.71294331466098	0.101853607051913	0.346967042763789
ACAP3	-0.23600929601832	5.63995723562387	1.70928813318844	0.19329108708023	0.476650505036924
AGAP1	0.0485018424190724	6.06874347188925	0.293244872312875	0.589037581991155	0.810554446948205
AGAP2	-0.252700583422643	2.08368508943721	1.1184173635412	0.292140595355128	0.584618540117131
AGAP3	0.075236625484651	6.71137706029577	0.407615862600375	0.52425933533542	0.769991755921695
AGR2	-0.665138358238212	9.40256330136186	8.19752314220229	0.00486207032435047	0.0634791206552034
AGR3	-0.674564439127082	5.01006639914705	3.27952369717531	0.0723638005093725	0.290901681820274
AKAP10	-0.107386958756397	4.33459864673472	1.26387007681189	0.262906791129127	0.555594309104559
ALG1	-0.076053303612084	5.27972606701036	0.610180019419545	0.436082208584733	0.707512282969302
ALG10B	0.120125599560563	3.04743229741322	0.315844610515925	0.57504379949994	0.802353608077229
ALG11	0.297428330783638	3.39951876648403	4.87956058581705	0.0288559806807832	0.177135802997325
ALG12	-0.218408383109382	4.28230095631694	2.38001971421885	0.125227427127368	0.384240665534203
ALG13	0.118684556111031	4.88028307713961	1.25004534434207	0.265521466969449	0.557839378707811
ALG14	-0.192707612671627	4.0395467221818	4.42553595083313	0.0372524270737287	0.203694301292892
ALG1L	-0.579871359593441	1.70111885559328	5.82393859394514	0.0171459487952273	0.131680680745506
ALG1L2	-0.0949326974498259	-0.6561403295395	0.241207295266638	0.624129750374313	0.830908905571064
ALG2	-0.0942029519936642	5.53453271767314	1.30047172221669	0.256138054037582	0.548952307725172
ALG3	-0.242031581972368	6.6997048260129	2.94057392241999	0.0886653679056666	0.324046937289116
ALG5	0.212430176654401	6.0172543867224	3.23317982887653	0.0743861262452695	0.295348355990319
ALG6	0.0212216872992432	4.012555002166	0.0304581122102217	0.861715231778835	0.944908188476006
ALG8	0.0470905284762316	5.41882278741991	0.166944157107958	0.68348681633679	0.860531531843017
ALG9	0.125396746892039	3.07197284818902	1.30480112293141	0.255351849798859	0.548243672814964
AMFR	0.0569670352351602	6.86790153375065	0.39284448105963	0.531862224806015	0.775445441408126
ANKFY1	-0.147236586545828	5.72976432095924	2.16677736956486	0.143339518772674	0.411760659286565
AP1B1	-0.216360149450356	7.24437066233115	4.22662701302059	0.0417137025869053	0.217819455552061
AP1G1	0.0907157560295578	6.67364087874228	0.863657715540718	0.354369183567248	0.64225935287124
AP1M1	-0.126844056619477	5.49073797290578	1.20344969031504	0.27457836223885	0.568101206100787
AP1S1	0.128245382406675	6.93973814348788	0.969773377033767	0.326491247925806	0.617243180567162
AP1S2	0.344325918759903	4.03974468097582	3.9734639036976	0.0482300110686599	0.23468273653602
AP3B1	0.102664557508262	6.19009288599143	0.760989553642569	0.384561663260268	0.666875739287107
AP3B2	0.22236060274344	-0.0444308876697554	0.261810419951851	0.60971166525789	0.822289246592729
AP3D1	0.00483470753560451	7.86501585755036	0.00228055983439942	0.961981626258677	0.985770345419617
AP3M1	0.255701750759567	5.91654048127825	5.55198124152998	0.0198922907286335	0.143582122180565
AP3M2	0.247114570059434	4.46562268006717	3.68394716735919	0.057040127732147	0.257385063815643
AP3S1	0.0570142777141664	5.72523697444959	0.211837568280633	0.646068421278322	0.842436152065131
AP3S2	0.000706528131546413	4.64562606789264	5.51043496706145e-05	0.994088087648026	0.997103161137956
APPL1	0.173956830197151	5.71624055882358	1.468841246076	0.227637008668936	0.51796875775667
APPL2	0.0628366379692656	5.91438241396129	0.304135426610184	0.582209410078941	0.807504743963332
ARAP1	-0.115891312237628	6.68027033235916	1.38131886807098	0.241936985244962	0.534250091019926
ARAP2	0.165644548409878	4.15271587290892	1.15932255922475	0.283518700120485	0.576673460739711
ARAP3	-0.194943346180628	4.66945388714491	1.3709627155421	0.24370085334978	0.535667774962717
ARF1	-0.344702385797456	9.56887380864572	8.94782237842168	0.00330102141255851	0.0510668245481264
ARF3	-0.03412262821427	7.86950594926819	0.202268972451285	0.653613981378561	0.845610990600007
ARF4	0.0376252931958125	7.86441626259978	0.125912232607928	0.723260102973121	0.880223446439806
ARF5	0.0177100618892671	7.50994184299051	0.0194498108497734	0.889291629934595	0.956440085359447
ARF6	-0.125611130177371	7.44019004626691	1.89017797361395	0.171450265780905	0.449607840002825
ARFGAP1	0.041606390400363	7.42127492671973	0.084111848548755	0.77224380806149	0.904097737339806
ARFGAP2	-0.0198038237426951	6.75065852586266	0.100213294302586	0.752060826764894	0.895798417441355
ARFGAP3	0.161249316971714	5.61160595786398	1.42565512934587	0.234560220839394	0.526230130080887
ARFGEF1	0.287100096086403	6.71851536821207	3.82475255417904	0.0525576211023511	0.246231163108493
ARFGEF2	0.371572733917738	7.24581926813335	9.7835220773394	0.0021557179316887	0.0402693667000137
ARFIP1	-0.0657780691353057	5.908862723003	0.271004315845987	0.603508179913024	0.8187926586623
ARFIP2	-0.103478766311324	6.21099151090619	1.1426090831272	0.287001599982017	0.579155120427671
ARHGAP1	-0.200398692506252	7.2420519351485	5.71868861417122	0.0181585289061533	0.136553383242465
ARHGAP24	-0.0850330162105764	2.28372485311302	0.174731048749676	0.676602416063172	0.857113800529978
ARHGAP5	0.0408395894447484	6.3866525879939	0.0672898126111032	0.795718029778263	0.916128028001699
ARHGDIA	-0.0153737599765807	8.21845476506785	0.0250430450094242	0.874495368931951	0.950883580474072
ARHGEF1	0.0351235781177272	7.03951043127946	0.118901144380112	0.730763813329266	0.884765163851181
ARHGEF11	0.0109373331851026	6.24430295052058	0.0177616959647952	0.894175127117169	0.958307077419354
ARHGEF2	-0.171982884237565	6.39686050614333	3.14656358501236	0.0783324077930682	0.302330059319104
ARHGEF6	-0.0428335111327882	3.30040325395314	0.0475121710344557	0.827778057578986	0.929596454927713
ARHGEF7	0.289339394714888	6.33794113647909	9.5293631887551	0.00245264107211192	0.0431527044135312
ASAP1	0.335293916433399	5.42240034996872	4.74404926090976	0.031129654791715	0.184131992090983
ASAP2	0.1344699858437	4.89247554890394	1.20797432429989	0.273681989369015	0.567293056810914
ASAP3	-0.0341251247291149	3.66238620398573	0.0403667511349417	0.841066373221708	0.93517707164053
ATF4	-0.0264974124782725	8.40177153599025	0.0845157544319154	0.771712920689904	0.903864016587059
ATF6	-0.0464936592157764	6.11609847871863	0.252329269600404	0.616254802323013	0.826284269479648
ATF6B	0.158555593842298	7.24704960431395	2.95660471977139	0.0878099604761911	0.32258792418277
ATXN3	0.0151995846088455	4.35838115516697	0.0218795125401063	0.882627885414342	0.953688375682133
ATXN3L	0	NA	NA	1	1
B3GNTL1	-0.34522990717492	2.99732321482414	7.25133684293141	0.00797922992810065	0.0856575412604772
B4GALNT1	0.0234594335871026	0.750951286242734	0.0124441232156433	0.911342676226831	0.966171193089554
B4GALNT2	-1.88570178205243	2.49664189353208	13.1871105620905	0.000398663422380194	0.0145846190412832
B4GALT1	-0.0843475849386558	7.45014094206916	0.600530115138795	0.439725602346388	0.709798119260983
B4GALT3	-0.142366976200619	5.83975215337046	2.92768196057183	0.0893599121836787	0.325370369021199
BAG1	-0.30264497278894	6.75319375338769	7.66675692667013	0.00641294577516698	0.0749350662779507
BAG2	-0.0439409665348717	3.51403503138383	0.0267700007126463	0.870277621117447	0.949169398105158
BAK1	-0.188112531668793	5.57452710379951	2.23395886154725	0.137331952462152	0.40360017829774
BAX	-0.638351588575453	6.53317787060846	40.8495339926641	2.45206266376722e-09	1.9908024315719e-06
BCAP31	0.109311330173918	8.85479813229593	0.997091466350146	0.319794569667411	0.611071893451823
BCL2	-0.37098513888461	3.041960886693	3.99406441777949	0.0476612123831582	0.233179777248722
BET1	0.340627529077669	4.55703154283246	6.91092695624874	0.00955623317318406	0.0948767890969415
BET1L	0.0352570504499173	6.37897318138792	0.244613872492261	0.621694081235877	0.829199536160984
BNIP1	-0.27652610605791	3.33307965666066	6.93089264003418	0.00945536520600642	0.094214118491303
CALR	-0.201027199599196	10.0692253027274	5.23547314899619	0.0236783457928249	0.158344422856777
CANX	0.162539880761499	9.7596728007474	1.71192666371362	0.192949859970468	0.476275258266858
CAPN1	-0.0350034519403049	8.65173222252016	0.104588898484312	0.746889170352048	0.893698553672885
CAPN2	0.120099510079572	7.84679652557749	0.978680856861844	0.324287373726726	0.61488655993976
CKAP4	-0.550838113409033	7.13696774431941	17.9310656029856	4.19979233747133e-05	0.00377310032088972
CLTA	-0.414044203076541	7.82464019527827	14.897383666749	0.000174956825944489	0.00932096137837391
CLTB	-0.375958138393946	7.06578747666552	7.34340858164897	0.00760088136165899	0.0833094601644634
CLTC	0.0149654290706205	8.76528213112239	0.0247908112654778	0.875123740260462	0.950952687912192
COG4	-0.054581717932617	6.32363681348492	0.331208211570572	0.565902693896698	0.795814277194606
COG6	0.484824905164679	5.35525732009056	11.67773106432	0.000835402028605579	0.0231222826629582
COPA	0.0157743461756352	8.2092031839709	0.0370119219298811	0.847728710396438	0.938159383107852
COPB1	0.110552913889457	7.25638069793634	1.24413697395387	0.266648860243588	0.559233483750912
COPB2	0.124266233932067	7.49002819681527	2.13191377560434	0.146574436538337	0.415185614221453
COPE	-0.299572953305341	7.41589345934406	5.10255129158225	0.0254872946004934	0.165249034290865
COPZ1	-0.15447667419973	7.73231729498324	3.83453861854539	0.0522604390757	0.24568409687085
COPZ2	-0.243950483251659	2.58359025416243	1.17015503067264	0.281290122954201	0.574344335439552
CRYAA	0	NA	NA	1	1
CRYAB	-0.667742235877778	3.76091249420622	5.78057968480987	0.0175557518811264	0.133481879330817
CTBP1	-0.0648203467024915	7.27233897553497	0.370809588818778	0.543582524767669	0.781734250301216
CTSA	0.246557204245319	8.49477175154868	2.79585308257654	0.0968153032967469	0.338375042022957
CUL1	0.268636125944229	6.4627827704442	13.3620823399734	0.000366196772321446	0.0139606946887972
CYTH1	0.0401141266507482	5.69814888100116	0.205297435161063	0.651202929205609	0.844407280436099
CYTH2	-0.0090491991356614	6.26894065817582	0.0130825310973258	0.90910669693615	0.965245455503394
CYTH3	0.285277035836352	4.97283653961544	5.04250612194301	0.0263515562784722	0.168313655355591
CYTH4	-0.201486886788567	3.15070668231392	0.847431260764392	0.35891549027328	0.645270767020468
DAD1	-0.205281589339636	6.79519358727134	4.56835162165052	0.0343628686057563	0.194492239273634
DDIT3	0.100916127214525	4.32357389820727	0.450472154355204	0.503252972352979	0.755706837029022
DDOST	0.064048554115889	8.47723485556953	0.432770554778393	0.511748276739445	0.761577323449109
DERL1	0.172923728353292	6.7648703405007	2.87434955428952	0.0922972355157241	0.330920461194012
DERL2	-0.172543756444551	4.77179440709212	2.24109529967941	0.136710732294586	0.402764017628233
DERL3	-0.0639547303716071	4.14178175345528	0.0600615989103075	0.806769250320585	0.91940891829795
DNAJA1	0.0251299789964965	7.83821798840028	0.049456881073704	0.824345792230166	0.928071702094267
DNAJA2	-0.0423947258647751	6.53372200369114	0.224198125891229	0.63662131272783	0.838060040614146
DNAJB1	-0.600047919771451	7.90786248543873	18.0975141611421	3.88802672549798e-05	0.00365791561586443
DNAJB11	-0.0219588002380675	6.48928385390937	0.0475274980164823	0.827750721567286	0.929596454927713
DNAJB12	-0.0160482240855914	5.91455341228858	0.0377900417650769	0.846156394629172	0.937176350377227
DNAJB2	0.0845768730840063	6.2226257375495	0.572091237136667	0.450741690056458	0.718335775189212
DNAJB9	0.0410379857344598	5.05694275432696	0.0862277018169923	0.769477912565973	0.903115799770979
DNAJC1	0.00302873227971055	5.05340506841019	0.000956499346810672	0.975372991340907	0.989947759115682
DNAJC10	0.0943232000293244	7.09294617308689	0.475429893651259	0.491678433258584	0.747958565958461
DNAJC3	0.146720161934793	6.93779364026984	1.31228600169612	0.253999681502557	0.54651816040612
DNAJC5	0.301470576822567	7.54254690354389	6.62231859679553	0.0111458146625462	0.102788137659939
DNAJC5B	0.0879801390023159	-0.512405949626808	0.0724654839010053	0.788189624665052	0.912051560509005
DNAJC5G	0	NA	NA	1	1
DNAJC6	0.547248051323742	2.85054993808438	6.19772213438532	0.0140013234024125	0.116390978499918
DNMBP	0.0419796132340528	6.40262483522286	0.186897373500489	0.666198539526929	0.851877628476335
DOCK5	-0.140997975879049	5.12523347301308	0.874276256403207	0.351436961699545	0.639722956407172
DOLK	-0.163460631089226	4.62920362003257	3.17113038332438	0.0771904979193427	0.300290649307511
DOLPP1	-0.254192464084798	4.98782814579615	5.57165295714259	0.0196789859703326	0.142700314738889
DPAGT1	0.0809665666398378	6.11165304718432	0.788057093673133	0.376260767597689	0.660665442788047
DPM1	0.497944371890854	6.04012276242791	12.341637541826	0.000602402070576957	0.019271713550209
DPM2	-0.344771029028036	6.06515002776111	7.54706687362331	0.00682852299077271	0.0779625273337128
DPM3	-0.842654454110812	5.19863409865092	13.7799778305833	0.000299147951956446	0.0124198040555783
DPP6	-0.295689698446013	-1.09832143609353	0.624358756028177	0.430812342449937	0.703713663103209
EDEM1	0.0568402851931109	5.82628052895189	0.323862496975474	0.570237412545982	0.798631121928218
EDEM2	0.212487351811628	5.87117624517459	3.91835634810903	0.0497875171502495	0.238659996381067
EDEM3	-0.260140104238359	6.12767417825269	2.71095855518933	0.101977713814397	0.34717401219528
EEA1	0.255475132237166	5.34339178288441	2.05284027551675	0.154224858239772	0.426433289287846
EIF2AK1	0.178876930912242	8.10632087634856	4.24345109623485	0.0413152468490516	0.216378783990159
EIF2AK2	0.236748987326274	6.34764120309888	3.29002655971856	0.0719138227916601	0.290165362658116
EIF2AK3	0.0196922995498022	4.64723332954641	0.0312685945939823	0.859906433725124	0.943973101158039
EIF2AK4	-0.0788139905870143	5.67370593684006	0.733242630468328	0.393345396486023	0.674413176259837
EIF2S1	-0.00412845442705466	6.41880272439679	0.00131338060382298	0.971143835510925	0.988688650298857
ERLEC1	-0.0424260613296787	6.21780940208474	0.159232997049123	0.690491635024368	0.864428619586812
ERN1	0.220179566345687	4.96034392903205	3.87088758603685	0.0511722486618657	0.24295137678643
ERO1A	-0.0581705371094288	7.19681041608128	0.168606902456725	0.682001243602415	0.859955546750118
ERO1B	0.0422066161517636	2.45306653520704	0.0385668812803773	0.844603340483017	0.936585775281702
ERP27	-1.10298947856217	3.37297876827641	8.07931064898501	0.00517017841456863	0.0658902676721717
ERP29	-0.0959299890993536	7.43780043466341	1.09105006896149	0.29809790013416	0.591536817571129
ERP44	0.0320693318016595	6.73657689794522	0.0946276142424744	0.758846684409805	0.898311533186144
EVI5	-0.0571525801507686	4.32078537330016	0.229149027554829	0.632926799453345	0.836058353167627
EVI5L	0.0698862691255851	4.08732056493678	0.251907997484307	0.616549088470995	0.826517038697824
EXOC1	0.176865223373649	5.58993103680091	2.89579438835127	0.0911035965666252	0.328575508446362
EXOC2	0.156257849679827	5.24059496390029	3.24749181862257	0.0737551187086298	0.294202819267886
EXOC3	-0.109349853290003	6.26063523827161	1.2754773561379	0.260736346499705	0.553240347202114
EXOC5	0.0340959164273836	5.49839718702511	0.0600766826941494	0.806745473351637	0.91940891829795
EXOC6	-0.0273169418582617	4.56801424522978	0.0609120058998758	0.805433639650614	0.918765198250565
EXOC6B	0.0675287427016778	4.26948674334022	0.407020730698636	0.524561879243477	0.770051952993158
EXOC7	0.0745543212668863	5.76469087684672	0.799613025739114	0.37279412059267	0.657707840443616
FAM71B	0	NA	NA	1	1
FBXO2	0.920920007441146	3.79065618144106	4.3922366942308	0.0379624941964588	0.20578037469846
FBXO6	-0.0429978821470451	3.80064293864657	0.0577339849276565	0.810477009615944	0.921321925288443
FBXO8	-0.0264221478451959	4.0614282382363	0.0888200293880658	0.766138971618528	0.902155801291886
FUT8	-0.259601096688353	5.37084196886777	3.18090130074063	0.0767413728767198	0.299450351244464
GALNT1	-0.292093281016214	6.40350692698162	4.52508402994639	0.0352123656212005	0.197930915743499
GALNT10	-0.125513044112131	6.39206352084165	1.00638077613125	0.317558965475263	0.608710220547678
GALNT11	0.00377334827978932	5.3744530465571	0.00163049180180827	0.967850109532842	0.987456114940724
GALNT12	-0.124864520880662	5.4741363861687	0.583505498229492	0.446269169692946	0.714950410643797
GALNT13	1.3282394991157	-1.36566440995976	5.82071224520671	0.0171760953668683	0.131791667165572
GALNT14	0.313111705557573	0.443390152133771	0.442957231606896	0.506829535414919	0.758478517254391
GALNT15	0.192221426598043	1.43411371966159	0.364955226528706	0.546776809335983	0.783955421378382
GALNT16	-0.258344665799591	0.532540509688125	0.754879340499683	0.38647158396549	0.66854826326606
GALNT18	-0.192436419153241	3.75626957569101	0.899830745593498	0.344515271048222	0.633035981278129
GALNT2	-0.133447447452015	6.92899438255477	1.88974629874224	0.171498846868669	0.449638347351764
GALNT3	0.0586780790702804	6.80131853167122	0.142716681740673	0.706185974011508	0.871638667584813
GALNT5	-0.277093485980595	5.5315764635414	2.31216773172562	0.130694226469322	0.392458649100548
GALNT6	-0.089526511116703	6.6921830067263	0.317916679839849	0.573794030604734	0.80146163787985
GALNT7	-0.150359111144097	6.47661672825674	0.873812513707308	0.351564322760422	0.639722956407172
GALNT8	-1.74308297986326	3.76894108424043	21.4744380090147	8.32571424106435e-06	0.00132158558447737
GALNT9	-0.72815162145206	0.288024838524953	2.23815213266916	0.136966546059123	0.402904409039456
GALNTL5	0	NA	NA	1	1
GALNTL6	-2.02183639242621	0.310144169675078	19.8073918014301	1.77186395099009e-05	0.00224514622367941
GANAB	0.0399740003492244	9.01443077498203	0.220404684528856	0.639486067914676	0.839622843554393
GBF1	-0.0273497755275435	6.71807618586427	0.0918306885712771	0.762327174069511	0.900215876759732
GBGT1	-0.489995877396985	2.82956134070664	6.1774273481243	0.0141555619502548	0.117184317791365
GGA1	-0.253090678287834	6.09745848770493	6.76329485567826	0.0103376170418412	0.0981972831452787
GGA2	0.0243712603153098	6.30568395143641	0.146256307198289	0.702737934247534	0.869334218997395
GGA3	-0.0456673955847219	5.68291220395293	0.239409214803193	0.625423988041151	0.831609804794982
GIT1	0.171967823725234	7.01140550445061	2.25184825856979	0.135780692340229	0.400544819915241
GIT2	0.0224549999498418	4.35486268323134	0.0741025145476709	0.785868802156738	0.910966477716745
GLT1D1	0.119586678055004	-1.25859883505583	0.148644360573529	0.700438626846749	0.868440846363931
GLT6D1	0	NA	NA	1	1
GLT8D1	0.0422718716360043	5.44985031126614	0.326368539889684	0.568751319122682	0.797568939770234
GLT8D2	-0.129067805720171	3.04678522196521	0.322739569982711	0.570905786623085	0.799056681685905
GMCL1	0.173373453883702	5.21725947387191	2.44820961536547	0.119990687890894	0.376836084420673
GOLGA4	0.134516459068172	6.7106704722381	0.644618746652906	0.423448782228525	0.698334902770913
GOSR1	0.09208171512625	5.73101444123141	1.23832192250231	0.267764322596161	0.560189131096626
GOSR2	0.12565862932816	4.47043410391247	2.8452349391705	0.0939453645393223	0.333664344793662
GPAA1	-0.727405371688529	7.53397617918856	15.5695577153447	0.000127076511134938	0.00784688507208164
GPLD1	-0.0183696359962895	-0.477057212738064	0.00767551132550747	0.930315955465994	0.973449556230802
GXYLT1	0.119185714870035	4.50596086923685	0.693346871593	0.406493034841426	0.684493302869787
GXYLT2	-0.262883833691069	2.32656558178612	0.954850361487907	0.330228503856777	0.620313285936289
HAS1	-0.110384121780932	-0.261674290369103	0.0618407720509731	0.803986218147246	0.918012644548356
HAS2	-0.284737153649152	3.19217256545365	1.50439100882444	0.222123326256445	0.510823062827059
HAS3	-0.496879964084227	3.8050658232281	3.86657576809734	0.0513000558635288	0.243174165795723
HERPUD1	-0.105582645783766	6.75634882904897	0.913166293984701	0.340976877052811	0.629865324510074
HSP90AA1	-0.221724301612569	10.4099559717443	2.47630320925858	0.117904877612276	0.373442106941005
HSP90AB1	0.277718929408715	10.8505333164161	7.01477343086333	0.00904351225052186	0.0921631018334215
HSP90B1	0.0620001206430878	10.0781266565262	0.156292654693338	0.693214458281549	0.865770259684201
HSPA1B	-0.582263272378633	7.37661269159573	9.3252870791204	0.00272133230085404	0.0458174541989412
HSPA1L	0.1499385572118	1.02865114346212	1.18554674513802	0.278161774324186	0.57110501124642
HSPA2	-1.44279871532546	4.96377226564352	27.8222917967486	5.13032771717579e-07	0.000158397061814381
HSPA4L	-1.15862964853474	3.50904357335984	15.8255936008181	0.000112567162911909	0.00723631899763036
HSPA5	-0.18243354531752	9.57481500855609	2.65710288748679	0.105409992612619	0.35275836491267
HSPA6	-2.78993502998091	3.11213454768216	80.5166956694356	2.09265626273413e-15	1.52910393117983e-11
HSPA8	0.0132727605731695	10.5819876181384	0.0140477048663432	0.905828727123454	0.963869303784925
HSPBP1	-0.451036051618422	6.46455358712223	6.78097397735996	0.0102406491834426	0.0977423414123662
HSPH1	0.109481299756482	8.24660785768518	0.314706086083553	0.575732801483896	0.802642122426174
HYOU1	0.226155411272944	7.95207789656131	3.13287820250255	0.0789764943208413	0.303567198317931
IFT27	0.0201629084613768	4.22554197154859	0.0400199042454704	0.841741491664414	0.935500671201359
INPP5B	-0.143620517430859	3.90239439586322	3.59903018210169	0.0599405432839823	0.263899708641931
INPP5E	-0.0604146360539472	4.34987514300653	0.222787172744527	0.637683355679348	0.838602006109963
IQSEC1	-0.146308203405884	5.65338816650218	2.27171136577511	0.134081449770244	0.397693117525143
IQSEC2	0.357317798351954	4.52187168829324	9.39139685009498	0.00263112477675756	0.0450273851647176
IQSEC3	-0.293578829509502	0.314364724180952	1.05896195226778	0.305284842577553	0.598475141668981
JUN	-0.286656008975219	8.44172489389369	4.61895216053074	0.0333968243753246	0.191229308146812
KDELR1	-0.1037095700899	8.20540952168338	1.44147755314344	0.231994362413235	0.522989347846618
KDELR2	0.138967760729434	8.66209711502677	2.44121930017245	0.120516073561219	0.377404692647925
KDELR3	-0.083217109242269	5.24952586611913	0.341410510520236	0.559987389242318	0.791558135129021
KIF20A	0.0657519738361895	4.88259435002559	0.223245404944809	0.637337987842879	0.838348996789904
KIF23	0.192896124050512	4.97981548529189	1.91219205799203	0.168993800561866	0.445966668423175
LARGE1	0.0237861521210174	4.69041531010667	0.0441346598557871	0.833918732157735	0.93228950059311
LARGE2	-0.511271375955947	5.79456890574529	5.31539802093607	0.0226560042551165	0.154203729554107
LMAN1	-0.0404272777643613	6.65425711367135	0.0745470095644893	0.785243405318029	0.91056499619004
LMAN1L	0	NA	NA	1	1
LMAN2	-0.392947728522727	7.98705507597883	8.71403840475748	0.00372249392704552	0.0544548032118803
MAN1A1	0.255459516051846	6.03597615415083	2.22310072449255	0.13828328269009	0.404930248443689
MAN1A2	0.15621563402992	5.50771496169438	1.45279935193161	0.230179310141755	0.520879597152618
MAN1B1	-0.190655618760393	6.55679521247254	3.00218750388754	0.0854266350577204	0.31750902553808
MAN1C1	-0.0911575128650977	3.01751112934197	0.186951068727408	0.666153525216988	0.851869760021094
MAN2A2	0.00236536100754753	5.8907231568305	0.000450996834699565	0.983088079558053	0.992414174164959
MAP2K7	0.0802735295185293	5.50033585717337	1.29005970198216	0.258041206448466	0.550738157284832
MAP3K5	-0.0165130714289697	5.04485272712305	0.017728244157946	0.89427423532375	0.958366439136247
MARCH6	0.160074621326614	7.00616212507685	3.27401494339498	0.0726010338818401	0.291587992620706
MCF2L	0.0649688666575474	5.9387172022068	0.249442102070624	0.618277891010286	0.827537790261666
MGAT1	-0.311188440969354	7.24650386337954	7.2736472291575	0.00788579494223456	0.0851130039038522
MGAT2	-0.316434837546614	2.19639767515269	3.71236102554398	0.0561035936860338	0.255064926034129
MGAT3	0.742298432251673	4.08860132705524	6.632132081292	0.0110874846865178	0.102595505197618
MGAT4B	0.10844190585244	8.50625427887143	0.674318391573668	0.412991988387933	0.689557268447855
MGAT4C	0	NA	NA	1	1
MGAT5	0.149724798444406	7.91664110855665	0.854624654522502	0.356890173353942	0.644218502148531
MICAL1	-0.0694388375745731	6.24085691368995	0.324296616747251	0.569979432984586	0.798524902566313
MICALCL	0.150236257277478	1.8966211550843	0.769101588872385	0.382046795113335	0.664706284705845
MICALL2	-0.0441824518164954	5.87451562477584	0.0622060910938128	0.803420057734529	0.917788652636732
MOGS	-0.0657726189704007	6.7530563370207	0.691091251990771	0.40725549353424	0.685461277162475
MON1A	-0.300176634597918	4.46511864234914	4.10991479940371	0.0445929520607636	0.225339387072015
MYO5B	-0.0831235745955698	7.06765951111899	0.524720225197483	0.470083552405217	0.732232043791285
NAPA	0.116708138646275	6.31642628759536	1.3302392519437	0.250792392321025	0.543241591282713
NAPB	0.41331800065749	3.97350478285559	9.35208153380767	0.00268439352296806	0.0455147407914708
NAPG	-0.179900690372867	4.96383783145122	1.55058655868196	0.215197261004747	0.502854072291212
NCKIPSD	-0.232764061511546	5.36296296037422	4.07574565121555	0.0454753960660687	0.227387353367767
NDE1	0.06087156974264	5.45979342376059	0.349620946955198	0.555312557213302	0.789233676726714
NET1	0.186175725687141	7.71652693072958	3.00717797234042	0.0851700341338694	0.317087689919931
NGLY1	0.1268119874224	5.17398427172202	1.84913751268066	0.176141328915737	0.455383190371726
NPLOC4	-0.0666439227488272	7.02868848477902	0.625944864811582	0.430228880787311	0.703284660383196
NSF	0.109253610005616	5.85895806808823	1.72967259589518	0.19067322717003	0.473143288747365
NSFL1C	-0.0643023357479193	6.5117919806107	0.261600092865841	0.609855182944936	0.822432203342722
OCRL	0.0108467169969705	6.03261242611075	0.0123257993371292	0.911763428344691	0.966171193089554
OPTN	0.0828111270201513	6.56980011049699	0.491251659338189	0.484570958345491	0.743024620725484
OS9	0.0244448047798275	8.04787776117318	0.0808599228346682	0.776569383991736	0.905970062079981
OSGIN2	0.283910144183676	4.82079108561065	4.15401848381212	0.0434808157675839	0.222022586173121
P4HB	-0.0666816346716219	9.87635673341096	0.552426183164214	0.458614349549187	0.723273638807235
PAK1	0.100621106550861	6.83737752109136	1.57544004485258	0.2115783897012	0.497800781436086
PARK2	0.164876298705965	1.13413106348709	0.617273918524866	0.433433342726989	0.705733663070513
PDIA2	0.300096880445877	1.19459438338179	0.703495096078607	0.403088495442387	0.681850675869478
PDIA3	-0.0838642766569549	9.09138017990654	0.477665562296769	0.490663582731477	0.7474002082591
PDIA4	0.0843940012567947	8.81902452829105	0.536422830771436	0.465183579467717	0.728125750301472
PDIA5	0.151207655467149	5.54483332101631	2.7167038007768	0.101618921848683	0.346386378700693
PDIA6	0.116829742919148	8.13989841163	0.981306012515204	0.323641643460563	0.614650291088305
PDILT	0	NA	NA	1	1
PGAP1	-0.33133324311626	4.64356367543739	2.02966327670178	0.1565531158042	0.429351173400771
PICK1	-0.362377313097342	4.98805983095778	11.6118745255957	0.000863065109134372	0.0235717926666237
PIGA	0.129022677117846	3.97704797834731	0.774330666330085	0.380438103346563	0.663510888275491
PIGB	-0.170492347955482	2.93428769828549	2.06640668079568	0.152880454367747	0.42432165614021
PIGC	-0.408801643012788	5.32576067211063	16.4181332192013	8.51243838951488e-05	0.00605757275730297
PIGF	-0.0485130075939906	3.83002747118505	0.189637398840363	0.663911231793115	0.850441074746501
PIGG	-0.0894119734772685	5.50218626316035	1.22419239071697	0.270499250988412	0.56353485008147
PIGH	-0.00349672071997985	3.69430615102182	0.00156389089153864	0.968513218657749	0.987615865757851
PIGK	0.0538700587090854	4.81817484453371	0.198643608915128	0.656528981731393	0.845979622265099
PIGL	-0.0272359742227971	3.40370558131779	0.0577253285196587	0.810490945087466	0.921321925288443
PIGM	-0.0483097409910907	4.49670093242958	0.208076636849105	0.64900912862888	0.843506975017269
PIGN	-0.2583674849313	4.65766739628642	4.33084403082079	0.0393095237717722	0.210171724536834
PIGO	-0.229189907016474	5.99575817637294	3.7903820559803	0.0536158056221318	0.248585464264541
PIGP	0.0249050211161101	3.99259178728123	0.0346217426574813	0.852668677223244	0.940587551125764
PIGQ	-0.365765288715538	5.84979463122393	5.83984596724555	0.0169981184474795	0.130742369995508
PIGS	-0.199695917628252	6.08373800645193	2.87323090510033	0.0923599701428008	0.331089581470202
PIGT	-0.0482237311603639	8.34555845551687	0.153122981132895	0.696183052857639	0.866876438955497
PIGU	0.148372076402533	6.20144294213779	1.39225527516471	0.240091274180363	0.53285823846388
PIGV	0.134500136250055	4.31555769086195	1.60119662786378	0.20790459123032	0.4932867782617
PIGX	0.140164508639718	4.91754565274394	1.38161601312568	0.241886607136604	0.534205859093569
PIGZ	-0.210993462077258	5.29023734039872	1.08917844845068	0.298511026628519	0.591620209886905
PIK3C3	-0.0712251289535954	4.41964492228068	0.354331151431435	0.552664052951126	0.788003541969372
PIK3CA	0.233379661960371	4.32056013225566	3.37837792831552	0.0682463822880928	0.282482807050091
PLAA	-0.0601019825701893	5.6845760469975	0.295186539498534	0.587808270500555	0.810093367134582
PLIN3	-0.0633575984376617	6.66690045388166	0.286670507097144	0.593239463783662	0.812825944471633
POMT1	-0.151924324392858	5.07297834578353	2.01212150047274	0.158342111010121	0.431933476288311
POMT2	-0.193327092236767	4.24114475522718	3.30672047038672	0.0712048303396505	0.288571101104729
PPIA	0.135563595619994	9.07976268170541	1.89273146947672	0.171163219268727	0.44934957240596
PRKCSH	0.0936839370944554	8.80315611573588	1.05763104706938	0.305587777993301	0.598801258728091
PSD	-0.340030362540864	2.73020321719319	1.28762212875162	0.258489297378793	0.551187661455016
PSD2	1.00216704617952	-1.59251221736919	8.91233272007946	0.0033616946123277	0.0516060251067455
PSD3	-0.0849530355546822	4.58558944342499	0.237656761679662	0.626691199418248	0.832494755472851
PSD4	0.194690825172657	6.46298447247752	3.24007711495262	0.0740813001953426	0.29493899411019
QSOX2	0.0783893586730781	5.29997875244447	0.575879810661926	0.449249440709453	0.717003724419954
RAB10	0.12938735481624	7.70928869034435	2.12285735843883	0.147428309945785	0.416488342888861
RAB11A	-0.18846074962968	7.41131121051726	4.15077769417148	0.0435615228960924	0.222072591489591
RAB11B	-0.201309136998777	7.00762718808356	1.95651759700153	0.164170188878215	0.439965564942275
RAB11FIP1	0.0304409229870626	7.19157051200241	0.0350725275230232	0.851723800009259	0.940499790496576
RAB11FIP2	0.437151452164018	3.97583537610484	7.61934611079369	0.00657434090142665	0.0761078368264854
RAB11FIP3	-0.0316275587798591	5.97938598400727	0.0671437732382971	0.795934870189546	0.916132181725019
RAB11FIP4	0.0946925687296178	6.27578859236834	0.748345247309663	0.38852907869352	0.66988720576063
RAB11FIP5	-0.0717643022612383	5.23263567690421	0.466516551610471	0.49575985832326	0.750429536271354
RAB12	-0.120225241165806	4.05074290440392	0.736295547733165	0.392364884419418	0.673639617117643
RAB13	0.0441201406607792	6.15500784518767	0.156157914123437	0.693339939091247	0.865770259684201
RAB14	0.0231185297471635	6.90706339342342	0.0673131539085824	0.795683395730578	0.916128028001699
RAB15	-0.0105637080259819	6.77354678447197	0.00712326155387018	0.932863396898156	0.974105880697627
RAB17	0.0705044073731452	5.03620792367668	0.289207579560814	0.591610642992963	0.811558004070635
RAB18	0.0268674578146064	5.89459363349326	0.0700505747246656	0.79166519261259	0.91385502698152
RAB19	-0.26363564336004	1.10028593332	1.82119692967866	0.179420537502572	0.458881997735839
RAB1A	-0.00878885196612766	7.60762437955166	0.00991309715306071	0.920837151181029	0.969625861804176
RAB1B	0.023141557282751	7.44501914850849	0.0643216505661149	0.800175641436646	0.916966398449094
RAB20	0.133619747173187	5.65266612082339	1.25477066028465	0.264624116548894	0.556958609957179
RAB21	0.0229095873563817	5.97278086365863	0.0350278771970454	0.851817108732221	0.940499790496576
RAB22A	0.423504231628923	6.49316669421691	15.4404484217939	0.000135103474041216	0.00806976363612398
RAB23	0.117113683087263	3.87522371284162	0.44404362739808	0.506309786951832	0.75821948625298
RAB24	-0.0577290329647666	3.10652395356062	0.152062829131779	0.697183858980125	0.867020330895973
RAB25	-0.208057418086122	7.49177576488203	3.20604774106725	0.0755985175918249	0.297414771021248
RAB26	-1.33377999636058	1.9827279153782	17.9074609201764	4.24602375542193e-05	0.00378945031154254
RAB27A	-0.429408340394386	4.6948343333082	7.35082430039512	0.00757122808901839	0.083210097420213
RAB27B	-0.721756379789922	2.99207857394265	6.39456224139684	0.0125931030065744	0.110200962477891
RAB28	0.0369166674353305	3.79833201251737	0.139387864510195	0.709473568657742	0.873189046013495
RAB29	0.121219365192042	4.58752560263898	0.600464889695293	0.439750388106538	0.709798119260983
RAB2A	0.0557579729208021	7.5124326834673	0.293637864358035	0.588788345579202	0.81052137171694
RAB2B	-0.163417362804546	3.8130938817879	2.76026965703063	0.0989431614937609	0.342049052689597
RAB30	-0.14277198687371	3.6459960026174	0.587721488194818	0.444634697339306	0.714183325372838
RAB31	0.0377474932712856	5.79106745259663	0.0214988877358543	0.883645877757652	0.953936099234095
RAB32	-0.201446199837598	5.39664353316361	1.61379386115987	0.206135532640754	0.4916274621447
RAB33A	-0.156613307174075	-0.524164769654536	0.447650981966361	0.504590543714882	0.75673047196921
RAB33B	-0.0302465092561315	3.41653582449833	0.0770671200855364	0.781734985908844	0.908900637854449
RAB34	-0.556465869489524	4.03109536372066	7.68020035573734	0.006367931642688	0.0745680713351302
RAB35	-0.06646623897307	6.01277465559023	0.773928700982047	0.380561422993821	0.663611279316515
RAB36	-0.353081175279084	3.89675532304276	4.56326085203026	0.0344616830004389	0.194850284511896
RAB37	0.0226074540116164	2.3370722501812	0.0099713290506127	0.920605756072724	0.969475344872702
RAB38	-0.394109859464854	0.436155358876387	3.19436771427138	0.0761270334354437	0.29852964220722
RAB39A	0.722797718828085	-0.978414245871439	3.8222537582726	0.0526337938989204	0.24638801410553
RAB39B	0.324586427162677	-0.909119195074969	1.25241561132917	0.26507087065959	0.557319718647999
RAB3A	-0.351662795145843	1.33426677254168	3.25397592750258	0.073471152689556	0.293753151172017
RAB3B	-0.926825069864465	2.25589323089349	9.43931964414525	0.00256766111895497	0.0442497636702924
RAB3C	-0.0232932411603778	-0.526568386958307	0.00445419485961766	0.946887225740791	0.980111180929467
RAB3D	-0.0855275855129169	5.27521692196558	0.441441584761234	0.507556184749278	0.758945370115207
RAB3IL1	-0.0732511421992772	3.31765022490037	0.103341479784315	0.74835116523363	0.894155336270327
RAB3IP	0.104898270938064	5.13378030577321	0.779785754098522	0.378770127864851	0.661964440159881
RAB40A	-0.181464748948448	-0.775495013720679	0.573204398294713	0.450302430753599	0.717844490186143
RAB40B	0.145738447605077	5.14271400837149	1.23729906652234	0.267961136256579	0.560493899606914
RAB40C	-0.00209373750847056	5.93643489948884	0.000259475413449482	0.987171725313845	0.993876126383161
RAB41	0.645681802250519	-1.03253391018718	9.36649098972956	0.00266474236462644	0.0454213490125431
RAB42	0.00486127662233098	0.856989375341493	0.000522112662359758	0.98180369918496	0.992110313687849
RAB43	0.0747683044502421	1.70380410827575	0.251187630291164	0.617053027451418	0.826747718034505
RAB44	-0.524278559368911	-1.72961123172765	2.69906083492337	0.102725190737719	0.348342612238747
RAB4A	-0.11178518014292	5.65985613597484	1.35724874228627	0.246061039263855	0.538058477913621
RAB4B	-0.17750805256292	3.58833021736048	2.43115254222264	0.121277211049964	0.378436689455695
RAB5A	0.0840844478804596	5.97943579781551	0.522871480388228	0.470865263219767	0.732647606897854
RAB5B	-0.0936428917716057	7.43757838475318	1.22620575225125	0.270107400644899	0.563263349461266
RAB5C	0.0347063507484633	6.84387437240448	0.126445076271769	0.722699535950692	0.880029803775975
RAB6A	0.210257296482725	7.27271395106723	3.34755122432392	0.0695024542852072	0.285204661247852
RAB6B	0.267455656640863	2.17216428931738	1.4806636489329	0.225785187867032	0.515566364920125
RAB6C	0	NA	NA	1	1
RAB7A	0.177263353699195	8.27843934799602	6.36519631348282	0.0127934607232108	0.11087040538321
RAB8A	0.0357557995708025	5.71604198992266	0.348938852308672	0.555698089304739	0.789312370611624
RAB8B	-0.024723726845712	4.15954181177504	0.0257695461827675	0.872703406428449	0.950064809071383
RAB9A	0.094054232185155	4.72500597384784	0.561842065187498	0.454817940181417	0.721266300131436
RAB9B	0.133002702695838	0.178852982814997	0.27454733390657	0.601153278586258	0.817435706214836
RABEP1	-0.178660408653947	5.18751292860337	2.69779727947289	0.102804929094389	0.348401850535696
RABGAP1	0.126281086861804	5.95943958724361	1.45210199347228	0.230290606811993	0.520975149114266
RABGAP1L	-0.0501354862978796	5.46331898527904	0.144595723409465	0.704349529525694	0.870331958886562
RABGEF1	0.191435658631674	2.07567298975114	4.12810201374115	0.0441307089433504	0.223932701561848
RAD23A	0.168081821052582	7.0025480845185	3.98388696842834	0.047941320531977	0.233990414480152
RAD23B	0.0297136031880042	7.74503269711233	0.157680765944286	0.691925371290182	0.86503930582832
RALBP1	-0.222527866475115	6.16639140781132	4.63457531623358	0.0331043889149496	0.19039228676058
RASEF	0.163868986353848	5.81752303291405	0.947002131462066	0.332216982956853	0.622510136203704
RBSN	-0.078577021820898	4.79032416750984	1.09084003436416	0.298144224586449	0.591561831159997
RBX1	-0.161340739133713	5.60395367351892	2.77609212801576	0.0979906914054038	0.340565586716125
REPIN1	-0.22935764140481	8.22567822206405	3.33322697075576	0.0700946088770862	0.28624141601986
RER1	-0.108418073636833	6.73954310661598	1.74394849903083	0.188864692657746	0.470894327542135
RFT1	-0.0958833390747665	5.07110315886048	1.10048565052838	0.296026395584846	0.588992641294506
RFWD2	-0.170405525948496	5.99971082149093	4.81995016421586	0.0298337868122328	0.179897741120354
RNF185	0.0772143848580226	4.84965487134932	1.07216171605211	0.302301447134422	0.595605476839558
RNF5	0.0480140099606134	5.77133326098159	0.222709145750677	0.637742207632882	0.838629090193186
ROCK1	0.107335187271398	5.32089728617208	0.521063523678047	0.471631768021407	0.733316408150971
RPN1	-0.00390349739667051	8.79451905746201	0.00212537238341989	0.963296994485648	0.985882720384239
RPN2	0.240849598300557	9.43076588458385	5.63381815904783	0.0190205114496173	0.140189945710602
RRBP1	0.0575948134988878	9.40853553890856	0.146284050473042	0.702711098749777	0.869334218997395
RUFY1	-0.0410561361850739	5.71664766596816	0.233816017881441	0.629488846730168	0.833983053154129
SAR1A	0.0581634826619983	6.5422680333685	0.395128021928456	0.530673944941724	0.774557894876102
SAR1B	-0.0917488729146063	5.59808236906892	0.927153709218677	0.337318262617807	0.62758371444367
SEC11A	-0.112276567692454	6.51595126725922	1.66501815458076	0.199123984481044	0.483691057143019
SEC11C	-0.303722572465543	5.2608734716974	5.02020892654688	0.0266802937294538	0.169475143101523
SEC13	-0.171261549050222	7.16675927302303	3.04075679479762	0.0834652233121047	0.313456917340069
SEC16A	-0.137434231370069	7.40536740343147	1.84244389293381	0.176920510270489	0.456482404147762
SEC16B	-0.210162625604094	-0.721441993392784	0.792088485031609	0.37504624667734	0.659875493491771
SEC23A	0.000944831438160762	6.25347278481965	6.12111327348514e-05	0.993769113950123	0.997103161137956
SEC23B	-0.0779937491861277	6.95693036694378	0.300469986353843	0.584489551580053	0.809029201249374
SEC24A	0.00186595520995642	5.32740204525395	0.000199297713806426	0.988757168789589	0.994668883662741
SEC24B	-0.0560690710284112	5.51248229143677	0.519747334278752	0.472191057111281	0.733644505640204
SEC24C	0.117141025771544	5.79725422570535	0.901485826601069	0.344073414056052	0.632648323227875
SEC24D	-0.128221355560057	5.93627682418483	0.920031458463947	0.339174517750749	0.628890111018292
SEC31A	-0.0707598230710349	7.26545115395563	0.765781929811862	0.383073100060083	0.665651346668696
SEC31B	-0.0229895321305393	2.52837499200388	0.013294206673904	0.908377570241652	0.965124752547373
SEC61A1	-0.0280544346655426	8.77840591488436	0.138903551003935	0.709955603594383	0.873448178102926
SEC61A2	0.134037979557479	2.65071032105328	1.43336289576787	0.233305986740638	0.524393990421525
SEC61B	-0.160999454055736	6.39951115596129	2.94496624939808	0.0884300877699084	0.323702646030242
SEC61G	4.57743285757767e-06	6.01087749763678	1.18766705159158e-09	0.99997255353492	0.99997255353492
SEC62	0.0319566442784862	6.82751217969332	0.0651808085029458	0.798874274822426	0.916505658621291
SEC63	0.142370225660769	6.75378605946256	1.22889234465314	0.269585635854188	0.562764186606958
SEL1L	-0.0208524936653701	6.70664914867848	0.0266096991202856	0.87066313189823	0.949319319433151
SELENOS	-0.0894372776721551	6.25829006951329	0.935882513020032	0.335061953848138	0.625047463552238
SGSM1	-0.183691066240831	1.70828199410585	0.524344703854185	0.470242165074212	0.732275676760965
SGSM3	-0.447551611760242	6.12672785619078	13.2578187380037	0.00038520280307115	0.0142801358728772
SIL1	-0.471314860284455	5.88393495888531	15.490230293016	0.000131948858145281	0.00792452306685674
SKP1	0.0911791692093617	7.63008139430143	0.711707076545153	0.400364030981767	0.679917874430688
SMCHD1	-0.0600156451679112	5.22113204179415	0.132321068064492	0.71660426301677	0.876861955998648
SNAP23	-0.0692406686213593	5.66566831128872	0.406483901818779	0.524835051396261	0.770123641450469
SNAP25	0.430096563291416	-0.580066827002906	1.13208055009073	0.28922377400349	0.581891618770188
SNAP29	0.0468678738261498	5.19055041556443	0.453881159132235	0.50164479115003	0.754946825950831
SNAP47	-0.205238407463514	4.7659011539522	6.26126308902513	0.0135296407101214	0.114334330765833
SPCS1	0.0159401001027453	6.75303335293734	0.0309242152501564	0.860672014882435	0.94428384575765
SPCS2	0.0724800987617209	5.47212353252468	0.469595114839408	0.494343742950807	0.749057115748364
SPCS3	-0.0113358825069878	7.09536040304863	0.0120782192837977	0.912650473274499	0.966483624379242
SRP14	-0.162581802160235	7.37323726976932	3.06822655976919	0.0820982795199141	0.31018207262255
SRP19	-0.00818007915814623	4.05051914909506	0.00330578718550863	0.954234783720788	0.982747507349936
SRP54	0.088991311978812	5.73898193257714	0.803713267751473	0.371574916114863	0.656931505456401
SRP68	0.0425446902610919	6.62986879757501	0.353066035877299	0.553373062834272	0.788564708469745
SRP72	0.0560468314612216	6.86593855945993	0.296387862857159	0.587050309532316	0.810040584579907
SRP9	-0.0740005757329049	7.14572660391773	0.317766397367681	0.573884492538501	0.801536920097897
SRPRA	0.0429069737025915	7.54924429032979	0.293392562640042	0.588943891112799	0.81052137171694
SRPRB	-0.117022398652181	6.69967652675041	1.39956521001067	0.23886721593825	0.531378956827926
SSR1	-0.00906851914002431	7.63738905686767	0.00746253114650515	0.931287099226151	0.973776933237278
SSR2	-0.308057286606485	7.99012844551866	12.6574170838319	0.00051609066288837	0.0174553620068275
SSR3	0.0397893451570911	7.41666411241076	0.147129649141527	0.701894565258252	0.869151694216003
SSR4	-0.263074732525591	8.20694248294952	3.10007441162201	0.0805439768270325	0.307230964033103
STT3A	0.112710226541136	7.72002585083947	1.60345626240762	0.207585937011911	0.49285078796037
STT3B	-0.0759439059796554	8.30899790913767	0.399027971103199	0.528655586491226	0.773041098757533
STUB1	-0.0620698179659668	5.59204117389573	0.195761458857691	0.658869252862724	0.847619622774931
STX10	-0.109878800678896	5.74674018116593	0.926531572505068	0.337479860550494	0.627738313375255
STX11	-0.184333160446779	1.11404049941558	0.610027119775241	0.436139574446204	0.707512282969302
STX12	0.137104098538919	5.48557677996994	1.39118258344104	0.240271544014968	0.533139457417899
STX16	0.361494668784131	6.6484487387236	7.9640781085099	0.00548995373710778	0.0683003835818046
STX17	0.0225247027318619	3.98683575079976	0.0385350768947446	0.844666603016999	0.936585775281702
STX18	-0.175374510648297	5.24868555211149	4.78184087347086	0.0304771656511941	0.181761479574872
STX19	0.0863140745494623	3.09514455296117	0.135813738162628	0.713053657016097	0.875285542359159
STX1A	0.403833964752999	3.88249963035182	2.89762661586929	0.0910024016909747	0.328426678871889
STX1B	0.244086174041258	0.379614913257598	1.06588268712353	0.303715868134044	0.596913004524732
STX2	0.260139329519141	3.82619780659015	3.01833833370526	0.0845992326547725	0.315444765950888
STX3	-0.0190412646498587	6.69568897592479	0.0195860808856637	0.888907017052924	0.956312184848777
STX4	0.106517268166355	5.82996845426367	1.13180522757735	0.289282179679394	0.581891618770188
STX5	-0.139735425896343	5.47735585380016	2.38582544126885	0.124771728770766	0.383779279248482
STX6	-0.196929085955057	5.56724553936356	5.10848257973361	0.0254035551605966	0.165021881391829
STX7	0.139590700851904	5.9664402611796	1.81461413829527	0.180203447230004	0.460186366114738
STX8	-0.3622603032154	4.2611054037834	9.18475613110334	0.00292381524073834	0.047581999919989
SURF4	-0.151268469684336	8.53626641604365	3.14586790997014	0.0783650105857922	0.302330059319104
SVIP	0.360304701378676	5.15660012573083	5.51686997597642	0.0202790479896822	0.145249800747277
SYTL2	-0.101216773026489	5.9768042138849	0.297444222514816	0.586385457307638	0.80991984927348
SYVN1	0.0835957639790595	6.63207734371977	0.981119044415454	0.323687576870415	0.614650291088305
TBC1D1	0.048818886385529	5.73675459079319	0.18433882767971	0.668352407066749	0.852948885321644
TBC1D10A	-0.277828441511324	3.85151310326211	6.36670103111283	0.0127831141300147	0.11087040538321
TBC1D10B	-0.0501070060748016	6.63316339868408	0.242215081293841	0.623406976827157	0.830388548279037
TBC1D10C	-0.254296760446805	2.43557175987422	1.16593436196349	0.282155781676019	0.575415098159829
TBC1D12	-0.0335139725722357	4.01930048774775	0.108879009338028	0.741933401008694	0.891027342547065
TBC1D13	-0.0392046674422534	5.21220084691725	0.24692315904918	0.620054955780785	0.828262014869185
TBC1D14	0.0884426150013622	5.14564795741929	0.508837469780149	0.476868881789325	0.737300236824925
TBC1D15	0.0986223553581952	5.36256588762148	0.913819789152619	0.340804752328506	0.629785222967669
TBC1D16	0.0520858379532933	6.69118869526283	0.160575410647635	0.689258222853988	0.863801733891259
TBC1D17	-0.0726814865060613	5.40259463733411	0.496825145183181	0.482107847264841	0.74050892629211
TBC1D19	-0.141499966624047	1.83204800041969	1.17963978275803	0.279357101842726	0.572477052397345
TBC1D2	-0.417660298161096	5.52521417888676	5.02616895012793	0.0265920020718182	0.169306789839189
TBC1D20	-0.0267961857865387	5.69106501798181	0.0663559353159353	0.797109023699794	0.916470518646973
TBC1D21	0	NA	NA	1	1
TBC1D22A	-0.177192759000839	5.46733620370675	3.6233163751433	0.0590951730417811	0.261543567181281
TBC1D22B	0.0989460906317204	4.30080354692185	1.94211644790873	0.165719694066316	0.441778111836035
TBC1D23	0.22342712291425	5.27939612850356	3.86585153600061	0.0513215564079756	0.243174165795723
TBC1D24	0.00446259527688867	4.21874649109258	0.00216305536974654	0.962973284954764	0.985882720384239
TBC1D2B	-0.0287674774495667	5.70960199485634	0.0676942525126373	0.79511882238423	0.91595983527693
TBC1D30	0.168127054846681	4.11420733346339	1.44601967589278	0.231264108880921	0.522363784727323
TBC1D4	0.230559733525486	6.25791959243561	2.32012443182121	0.130039462784212	0.391417834323005
TBC1D5	0.156426284221283	6.06964341290142	1.79962540616129	0.182001032120279	0.462782116356413
TBC1D7	-0.300530562366646	4.36316617929131	6.56725394338242	0.0114790800568719	0.10475974767972
TBC1D8	0.0393486057375151	4.3396410142611	0.0986960189388675	0.75388311318874	0.896471301693307
TBC1D9	0.250331484257274	3.91734585208596	1.66397908095921	0.199263371819475	0.483909742927156
TBC1D9B	-0.00886922087211179	7.50428245439531	0.00810357770154644	0.928404304440272	0.972651248276151
TMED10	-0.156932044952864	8.28738261442381	2.88069970908177	0.0919420001791644	0.33045754811075
TMED2	0.014053384052391	8.44907648608815	0.0135131018725244	0.907629735816071	0.964802222811758
TMED5	0.107440725983937	6.30637490648998	0.535625384344914	0.46551485917225	0.728272282894297
TMED7	-0.0374841969170582	6.48842354486563	0.0569877282291741	0.811682453213969	0.921863688767598
TMED8	-0.00471861687954217	4.48452484203802	0.00161741402555473	0.967979232024973	0.987456114940724
TMX1	0.0987024640885315	5.86564732841865	0.627299404288535	0.429731555306044	0.702804097899478
TMX2	-0.0252248837348982	6.69059082123103	0.0696992152812063	0.792176190767636	0.914057052711466
TMX3	-0.0485678725450648	4.84456997814984	0.0951888808028302	0.758155055843233	0.897915445412476
TMX4	0.0599451827589583	5.8360588830118	0.175476102760884	0.675953227979927	0.85691220188395
TOR1A	-0.156823892225303	5.59280560467629	5.1751885792101	0.0244814503680083	0.161206931065518
TRAM1	0.209636712454659	7.81204433545534	2.30776032056111	0.131058514314392	0.392933286114622
TRAPPC1	-0.233081108212081	6.13670459796536	3.4825211768179	0.0641811665870256	0.273825487106693
TRAPPC2	0.100716238920019	4.32778939229933	0.422783463258642	0.516651941885825	0.765031560259333
TRAPPC3	-0.220541797457969	5.6628898339453	8.57815923261359	0.00399257516041136	0.0564149763001696
TRAPPC4	-0.06148866066096	5.46185572550831	0.487596103538826	0.486197827735738	0.744061894847466
TRAPPC5	-0.804241245274123	1.65042490249188	4.95475682935735	0.0276704529702866	0.173213329671533
TRAPPC6A	-0.0555189067580421	5.176157378925	0.126577851279414	0.722560060074493	0.879957726494054
TRAPPC6B	-0.0420233575625215	4.36316582333167	0.128370928597573	0.720684514071859	0.878857533896717
TRAPPC9	-0.0319990892692823	6.02724620146918	0.0765899267574352	0.782394526180713	0.909329855702636
TUSC3	-0.432792629750377	2.88242010920848	4.47553548484893	0.0362125633633223	0.200915110475168
TXNDC12	0.0167221633505855	6.73729005983897	0.0347435345368494	0.852412768154812	0.940569994745714
TXNDC5	-0.155813322348389	3.90213571157786	0.817196832817069	0.367604852766921	0.653231677813203
UBA1	0.0936168562943664	9.08814453954844	0.759974601694045	0.384877978518794	0.667265910084664
UBA5	0.0957749995886548	5.07634475165677	0.706147836992193	0.40220544612397	0.68106316467675
UBA7	-0.278221921645366	5.62367001879544	3.67752105716936	0.0572542542556314	0.257820564407908
UBE2D1	0.16120983654947	4.87437083006005	2.36265274807815	0.12660177568573	0.386254352791495
UBE2D2	-0.0138595560384785	6.68014439732923	0.0327168572195575	0.856733495372473	0.942798483855934
UBE2D3	-0.0454675351341763	7.82613638333102	0.289297761664351	0.591552915279755	0.811529598588617
UBE2D4	0.175750759248579	4.1296074130108	3.42258073054599	0.0664879326066528	0.278997314446867
UBE2E1	0.122383411643279	6.05821852635229	1.58803446542332	0.209772372099432	0.495412644773933
UBE2E2	0.417348469296019	2.88081072474833	2.64918058258224	0.105925595326911	0.353746949293298
UBE2E3	0.081063994619	5.52284966359539	0.683414382728237	0.409866340931892	0.687059727733273
UBE2G1	-0.0517976195565674	5.47074434670363	0.292005880590397	0.589824771311564	0.810817331203803
UBE2G2	0.0960683411333757	6.32651008147776	0.872840414455631	0.351831503218728	0.640041359506865
UBE2J1	-0.00811141281787808	6.65168479681222	0.00701005774532717	0.93339774064615	0.974440050905564
UBE2J2	-0.214049824671344	5.6945184842707	4.01505865190919	0.0470889030749144	0.231806836807815
UBE4B	0.347755546782611	6.04202760003429	11.215143697678	0.00105078850495302	0.0260274969684466
UBQLN1	0.00972622318615471	7.33728229108076	0.0143728780404917	0.904750224679503	0.963426817132751
UBQLN2	0.075539613755097	5.89588977406573	0.751818221702538	0.387433535890981	0.669103485406617
UBQLN3	0	NA	NA	1	1
UBQLN4	0.0307498094140448	6.12398193749914	0.157094536887076	0.692468975527778	0.86547315213299
UBQLNL	0.0798098952756211	-2.25923868892634	0.0861569669667615	0.769569779596462	0.903115799770979
UBXN2A	0.177808996717293	4.52580801042258	2.7657456403873	0.098612371566898	0.341690994062807
UBXN6	-0.173125110859584	6.77087004763265	2.97056617410784	0.0870723347993972	0.320845965899745
UFD1L	-0.134051087827144	5.96683819515726	2.34426099074469	0.128075730338526	0.388125663547756
UGCG	-0.00805376441564739	5.33972800962379	0.00425245509100786	0.948102199808001	0.980646096658506
UGGT1	-0.0402882322565726	6.9827143479295	0.172382451402342	0.678659530993162	0.858397990819981
UGGT2	0.42312095542696	4.86431780719104	8.77412547658496	0.00360913512806018	0.0535762438270271
USE1	-0.0711531439541134	4.47263187490058	0.450024314675028	0.503464895016567	0.755912883070121
USO1	0.0959273838348599	6.51382881526775	0.555820911063129	0.457239850422667	0.722385067080518
USP6	0.123912254977902	-1.1494840595764	0.308945668025494	0.579244194266341	0.805311801959491
USP6NL	0.0175570120929185	5.64416420723207	0.0321559877182111	0.857953507007857	0.943421163817378
VAMP1	0.0359532573164395	2.72986456062621	0.0602276253393487	0.80650771257963	0.919353926860385
VAMP2	-0.0681032307056697	5.10837773818775	0.452568102794235	0.502263175751636	0.755126160453038
VAMP3	0.255996201072586	6.73748817104642	8.09074046368717	0.00513952681267492	0.0656135866047937
VAMP4	0.22652856928486	3.9359416449994	2.81059877976428	0.0959483444112562	0.337064599960958
VAMP5	-0.414706683845756	3.84474424836025	4.34561018933586	0.0389809688848422	0.209340544911154
VAMP7	0.229649759879982	5.67113188631266	3.95958998307338	0.0486171642267364	0.235835278474643
VAMP8	-0.340142289439614	6.86634394949997	8.40314216439793	0.00437050343850142	0.0594697739760332
VCP	-0.149430056671616	8.7998139916903	3.08922180529889	0.0810699924088444	0.308209383210939
VPS45	-0.125866937107494	4.76041359145499	2.11673595031317	0.148008671117345	0.417096390824169
VTI1A	0.143745492308519	4.6413531600285	2.09900671496098	0.149704312261926	0.419886493482253
VTI1B	0.0264651869181515	5.98852731834413	0.088478114932466	0.766576296380589	0.902280337132613
WAS	-0.0403893443867639	2.77456011237473	0.0385267272151099	0.844683215971865	0.936585775281702
WDR38	0	NA	NA	1	1
WFS1	-0.073273806786342	6.795343541279	0.0939508011758972	0.759683691298766	0.898900258931245
YKT6	0.274379286090298	7.07474519860947	12.7636111937302	0.000489998434020468	0.0168622538024532
YOD1	-0.197017540680253	3.96059844322866	1.59015311276738	0.209470375662334	0.49517956485431
YWHAQ	0.00616571228803956	8.21790206642663	0.00416238844046512	0.948653960727748	0.980772198342664
