pspGenes	logFC	logCPM	F	PValue	FDR
A3GALT2	0	NA	NA	1	1
ABO	-0.297610229775046	6.31246600073605	1.08475719424114	0.302071281371455	0.743737597430752
ACAP1	-0.157330955339783	3.05366611147964	0.413877794376892	0.522610027042338	0.86500806501717
ACAP2	-0.0205804218272131	5.45440723295606	0.0159338029646081	0.899998572350595	0.980094558198209
ACAP3	-0.2504382695463	5.77501777462627	1.07496942576921	0.304241997950273	0.744279468501608
AGAP1	-0.214761088848896	6.10654033482497	3.10721831741276	0.0833531712936719	0.511724441872193
AGAP2	0.0721185628722788	2.25397565662763	0.0411385176539545	0.839999303890486	0.965715891284734
AGAP3	-0.163088520754062	6.74070398489163	0.99933210449393	0.32173365685092	0.757117991360005
AGR2	-0.364083016711034	9.13990953000314	1.36684983354883	0.247261876949675	0.700948114860445
AGR3	-0.506029982432412	4.64541914474376	0.966985712777358	0.329624660988751	0.762083271985406
AKAP10	-0.0354627023973326	4.37632877362082	0.0863313101933347	0.769970479297133	0.948055255799599
ALG1	-0.298178059133952	5.34602788220626	5.38081755062569	0.0239963888829	0.354654346492531
ALG10B	0.356626913502237	2.86788868110837	1.37063980133974	0.246615345338786	0.700155359814672
ALG11	0.0784358169302756	3.19386365598955	0.197081285357024	0.658782458335154	0.919132278616729
ALG12	-0.42151321893754	4.39339481556012	5.26083415120986	0.0255504585705694	0.357854971737043
ALG13	0.0808098097577971	4.89999657726445	0.348110073561666	0.557536894837472	0.880729891032592
ALG14	-0.270884139764241	4.16075433050332	4.4906763392538	0.0384874185356167	0.401925074914079
ALG1L	0.296361716306312	1.53761128295168	1.02425932761901	0.315824648941689	0.7529499273256
ALG1L2	0.10033609205034	-0.832834671151388	0.138351594894857	0.711316467689191	0.931646480252632
ALG2	-0.135822180607898	5.48292125717759	1.49932319353215	0.22585567169189	0.689154292590459
ALG3	-0.39533346888532	6.80620036036589	4.20917834483156	0.0448506817195151	0.416758433527726
ALG5	0.0880395948965913	5.96403978025784	0.259685800658287	0.612320510162986	0.90285051842802
ALG6	-0.130303012053078	3.97433456606046	0.648809319848551	0.423915119470956	0.81484779952137
ALG8	0.153467364220465	5.4040491911044	1.00457183440222	0.320479378659221	0.75619109486719
ALG9	0.237072308451316	3.00116820950287	2.92446519875873	0.0927319700519075	0.529272928464214
AMFR	-0.18391093737046	6.92033906383504	2.05380320082475	0.157336053657945	0.62307127788412
ANKFY1	-0.215143115351489	5.80843046704016	3.19256720082213	0.0793379040454199	0.502484027933901
AP1B1	-0.376233684242659	7.41893646233276	6.37685906099207	0.0143930537416172	0.302762849863239
AP1G1	-0.00535532033741382	6.58458564907806	0.00153939144564051	0.968841252011125	0.993962750452911
AP1M1	-0.0748534479972807	5.63414744399936	0.160208351966288	0.690473901144517	0.926740424223207
AP1S1	-0.161279853401678	6.98070278672248	0.950516892354255	0.333742877110028	0.765292142832102
AP1S2	0.506109565640326	3.74084211659013	4.54744102342116	0.0373264488099207	0.40013059077557
AP3B1	-0.153496748040243	6.062945837463	1.00530101182962	0.320305348874067	0.756079424517873
AP3B2	0.501476888288474	0.881357716993009	0.485509798547716	0.488793645656545	0.848974856363974
AP3D1	-0.269691990932816	7.89742996182412	3.20940574152879	0.0785712893930417	0.501045368148037
AP3M1	-0.0677873070470655	5.86142471633025	0.259366740571075	0.612538556760105	0.90285051842802
AP3M2	0.217200957211348	4.36792918552717	1.65230189622804	0.203888990643653	0.668935674757875
AP3S1	0.179888412067435	5.49843799258269	1.34718850557378	0.250650103995192	0.703975237170055
AP3S2	-0.0847441398897584	4.55552157556862	0.528930555148322	0.47005923833506	0.841226880462916
APPL1	0.287505030304104	5.42337128654193	1.95011145146993	0.16803602066378	0.631955876142189
APPL2	0.167363030255388	5.94665012704117	1.6776278017517	0.200506499806744	0.666922938005664
ARAP1	-0.02118308844963	6.78101094685274	0.0232963757134951	0.879232559274672	0.974489745376708
ARAP2	-0.0147306965625662	3.96865283730158	0.00482854899496631	0.944846686617564	0.989515775376002
ARAP3	0.0949741752036948	4.60686108947231	0.196052996563626	0.659616110629756	0.919132278616729
ARF1	-0.173333421461658	9.6666924558869	1.40522556802103	0.240811567673906	0.698192045930548
ARF3	-0.0414586354552624	7.78702679905871	0.158645360733479	0.691907686019979	0.927413252106144
ARF4	0.0665288208669947	7.72015069645464	0.221918212729199	0.639395741890667	0.912255844813495
ARF5	-0.178933876823865	7.61120665745961	1.15432655771412	0.287211508405489	0.732534609413742
ARF6	-0.0606522835101577	7.37814297876131	0.258499401077821	0.613132156235181	0.90285051842802
ARFGAP1	-0.164887236665055	7.42684786263111	0.611537920020676	0.437473798662463	0.823005964731207
ARFGAP2	-0.00692667611486325	6.70269556009699	0.00649044642060591	0.936073893796858	0.989513882199657
ARFGAP3	0.0231503810428127	5.48056564358008	0.0198925944322924	0.888339044743747	0.977372098632165
ARFGEF1	0.586100743983662	6.736709312615	8.07431993184274	0.00623394526507661	0.241558632327709
ARFGEF2	-0.0111646335917962	7.23946085974097	0.00481344685668978	0.94493286406176	0.989515775376002
ARFIP1	-0.0433828282672872	5.76711588276924	0.0620651125326835	0.804164508607655	0.956165464703501
ARFIP2	-0.0747773546180254	6.27724548222373	0.323636459677713	0.571684588605688	0.887571175427725
ARHGAP1	0.020220801004796	7.18611872891116	0.0294659982953687	0.864320717548952	0.970520045770655
ARHGAP24	0.531861380571375	2.0420681946275	4.89341541491222	0.0310176988482267	0.380067655565336
ARHGAP5	0.0523642410298153	6.19846444899848	0.0567470287971434	0.812574987576981	0.957786309115613
ARHGDIA	-0.0887261268909914	8.31152341597776	0.405497429413561	0.526834988477843	0.865752423976724
ARHGEF1	0.226208642590446	7.07869317643886	3.34795205321681	0.0725653936493928	0.485184515889893
ARHGEF11	-0.000153730985571634	6.22804399276165	1.79388824827789e-06	0.998936061784955	0.999636204717526
ARHGEF2	-0.0233384532900675	6.30491420549762	0.0261794114874383	0.872040063696403	0.971831996765157
ARHGEF6	0.335708056492633	3.26364486221558	1.90316373376361	0.173159456506919	0.637446142378544
ARHGEF7	0.117763037370087	6.22526580284299	0.827425979451867	0.366881391176773	0.78538735961283
ASAP1	0.459074531074034	5.35911246912143	4.31533847422239	0.0423264814537692	0.411809060318139
ASAP2	0.0659530110293446	4.89170989151457	0.24561753717802	0.622099848435809	0.905644886150159
ASAP3	0.00963233803325663	3.53746846957955	0.00172288839719305	0.967037471098252	0.993836707202331
ATF4	-0.175757872233915	8.350028830876	2.36751930216229	0.129464900527528	0.584186352283284
ATF6	0.0118083654610802	6.07215200985026	0.00950176814127004	0.922692502106553	0.986506922834285
ATF6B	0.055535495547236	7.23885359727574	0.260522010373446	0.611749843706717	0.90285051842802
ATXN3	0.164086517322136	4.24096608305546	1.32418672363226	0.254688127827617	0.706865456300033
ATXN3L	0	NA	NA	1	1
B3GNTL1	-0.153951537197047	3.10433622888017	0.592706665331013	0.444580810861967	0.82657266485085
B4GALNT1	0.499376472095122	0.593798162838152	4.06741391743447	0.0484789696729774	0.428789780180653
B4GALNT2	-0.374088227028066	2.20486399177553	0.351145098785213	0.555829541137259	0.879574471839243
B4GALT1	-0.122254891416129	7.36637259217743	0.732822459971537	0.395585246795457	0.800904043786328
B4GALT3	-0.0138592968121008	5.92188302595592	0.0169478770496192	0.89688315641727	0.978965840734383
BAG1	-0.04140151487695	6.57619810683771	0.0946456051139198	0.75948330043681	0.944578994332345
BAG2	0.535096983422723	3.25448675473349	2.26736662563954	0.137693890461322	0.594404636372941
BAK1	-0.629746917688603	5.6211874856501	14.0032272886247	0.000428832488294024	0.123241610722228
BAX	-0.340512642339171	6.67269325412128	4.58450203646686	0.0365888690636936	0.396574105976366
BCAP31	-0.192678422028777	8.93672353955626	1.60986201356455	0.209712755894692	0.675326597464324
BCL2	-0.327711950229032	2.87427615743284	1.70837799189414	0.196489701124674	0.662167504378271
BET1	0.066245075245937	4.36941408981814	0.123479815938685	0.726597414482953	0.936284534047177
BET1L	-0.024988468834551	6.39976492436077	0.0566446446235244	0.8127409169296	0.957841336897898
BNIP1	-0.134957855133479	3.49221721425737	0.697716978893677	0.407069630467716	0.807468930665028
CALR	-0.148077597579926	10.0742889465928	1.84985120720237	0.179202109755132	0.643385485784041
CANX	0.0278915983234289	9.61387976116433	0.0373263845969958	0.847494775244108	0.967332166047836
CAPN1	-0.178125260606117	8.78541463794856	1.24677938772148	0.268893772578272	0.717354131539821
CAPN2	-0.0576893516523177	7.73951750521012	0.154555282479522	0.69569887334394	0.928265291727864
CKAP4	-0.432222462719856	7.12884031215046	5.24431364384911	0.0257727294152535	0.359612939978074
CLTA	-0.037949743931165	7.80401530422801	0.0688583972772534	0.793960522631301	0.954500413535686
CLTB	-0.258902665923172	7.13971617819949	1.98644519483427	0.164192701647529	0.630610062246179
CLTC	-0.033081008667059	8.75386215883806	0.0921484707188631	0.762578237360474	0.946193208014084
COG4	0.0651975032911432	6.35992014578121	0.236150888699491	0.628879164876149	0.907552987473827
COG6	0.181150755167127	5.29356907401829	0.937178866078033	0.337129575995125	0.767459840092291
COPA	0.0453707581269453	8.1602745756333	0.190274209529114	0.664350482641081	0.919362809258258
COPB1	0.03524160953535	7.2783979896887	0.0924250523079985	0.76223320109658	0.946081998288892
COPB2	-0.028547906043275	7.43201273477587	0.057821683824449	0.810842811542251	0.957690045010845
COPE	-0.260464314613925	7.66902939390438	1.94568338938003	0.168511582527677	0.632555805637508
COPZ1	-0.0988507117740257	7.68612261312707	0.852195979282714	0.359856797235841	0.78180830806956
COPZ2	0.482160073714749	2.43844553362943	2.42237865126989	0.125196435997642	0.579324974069757
CRYAA	0	NA	NA	1	1
CRYAB	0.583270305488738	3.1496071139201	4.45880327881544	0.0391563226455363	0.403072991542074
CTBP1	-0.2464720039037	7.26248615786395	2.41102762314248	0.126066299806652	0.579324974069757
CTSA	-0.213240123217648	8.51918410515677	1.25047261658853	0.268193527989668	0.71657819212933
CUL1	-0.0361861860396939	6.44099947560532	0.120119100812211	0.730192602718176	0.937584836611465
CYTH1	0.0255189383982064	5.70739843027009	0.0412715530581807	0.83974439879979	0.965715891284734
CYTH2	0.143713939720908	6.24053804992815	2.29468647477951	0.135391206585706	0.591886051354652
CYTH3	0.372393383298741	4.91991019688048	3.8168741012525	0.0556954709993375	0.444878875205059
CYTH4	0.0680445054903072	3.11490250504933	0.0677056700945188	0.795652855105189	0.954753923332969
DAD1	-0.00918305301646286	6.83761651878414	0.00403805969764552	0.949556194001411	0.989515775376002
DDIT3	0.368029803238088	4.20488755264838	3.46153842432006	0.0680180519172655	0.476578929715415
DDOST	-0.286609253581462	8.62134397709534	5.03674699312821	0.0287487835554915	0.37118350724614
DERL1	0.300583807458905	6.6690871910504	5.08296566810717	0.0280556243897804	0.369898333790498
DERL2	-0.0539417342719518	4.75882384012932	0.10263840207125	0.749867792380354	0.941647953085936
DERL3	0.119210304347214	4.26300905307847	0.125576614999104	0.724382143901367	0.935103986059156
DNAJA1	0.0124322613161048	7.55034779688472	0.00965041088887285	0.922092122778674	0.986275508274112
DNAJA2	-0.0443741205807137	6.48471722155234	0.131562148397455	0.71817095369351	0.933187191015937
DNAJB1	-0.0180080702267303	7.77031400280088	0.0124319374507106	0.911616069453913	0.983784899229008
DNAJB11	-0.202214728909312	6.37744157881659	1.94846723499012	0.168212421094189	0.63207690428731
DNAJB12	-0.0502502885891584	5.95397567912556	0.24559126611418	0.622118434608241	0.905644886150159
DNAJB2	0.109874978342583	6.00167964777507	0.791834211088139	0.377318760559243	0.791167809733183
DNAJB9	0.0996110200933737	4.98259686947047	0.304852273377759	0.583033534537525	0.892077836845988
DNAJC1	-0.131794850758943	4.97227307431305	1.17709490554876	0.282555139621995	0.728693059525721
DNAJC10	-0.188662099291607	6.96115330664196	0.876126468649915	0.353247782159878	0.777590255337652
DNAJC3	0.115327335429411	6.76688046803217	0.42902577979503	0.515124844392925	0.860166045408729
DNAJC5	-0.315278965165914	7.52976690931272	3.47214882874425	0.0676095452537367	0.475391232966376
DNAJC5B	0	NA	NA	1	1
DNAJC5G	0	NA	NA	1	1
DNAJC6	0.400342376958733	2.88088495915619	1.87989320250699	0.17576699498504	0.639196251976452
DNMBP	0.118728741520041	6.32875777920961	0.820337913121656	0.368927038838488	0.786487600346049
DOCK5	-0.205139473441396	4.94885410699816	1.28457111374865	0.261836478708878	0.712969244560543
DOLK	-0.12807210773707	4.66380814224057	0.970941854059815	0.328645641705576	0.761367280747475
DOLPP1	-0.186840193401609	5.06259069401907	1.3983974684523	0.241943807777439	0.698663860209771
DPAGT1	-0.049509390459963	6.19125169945955	0.172582240530719	0.679400241588884	0.92391337203486
DPM1	0.0533566168011616	5.90578495083142	0.0730595919556825	0.787917746389103	0.954315030581231
DPM2	-0.0452644946512329	5.95050923260539	0.109977533433336	0.741396506809973	0.939910789951996
DPM3	-0.476980320158762	5.26755975325441	2.93476238323833	0.0921733564087889	0.527859061557946
DPP6	0	NA	NA	1	1
EDEM1	-0.178429076366202	5.82279428302885	2.22978381891291	0.140935489320272	0.597349786779236
EDEM2	0.0830684018682237	6.00922953755674	0.270623834325785	0.604945770874793	0.900690108925226
EDEM3	0.124021158692634	5.93164215809873	0.318933103181712	0.574484573638542	0.888887021372272
EEA1	0.166317050113146	5.2014959884933	0.40585337112491	0.52665429248584	0.865752423976724
EIF2AK1	0.116666864143103	8.01187908509467	1.29879202686925	0.259241657103583	0.710573034966531
EIF2AK2	0.00311832051766197	6.15238516140812	0.000337207273487009	0.985413789533754	0.997722324624813
EIF2AK3	0.0343303637565786	4.53384926540007	0.0572049566067946	0.811834775684256	0.957786309115613
EIF2AK4	-0.0742337737474723	5.69518548303316	0.470834947279691	0.495409128800951	0.852486408680297
EIF2S1	0.0176823056715496	6.41594065945912	0.0138873985136309	0.906608501384778	0.982035783372076
ERLEC1	0.0400807372003532	6.17834254607897	0.0820650537749365	0.775565842477668	0.949865205721777
ERN1	0.0430682912985582	4.94505409831721	0.0832126474553441	0.774045509807769	0.949865205721777
ERO1A	0.141638024575243	7.141911198965	0.512546209819817	0.476986740123686	0.845162273893763
ERO1B	0.666370389230836	2.15297486943741	5.42481821588023	0.0234520585867774	0.354634930586377
ERP27	0.187717247388522	3.7030821741099	0.131846146515559	0.717880261586285	0.933025442349185
ERP29	-0.18071624388195	7.30154563692163	2.41566696130616	0.125709943928771	0.579324974069757
ERP44	0.04158873463228	6.59838961287108	0.08913112249696	0.766379749695198	0.946964767716259
EVI5	0.00208956725517807	4.20833893153964	0.000164405661056379	0.989814904125883	0.998628630165778
EVI5L	-0.210220661981686	4.14864936293893	1.20936132547056	0.276121531739965	0.722257110053893
EXOC1	0.167713701045851	5.46857356498773	1.37128261109218	0.246505897573598	0.700155359814672
EXOC2	-0.014460101093999	5.25737384960703	0.0123472236935955	0.911916453914357	0.98384574545405
EXOC3	-0.183736864998015	6.376949060677	1.60756913818843	0.210033077445858	0.675326597464324
EXOC5	0.12627871897525	5.35704438553459	0.444067615503615	0.507877238065547	0.858201098102165
EXOC6	-0.136152125532341	4.52888049189062	0.998516387720143	0.321929513475163	0.757117991360005
EXOC6B	-0.00127136686008297	4.17812922622232	9.50432949266104e-05	0.992255870819266	0.999064375669657
EXOC7	0.138272428276743	5.82881360533576	1.42464714159473	0.237626817346495	0.694756701639221
FAM71B	0	NA	NA	1	1
FBXO2	-0.954532024861114	3.867053486835	2.71604621902863	0.104893485186062	0.551094233786787
FBXO6	-0.670251642934147	4.06153425885607	6.14171000080615	0.016214944904919	0.312801663456745
FBXO8	0.106629159638877	4.03629841236687	0.725860858595746	0.397824425166274	0.801548832028056
FUT8	-0.294654826686425	5.52403139397004	2.40855949958259	0.126256349783606	0.579324974069757
GALNT1	-0.319824957946277	6.33704496642107	2.88975216492366	0.0946431397029454	0.532631715486365
GALNT10	-0.371586047147692	6.25920314904907	5.51485676280859	0.0223788580962295	0.350772058419646
GALNT11	-0.238604853069398	5.35884551848937	4.67321925313692	0.0348862409676217	0.390823470638671
GALNT12	-0.155170288490756	5.2217440712459	0.490037992750176	0.48678235082921	0.848667371468404
GALNT13	0	NA	NA	1	1
GALNT14	0	NA	NA	1	1
GALNT15	1.06318956536233	1.39204496044824	5.93001473279299	0.0180653166624637	0.321193320768106
GALNT16	0.213744477457368	0.576974886779875	0.283457709089229	0.596531111194922	0.897026455490256
GALNT18	0.339971828021658	3.93296436227768	1.59815177389103	0.211354940045936	0.676623057350204
GALNT2	-0.203639383907518	6.95459049741091	2.32166389374032	0.133160607835146	0.588807947793065
GALNT3	-0.0897408860154284	6.71153288568019	0.22442930429003	0.637510748476991	0.911590812053447
GALNT5	0.136367294898056	5.4056299354184	0.36491773149343	0.548205251813848	0.875896700104507
GALNT6	-0.152728338378978	6.5471093566107	0.360271328038204	0.550755158486806	0.876815086230673
GALNT7	-0.114831018319059	6.25261858376102	0.319861665977717	0.573929628905778	0.88871967967055
GALNT8	-1.45973199042086	3.49736425721158	8.01815034103391	0.00640506479681349	0.243325934465215
GALNT9	0	NA	NA	1	1
GALNTL5	0	NA	NA	1	1
GALNTL6	0	NA	NA	1	1
GANAB	0.0420167745461749	9.01609742250185	0.140364789886701	0.709320963135013	0.931646480252632
GBF1	-0.106148153525904	6.71852444102376	0.835836794305141	0.364474696125856	0.784756854752283
GBGT1	0.430463735352208	3.05893977279954	2.30973706472851	0.134141531541722	0.590372458599376
GGA1	-0.312959795286522	6.20081523724049	4.88927686440291	0.0310860004507474	0.380227706608927
GGA2	-0.00457413635031185	6.29184773624772	0.00277415462302995	0.958180400622928	0.990831201241478
GGA3	-0.0504053803627594	5.76867447701937	0.144256116437463	0.705509693346058	0.930869290262465
GIT1	0.0409672643424538	7.095882283189	0.0573607935069262	0.81158359032013	0.957786309115613
GIT2	0.193841203184883	4.29493373724889	3.32859024438506	0.0733734119554606	0.487119029614379
GLT1D1	0	NA	NA	1	1
GLT6D1	0	NA	NA	1	1
GLT8D1	0.106201743872044	5.32447268713681	1.10227713508193	0.298236255350022	0.740081494585632
GLT8D2	0.551795573413545	2.99466488108543	3.23106982071974	0.0775970027226761	0.498257368271645
GMCL1	0.120774920541391	5.0691773493952	0.610095472596783	0.438011911703528	0.823146046957438
GOLGA4	0.22181176586069	6.4484478718714	0.828781111413082	0.366492118788058	0.785360007187479
GOSR1	0.0703597106557645	5.69081129559064	0.417051598434969	0.521025771128531	0.864058761020258
GOSR2	0.025144412474791	4.48940815051583	0.0676821466306807	0.795687549923443	0.954753923332969
GPAA1	-0.146386866293209	7.72635095507521	0.344670147840579	0.559484235058238	0.881292281215361
GPLD1	0.263318111797357	-0.293980168088988	0.779685305131393	0.380978397501389	0.792751466123892
GXYLT1	-0.0504333572716378	4.3121006085694	0.0624828125970958	0.803520418774873	0.955852384670594
GXYLT2	0.244527111946478	2.18397105913443	0.43378558705694	0.512811910036791	0.86007789447481
HAS1	-0.260137522153319	-0.89122903608465	0.412311422420232	0.523395084742582	0.865092783534432
HAS2	0.194688126195063	2.76976129025695	0.566304317646449	0.454854641983392	0.83316931378211
HAS3	-0.742120014893909	3.94701378524023	5.66317802045709	0.0207235944567624	0.340986937467794
HERPUD1	0.0992147180106364	6.73134205257699	0.53788049580954	0.466344215729784	0.839536743288098
HSP90AA1	0.0260375621135094	10.2414326885579	0.0232895402222389	0.879250138503408	0.974489745376708
HSP90AB1	0.307981282571052	10.8154528578998	5.23841195276716	0.0258526327943178	0.359944085645375
HSP90B1	0.044280785865985	9.88083706190308	0.047635510523761	0.828016226422847	0.962306360407346
HSPA1B	0.720400657900896	6.9906007043387	10.9947214402032	0.00160050346924534	0.173430747485883
HSPA1L	0.0959461501069008	0.877721353592997	0.22831900264763	0.634616274905713	0.909796861146606
HSPA2	-0.638010036012752	4.59999584309024	3.69462152565886	0.0596350121262611	0.452987725872762
HSPA4L	0.0966687977723514	3.24618736598727	0.0518461448978867	0.820703266709535	0.95943570864544
HSPA5	0.0515665732487856	9.35374553117036	0.175486748519495	0.676868920328448	0.923429694024355
HSPA6	0.713248971517568	1.88027918426492	5.91660744049465	0.0181898295146553	0.321290610128884
HSPA8	-0.0293764729604673	10.6551254280574	0.0417049137970332	0.838917004828617	0.96542312918907
HSPBP1	-0.375130197411066	6.62301547859245	3.15115978290888	0.0812585173994581	0.506301903877067
HSPH1	0.213252812018761	7.8955741809211	0.816813622220396	0.369950172394671	0.78746112255477
HYOU1	-0.0650083670313389	7.96062681034615	0.209867048822562	0.648628446230062	0.915568910589983
IFT27	-0.0365249554041451	4.31083217936906	0.0717885943339496	0.789725760046884	0.954446298121554
INPP5B	0.0146153511240193	3.96176127992469	0.0167565388632271	0.897463573596817	0.979185452149263
INPP5E	-0.0711759851214944	4.50165507085716	0.128543038720169	0.721283450765367	0.933838261076326
IQSEC1	0.11977533525711	5.61422840478757	0.692337805542206	0.408872845895575	0.808406503699148
IQSEC2	0.0496480963680411	4.45825901747008	0.104480094817886	0.747711281793696	0.940853824887239
IQSEC3	0.375738488346161	0.632998192581291	0.731419563859118	0.396034996380458	0.800904043786328
JUN	0.0678742344904152	8.4365505230929	0.137663197298573	0.712002613367785	0.931646480252632
KDELR1	-0.138896494889827	8.23843768453912	1.44240359964636	0.234760627845627	0.693823780166423
KDELR2	0.0100206989417464	8.53213736691157	0.00796710134933354	0.929191975490363	0.98761472096589
KDELR3	-0.150844817780013	5.20562623029154	0.675387441413165	0.414633574117772	0.809724804430367
KIF20A	-0.106541977654206	4.78998548537788	0.464384873330798	0.498365122039888	0.853590931377543
KIF23	-0.147483485807327	4.89145783407047	0.766369525509247	0.385048371318557	0.795423026003325
LARGE1	-0.0515441648413477	4.72421603145761	0.0910001036095034	0.764016918290669	0.946654602940205
LARGE2	-0.550289787160091	6.11462774483213	2.60972701146364	0.111780112141051	0.561470561933639
LMAN1	-0.145047376435261	6.60281775106873	0.771568963346411	0.383451745184691	0.794404971000864
LMAN1L	0	NA	NA	1	1
LMAN2	-0.375513751186171	8.06291630167153	5.3424403875991	0.0244821759311421	0.355458161816144
MAN1A1	0.0217692047571766	5.89857305364797	0.0100517673802818	0.920493953045727	0.986038659242915
MAN1A2	0.0549187072437221	5.38163078428672	0.0952552922210296	0.758734471752718	0.944334084686919
MAN1B1	-0.0721756658284164	6.49464235870175	0.319701054117948	0.574025540399302	0.888748005748006
MAN1C1	0.77222650003465	2.95810367669869	7.4070787150371	0.00862149250860777	0.259742764573085
MAN2A2	-0.384437393114821	5.96178754189765	6.4028994765025	0.0142050865793487	0.302018360978028
MAP2K7	0.138253043876236	5.46272249605955	2.04000914391206	0.158712592551665	0.623929470222387
MAP3K5	-0.0507168276320688	4.9158136691654	0.0740647976971488	0.786499756248568	0.953859402233037
MARCH6	0.00205550975866545	6.90001171757117	0.000299004021599803	0.986264788925944	0.997722324624813
MCF2L	0.0604327138437161	5.84498088335626	0.139529063805139	0.710147349299682	0.931646480252632
MGAT1	-0.222158743614641	7.31957386903245	1.97348635702279	0.165551536437502	0.631211207855234
MGAT2	-0.259653375379954	2.53434226900185	1.85517772680838	0.17858731216883	0.642508147316845
MGAT3	0.171875498950194	4.11588761799775	0.23845132781848	0.627216441976685	0.906834820244437
MGAT4B	-0.154272975230231	8.64599136817356	0.815571994176246	0.370311585471901	0.78746112255477
MGAT4C	0	NA	NA	1	1
MGAT5	-0.111864765483993	7.71990555883712	0.328074163647541	0.569067405885288	0.887047973257684
MICAL1	-0.0433030809153743	6.18670701128901	0.0697915837284448	0.792601570322955	0.954500413535686
MICALCL	0.176249921384345	1.82499607959734	0.674998212920298	0.414767280815162	0.809724804430367
MICALL2	-0.0960566597506686	5.83808531327973	0.149124500632226	0.70082356193001	0.928919094130148
MOGS	-0.104350943343695	6.79452292694923	0.933803292797835	0.337994096670068	0.767669413675154
MON1A	-0.288997187501833	4.59296278378971	2.12628811075451	0.150326692469056	0.610707396158176
MYO5B	-0.327449034420392	7.1403184471719	4.68103063066496	0.034740466683555	0.390823470638671
NAPA	-0.214388159563408	6.44045439163226	2.62133577278433	0.11100392306478	0.560403900368217
NAPB	0.139764018048516	3.85694157256835	0.438263281897969	0.510652661003052	0.859652895251649
NAPG	-0.370877413728215	5.01657461179209	2.50221449605525	0.119267716913615	0.572574595920497
NCKIPSD	-0.269303028196967	5.44056927839726	2.36007552164232	0.130056779024052	0.584186352283284
NDE1	-0.042021604524035	5.27146712348763	0.13888721258749	0.710783947590978	0.931646480252632
NET1	0.030939062827326	7.56639220688931	0.0552571667183862	0.815005360872159	0.957956174097452
NGLY1	-0.0236325877031424	5.08338538450749	0.0403940715382255	0.841433704513025	0.965970641156353
NPLOC4	-0.258810809647282	7.17021346569647	4.55214003485074	0.037232049452916	0.399877952562311
NSF	0.0864925038155388	5.90571749451369	0.637028943634923	0.428130148248388	0.817409089517553
NSFL1C	-0.190211799254531	6.49819278867471	1.5165569367493	0.223241642295945	0.68601437133672
OCRL	-0.0789160604773183	6.08330159864558	0.437741500533731	0.510903455673496	0.859879261270845
OPTN	0.298163916984541	6.33306778588531	5.40547702840034	0.0236896852774932	0.354634930586377
OS9	0.0662513567277537	7.93240683700277	0.311529593823925	0.578947829365628	0.890788486575289
OSGIN2	0.417029318498335	4.65950755093408	4.97762547576883	0.0296623276773822	0.374745935130908
P4HB	-0.170946765691342	9.96243356670874	2.36484029258921	0.129677561931117	0.584186352283284
PAK1	0.121125476815215	6.78417596563503	1.35276991238143	0.249682393300792	0.703265423295603
PARK2	0.246926998862245	1.02711067523541	0.867944535007859	0.355488260270852	0.778412125219756
PDIA2	-0.513188888220187	0.761512016700974	1.56415748831726	0.216211241468558	0.678935913834438
PDIA3	-0.112585087024097	9.03364949042723	0.453176173780865	0.503574385087919	0.856528644218066
PDIA4	-0.204649630099462	8.82133732734139	2.51660997566269	0.118232964350309	0.571475902140498
PDIA5	-0.140437497165375	5.58485594099715	1.19388667478106	0.279183267618255	0.726233486908165
PDIA6	-0.0287273285773711	8.2066404682451	0.0466977619125644	0.829690569184936	0.962860043767915
PDILT	0	NA	NA	1	1
PGAP1	0.260982812357798	4.23958234042249	0.683225405497425	0.411954791505303	0.809351918078132
PICK1	-0.422155690198501	5.04195937661809	8.07707664880052	0.00622567188290994	0.241558632327709
PIGA	0.0330988164714823	3.77188610024177	0.0354195873434356	0.851393357144582	0.96839423110528
PIGB	-0.0523931890067857	2.9352328255481	0.111015463398765	0.740224070734824	0.939859886225858
PIGC	0.0708214249119584	5.28338871036959	0.317538904471096	0.575319810299686	0.889438749355297
PIGF	-0.072900116902017	3.83606312714028	0.241580861928829	0.624970377154952	0.906581028340526
PIGG	-0.294533874962206	5.53981543172235	6.26004599713093	0.0152693033953085	0.307481517865931
PIGH	0.21374165657804	3.86743565619517	2.28457587437566	0.136238201265093	0.592408629780817
PIGK	0.000680149614399761	4.75826647655207	2.19795504442795e-05	0.996275854573195	0.999286376504361
PIGL	-0.202074437603044	3.56038959192708	1.71811952648304	0.195237360071724	0.660951766414705
PIGM	0.113866250824054	4.41344710802121	0.658952374519868	0.420336281190305	0.813233869898518
PIGN	-0.273230570553356	4.75742090666588	2.84057412699618	0.0974264659191875	0.536820127080731
PIGO	-0.16720403217979	6.04802625483921	1.26006740072744	0.266385140370847	0.715419896197243
PIGP	0.122292377834246	4.00210064605289	0.432211823382899	0.513574624044102	0.86007789447481
PIGQ	-0.438553039339588	5.92678925562093	4.79294333838186	0.0327223759340439	0.386615902031861
PIGS	-0.205161911939721	6.24696208898082	2.01469622051933	0.161275302075791	0.626551748646009
PIGT	-0.294336369214876	8.38522134431679	4.05635976311027	0.0487749814426031	0.429915986768227
PIGU	0.0667893867806237	6.0812177995991	0.190465271290053	0.664192589012828	0.919362809258258
PIGV	0.0972318741830641	4.30823245145996	0.507368913360108	0.479210750832672	0.846455931071188
PIGX	-0.0954137312172319	4.67605279513251	0.36381932400885	0.54880603642384	0.876143094228837
PIGZ	-0.0350829124999361	5.28825347908446	0.0192345546801276	0.890189207082274	0.977372098632165
PIK3C3	0.0433910991089894	4.44016495383309	0.0700970001181216	0.792158922938839	0.954500413535686
PIK3CA	0.14219391377858	4.12323971931688	0.591851956431183	0.444907652419805	0.82657266485085
PLAA	-0.174783800270319	5.51160724593444	1.82169810661702	0.182493494596004	0.646378553040303
PLIN3	-0.338325979182606	6.82047030191692	4.7192334971234	0.0340369116936588	0.389531939951938
POMT1	-0.0291670519299617	5.04164725931181	0.0372508590697372	0.847647200460112	0.967366148372355
POMT2	-0.385255210299605	4.31765093689056	6.71296431585956	0.0121565180234721	0.290736612881698
PPIA	0.0761751702755967	9.0788830240825	0.373748975690057	0.543419411764719	0.87414998173539
PRKCSH	0.0138626726631759	8.76651315999177	0.0146707116392481	0.904023500797368	0.981075940305194
PSD	0.402744890136778	2.1952907326124	1.66909057934547	0.20163912417952	0.666922938005664
PSD2	0	NA	NA	1	1
PSD3	-0.197648633883669	4.37072039755092	0.819090041227397	0.369288848803865	0.786931195248993
PSD4	-0.16077522374221	6.48052311827403	1.44995142436592	0.233555227790088	0.693129232949306
QSOX2	-0.0914727222166381	5.2799665527574	0.365088373761567	0.548112028479779	0.875896700104507
RAB10	-0.00941517121169809	7.56986846927683	0.00598539312957826	0.938606205277657	0.989513882199657
RAB11A	-0.196383876307805	7.39492949975753	2.21492627677757	0.142241133103698	0.599650528320301
RAB11B	-0.242799719646468	7.11832217190603	1.65397145879527	0.203663902626724	0.668621159879629
RAB11FIP1	-0.0451997915014696	7.0598670148715	0.0609117302112199	0.805955071258168	0.956501444350468
RAB11FIP2	0.200494153942759	3.85669628507774	0.747162479043248	0.391030501056573	0.798187464122972
RAB11FIP3	-0.11712108499132	5.94192443449598	0.498164351420119	0.483207438893813	0.847647321712577
RAB11FIP4	-0.309063172404506	6.38183056024535	3.89906071031789	0.0532070071677475	0.43814147841721
RAB11FIP5	-0.0532001498585193	5.18346508681411	0.110648224068561	0.740638201212677	0.939859886225858
RAB12	0.214484156707448	3.8101943987764	1.21565121462401	0.274889354261709	0.721243017841764
RAB13	0.22671109650308	5.96117828923564	2.25273327942284	0.138945752752276	0.596071618924332
RAB14	0.0424678500690352	6.72872656496441	0.141192624715418	0.708505146424462	0.931646480252632
RAB15	-0.0363676996580202	6.75237151834067	0.050558232004784	0.822905837791677	0.960604006157194
RAB17	0.181225360716903	4.97077410224397	1.15842813171005	0.286365408103634	0.732297185102915
RAB18	0.125456627649947	5.75403897136696	0.784117150222909	0.379637515721814	0.792387116031615
RAB19	-0.332863231141686	1.43699172716735	1.35206809687036	0.249803817592605	0.703363941890975
RAB1A	0.00593585373400261	7.49916643804117	0.00235235458348157	0.961487918790337	0.99179237811493
RAB1B	-0.00794454793159042	7.51802311444482	0.00413008319956839	0.948985444754572	0.989515775376002
RAB20	-0.0971744065558316	5.6274130878372	0.33422565015354	0.565478225116215	0.885186093619243
RAB21	0.0853699545316962	5.76372462240037	0.211846617019682	0.64709009195957	0.914762741216703
RAB22A	0.013273010571512	6.3030775076163	0.0104422571180938	0.918969705802201	0.985880965618206
RAB23	0.514922423102164	3.69903648630738	5.55798588516331	0.0218834656334064	0.347611181694092
RAB24	0.0561541659063342	3.15796360633113	0.0723988045279391	0.78885560057131	0.954328374170314
RAB25	-0.0862531575124673	7.51588089828502	0.348710630125222	0.557198254628976	0.880480462032654
RAB26	-1.13356534953219	2.08631110088188	5.74065122226257	0.0199113363672856	0.333445036152616
RAB27A	-0.154815106228767	4.60556704092776	0.551134172603821	0.460929438347678	0.836841943526289
RAB27B	-0.549215738228138	2.74069426357699	1.96041795937362	0.16693521040718	0.631955876142189
RAB28	0.035021525972871	3.65948659568534	0.0594266316754968	0.80828732599185	0.956818072466184
RAB29	0.220552215317643	4.37788295467886	1.30152315234276	0.258747043062206	0.710492371088196
RAB2A	0.390703101775774	7.41634105188372	8.66056459566384	0.00470975552440476	0.231312954173147
RAB2B	0.0599724632843236	3.88592681480824	0.169684983163978	0.681950305151754	0.924480592736182
RAB30	0.0385108221288746	3.39014379345701	0.0211756592530675	0.884819260249108	0.976464588906406
RAB31	0.922931888100182	5.64071939398089	7.74726534256534	0.00730262876319639	0.251209596207464
RAB32	-0.373363477346544	5.49704325101846	2.86010083121617	0.0963105063081758	0.534298705180423
RAB33A	-0.308254129797284	-0.17854745013023	0.902763009132404	0.346087955995399	0.772668755008697
RAB33B	0.101510173989341	3.22159009615766	0.538223641654178	0.466202729591981	0.839536743288098
RAB34	0.062434028456037	3.99770782098007	0.0513197573157531	0.821599969971135	0.959864253159841
RAB35	-0.231618584846512	6.09010199562903	5.27042751629235	0.0254223287910651	0.357854971737043
RAB36	-0.369463563608816	3.91236620447146	1.98056690515437	0.164807462410727	0.630702084326701
RAB37	-0.0763302517720097	2.37675232208505	0.0697855586982602	0.792610312968565	0.954500413535686
RAB38	-0.0169836137125995	0.207854422902315	0.00445711571648997	0.947007112515497	0.989515775376002
RAB39A	0	NA	NA	1	1
RAB39B	0.327719544780519	-1.05115752041238	1.23061234195574	0.271986633575154	0.719708778668307
RAB3A	-0.149773879845702	1.30999427405006	0.319005436047433	0.574441306386162	0.888887021372272
RAB3B	1.03469441033187	2.22543549061767	4.90238694162814	0.0308701874923725	0.379316564430716
RAB3C	0	NA	NA	1	1
RAB3D	-0.179961524541724	5.37190654474602	0.957964929844301	0.33187182278084	0.763254030244425
RAB3IL1	0.282179395187137	3.31107150049939	0.81082932231548	0.371696699565885	0.78812203193515
RAB3IP	0.0145706252725508	4.98158394845468	0.00816205912138003	0.928333230069811	0.987507098914203
RAB40A	0.414650355235447	-0.809542451554983	1.34719256495476	0.250649398470814	0.703975237170055
RAB40B	0.172742442080296	5.23388385882466	0.833223353401183	0.365220125647209	0.784918731197394
RAB40C	-0.242178972073479	5.97996524833266	1.86646600889988	0.177292613384799	0.640196979622007
RAB41	0	NA	NA	1	1
RAB42	0.245840396589332	0.813130458820969	0.750660433682868	0.389931056011576	0.798068756910037
RAB43	-0.0884965843866314	1.9466163498303	0.202598843532208	0.65435329538802	0.917611835660061
RAB44	0	NA	NA	1	1
RAB4A	0.0605001619293624	5.61085721551413	0.20040743694714	0.656103632916185	0.918379972689431
RAB4B	-0.148619939664477	3.74760033057835	1.07431801881312	0.304387193569281	0.744316287293711
RAB5A	0.0326819771148011	5.8218411876896	0.0401079885215974	0.841988587272244	0.966297819690219
RAB5B	0.0142425763261323	7.36016202323666	0.0129128511250417	0.909930113592217	0.983283479963344
RAB5C	-0.0216977007377021	6.98604457945335	0.0287336908831691	0.866000745857113	0.97081074148295
RAB6A	0.159474348211566	7.15538824069295	0.941055266715166	0.336140503027766	0.766820716130592
RAB6B	0.416734386697343	2.2914955046696	1.53656600826422	0.22025291181748	0.683083448883897
RAB6C	0	NA	NA	1	1
RAB7A	0.0911842087882752	8.18178229160373	0.948908295530473	0.334148859563919	0.765638408282769
RAB8A	-0.0234894274680856	5.69342368157175	0.0967904318808505	0.756860551713108	0.944181940365655
RAB8B	0.118943853615686	3.96413941009657	0.333478318169745	0.565911900428569	0.885186093619243
RAB9A	0.22809058796326	4.73504967735456	2.12159663659967	0.15076924316979	0.611756797648589
RAB9B	0.626871826687618	-0.0903564992690849	4.58780214166134	0.0365239567406488	0.396574105976366
RABEP1	-0.13645258127945	5.15014958181504	0.923075381399494	0.340761817580217	0.769562010637195
RABGAP1	0.201500425830848	5.78411086029871	1.78275880988451	0.187164792700894	0.650985840087701
RABGAP1L	0.0889143909136752	5.25455792012991	0.248018046128201	0.620406758550502	0.90519232678298
RABGEF1	0.148921492519526	2.09734126174867	1.37960894361255	0.245093676241831	0.699649531693214
RAD23A	0.0657204314034529	7.04932742860857	0.317324861139692	0.57544825386376	0.889438749355297
RAD23B	-0.0599070056131333	7.64022477895326	0.330687134410292	0.567537386381525	0.886150680620351
RALBP1	0.0947993374939144	6.10400809323788	0.406479248562975	0.526336832760372	0.865752423976724
RASEF	-0.298215151484814	5.52752178727943	1.87054658169869	0.176827325515917	0.639959549413515
RBSN	-0.00327945788107567	4.73116562617103	0.00081859443705242	0.977275572758822	0.996094494851096
RBX1	-0.313412496271443	5.64160691628793	4.75602772407196	0.0333737684662479	0.386906295502275
REPIN1	-0.290661112696778	8.45296198179389	2.85400640496074	0.096657263361875	0.534886654931773
RER1	-0.300596734689032	6.86092346242836	6.37856275099075	0.01438067572789	0.302762849863239
RFT1	-0.201242430971176	5.03663331727775	2.69288218164524	0.106352196337181	0.55228194074796
RFWD2	-0.00104850611642694	5.96285255320685	0.000111719546492659	0.991603946435835	0.999064375669657
RNF185	-0.0693452176601334	4.77807487196288	0.563405504785913	0.456005531504472	0.833726492316624
RNF5	0.136170506215117	5.77751382903003	0.875389023191425	0.353448912462968	0.777590255337652
ROCK1	0.240597527764474	5.17954571261311	1.42570962168781	0.23745410195383	0.694756701639221
RPN1	-0.105757582839224	8.83389275242839	0.790630293774975	0.377679166613819	0.791436284256239
RPN2	-0.0309727027920971	9.43379259388035	0.0527697802050116	0.819141357883043	0.958852484743912
RRBP1	-0.173601718934591	9.28123678847888	0.673943750744129	0.415129832145118	0.809724804430367
RUFY1	0.108626142348148	5.6087468005738	1.2646834174918	0.265520649217261	0.715258553732579
SAR1A	-0.015803611915429	6.45272628310169	0.0185801831383953	0.892061339389076	0.977673089754592
SAR1B	-0.140034694152885	5.57602758961088	1.2144014659798	0.275133616363133	0.721465065201819
SEC11A	-0.0218151249333788	6.55353897047056	0.0361946800596308	0.849795809798223	0.96839423110528
SEC11C	-0.478293002810717	5.29996026528832	6.72232637034965	0.0120997591136986	0.290736612881698
SEC13	-0.382346774563105	7.28263605330307	7.42878591806463	0.00853025320971748	0.258390174213811
SEC16A	-0.257328457729239	7.31057443537236	3.72229349325608	0.0587173647665407	0.450560764702363
SEC16B	-0.304699061024649	-0.787960621147773	0.931407851348352	0.338609431299577	0.767995190564429
SEC23A	0.0674177826950281	6.20675600047222	0.217139322627209	0.643019490212396	0.913461280782754
SEC23B	-0.424159099092018	6.98195543133571	5.7815673421794	0.0194961032932831	0.329613414273488
SEC24A	-0.0691601282795722	5.19836055084015	0.198333781979458	0.657770554313765	0.919035588687597
SEC24B	-0.0323255258030249	5.46944690017756	0.138909122008675	0.710762189836423	0.931646480252632
SEC24C	-0.215730778905629	5.89036500732844	3.0044671378454	0.0884890869243033	0.520458335617702
SEC24D	0.0475451688605494	5.88679231454836	0.122467108338921	0.727674925850588	0.936891205095521
SEC31A	0.20184195264249	7.17955934497475	3.62733819096778	0.0619323238269856	0.460428762936336
SEC31B	0.114997486738857	2.49266171243455	0.209174847679286	0.649168443082837	0.91573572792783
SEC61A1	-0.107431695064675	8.75304629788185	0.855659873626066	0.358889532252946	0.780566201724242
SEC61A2	-0.06844131784584	2.62746186391412	0.205512486889995	0.652043672409737	0.916598808282615
SEC61B	-0.0779901956839014	6.27887459265503	0.485747784385355	0.48868759161554	0.848974856363974
SEC61G	0.00978107969257632	5.68431725939658	0.0045449786087968	0.94648813552004	0.989515775376002
SEC62	0.125741651019061	6.57856017355277	0.572276215355167	0.452498189631992	0.831344682963047
SEC63	0.0690078822552829	6.5587831289467	0.134666847979959	0.715012158355489	0.932562902866099
SEL1L	0.184622047940643	6.60330468375014	1.22253258140049	0.273549356079148	0.72015296116298
SELENOS	-0.0893247012994449	6.26695249710888	0.484639549003861	0.48918178645426	0.84920659601093
SGSM1	-0.088568909114576	1.64015127865076	0.0607027331403064	0.80628144938502	0.956501444350468
SGSM3	-0.42301497585814	6.13737830150853	7.13931319441549	0.00983568244800893	0.273785524399701
SIL1	-0.249232230162853	5.92001627111272	2.33731463481768	0.131885842653021	0.58790347489402
SKP1	-0.0276146893132705	7.52077056816287	0.038333961739828	0.84547640615366	0.966959035008935
SMCHD1	0.219496359194862	5.05497322734917	0.912305186966463	0.343571755324996	0.771447360562088
SNAP23	0.0277523704363891	5.59279073008163	0.0416574366576763	0.839007431327063	0.96542312918907
SNAP25	0	NA	NA	1	1
SNAP29	-0.116389319294238	5.13022514700583	1.30756730729834	0.257656653738111	0.710288778158585
SNAP47	-0.0635410994525037	4.85994322340949	0.276757208998299	0.600893206823724	0.898829394097452
SPCS1	-0.0759963906140485	6.68183943861788	0.362988964200295	0.5492610337184	0.876266862795975
SPCS2	0.0987583755366341	5.28861568770206	0.415456603960194	0.521820864693577	0.86458184414854
SPCS3	0.0300191804552649	6.95860624150054	0.045844197917156	0.831229978551778	0.963585876718797
SRP14	-0.0654123909764134	7.37035796200952	0.289174463250488	0.592861594186948	0.895739843227524
SRP19	-0.0240194705566183	3.79616290949559	0.0177158136353334	0.894586536122558	0.978259875949792
SRP54	0.0863567052341232	5.75435105156015	0.457182720845292	0.501701625026909	0.855835609386834
SRP68	0.0189440224222793	6.61398289772174	0.0364481021332799	0.849277333805026	0.96839423110528
SRP72	0.0546444265404092	6.77408086573374	0.191166013015793	0.663614302898983	0.919362809258258
SRP9	-0.0634829027207809	6.95605409221062	0.128531710159357	0.72129520720125	0.933838261076326
SRPRA	-0.120813963528296	7.63928909431972	1.21720330470051	0.274586386052046	0.721243017841764
SRPRB	-0.032551646495749	6.65849461002164	0.0704176022556614	0.791695376421106	0.954500413535686
SSR1	0.0483493141698405	7.59572616449923	0.115083983532061	0.735686204518739	0.938812614139085
SSR2	-0.174399942582525	8.04120420461375	1.92421907702245	0.170839298080022	0.635570472616077
SSR3	-0.0406137829270716	7.29318312137089	0.0903119637233006	0.764883780452603	0.94672769846891
SSR4	-0.222887524041	8.50534112454067	0.879934119855435	0.352211810383576	0.777088468016611
STT3A	-0.0170197164908424	7.69617370078407	0.0246216282685017	0.875872849329039	0.973429520370741
STT3B	-0.174205536383135	8.20128671859285	1.21466294629035	0.275082487327136	0.7214366668811
STUB1	-0.355875997864962	5.81230986719521	3.33912528604215	0.0729325347989345	0.486452398647737
STX10	-0.20218857282536	5.81193986394996	1.515410594465	0.223414366733586	0.686195060195388
STX11	-0.147694268667226	1.26165753747698	0.275472944014727	0.601736985884373	0.89887193410113
STX12	0.0760437497485729	5.32626381525135	0.274381264131005	0.602456214322346	0.899213869334554
STX16	0.150898764468888	6.45841194912972	1.2486854311789	0.268532092324051	0.716646022180257
STX17	0.108840212516642	3.87710350442608	0.582251092150187	0.448605111364439	0.828699258761159
STX18	-0.287614160806497	5.21880464249809	5.74532438165363	0.0198634383842567	0.333445036152616
STX19	0.413149645043532	2.68362230924	1.44413143495161	0.234484013154261	0.693615503978636
STX1A	-0.844454004854356	4.33982392915072	4.50071656149105	0.0382792706536043	0.401925074914079
STX1B	-0.145754117089489	0.436908387611759	0.206932168218952	0.650925464572702	0.916316919005309
STX2	0.162280025301029	3.74847290327734	0.852125505310463	0.359876514367764	0.78180830806956
STX3	0.0218932976264604	6.69477369245253	0.0202661348761925	0.887302663097565	0.977026219385694
STX4	0.229082228816277	5.81183644401056	2.3254541475189	0.132850599551814	0.58833972802057
STX5	0.105363624733054	5.53990249326676	0.760396174952255	0.386894519303686	0.796494740286816
STX6	0.0935794772926403	5.41359230055075	0.659692055955985	0.420077087367663	0.813233869898518
STX7	0.203727283218383	5.82245296308917	1.63170637645203	0.206690464157082	0.671183976452683
STX8	-0.0745708116055297	4.36277317317037	0.175147691527857	0.677163136115036	0.923429694024355
SURF4	-0.1512236995868	8.58883683073983	1.4951871106667	0.226488607534924	0.68998165544191
SVIP	-0.0579811125986343	4.93838326730533	0.0696898780466212	0.792749204993259	0.954500413535686
SYTL2	0.0759119470966041	5.84631976444242	0.111545767252564	0.739627397575057	0.939859886225858
SYVN1	0.0568813806180701	6.6257824269553	0.195478826187511	0.660082741764948	0.919132278616729
TBC1D1	0.0637510132781776	5.64945411372554	0.148698973561913	0.701229618929439	0.928919094130148
TBC1D10A	-0.40081482390821	4.00351422231457	6.20705596518202	0.0156853048731199	0.308771893086479
TBC1D10B	-0.0727979336855005	6.74823617906086	0.231741611120932	0.632094386364265	0.908603958944361
TBC1D10C	-0.632199104882301	2.72866412004392	3.47760820229772	0.0674004068471264	0.474853240211435
TBC1D12	-0.0138646681225225	3.98651760697467	0.0150263523536801	0.902873003804698	0.981006923655308
TBC1D13	-0.0214841033284285	5.16906288208181	0.0395204100024099	0.84313474231842	0.966830000615575
TBC1D14	-0.233865197094252	5.11182671255457	3.79904300636981	0.0562519430330186	0.445678853019759
TBC1D15	0.0698434855709025	5.27919587442756	0.276059258423404	0.601351458036779	0.898837735682002
TBC1D16	-0.330490977975298	6.82801414629171	2.98723409795338	0.0893844377558727	0.522415998924464
TBC1D17	-0.0152835610388076	5.53044002044253	0.0134583072844126	0.908055943534725	0.98300885899248
TBC1D19	0.15085456749067	1.71989510879225	0.815899190374878	0.370216296679125	0.78746112255477
TBC1D2	-0.467381926720418	5.49068757743885	4.29554066380768	0.0427853041501108	0.412609643742661
TBC1D20	-0.0631177451541125	5.64438197572543	0.222420084334002	0.639017962021298	0.912143796122016
TBC1D21	0	NA	NA	1	1
TBC1D22A	-0.191461034961526	5.53025480827783	2.31287446772314	0.133882695593262	0.589754755852161
TBC1D22B	0.0572727609521547	4.23476807665198	0.346245651818488	0.558590722092143	0.881212586282509
TBC1D23	0.151919695127662	5.11945902952522	0.989431743651965	0.324121625663597	0.758524748865095
TBC1D24	-0.185274926189897	4.24419058593996	1.51652358204142	0.223246665688672	0.68601437133672
TBC1D2B	-0.185347735925366	5.73778674590255	1.91174857430005	0.172209017353142	0.636664426690704
TBC1D30	-0.0984926664790349	4.17112053432793	0.289243296614444	0.592817697393845	0.895739843227524
TBC1D4	0.300179125376867	6.13985770771186	2.02502952465558	0.160223360942375	0.625408568569785
TBC1D5	0.0603945675160047	6.00746968653731	0.170578629758275	0.681161042778351	0.924480592736182
TBC1D7	-0.402350305838783	4.45820195636515	7.82468758523877	0.00703331031589728	0.24868344661875
TBC1D8	0.0429521689331172	4.29685145699519	0.0581174470749805	0.810369083287939	0.95764720016359
TBC1D9	0.25432607163154	3.93929473344396	1.1618445614533	0.285663104447393	0.732297185102915
TBC1D9B	-0.102212919260007	7.55632565687551	0.578726512966497	0.449974643446369	0.829769261622176
TMED10	-0.0802002692169401	8.28469907281854	0.414066647123832	0.522515517348416	0.86500806501717
TMED2	-0.0592235975974855	8.3996829964839	0.15294947423324	0.697203198380519	0.928265291727864
TMED5	-0.0582050143413931	6.257837590104	0.0901617376588214	0.765073502014968	0.946730202051009
TMED7	0.037560951517613	6.30366971891859	0.0361254659587934	0.84993774181739	0.96839423110528
TMED8	-0.0244312858197574	4.43393586698751	0.0232554248146383	0.879337914580234	0.974489745376708
TMX1	0.0247759101726481	5.73805300809302	0.0240583783694822	0.877289162558761	0.974028193260168
TMX2	-0.0508965176659656	6.73105956360773	0.14564182577482	0.704166731865988	0.930623295814429
TMX3	-0.0120528470661082	4.6960732193803	0.00338269467381282	0.95382561400197	0.990338866575817
TMX4	0.0295203424888089	5.82027716262627	0.0255229308124145	0.873640609307387	0.972425217056022
TOR1A	-0.000365101976590847	5.64755631762149	1.01983164167413e-05	0.9974632227277	0.999417172064213
TRAM1	0.378281995434885	7.70538035441444	4.28480617775493	0.0430363272118223	0.412609643742661
TRAPPC1	-0.262064221209141	6.27997051992479	2.50390735077466	0.119145502547402	0.572327988420078
TRAPPC2	0.272124983055833	4.17695257866267	1.93945671433123	0.169182984447496	0.633092346901979
TRAPPC3	-0.121077746174452	5.67609319395442	1.23757041056584	0.270649981219428	0.71798660021136
TRAPPC4	-0.0300060777703333	5.51933406843575	0.0475269515410584	0.82820916821477	0.962306360407346
TRAPPC5	-0.40937461325795	2.33655924906278	0.718922501302397	0.400074680265315	0.802750159841927
TRAPPC6A	0.340565966047611	5.38029694525022	3.77841950347911	0.0569031352581725	0.446860216932865
TRAPPC6B	0.272314250019163	4.21744602006368	3.21836728345012	0.0781666364657873	0.499942524476786
TRAPPC9	0.169968884265775	6.1502777920863	1.05507339096251	0.308718281569713	0.747253035624066
TUSC3	0.0277524983250428	2.79623846843886	0.0100946430670956	0.920325146038236	0.986038659242915
TXNDC12	-0.0318434991902594	6.72089906697113	0.0726303854576903	0.788526397134544	0.954315030581231
TXNDC5	-0.38622381795037	4.00056759744747	4.43708676687471	0.0396192563483318	0.403137778070431
UBA1	-0.234827402737907	9.16625603192372	2.23105233879803	0.140824655620537	0.597349786779236
UBA5	0.0730074179034056	4.96032692014077	0.220340783069276	0.640586556913583	0.912866222059855
UBA7	-0.395368564197824	5.64045299531322	3.16024905828739	0.0808325581753583	0.505259935913151
UBE2D1	0.048003778836705	4.73228698855402	0.115452601863956	0.735279514211743	0.938775839155297
UBE2D2	-0.104637728366927	6.67324439028004	0.948955340444843	0.334136976704722	0.765638408282769
UBE2D3	-0.00875621863940596	7.74227563022535	0.0060897269552453	0.938074521812298	0.989513882199657
UBE2D4	0.044408272563944	4.05386018449625	0.150997751236225	0.699043910515324	0.928606364606262
UBE2E1	0.122339765444349	5.99954822464771	0.912730992393074	0.343460060537435	0.771447360562088
UBE2E2	0.529120836288969	2.66714269695421	2.75765442188137	0.102329402306636	0.54693497819169
UBE2E3	-0.150219213946271	5.40773502573875	1.41491493992601	0.239216133851938	0.696275152802984
UBE2G1	-0.197218896076328	5.51244206599893	2.59611990711602	0.112697726888075	0.562800720206352
UBE2G2	-0.0226224814649658	6.27291408992805	0.0255957814703393	0.873461960382706	0.972425217056022
UBE2J1	0.0984056476169058	6.60775817622979	0.756853740905544	0.387995410689393	0.796494740286816
UBE2J2	-0.268427711157444	5.83344384507259	3.79886187266097	0.0562576268642078	0.445678853019759
UBE4B	-0.0494093853208392	5.99487716383393	0.102096237662361	0.750506699787931	0.941894148741799
UBQLN1	-0.0970354646984543	7.22520921850345	0.980407644388058	0.326319041905186	0.759953621463073
UBQLN2	-0.0190495752206306	5.87430310294823	0.0298150515537221	0.863527502425846	0.970520045770655
UBQLN3	0	NA	NA	1	1
UBQLN4	-0.0261886016090748	6.09254338363731	0.0743187913420374	0.786143100645747	0.953685287508312
UBQLNL	0	NA	NA	1	1
UBXN2A	0.0394952016076953	4.36711589084029	0.0739227422198389	0.786699516066694	0.953946557476032
UBXN6	-0.128576419300698	6.86749188957387	0.821254526679359	0.368661593852937	0.786487600346049
UFD1L	-0.317555054807947	6.00848514807728	6.89458740673405	0.0111039654548419	0.283166936713078
UGCG	0.00750224603514007	5.26010542782817	0.00179927488396765	0.966315113846481	0.993451626260823
UGGT1	-0.117867917935862	6.94787539532303	0.840324444905094	0.363199672278159	0.784608639764254
UGGT2	0.217783837174465	4.69584975726035	1.18663695099675	0.280632660924163	0.727238464841828
USE1	0.180675770054431	4.52859964875784	1.37676187673102	0.245575427042678	0.699649531693214
USO1	0.117934523401237	6.40690030310558	0.538895908363306	0.465925741669524	0.839536743288098
USP6	0	NA	NA	1	1
USP6NL	-0.0621528821816806	5.61934916646297	0.286527129451113	0.594555013855837	0.896238115362681
VAMP1	-0.0994905990372934	2.66103023252861	0.282549859767238	0.597118224318429	0.897391137421244
VAMP2	0.0787693251182185	5.03996946505721	0.369480235913419	0.545722922578502	0.8746223598926
VAMP3	-0.047214182702764	6.71015789013617	0.154647510728353	0.695612748703501	0.928265291727864
VAMP4	0.262277375291293	3.76630090819398	2.25836492835961	0.13846243163327	0.595835942491654
VAMP5	-0.29809870561245	3.87569449527711	1.15258066615284	0.287572644709602	0.732829250617979
VAMP7	-0.0307790498941774	5.60533281871646	0.0441077253170539	0.834408697603384	0.964509335473099
VAMP8	-0.115426714750144	6.81772201018388	0.778179309173741	0.381435593380889	0.793250986106631
VCP	-0.226313302048827	8.75720354727296	3.98558068436657	0.0507174799968906	0.432925967750036
VPS45	0.0216656771659015	4.65860653714589	0.0380047500830596	0.846132816599781	0.966962635350736
VTI1A	-0.00423604523311062	4.63243717537048	0.00104083272922748	0.974376842099015	0.99516740228529
VTI1B	0.142740751565968	5.93437372849001	1.94270438402371	0.168832408056197	0.632555805637508
WAS	-0.118661693170086	2.75604096922689	0.200075137345174	0.656370054142712	0.918431127451598
WDR38	0	NA	NA	1	1
WFS1	-0.912881327479688	6.8672743550774	6.63897803585339	0.0126151120201083	0.293524881996091
YKT6	-0.0973104717882552	6.95360078010827	0.983627348583976	0.325532732185306	0.759464798935987
YOD1	0.0145972685886995	3.74595578496695	0.00541880790731433	0.941578632701852	0.989515775376002
YWHAQ	-0.0325785608340247	8.25196216329713	0.0578761362387402	0.810755498136077	0.957690045010845
