pspGenes	logFC	logCPM	F	PValue	FDR
A3GALT2	0	NA	NA	1	1
ABO	0.155829817358579	6.52460782301105	0.38624302269085	0.535966858969127	0.837222908032771
ACAP1	-0.00891402693298996	3.08743567477125	0.00162035972270489	0.967986562268228	0.990866877701319
ACAP2	0.0883318820843001	5.51259612266592	0.360067550489129	0.550086956284874	0.844815603148506
ACAP3	-0.152616760764925	5.76637919848929	0.475083140627425	0.492560888796222	0.813965728637201
AGAP1	-0.238613855579408	6.04181497710584	4.53769849893387	0.0360863615044352	0.343512043118577
AGAP2	-0.188643458546203	2.08870324813653	0.478080377691603	0.491203068528232	0.813603616773657
AGAP3	-0.0796342678411936	6.74726744363318	0.276428788661274	0.60043924477626	0.865132496710258
AGR2	-0.0175550943663024	9.26621454490728	0.00465126177209921	0.945788667419373	0.983880379090677
AGR3	0.22283427831359	4.97215052306039	0.245755664300453	0.621376452289301	0.874060182605223
AKAP10	-0.153287845555155	4.28749587694837	1.99033621998485	0.16200502065044	0.568407403892688
ALG1	-0.186514275231243	5.3476918837003	3.23446661535822	0.0757023187664538	0.437464327962803
ALG10B	0.354336446988339	2.93189878531981	1.72625934657799	0.192472595711985	0.60468089157554
ALG11	0.226094257699369	3.29703599487676	2.03636838887434	0.157289139042785	0.563959132266255
ALG12	-0.357273171075209	4.33977508955512	3.43390725109235	0.0673883347503921	0.421199097184481
ALG13	0.0494072640184817	4.88834396395452	0.136295225968553	0.7129228143584	0.912206010972682
ALG14	-0.14013291219741	4.1790978646495	1.44779665386089	0.232268042017439	0.637409733786207
ALG1L	0.445659393951469	1.67350334666265	2.40698835794647	0.124560879028096	0.521358876153122
ALG1L2	0.15993428783099	-0.793861866633363	0.506362444923733	0.478692802561009	0.806839776615437
ALG2	0.0549137631819481	5.56573523496518	0.286372794754944	0.593970738533897	0.861928315426855
ALG3	-0.140127753021533	6.86831449985487	0.658242377616691	0.419478158202704	0.774709372363009
ALG5	0.371990576318433	6.16655697953771	5.48215429671733	0.0215842802766408	0.2808059660358
ALG6	-0.0745928754133079	3.97954712278038	0.254159766712466	0.61548329061265	0.871307748173294
ALG8	-0.00737423159368418	5.32825809214231	0.00308443433596368	0.955842227615326	0.987416148948606
ALG9	0.127200819286122	2.96626739695607	1.00842707888552	0.318169081349177	0.710584634250788
AMFR	-0.0763696421951339	6.93820964847983	0.477184171892839	0.491608409591839	0.813737526171918
ANKFY1	-0.295907247903449	5.70566476064824	6.41448059142589	0.0131825182867197	0.238795053751061
AP1B1	-0.304063631272679	7.37748837399022	5.70492886328136	0.0191627312968854	0.271728174242831
AP1G1	0.0190896868792843	6.59125197295009	0.0254119722668846	0.873728165241499	0.964402636290775
AP1M1	-0.149042822960194	5.55692694525392	0.952422479323674	0.331910572241255	0.721304777565161
AP1S1	0.0332441775294234	7.0598611098383	0.0535675585050209	0.817531669322262	0.947304863990251
AP1S2	0.621750084186141	3.90812305841258	9.44402839603925	0.00285747773757398	0.133623976549792
AP3B1	0.0173824885400822	6.13655540549778	0.0158938453204569	0.899977682292511	0.973526032197498
AP3B2	-0.665448453310251	0.209455760925426	1.70890926635683	0.194700306665019	0.606372230032386
AP3D1	-0.19828710386686	7.87866933354588	2.25463817086906	0.13697108038736	0.539214482042977
AP3M1	0.0176493359835971	5.89687382067976	0.0170797190990357	0.896334050993083	0.971959644539394
AP3M2	0.148125181846014	4.35457674047237	1.01190323579549	0.317341378183194	0.710245052647266
AP3S1	0.243383820115369	5.57184105493795	2.89507782565356	0.0925559048601298	0.469042528801487
AP3S2	0.163487431090059	4.68500148401823	2.00753776038862	0.160223871553759	0.566976803548944
APPL1	0.348389623296836	5.50829793311182	4.05172816579945	0.047334728349858	0.375424994490468
APPL2	-0.0561855912803872	5.82315337741692	0.179683073942322	0.672731191049908	0.894891923051299
ARAP1	-0.201801566999975	6.65366640622765	2.8205815356114	0.0967852806074743	0.47742913290527
ARAP2	0.00887968940248371	3.97258986236083	0.00221939037743362	0.962537256550246	0.989560029299554
ARAP3	0.147935956339001	4.64514313657922	0.576077165115419	0.449982407052408	0.791811635976594
ARF1	-0.0919253180970829	9.66874237570639	0.382691415911345	0.537843250466449	0.83874665693259
ARF3	0.0591509363026617	7.83281146018777	0.431389159927888	0.513106718201541	0.824576739174607
ARF4	0.160235828677609	7.78515890270942	1.801372884332	0.183169438668469	0.59322360392043
ARF5	-0.0201348256616157	7.65909253554457	0.0184812407756495	0.892190028274971	0.970424108832416
ARF6	-0.0426557014491816	7.3696739184063	0.176098332875478	0.675821165717754	0.896678716803016
ARFGAP1	-0.0285481223947386	7.46423464783041	0.0248365623623531	0.875153881946401	0.964773583639625
ARFGAP2	-0.0142810236543561	6.68833633732906	0.0301913703984494	0.86247551474088	0.962231056869196
ARFGAP3	0.0664959077895956	5.50267141042911	0.203910122436744	0.652748853576381	0.887398447360941
ARFGEF1	0.155359541209819	6.53817226419328	0.908446300680054	0.343266515674447	0.727392733100765
ARFGEF2	-0.178270914734114	7.13041552091889	1.45104144030794	0.231749916402212	0.636882541899203
ARFIP1	0.0168126477728697	5.79163198298747	0.0122593700392717	0.912101355618108	0.976668466314905
ARFIP2	-0.112721724804685	6.2312206533095	0.94200081493948	0.334555181298911	0.722144735795385
ARHGAP1	0.00581758141888354	7.16462038727896	0.00357446634502311	0.952467667936567	0.986133770304392
ARHGAP24	0.32529747069637	1.97165288374815	2.61391256418814	0.109686322074329	0.502543979310649
ARHGAP5	0.0393710145713751	6.19451757125297	0.0392571878716106	0.843419582861723	0.956054176540736
ARHGDIA	-0.117622969590839	8.26437027566669	0.911791736097148	0.342384228493034	0.726958355102203
ARHGEF1	0.0465900465910182	6.98968935099044	0.135628953077006	0.713593790629655	0.912379232779071
ARHGEF11	-0.0123260314892741	6.20726980631126	0.0125593832224323	0.911036815512245	0.976668466314905
ARHGEF2	0.0705098900451896	6.34752495780434	0.319102555961214	0.573655675137356	0.854031440431304
ARHGEF6	0.0676097025717266	3.12518709490558	0.103497463286497	0.748472843046835	0.92303215728472
ARHGEF7	0.280160947271204	6.34230930245029	5.55435857357851	0.0207658612323592	0.277111524894871
ASAP1	0.151448881376322	5.22229540486793	0.665362417702696	0.416984226763951	0.773975891597373
ASAP2	-0.0206307309210171	4.83644719940683	0.0189031450611978	0.890974124593294	0.970331029904633
ASAP3	-0.0429837263572235	3.48420849184375	0.0470129940394793	0.828871556159669	0.951822040196452
ATF4	-0.0599243123447059	8.38317699317947	0.321063040428198	0.572483080125051	0.853625407123588
ATF6	0.0218924767896303	6.07306489596892	0.0337149437086781	0.854757766936454	0.958783474382187
ATF6B	0.0347055480909428	7.22362564909215	0.100004112927893	0.752610560463341	0.924372506172973
ATXN3	0.134238506095803	4.24140712535529	1.225697559307	0.271411285380005	0.675315450604359
ATXN3L	0	NA	NA	1	1
B3GNTL1	-0.171194853854692	3.05325495690035	1.02454650492699	0.314354874564577	0.708299746110235
B4GALNT1	0.263507018677544	0.500397140648423	1.70950152795896	0.194623758850028	0.606372230032386
B4GALNT2	-0.0931146172476734	2.27776924173093	0.0215989214960023	0.883511864115347	0.967748383188092
B4GALT1	0.0255215899600473	7.42299689751856	0.0411644905428961	0.839712254825185	0.954789259610302
B4GALT3	0.0794505083178619	5.96696876651277	0.333597876442846	0.565095891588647	0.848869043501622
BAG1	0.235984120258451	6.73474566295989	3.47558051250174	0.0657800392881496	0.41788123418527
BAG2	0.541484103108922	3.34682667547371	3.23363713386696	0.0757391545329865	0.437464327962803
BAK1	-0.256052932179829	5.70571346646395	2.75738100749631	0.100541749621333	0.485370176816479
BAX	-0.299534338141271	6.62478530193471	4.84837628449773	0.0304182569226102	0.323727272426063
BCAP31	-0.107921177231281	8.94263831370691	0.738247349504484	0.392672587639247	0.761943325928474
BCL2	-0.195913601177019	2.87291404939515	0.910904293209849	0.342617970745345	0.726958355102203
BET1	0.249163907788586	4.49877418055979	2.2562714963202	0.136830794949456	0.538919050731722
BET1L	-0.0594168367200644	6.36178833865594	0.393255453594637	0.532296968242949	0.835017552907141
BNIP1	-0.134757568215908	3.45993088861996	0.919319453355829	0.340410229190062	0.726366776793451
CALR	-0.0838251701946742	10.0788711118892	0.553627694390232	0.458919227897049	0.796939064373461
CANX	0.0281053316377811	9.61644381737327	0.0444611456039854	0.833509571579071	0.952865972141779
CAPN1	-0.201253905886052	8.72224937027678	2.10874841424418	0.150190696659038	0.556020975310295
CAPN2	0.107924054825731	7.82156875440843	0.666222161507074	0.416684591029592	0.773820615074159
CKAP4	-0.323880357556573	7.09999820669736	4.59975669376216	0.0348701192765942	0.338862082632986
CLTA	0.20748734280269	7.94480250749078	2.0704808931728	0.153896586013425	0.560573027971007
CLTB	-0.0490017738044236	7.2014164420045	0.0779935441124617	0.780722810138661	0.934392862545395
CLTC	-0.139637803822795	8.67561446032876	1.63555636590245	0.204464322210641	0.614375693808977
COG4	0.056255673765786	6.35422571661573	0.23026147008805	0.63257935773393	0.87812971461933
COG6	0.220459462274512	5.34541415668443	1.84552993456125	0.177947767304205	0.588902571288272
COPA	0.0715286525920444	8.1749583642693	0.497140211934498	0.482713384291955	0.808877071356393
COPB1	-0.0998131176180363	7.19682609706525	0.653654706695431	0.421096977756047	0.775775480802769
COPB2	-0.0126035824204819	7.42747194497765	0.0178660168136282	0.893988693950548	0.971064847701968
COPE	-0.200169887701483	7.63831197613094	1.34813086184518	0.248899884385937	0.653536789809683
COPZ1	0.0160094622537437	7.73261627337499	0.0291762001858223	0.86478433020594	0.962959236243304
COPZ2	0.412924491907614	2.44724846277734	2.78148043933969	0.0990905749885534	0.48245624813965
CRYAA	0	NA	NA	1	1
CRYAB	0.80772853773346	3.39638022418548	7.73458070237042	0.00668868873866632	0.181546283241742
CTBP1	-0.0696147573982207	7.31104096264045	0.254080696406608	0.615538163007995	0.871323509222076
CTSA	-0.213526360888228	8.46784593972236	1.99743912403523	0.161266778614811	0.567696677290273
CUL1	0.00975201307705385	6.4555530624684	0.0124343385423575	0.911478930842136	0.976668466314905
CYTH1	-0.112238562981353	5.61445288387034	1.16141784232607	0.284262304896133	0.685142012374902
CYTH2	0.0633444819192428	6.20275135877314	0.492449045727452	0.484780097512389	0.810312495598616
CYTH3	0.19020663968644	4.85024941318573	1.6991070084357	0.195972424321053	0.607154454574554
CYTH4	0.0861719852239913	3.10743791775123	0.117873403847202	0.732211813490341	0.917347903765779
DAD1	-0.0346939680285309	6.81253326654456	0.0837999045638517	0.77292701729982	0.931853134508791
DDIT3	0.158485440945846	4.13054446819676	0.975893159457422	0.326056873480526	0.718038799094137
DDOST	-0.255560292810257	8.57386300683069	4.83051333992022	0.0307170173247203	0.324745838853488
DERL1	0.225229143522619	6.66512857326938	3.92672652018605	0.0508007732657328	0.384462785740506
DERL2	-0.0167485682865315	4.76493333094018	0.01355378407098	0.907597494996176	0.976413549593283
DERL3	-0.0542487413246869	4.15407558044278	0.0347039739165062	0.852667278418965	0.958211714726315
DNAJA1	0.298205419918393	7.73160128662248	6.48501456424754	0.0127062119113575	0.236782457891631
DNAJA2	0.0784300812420853	6.55070132088032	0.490678549534425	0.485563926354932	0.810720105734378
DNAJB1	0.0513436376307756	7.79890691129035	0.157386494308664	0.692582075187608	0.903436261537948
DNAJB11	-0.0579790259627487	6.42532901694579	0.271254141272232	0.603864376343666	0.866521391081801
DNAJB12	0.0170790918805111	5.97483141546478	0.0268906744154824	0.87013855080783	0.964337185498877
DNAJB2	0.355223754784861	6.17078732900336	7.97998460022901	0.00590919816212438	0.17428944845131
DNAJB9	0.096089920880201	4.99091562336347	0.324249680024043	0.570587176260608	0.852692390389333
DNAJC1	-0.00839981498926517	5.01811029162066	0.00594884047319058	0.938704882374914	0.982152954060687
DNAJC10	-0.120191113946916	6.96489112056447	0.560664843229319	0.456087771127526	0.79586487225817
DNAJC3	0.192841664118043	6.83126863998028	1.81039018963203	0.182088645963405	0.592322534442924
DNAJC5	-0.163680922526	7.55107043873281	1.45590919995942	0.230975284639353	0.635918718915398
DNAJC5B	1.08331426104317	-0.604087336690904	8.35624773222965	0.00489279339386013	0.161912838210161
DNAJC5G	0	NA	NA	1	1
DNAJC6	-0.102815576369026	2.62194405079877	0.179455281647918	0.672926455256165	0.895003866681671
DNMBP	0.0830792067338915	6.31707536007638	0.522873060473639	0.471630906862263	0.803201469030837
DOCK5	0.0198060132861686	5.03970200423676	0.0134077938192599	0.908094225795065	0.976668466314905
DOLK	-0.0465657300063824	4.67829260615613	0.174728644874321	0.677011590077015	0.8974720426496
DOLPP1	-0.13351375094299	5.04629056172003	1.13908756329451	0.28890841031082	0.688603067935133
DPAGT1	-0.245324313349236	6.05709808425715	6.55725312583871	0.0122370657992676	0.233054099222954
DPM1	0.145861398314196	5.97768504896074	0.67345915956987	0.414175094555466	0.772400492289781
DPM2	0.325926575196732	6.17087778623441	3.72128118299648	0.0571058928127909	0.398123793257767
DPM3	0.19720207751267	5.56211513596335	0.419557307289748	0.518927620046732	0.826872269952884
DPP6	2.25689258473758	-1.46926247982819	30.8076797178313	3.26436276217875e-07	0.00216764568617876
EDEM1	-0.196775077145518	5.77073598972511	3.16099277906635	0.0790425818348953	0.442726371226801
EDEM2	-0.057631796765021	5.92381944563824	0.237240286472856	0.627477334735288	0.876292654963478
EDEM3	0.130541586089818	5.95162833175025	0.462139409419841	0.498498315463364	0.816817811539389
EEA1	0.0313828685303221	5.14411179829235	0.0209097983438087	0.885371949128931	0.968218909049837
EIF2AK1	0.187313273666061	8.07105458726296	3.34414180347319	0.0710000593447712	0.430298808094672
EIF2AK2	0.136849312849574	6.23065469700524	0.753327383038772	0.38790205450973	0.759908764265965
EIF2AK3	-0.0115822672736882	4.50291575052011	0.00883935128480261	0.925319292584321	0.978098958468033
EIF2AK4	-0.166222013764083	5.61794658965331	2.96624129865354	0.0887059160909385	0.460200788834867
EIF2S1	-0.0480655493854293	6.37593081571031	0.122243804780158	0.727490128629062	0.916134449233172
ERLEC1	-0.0288663525426009	6.13732827020847	0.0490049748609192	0.82534202534013	0.950879231362608
ERN1	-0.137130719232331	4.83138745978309	1.10043671583628	0.297184437107855	0.695701096600074
ERO1A	0.0446226393742506	7.10685265048483	0.0642057489211527	0.800588212955499	0.940861652147462
ERO1B	0.445327954332402	2.10541334859216	3.86208038756199	0.0526996722684102	0.38883695559935
ERP27	-1.04101656681303	3.05780261270068	6.47515389519307	0.0127716994367954	0.236995833224533
ERP29	-0.00337035817706551	7.37002622475436	0.00100592822233255	0.974773611157181	0.992792518183451
ERP44	0.234877938872852	6.72576268062214	3.41209616535492	0.0682471109726698	0.422959466037784
EVI5	-0.0289054158479713	4.18177998596849	0.0445767934449179	0.833296414148827	0.952865972141779
EVI5L	-0.0928190315243839	4.15944846733323	0.297943794567768	0.586623624653972	0.860050622911649
EXOC1	0.169771676115276	5.49466784187555	1.64182557632606	0.203607338418588	0.614086022878325
EXOC2	-0.0905661252022038	5.20144489478217	0.825783864535972	0.366098990709071	0.744988377993367
EXOC3	-0.0866607710214578	6.38706733264086	0.496118641249043	0.483162193370694	0.80916973973414
EXOC5	0.0767083253436815	5.34509320499611	0.196574498197933	0.65864199924669	0.889507267966387
EXOC6	-0.0475437397816278	4.55310496151058	0.128992267460487	0.720382011650641	0.914133782112283
EXOC6B	0.00579097964334487	4.17199778404044	0.00238445406061724	0.961170202791694	0.989069772055195
EXOC7	-0.0710660237589752	5.70576684560397	0.445839777008722	0.506150845125475	0.82096896633056
FAM71B	0	NA	NA	1	1
FBXO2	-0.633753133882721	3.835849012015	1.90662189026893	0.171008331134645	0.579560558784155
FBXO6	-0.529560144566533	3.98924124959585	5.55204177801079	0.0207916063402957	0.277111524894871
FBXO8	-0.0141294824918325	3.96730322587861	0.0187040161834075	0.8915462607581	0.970373574715833
FUT8	-0.423747694485807	5.39061630353017	7.31380734758089	0.00828477905367394	0.199120050724687
GALNT1	-0.192340301179864	6.34947432912297	1.38539329408114	0.24251491348187	0.646825490891998
GALNT10	-0.0596151348294458	6.36498969881012	0.193819718111941	0.660889120187802	0.889507267966387
GALNT11	-0.124363681147821	5.37336677716186	1.22197832063462	0.272134436239358	0.67615051874061
GALNT12	0.19242331994098	5.40255561555818	0.955959996291912	0.331019301948775	0.720996666752847
GALNT13	0	NA	NA	1	1
GALNT14	1.1475024274474	0.970386221646587	3.58147174756876	0.0618780132195188	0.406792746983177
GALNT15	0.514967597716621	1.13112153570391	2.3404633332827	0.129816007797012	0.528661581484949
GALNT16	0.0411876098696738	0.496179382784445	0.0136852415589916	0.90715252715909	0.976311827815129
GALNT18	-0.180383840093316	3.65915503098189	0.589297550669982	0.444847210996272	0.789299279842266
GALNT2	-0.269023726772756	6.87091997686795	4.81350621749892	0.0310043644039785	0.326274666292475
GALNT3	-0.108009300980281	6.67864310696718	0.342170737975928	0.560149691612566	0.847759923537551
GALNT5	0.0820768475415052	5.38406117598661	0.153812336797611	0.695913528245815	0.904499479769008
GALNT6	0.0348249416887477	6.62893025321321	0.0355435747771676	0.8509167098632	0.957852278758254
GALNT7	-0.0329964560713367	6.27566067022158	0.0314406189494488	0.859688568197887	0.960412402952607
GALNT8	-0.544481208897628	3.64064445758599	1.26241254628379	0.26440141663868	0.668928196705505
GALNT9	1.77808852658325	0.703703555313926	7.86536125702214	0.00626077682503052	0.178622808136928
GALNTL5	0	NA	NA	1	1
GALNTL6	-0.522688710986551	-0.571928332386217	1.16457169595303	0.28361386268466	0.684666556611306
GANAB	-0.113710795066533	8.91998380133866	1.14409056516342	0.287859025909915	0.687340540370186
GBF1	-0.0890120065528782	6.69369403054701	0.518954719355752	0.47329135656426	0.803993955326736
GBGT1	0.137286499358166	2.92131310948932	0.299162192735103	0.585860830294588	0.859989640050619
GGA1	-0.237500551891942	6.17414322993144	3.35079876287124	0.0707250969327519	0.429416231635889
GGA2	-0.0488846079031735	6.25227555449645	0.404504211110004	0.526504385337713	0.831728073804475
GGA3	-0.166360024391201	5.67482234627728	1.75802897567829	0.188471224559398	0.600962035285077
GIT1	-0.106198817018711	6.99996980304087	0.577515656708033	0.44941915611305	0.79172966120694
GIT2	0.069831303309056	4.23563279094597	0.60459666080205	0.439017856215828	0.787742895413895
GLT1D1	0.0577043776377879	-1.27822318489078	0.0322743525092481	0.85786026858984	0.959986243248253
GLT6D1	0	NA	NA	1	1
GLT8D1	0.184422048443528	5.38626692447961	4.79550487680829	0.0313116259796594	0.32674641233148
GLT8D2	0.223645241439356	2.84136160365605	0.963637501379315	0.329096025578526	0.720035357007118
GMCL1	0.0939130637250546	5.06909017981236	0.50270856649756	0.480279125659253	0.808350833242478
GOLGA4	0.187709904265614	6.46313008368994	0.748645989005926	0.389373995301727	0.760041507720621
GOSR1	-0.0582768970341012	5.61439291844426	0.36291020841569	0.548520090622142	0.844176003852197
GOSR2	-0.0416923164058983	4.44478642172814	0.193910467761921	0.660814790847841	0.889507267966387
GPAA1	-0.0617335270877606	7.73139578773076	0.0646371889084113	0.799933771731309	0.940636217186535
GPLD1	-0.395231480435021	-0.649729166932787	3.10236199857284	0.0818240625308138	0.447559709415939
GXYLT1	0.00543610909579517	4.33601284060191	0.000913177346835787	0.975964345830677	0.993168832823754
GXYLT2	-0.0308906814931942	2.03852272204212	0.0107093205122874	0.91782449008371	0.976950546065697
HAS1	0.815037118008186	-0.277900495375676	2.27818011864139	0.134964796416141	0.536508399602445
HAS2	0.593201632684944	3.0643444974757	4.47090040758431	0.0374462522599965	0.346349670168212
HAS3	-0.531323983052992	3.91311599187343	3.59105736465096	0.0615373961248659	0.406276907709624
HERPUD1	-0.0395918701308467	6.64823975022049	0.127539267300843	0.721894403274187	0.914508707353869
HSP90AA1	0.146544317706902	10.3207157918043	0.735701618308893	0.393486296187605	0.762513667933198
HSP90AB1	0.161936237897801	10.7690304598823	1.72203401305244	0.193012321545695	0.604814256653192
HSP90B1	-0.0219657472400859	9.84874315118315	0.0168711338642588	0.89696538735961	0.972307856902797
HSPA1B	0.501552802361753	6.95015071976406	9.52447074685737	0.00274725917702348	0.132835315692924
HSPA1L	0.270243089241666	0.986960099110827	2.88889773264187	0.0928988691632315	0.469943720822939
HSPA2	-0.451634974486851	4.55999520005312	2.87077221547592	0.0939128808644859	0.471957240086131
HSPA4L	0.214873786522897	3.3343193044211	0.33339389362943	0.565214612604349	0.84892864124266
HSPA5	0.105548832730227	9.39236644628948	1.00138136132449	0.319855547571903	0.712390566733409
HSPA6	0.436609053796991	1.79422981856309	2.82026128455326	0.0968039183418327	0.47742913290527
HSPA8	-0.0838320833778486	10.6080098257555	0.35210031251965	0.554523823964143	0.845884665398846
HSPBP1	-0.0776902810176508	6.71559964641418	0.123902424396351	0.725723036163692	0.915571348347496
HSPH1	0.431835423722746	8.07868202482698	4.84528198931075	0.0304697874503724	0.323727272426063
HYOU1	-0.308493250113003	7.79843772596942	5.92717957533075	0.0170306036041352	0.259378176145243
IFT27	-0.145484719152176	4.22617882157415	1.59335029678263	0.210347632195929	0.620326772260806
INPP5B	-0.124473876558706	3.8646504687573	1.54070486334399	0.217974139507876	0.627023994871007
INPP5E	-0.121622859681972	4.4376985642915	0.543963746418946	0.462853577310701	0.79925371756544
IQSEC1	-0.0118395263455181	5.5341738909917	0.0122372256479929	0.912180450791742	0.976668466314905
IQSEC2	0.198963169925366	4.54709753394732	1.88531703492502	0.173391802116048	0.581721932889044
IQSEC3	-0.315600158583613	0.229896791198954	0.889825407068612	0.348234640506115	0.731260653986929
JUN	-0.0789767275606458	8.33644289150377	0.253172700386106	0.61616905484526	0.871597226554884
KDELR1	-0.0750648097866417	8.24046381017706	0.564394447754205	0.454598374083399	0.794599825402771
KDELR2	0.187530035666865	8.63858940555966	3.16796892481283	0.0787185954873858	0.441484555378438
KDELR3	-0.133933074214217	5.18201664693482	0.706261306734525	0.403077744609392	0.766486421378742
KIF20A	0.0388331545849688	4.85550802026879	0.0654842537860509	0.798655614701373	0.940314160399986
KIF23	-0.110885398129175	4.88300747042515	0.675802982926685	0.413367191852535	0.771787330289476
LARGE1	-0.193509093568762	4.61577603938412	1.98202518889376	0.162873807370742	0.569418232560809
LARGE2	-0.763755904800293	5.89344989936003	7.97825584932074	0.00591434502048519	0.17428944845131
LMAN1	-0.257273463312173	6.5044626714924	2.51590590123193	0.116467009890634	0.511709351306749
LMAN1L	0	NA	NA	1	1
LMAN2	-0.0817606862025932	8.15294410237463	0.204149869345047	0.652558420303121	0.887398447360941
MAN1A1	-0.0047164974600025	5.87756702879826	0.000632874751207756	0.979989506679757	0.994406370678258
MAN1A2	0.00253787384032987	5.35020286009035	0.000284071965666571	0.986592782789077	0.996598287406379
MAN1B1	0.162266171580462	6.61700193277103	1.30119892527271	0.257241887963233	0.662119649596557
MAN1C1	0.332307742965155	2.75384154442982	2.29325125261424	0.133697961260743	0.534067994039554
MAN2A2	-0.36294162578097	5.88793153128151	7.15375226504264	0.00899219022144829	0.20422652397831
MAP2K7	0.0965902105728506	5.44750641824425	1.06609778792464	0.304797401186533	0.701463612411844
MAP3K5	-0.0313798305121231	4.90829215784658	0.0439842788815448	0.834391587498388	0.952982158843905
MARCH6	0.0611030703588053	6.92632719551802	0.307640646721077	0.580608064141361	0.858033623572704
MCF2L	0.148391779341366	5.89300031289841	0.861186841056864	0.356070383150829	0.738960110714413
MGAT1	-0.11574153177875	7.32256144686065	0.572947574694315	0.451211663871507	0.792576624808146
MGAT2	-0.519051917224701	2.32451769316569	7.06458516256505	0.00941341008335644	0.207772288120231
MGAT3	0.0925935453954919	4.08190835720163	0.0769519387791099	0.782154110652486	0.935027126638753
MGAT4B	-0.095417999495196	8.63785842500286	0.344785027381691	0.558657928242085	0.846996855854169
MGAT4C	0	NA	NA	1	1
MGAT5	0.0740068953808395	7.80637278630205	0.16065060538427	0.689577704388719	0.902043870593941
MICAL1	0.144346972807538	6.2802830576732	0.94151880084138	0.33467818524003	0.722331974882625
MICALCL	-0.159035291762326	1.63776544394839	0.650570057434039	0.422190736366185	0.7763286893276
MICALL2	0.208964245067069	5.99371182583294	0.964654353500844	0.328842423962228	0.719976813650494
MOGS	-0.112376193737311	6.75801035000337	1.17121344719765	0.282254488340406	0.684005266618903
MON1A	-0.0771265675405252	4.65228882586155	0.164706003725787	0.685894026820826	0.900764381850991
MYO5B	-0.416893588208096	7.02280097656693	10.9444579706186	0.00138450294821053	0.0931779838895335
NAPA	-0.15626767414556	6.41995588677738	1.64057518210654	0.203777920356051	0.614086022878325
NAPB	0.135949376092581	3.87104445459827	0.678486982828796	0.412444915413384	0.771569061058153
NAPG	-0.307749227140113	4.98000403908223	3.21750015931577	0.0764596854217729	0.437998182022399
NCKIPSD	-0.196729761186527	5.41739409897198	1.52792872811593	0.219875048413645	0.628120314500165
NDE1	0.0975274012031528	5.34320380627477	0.778255699170605	0.380197125262718	0.755351244874699
NET1	0.0813706656481992	7.59651049029341	0.42109748896158	0.518163321740374	0.826580039429052
NGLY1	0.0558745700573796	5.12181434166384	0.249941397571405	0.618425806310247	0.872739538378933
NPLOC4	-0.256522078072134	7.10928450129125	5.20739014691656	0.0250242339371247	0.299251967928833
NSF	-0.101884934814181	5.79588647299628	1.29514011281648	0.258344106338099	0.663547310773759
NSFL1C	-0.0633951463948096	6.53473690485045	0.196116224914285	0.659014507314351	0.889507267966387
OCRL	-0.171792603962656	6.00480819971564	2.00654865130899	0.160325673242298	0.566987840572004
OPTN	0.313442373091803	6.3827301020346	8.5030102763111	0.00454730214942836	0.159203525692025
OS9	0.0551600801474885	7.92703477857225	0.334644452338053	0.564487530665562	0.848634462929731
OSGIN2	0.292132825996069	4.64312711216054	3.21318186758609	0.0766537714711128	0.437998182022399
P4HB	-0.248823730967529	9.87785919283459	6.05202386405018	0.0159438718894455	0.254501499927599
PAK1	0.0725708245936012	6.76706064886553	0.560013916927031	0.456348508858396	0.795982719986701
PARK2	0.217520454576	1.03143235060824	0.843181660095073	0.361122179565043	0.742538373532348
PDIA2	0.8494178524962	1.52681931466764	4.30115551950326	0.0411544686948329	0.357598647303187
PDIA3	-0.151486766676822	8.98810050980659	1.17631204886357	0.281216610367727	0.682946352093592
PDIA4	-0.263646414882886	8.74556514130608	5.83238581441493	0.0179077040238078	0.263686681785131
PDIA5	-0.206508941274241	5.51173370354184	4.96459448018556	0.0285483461100311	0.314552877686908
PDIA6	-0.23130112184739	8.0748287667892	2.98253861864376	0.0878493190345973	0.458499333561796
PDILT	0	NA	NA	1	1
PGAP1	0.395919217537037	4.37275880537756	2.31033601761777	0.132278175092859	0.531656117575359
PICK1	-0.145492478874406	5.11353731662997	1.00828684958279	0.318202531288741	0.710584634250788
PIGA	0.222741006438539	3.89471558063795	1.77883567101094	0.185903896754017	0.597321214070448
PIGB	-0.0508922095783719	2.92017829088725	0.125091072478025	0.724464821725998	0.915050114242893
PIGC	0.124829173582524	5.32193076534971	1.08778397503282	0.299960387908333	0.698118550107635
PIGF	-0.0829641083194915	3.81381869135207	0.308710183274926	0.579952192680444	0.857643237211468
PIGG	-0.188318093468189	5.5378497516619	3.29615602759945	0.0730169490818385	0.434329842537863
PIGH	-0.0231302842765629	3.74108194746623	0.0430708543519442	0.836095117432587	0.95347890514612
PIGK	-0.057463412234798	4.71655455708764	0.170703747192012	0.680541785897937	0.898943160631124
PIGL	-0.220287932399332	3.49968162302311	2.75295744969728	0.100810676521314	0.485989923659182
PIGM	0.0715638569061758	4.4013988243551	0.298749240487606	0.586119137742446	0.859989640050619
PIGN	-0.44564454557479	4.60116317885801	9.5924958574882	0.00265749797112102	0.130394130745571
PIGO	-0.199309828662289	5.98731562824829	2.15628371969765	0.145729218100837	0.549719963159324
PIGP	-0.0747608846422343	3.89744547641462	0.234625583448495	0.629377865672899	0.876955757296622
PIGQ	-0.131001488244882	6.00680774684755	0.423899321152179	0.516778033099504	0.825694253488496
PIGS	-0.409257159899478	6.0782089039729	8.26850058242158	0.00511230263286858	0.165463647301573
PIGT	-0.131778892269868	8.41521000897507	0.883727037423276	0.349883140252468	0.732715130990849
PIGU	0.232564616300007	6.19414530816132	2.52270647100225	0.115981621607785	0.511709351306749
PIGV	-0.0187092078006665	4.24159142163757	0.0246370556745887	0.875652154537562	0.964975746558764
PIGX	0.214111386302756	4.85265139912758	2.26945818711191	0.135704168846786	0.537716605450937
PIGZ	-0.0161851133910696	5.27613593142473	0.00488493181339511	0.944445807280955	0.983394570711055
PIK3C3	-0.112922072530922	4.34399981433749	0.62104080117735	0.432882973392188	0.783592628730086
PIK3CA	0.162927030383883	4.15344232095686	1.13787543823409	0.289163396363994	0.688799435467805
PLAA	0.0997622573487442	5.64351125707585	0.633035953001057	0.42849048292798	0.780356131482046
PLIN3	-0.288893411977433	6.76876551603593	3.93205745785809	0.050647507866802	0.383959403475205
POMT1	0.076478153475417	5.08517547816925	0.271568828462087	0.603654898816507	0.866508808136881
POMT2	-0.27870295281786	4.297946745369	4.60581643176981	0.034753722738848	0.338547144587086
PPIA	0.203465471424481	9.16810937009763	2.8520125877223	0.0949752867476199	0.473711238682858
PRKCSH	0.0536326090811142	8.78442647727084	0.192276492290411	0.662156310760175	0.89000280471481
PSD	0.848310176480879	2.55535850204301	6.95374705132846	0.00996594753307861	0.212106453853055
PSD2	0	NA	NA	1	1
PSD3	-0.096456214127102	4.38723678262171	0.311668468348258	0.578145812666181	0.856491614049453
PSD4	-0.0328382221347854	6.51325089465114	0.0574218110507331	0.811203070579748	0.944641162624607
QSOX2	-0.0654252339778973	5.27256103065614	0.272056065180627	0.603330865225766	0.866293366452536
RAB10	0.154426522457082	7.66666423386153	2.19684846192023	0.142041760711434	0.546512787629339
RAB11A	-0.0744284492295988	7.42767283615212	0.377215275213722	0.540760188658602	0.840221801596443
RAB11B	-0.111032772207274	7.13066534935095	0.344860772592349	0.558614820284034	0.846996855854169
RAB11FIP1	-0.0253981079202906	7.05884805328999	0.0156457869819588	0.900757143117851	0.973787542630418
RAB11FIP2	0.0903989286206093	3.81917360199112	0.190303789461577	0.663785031625246	0.891175469403325
RAB11FIP3	0.0477155599232023	6.00672753129709	0.113878526842186	0.73661426739697	0.919259959893951
RAB11FIP4	-0.327446417519477	6.30683247238261	7.19680777065789	0.00879589825086132	0.203039500643579
RAB11FIP5	0.00155990073898995	5.19566364639072	0.00013808768212256	0.99065213095844	0.99743825821816
RAB12	0.326300869381393	3.91774624731573	5.17601400933728	0.0254524678861351	0.300370094516505
RAB13	0.245755314327087	6.00808079571598	3.56597065009644	0.0624331681373979	0.408182193129342
RAB14	0.237387173881426	6.85366863925112	5.25756572427494	0.0243551982953616	0.296687625712622
RAB15	-0.0997282621239418	6.69334054450419	0.539867694427133	0.464537492641775	0.79925371756544
RAB17	0.29628727085324	5.06554553111082	3.47308685741024	0.0658750930150766	0.417929212723994
RAB18	0.149186314368778	5.78603648556664	1.43205715238727	0.23480154399203	0.63977753332665
RAB19	-0.429461428996436	1.30407515968705	3.00657792771198	0.0866023999009979	0.456162455956578
RAB1A	0.0579444779463604	7.52879795268447	0.284306393615458	0.595302899031851	0.862365908260177
RAB1B	-0.0845077161135365	7.45650177294893	0.522345123358139	0.471854073301368	0.803201469030837
RAB20	0.246985622834697	5.81797089876327	3.66079954891341	0.0591195176937952	0.403564321352328
RAB21	0.174099181914413	5.83385610490866	1.29582929082241	0.258218433517053	0.663461332998264
RAB22A	0.210288383826841	6.42730648134321	2.84911409016803	0.0951406201346551	0.474001795141952
RAB23	0.378846270832306	3.68731317105005	4.06338526290241	0.0470247153961357	0.374565133433413
RAB24	-0.0238008947619577	3.09980641601325	0.0185075581976744	0.89211377209075	0.970424108832416
RAB25	0.120806231603396	7.61837349984308	0.697718553851721	0.405925088889194	0.767838901367408
RAB26	-0.812895300296035	2.00799915436568	4.68918774021144	0.033193674168419	0.333967423205238
RAB27A	-0.180957839655436	4.54866469222015	1.09631430923626	0.298085187648849	0.696802983237823
RAB27B	-0.267085027187137	2.78193887929987	0.706909286348487	0.402862970469682	0.766304317138892
RAB28	0.0703329097092152	3.68470397650771	0.345782201906474	0.558090928532951	0.846996855854169
RAB29	0.286981478970293	4.45874683016045	2.31783238946175	0.131660617110963	0.530396593218907
RAB2A	0.257407084689726	7.38672636928772	5.1690443312304	0.0255486423034223	0.300445397477258
RAB2B	-0.178894778599803	3.73794394170589	2.26418167936649	0.136153703856097	0.537850738703511
RAB30	0.122681505176239	3.43998679591462	0.324584684576332	0.570388582686231	0.852480377799716
RAB31	0.54293721605774	5.49406452784431	4.47929177798676	0.0372724537411657	0.345994664947699
RAB32	-0.108385467416812	5.57297620726843	0.327174297464477	0.568858010851961	0.851214634881839
RAB33A	-0.408588947100827	-0.314332667074865	2.18012494083878	0.143548892935314	0.548138297137125
RAB33B	0.160684741125142	3.26878782502958	1.74019524539859	0.190705117741951	0.603117423485856
RAB34	0.231616044993743	4.09023525578051	0.828634366983536	0.365277028812517	0.744734913910445
RAB35	-0.199867603558808	6.05126500566206	4.44291402976872	0.0380321797098533	0.347529107133179
RAB36	-0.126493661613872	3.97621909829414	0.435404727462276	0.511157175162715	0.824381645597186
RAB37	-0.269688695843553	2.22550386729144	1.27385607664901	0.26226332885968	0.666481410156101
RAB38	0.320841803357249	0.39097009904644	1.75318392044605	0.189075051087167	0.601495383696494
RAB39A	0.185470343839423	-1.12203313811587	0.215260058858353	0.643877734252456	0.883279573114503
RAB39B	0.618182464406884	-0.843404937075512	3.03115679605511	0.0853476243034687	0.45387670063961
RAB3A	-0.12392634150933	1.28625913518309	0.272198720879393	0.603236062972704	0.866293366452536
RAB3B	0.157865383587394	1.75287673670332	0.226949066851927	0.635034372049518	0.879305868290899
RAB3C	1.20110378526639	-0.486024392274152	9.62344948977749	0.00261766592200443	0.130394130745571
RAB3D	-0.223050637369864	5.29799272286885	2.07695826554576	0.153261971094179	0.559686199191281
RAB3IL1	0.0276865327137255	3.16345157422292	0.0106428816457784	0.918078871797938	0.976950546065697
RAB3IP	0.0846483541816085	5.02545429456428	0.35391004886116	0.553510064202501	0.845653346804051
RAB40A	0.0675884513292929	-0.977557671592741	0.0627100634535312	0.80287529516828	0.942282732984355
RAB40B	-0.0989564973580004	5.08040464661951	0.424757273612901	0.51635514826254	0.825655087125157
RAB40C	-0.0699281699434964	6.02284236181305	0.197702813506123	0.657727059344888	0.889335556180649
RAB41	0.296874495045784	-1.15366691079777	1.47335147281006	0.228225462517034	0.633481645160286
RAB42	0.298365882139349	0.862073577517371	1.43366550683697	0.234541107198009	0.6396759673637
RAB43	-0.412926569108678	1.72678334356661	5.82908178440416	0.017939120191573	0.263686681785131
RAB44	0.095542375319386	-1.85960236262855	0.0810602801150283	0.776567636323129	0.933334649131322
RAB4A	0.0896543398515522	5.63271589284978	0.57064240530518	0.452120488874454	0.792870745110779
RAB4B	-0.144845643089193	3.70620201391255	1.22612650140216	0.271328040726591	0.675303085871366
RAB5A	0.138913780665919	5.8893327331496	0.980382880682867	0.324952931961147	0.716955073385537
RAB5B	0.0373404818032832	7.36613177892497	0.130328899942662	0.718999223464089	0.91388889367509
RAB5C	-0.234746770504467	6.84111607293725	3.83955168429131	0.0533792938205799	0.390466750188176
RAB6A	0.0738084487621277	7.12634598615119	0.276123874115862	0.600639929020899	0.865185232394759
RAB6B	-0.0683100125495464	2.03623111253524	0.0776198929310306	0.781235062924196	0.934401671896222
RAB6C	0	NA	NA	1	1
RAB7A	0.125738186788577	8.21335091429711	2.85094154015478	0.0950363433377642	0.473778527435335
RAB8A	0.021474228854276	5.70752497234695	0.0835547121526064	0.773250194520239	0.931886948212906
RAB8B	0.149964328615697	3.99261242178804	0.738839318645753	0.39248372256593	0.761796827137003
RAB9A	0.159931350181021	4.72271046258173	1.12582746758119	0.291713700114375	0.690497697240786
RAB9B	0.853568846766085	0.153807615827673	8.30647594743435	0.00501607127895085	0.163811731062262
RABEP1	-0.154719649837029	5.10426169616813	1.54166796095716	0.217831651900845	0.627023994871007
RABGAP1	0.221240488709841	5.82239613692948	2.6331377314905	0.108408719539376	0.498985698231031
RABGAP1L	0.249989072720802	5.3669460734679	2.54882838784679	0.114138177787574	0.508892450848443
RABGEF1	0.0418623486708748	2.04328802334016	0.115187820628752	0.735162026529707	0.918192020720896
RAD23A	-0.0240860115756152	6.99387385673705	0.0622020073701871	0.803658764259881	0.942384787384627
RAD23B	0.04737204892199	7.68857311960628	0.279535256553028	0.598402700021242	0.863887251766299
RALBP1	0.0114146502848117	6.05881132537245	0.00781962358153349	0.929746857987479	0.979195726035875
RASEF	0.161690743803861	5.74738016118144	0.604401532412903	0.439091457205579	0.787742895413895
RBSN	-0.0124947764259035	4.71164390533875	0.021432151236326	0.883959197654763	0.96782286057004
RBX1	-0.0755373660883018	5.71918035392136	0.334292173374367	0.564692163664146	0.848634462929731
REPIN1	-0.281488241303822	8.38813749133551	3.26437649910646	0.0743870814511894	0.436089022045549
RER1	-0.178081765191714	6.86341014074394	2.47852474378279	0.119176179534701	0.515636615883491
RFT1	-0.0233767231169772	5.10119985335783	0.0403891550714322	0.841208301969626	0.955072984357512
RFWD2	0.0673433627827877	5.99924442393358	0.587035789949267	0.445719220606197	0.789314385084251
RNF185	0.0306695489861383	4.81749862887566	0.121168907719402	0.728642527108703	0.916484895980078
RNF5	0.137324068524029	5.79498294969029	1.29078864705498	0.259139375501596	0.664314027608961
ROCK1	0.0592679676331129	5.09785178594453	0.117533858318098	0.732582727110863	0.917347903765779
RPN1	-0.0772366328040342	8.82333388899103	0.632408004520395	0.428718739033925	0.780356131482046
RPN2	-0.0826346585099795	9.39164585973971	0.475741349793919	0.492262162492289	0.813965728637201
RRBP1	-0.158017242267226	9.25347112240261	0.879052919714148	0.351153914694124	0.734033277504894
RUFY1	0.177182358018969	5.66261432669668	3.48280681323718	0.0655054268351446	0.41788123418527
SAR1A	0.0954395556534647	6.51319142119234	0.691451120071759	0.408032973948967	0.768745679045269
SAR1B	-0.0160269598260675	5.61923097738207	0.0149553193636995	0.902960430559756	0.974794057182079
SEC11A	-0.10800149119473	6.48917733693542	1.01112535009386	0.317526351030398	0.710245052647266
SEC11C	-0.19579175115382	5.37046165148885	1.1856487637694	0.279328638843402	0.682067950479883
SEC13	-0.222744243750565	7.29052573347284	3.7030236567673	0.0577058079701916	0.400380793172971
SEC16A	-0.0746072033046762	7.36138269598196	0.340816814085844	0.560925281251593	0.847989870674259
SEC16B	0.225023961680744	-0.551618158044724	0.783114563919072	0.378720870361086	0.7544232168006
SEC23A	0.00632051271433618	6.17522023588882	0.00201206919350533	0.964328664805383	0.989574815110722
SEC23B	-0.382739229159282	6.92202400435162	6.67015828844381	0.0115398448330951	0.226902698784507
SEC24A	-0.0731172165892203	5.1785627698824	0.246247953551807	0.62102780202377	0.873816559126679
SEC24B	-0.0765449784937242	5.42713540501928	0.649848245216279	0.422447296481064	0.776333564363822
SEC24C	-0.220011087943384	5.83553544924862	1.86806431993359	0.175350417260968	0.58551050322758
SEC24D	-0.0544004294825297	5.81838191627757	0.145854686758359	0.703494825204531	0.907788087090038
SEC31A	0.0765899394318219	7.12134193519968	0.850312574611296	0.359109581943232	0.740980924708133
SEC31B	0.198576497448097	2.55011655292205	0.676333069954969	0.413184799824654	0.771751062248231
SEC61A1	-0.00235543062769161	8.78666068345188	0.000572339379989239	0.980970378135576	0.994982037540465
SEC61A2	-0.0933553759829837	2.59242814255282	0.487617848565555	0.486923945652828	0.811424277795359
SEC61B	0.227045157565695	6.45087830361067	4.06124287501478	0.0470815267364724	0.374565133433413
SEC61G	0.506878851867086	6.01689124865523	9.48969273866219	0.00279435911627818	0.133492632986517
SEC62	0.244584226622562	6.67444774628242	2.95396251401565	0.0893573834738767	0.461756713353856
SEC63	0.107858199476411	6.59218434395916	0.469123254351377	0.495279770022546	0.815227011404078
SEL1L	0.00393256233167799	6.51282249683629	0.000746261988841973	0.978271173762862	0.993887191581496
SELENOS	-0.051585548290838	6.26743719684756	0.19870111424288	0.656920154756307	0.889089367681255
SGSM1	-0.133661305495931	1.57276670530189	0.233707894220229	0.630048005122868	0.87725057126565
SGSM3	-0.192043855906266	6.17465272748367	1.5478390302894	0.216921327582566	0.625933920738946
SIL1	-0.0721607094399395	5.97049428530404	0.193321608250697	0.66129747261801	0.889574377204631
SKP1	0.134891488810906	7.61450281969982	1.08727895492809	0.300071886313378	0.698118550107635
SMCHD1	0.0978123878880082	5.00670683542311	0.272578793185234	0.602983639299172	0.866293366452536
SNAP23	0.0642809296384479	5.61339377503189	0.232187828792552	0.631161613770492	0.877371390590618
SNAP25	0.295223307672778	-0.684481617264301	0.430619008632839	0.513482110842457	0.824576739174607
SNAP29	0.0427834900179957	5.19852191436606	0.228239354211	0.63407546056751	0.878646163742721
SNAP47	-0.146294439332411	4.78406360186579	1.94298615390199	0.167027766524057	0.574772868703703
SPCS1	0.0883045369582772	6.76599817674816	0.585483709417302	0.446319163589199	0.789365889764032
SPCS2	0.155603016083323	5.34183243056772	1.5208515224761	0.220936679029784	0.628933921542201
SPCS3	0.0386941094348799	6.96578560846148	0.102380013395037	0.749787916634225	0.923318605876886
SRP14	-0.0245913287777461	7.37842878958799	0.0444622987511872	0.83350744471573	0.952865972141779
SRP19	0.190811642880435	3.92949636840959	1.21154449709804	0.274176231886643	0.678576806486995
SRP54	-0.0794322454261498	5.6593984075399	0.416296380999131	0.520552425523957	0.828277906426953
SRP68	-0.0714161545218004	6.55482150695462	0.713169449495599	0.400796655741722	0.765637327119309
SRP72	0.0495072550346847	6.77629917495234	0.169080539283853	0.681979294191081	0.898943160631124
SRP9	0.187560886729367	7.10421455086796	1.25962724213901	0.264925134493151	0.66931814892049
SRPRA	-0.255920102239984	7.52532386905156	7.44447548117308	0.00775043206122373	0.192754503235503
SRPRB	0.0991801780428188	6.73026317086341	0.624912370042961	0.431457752183709	0.782915883803767
SSR1	0.0123212080756513	7.57726755302568	0.00999071465729465	0.920619782509579	0.97746105022676
SSR2	-0.0246438715997164	8.08825730900132	0.0422049664098255	0.837727485253381	0.95397886773852
SSR3	0.116006492817722	7.38163140579097	0.929982193557893	0.337640541226821	0.724291771862696
SSR4	-0.228841640131454	8.44547678947015	1.39501519383175	0.240899201412312	0.645031799965334
STT3A	-0.118272888031906	7.62464472003303	1.57209589169221	0.213387310911004	0.624029451065488
STT3B	-0.0592659059907427	8.23569062214962	0.181896866928878	0.670841094663111	0.894320112881205
STUB1	-0.24069486475424	5.79959208895866	2.09434308239108	0.151573550623795	0.557411242749975
STX10	0.0116401173383983	5.8906747530811	0.00637527820056879	0.936550517469868	0.981892496516067
STX11	-0.22874060150188	1.15683439172871	0.667326196831803	0.416300288289417	0.773519226986468
STX12	0.183458052336619	5.3999048225995	1.90595201988572	0.171082687954243	0.579615344683074
STX16	0.230928058002638	6.53150607220335	2.35309508776703	0.128799162626636	0.527969452302063
STX17	0.0547291904642777	3.85426457062106	0.158158731258576	0.691868048392244	0.903172541752091
STX18	-0.079111725111005	5.28227162250442	0.62039387631278	0.433121826034625	0.783671198586355
STX19	0.595338574308382	2.87412026257095	3.82809773337331	0.0537284451737942	0.391480936403752
STX1A	-0.924905703184014	4.10234242652831	10.9485434189347	0.00138180881408332	0.0931779838895335
STX1B	-0.287222181422394	0.307543280898969	1.21020779482413	0.274439215575093	0.678624846011931
STX2	0.186530025888446	3.78237146985948	1.26724628585053	0.263495624315059	0.667823960811742
STX3	-0.162668103260651	6.58169481524752	1.17596745521451	0.281286602223055	0.682946352093592
STX4	0.18811864102667	5.81290653962259	3.1049110650626	0.0817009234764716	0.447255866055177
STX5	-0.00868243162753768	5.47213208196251	0.00550624774844451	0.941024723315971	0.982863393969353
STX6	0.16040286587039	5.46543571403692	1.93608545814381	0.16777477673047	0.576404358505546
STX7	0.214654630142395	5.85891840345237	3.32635001871447	0.07174068171596	0.43147362090284
STX8	-0.0744000649400391	4.34110736089936	0.21869702545807	0.641247650769523	0.882422458372164
SURF4	-0.0647372381346484	8.59987639868798	0.375800340373442	0.541518622135874	0.840286062592986
SVIP	0.0623796443463645	5.00763752712772	0.111159266071133	0.739660436277514	0.920391142653972
SYTL2	-0.0159493326855787	5.79053754980017	0.00504100566032244	0.943566789648986	0.983131558627593
SYVN1	-0.0622445636735327	6.54677571578676	0.297570530111669	0.586857717682757	0.860059780325034
TBC1D1	0.113263482374878	5.68459542563907	0.786257782162131	0.377770222982424	0.754075217740107
TBC1D10A	-0.319500720938802	3.95873058751283	5.77812933967841	0.0184310202217252	0.265770436262702
TBC1D10B	-0.136537877392051	6.68332608912831	1.25836219550627	0.265163431505514	0.66956472763453
TBC1D10C	-0.598540355227307	2.59578809130601	4.93744184505072	0.0289740138427853	0.317312440770822
TBC1D12	0.0225779387709504	3.99704211591544	0.0318275616250159	0.858836966669416	0.960148785735532
TBC1D13	0.114848722262112	5.23678039940597	1.28697497372351	0.259838882718207	0.664549542849515
TBC1D14	-0.229271257679219	5.06408577723857	2.76892999806149	0.0998433883592463	0.48388150608819
TBC1D15	0.0460006790838429	5.26931339533543	0.135003954402134	0.714224906827895	0.912787881910002
TBC1D16	-0.497533854200533	6.66172670224635	11.5179030671485	0.0010546416157238	0.084038062507335
TBC1D17	-0.121084934792297	5.44298858942986	0.880359625826292	0.350798015148162	0.733674252993862
TBC1D19	0.152620434306605	1.74247923447623	0.983025703297295	0.324305447319724	0.716360743963002
TBC1D2	-0.157856680685428	5.56467872616291	0.494832285124544	0.483728317549323	0.809573369226252
TBC1D20	-0.0505193112754257	5.63115538852988	0.193688132436953	0.660996933616894	0.889507267966387
TBC1D21	0	NA	NA	1	1
TBC1D22A	-0.0839019787462156	5.54930500328928	0.562134607040431	0.455499905933028	0.795520783622022
TBC1D22B	0.120291408448037	4.27442737309696	2.56664530502244	0.112899679783045	0.506548315531089
TBC1D23	0.19685762352223	5.17025772064342	2.26054363948462	0.136464635773587	0.53831920975161
TBC1D24	-0.154254840723594	4.21558716566653	1.82711918793067	0.180103342232518	0.590800276444302
TBC1D2B	-0.229117038785333	5.66354791923137	3.90783761050994	0.0513478675311468	0.386000327957726
TBC1D30	-0.187026278869328	4.09466606666927	1.32308157261279	0.253309636473558	0.657637550551302
TBC1D4	0.159359658514627	6.0974876712327	0.818721090839534	0.368146805436928	0.74675211395062
TBC1D5	-0.0211106053632126	5.95673510966176	0.0238751027659276	0.877574438437995	0.965870576833017
TBC1D7	-0.0812917868787457	4.56619433278834	0.295655082157192	0.588062003575873	0.860433601459111
TBC1D8	-0.00914646654711924	4.25827261186264	0.00384388890126263	0.950711090902233	0.985719286175832
TBC1D9	-0.183324741717125	3.69355625574341	0.757455779624178	0.386610635732797	0.759342860500118
TBC1D9B	-0.111967099767235	7.51828264358564	0.705443718199287	0.403348976305479	0.766709442460061
TMED10	-0.10876829838536	8.24341373898262	1.04493303040142	0.309617096827603	0.704716272270025
TMED2	-0.00148592859210751	8.42167635573317	9.19024233124641e-05	0.992373908460142	0.997732947937544
TMED5	-0.0711579169408236	6.23885680626227	0.167337706826203	0.683531763572082	0.899672703655971
TMED7	0.124593058265273	6.36712494791309	0.475321116718722	0.492452848755788	0.813965728637201
TMED8	-0.103976168126918	4.37351701955451	0.509291276999656	0.477427481323408	0.805524930587246
TMX1	0.0442911673049748	5.75170433726542	0.0958877273965499	0.757589696606941	0.926568292369037
TMX2	-0.0865153723135706	6.69635699242508	0.516646821379565	0.47427383007236	0.804216198273318
TMX3	0.0140483232462972	4.70593431883756	0.00571611345314015	0.939913463178325	0.982372303251595
TMX4	0.0118512023715451	5.80679854452852	0.00645285834175449	0.936166464007052	0.981809169267287
TOR1A	-0.00655554591113385	5.62966240022486	0.00626278342044563	0.937111614862815	0.981892496516067
TRAM1	0.274223959632415	7.69669336841922	2.69415532806104	0.104462594538344	0.492567427616386
TRAPPC1	-0.123123105678861	6.29785412740322	0.671542019850523	0.414837675759617	0.772901407145194
TRAPPC2	0.547774544901484	4.40517672679376	8.7427574387303	0.0040364589135277	0.151673554537315
TRAPPC3	0.00980764228560104	5.72535883117696	0.00857611027182413	0.926436452878926	0.978496644682373
TRAPPC4	-0.04618880816013	5.49253718742844	0.172627535645416	0.678848422785682	0.898059030597698
TRAPPC5	-0.37690598740389	2.25265357382006	0.763884214364852	0.384612015191707	0.758674715777204
TRAPPC6A	-0.00367573956574092	5.20280701382805	0.000442481960299034	0.983267507471522	0.99523236642179
TRAPPC6B	0.239653620168264	4.23773141456214	3.13948182309345	0.080050836609912	0.444425575674577
TRAPPC9	-0.0563352355700437	6.02506626483752	0.166041551510005	0.684692483498996	0.899982660838332
TUSC3	0.0349962943667653	2.78405492949115	0.0217373428257662	0.883141910363272	0.967673307823419
TXNDC12	0.00714407140376214	6.73163371375179	0.00449405694367998	0.946711255972714	0.984163425702524
TXNDC5	-0.40175934818189	3.90147227416882	4.30880019659379	0.0409792786127146	0.357263986539995
UBA1	-0.105555127461563	9.18626634491658	0.663626036083453	0.417590371872386	0.77427566996182
UBA5	0.0738093355449572	4.97142468646308	0.284991427717845	0.594860584865045	0.86229451283213
UBA7	-0.193354594218461	5.66177066127307	1.06101438664204	0.305945970733766	0.702402867694752
UBE2D1	0.149305851309571	4.80087383434936	1.44621392412257	0.232521285850327	0.637409733786207
UBE2D2	0.0101151626989862	6.71817073207874	0.0115614070461226	0.914630157071129	0.976668466314905
UBE2D3	0.022433130864627	7.75335559299687	0.049184513953968	0.825027632815466	0.950879231362608
UBE2D4	0.189826360943306	4.14288150941408	3.07489242693045	0.0831640674109775	0.449338591509109
UBE2E1	0.161338070412367	6.04007967664281	1.90008804402673	0.171735212752641	0.579958754454698
UBE2E2	0.484850723352016	2.71499095351083	2.72093748157214	0.10278133298347	0.48985766495027
UBE2E3	0.109452568832587	5.53474190444123	1.06627688338457	0.304757038567515	0.701463612411844
UBE2G1	-0.183193386671876	5.47489273952102	2.5922751200687	0.111144411353184	0.50393091573493
UBE2G2	-0.143570408242342	6.19012827283793	1.50851319065451	0.222802423727011	0.630345760189939
UBE2J1	0.0376819421786425	6.57746830515705	0.133765779320539	0.715480120705868	0.912948278379534
UBE2J2	-0.127270869826651	5.85446991687299	0.808552461182081	0.371123552819424	0.748749472930498
UBE4B	-0.0862157085305476	5.95242751668283	0.482725616712542	0.4891110706595	0.812168178595307
UBQLN1	0.0798163925583682	7.31050615240478	0.690202793180208	0.408454748875817	0.768745679045269
UBQLN2	0.000143692291672749	5.87037149717552	1.70775276602159e-06	0.998960420666011	0.999462133498448
UBQLN3	0	NA	NA	1	1
UBQLN4	-0.00857701090535657	6.08874834949662	0.00707742003930125	0.933155663008496	0.980508840304841
UBQLNL	0	NA	NA	1	1
UBXN2A	0.186594503386445	4.46344522757395	2.10466768175678	0.150580952655615	0.556534908692486
UBXN6	-0.0913317828756113	6.8471282894414	0.503339078267009	0.480004771500845	0.808136677771109
UFD1L	-0.0234466198432228	6.11840407598998	0.0371360807645065	0.847654227614544	0.95724308817748
UGCG	0.00879406242396552	5.25222567581913	0.00339227920776823	0.953693426160819	0.98682164915606
UGGT1	-0.164902480182169	6.89240258173297	2.00791400992507	0.160185166613159	0.566976803548944
UGGT2	0.331167203384809	4.81071116391613	3.44568494426976	0.0669295043670897	0.419949504751011
USE1	0.12609476499914	4.51417936336167	0.825496825125454	0.366181904174431	0.744988377993367
USO1	0.0141771922914869	6.35652072478651	0.00901008783574716	0.924603662656676	0.978098958468033
USP6	0.191036532573646	-1.26262962811655	0.561773061950083	0.455644402446025	0.795520783622022
USP6NL	-0.112974776070199	5.56548521864835	0.957959306762372	0.33051700525175	0.720857043856142
VAMP1	-0.0682798778985063	2.64000686362465	0.171357639053717	0.679964965091763	0.898844198380425
VAMP2	0.0860829941434248	5.03971527011704	0.544859236355786	0.462486741463702	0.79925371756544
VAMP3	0.024653265933992	6.73522676431879	0.048977337050403	0.825390475815583	0.950879231362608
VAMP4	0.333691216003985	3.85364167280333	4.02202436194242	0.0481346575671479	0.376249083616033
VAMP5	0.0674172603022837	4.01322075452243	0.0730490938878187	0.787612067641796	0.936814903071701
VAMP7	0.0453743221979419	5.64079977421327	0.0970207756304785	0.756207650276889	0.925787401743233
VAMP8	0.196856854859269	6.98195656983771	1.51456762316866	0.221884521585857	0.629841487453629
VCP	-0.047525070247742	8.8122798067422	0.256602023047814	0.613793696180395	0.870297751081362
VPS45	0.187048548659665	4.75900252574585	2.93950649020196	0.0901311445497799	0.46251997181251
VTI1A	-0.0890513910636893	4.57239541170969	0.618319413849537	0.43388910861373	0.784062493894605
VTI1B	0.0796205169330937	5.91196020965695	0.533383370746139	0.467223495444947	0.80080181660202
WAS	-0.0264907553731802	2.76013248931516	0.0121494321180371	0.912494746329726	0.976668466314905
WDR38	0	NA	NA	1	1
WFS1	-0.441368600172213	6.93535817918814	2.27374192987715	0.135340454777711	0.537182147763852
YKT6	0.125057864306381	7.06592744236722	1.85666950741413	0.176658210802574	0.587156158924145
YOD1	0.221858263672391	3.87824420422875	1.2416882741993	0.268329715871735	0.672640134266502
YWHAQ	0.0298048122491279	8.27987392431651	0.0576173552743959	0.810888065384809	0.944504163855673
