pspGenes	logFC	logCPM	F	PValue	FDR
A3GALT2	0	NA	NA	1	1
ABO	-0.333153244578551	6.4015639021455	1.95813798414571	0.165715140805947	0.835369123436748
ACAP1	-0.00397035932171079	2.98672474240892	0.000476856120404291	0.982634255985664	0.999328249605308
ACAP2	-0.143352397646897	5.5671596066765	1.75053829191072	0.189711900317473	0.84728951360546
ACAP3	-0.0233993010168861	5.6816156482057	0.0159118928577658	0.899946963447667	0.987449065168891
AGAP1	0.0568691831976145	5.975045287032	0.351587761379403	0.554947586448193	0.93772419098168
AGAP2	0.259043840578842	2.13862458171321	0.907365486186005	0.343785331871727	0.903955182248583
AGAP3	0.0271234944172712	6.65942616918202	0.0476478299508069	0.82778356519921	0.97888798769548
AGR2	-0.609011255757428	9.40225336943857	3.69886641796201	0.0581342730455683	0.729951229772073
AGR3	-0.846316149210008	4.99532764422511	3.46152508712996	0.0666178072366101	0.738168462835218
AKAP10	0.0680929416116814	4.33876110667763	0.313597718923625	0.577101087571182	0.940872192904634
ALG1	-0.0134626268455343	5.21363849331248	0.0126651806034087	0.910687426008424	0.989728865952427
ALG10B	0.155950381347829	2.97828104436837	0.688178263993922	0.409340772791638	0.911252611984439
ALG11	-0.0230300053269292	3.28104168007378	0.020823585989721	0.885636369781555	0.985657388746848
ALG12	-0.0766450294138567	4.22758410163972	0.405995627931623	0.525892824756069	0.934991465549101
ALG13	0.0183313065785276	4.96486794554383	0.02291616651572	0.880069896391945	0.985321693172073
ALG14	-0.113250297189436	4.11324560629831	0.711232687358828	0.401638616038409	0.910075855309627
ALG1L	-0.0417180452036561	1.75412548000759	0.0230149546217111	0.879813672066262	0.985321693172073
ALG1L2	-0.188455787406513	-0.64411984169197	0.570974218382705	0.452169874666766	0.923751195806357
ALG2	-0.197876984325116	5.57352471282517	4.30286550601441	0.0413792471047442	0.680666424866018
ALG3	-0.0738355657700452	6.65706565890224	0.239952181283729	0.625628860005069	0.949857742218196
ALG5	0.0249917867970375	6.02589159799812	0.0361218723466046	0.8497625541686	0.982915043843179
ALG6	-0.114701889310611	4.0085915170708	1.00963242266993	0.318127865208334	0.892379670221364
ALG8	0.0527480889516269	5.4813273561196	0.211159681817586	0.647150501266756	0.952814544548158
ALG9	0.065518784788738	3.11012035883759	0.286341428328009	0.594111628754799	0.944213885575749
AMFR	-0.0162621804461804	6.85653549224476	0.0277877231329467	0.868044402479037	0.984899875813642
ANKFY1	0.0390564804880441	5.68718939275357	0.115616632603305	0.734760896225687	0.966390405458301
AP1B1	0.0877309624682791	7.16844185787248	0.516493418111737	0.474509469014919	0.927410673059133
AP1G1	0.000577034921011143	6.60915431723146	4.10152999075654e-05	0.994906637172025	0.999441304311805
AP1M1	0.122923132281716	5.53899395878384	1.240281916669	0.268869822609286	0.870897194993757
AP1S1	0.0195626988712425	6.90650566180327	0.0139845470409739	0.906171545414842	0.988447255336197
AP1S2	-0.063092595028795	4.06576819307905	0.0932044301030151	0.760963305795052	0.969534646946226
AP3B1	-0.126497418547374	6.09028181880499	1.36774012933404	0.24579624755162	0.86703487597224
AP3B2	1.91892661777814	0.169186403530348	16.0161966577183	0.00014298745084597	0.065225010237289
AP3D1	-0.0362964826747531	7.7962902652579	0.100070862480377	0.752597785659611	0.968201564059048
AP3M1	-0.066776525181865	5.89656458554218	0.521795946721316	0.472257629508638	0.927114552197367
AP3M2	-0.0991586655944128	4.57877749666339	0.482472283232057	0.48938837757527	0.928739316644291
AP3S1	-0.199033547845762	5.7627962127024	2.89071600093331	0.0931141991999814	0.783619358495997
AP3S2	-0.0799915841781163	4.59463926075951	0.652796900557894	0.421595443517339	0.914645901336131
APPL1	-0.160236410455978	5.71788398009253	1.14172205685502	0.288616241703536	0.880548408514549
APPL2	0.118555444427388	5.98879586703582	1.10000522794553	0.297535091633607	0.885396658716257
ARAP1	0.1450844112477	6.70100997730197	1.51856271014174	0.221574502259285	0.85838038148002
ARAP2	-0.219196039961261	4.13911018467942	1.8329487614596	0.179727199466303	0.836908974216057
ARAP3	0.0972987501748473	4.62125070155973	0.212878725614989	0.645816876677045	0.952814544548158
ARF1	0.0402645626276003	9.57347546235689	0.0930738603587038	0.761125601403945	0.969560129052274
ARF3	-0.0272792924581811	7.80851240332841	0.0797481610473175	0.778394201490359	0.971420604593422
ARF4	-0.202207656059844	7.92509543757858	2.84932035660054	0.0954460069416918	0.786745892834912
ARF5	0.0942059112133656	7.47966735945474	0.461337671692501	0.499029465643965	0.929566323286591
ARF6	-0.0214503753650918	7.38514744473852	0.037069296480791	0.847829266338086	0.982839407769164
ARFGAP1	0.0130092847783594	7.35663542586096	0.00700870458768366	0.933497199106968	0.993740688938222
ARFGAP2	-0.0653426771448501	6.77257427770956	0.797661870729266	0.374567131021419	0.908687116725061
ARFGAP3	-0.15810634879886	5.62650258966107	1.0966824120043	0.298260786004334	0.885819884235351
ARFGEF1	0.357195669775121	6.82129709251051	5.23932252381869	0.0248145924672255	0.604354382586244
ARFGEF2	0.106779153067874	7.19015858879944	0.64032118383704	0.426048415830138	0.915646553671206
ARFIP1	-0.227107221932086	5.93174210907924	3.20926479364139	0.0771386967558334	0.756592236596575
ARFIP2	-0.136043206624538	6.36317328115781	1.18052352618295	0.280628030133529	0.875931847836625
ARHGAP1	-0.0404120740641852	7.25021668645122	0.167915859162982	0.683104803353614	0.95920622114908
ARHGAP24	-0.0634415647203654	2.36594273101442	0.0654966613362161	0.798690400794257	0.975986357492699
ARHGAP5	-0.0762006287189664	6.3026000379554	0.219581020602827	0.640678919839732	0.952814544548158
ARHGDIA	0.213959469541329	8.14831415463908	4.30850177097761	0.0412498703630097	0.680666424866018
ARHGEF1	0.262167993601006	7.05948229594354	5.28296502600136	0.0242400026894494	0.602692685947611
ARHGEF11	0.0516797360448622	6.22421418120516	0.245280272972601	0.62182396727411	0.948046360072765
ARHGEF2	-0.0410709422118223	6.35191027158567	0.101858013325854	0.750472620013281	0.967621288834328
ARHGEF6	0.158192606859962	3.34742965258207	0.649274511301239	0.422845528994305	0.91515257780641
ARHGEF7	0.0623579633812127	6.27658073157131	0.33717876515435	0.563152350346999	0.939675490440074
ASAP1	0.231099666441144	5.46288003699239	2.01222059236133	0.16005849799653	0.832472663170784
ASAP2	0.185519785811158	4.82757746864049	2.24643877069446	0.137997726954024	0.815185414203729
ASAP3	-0.284157037172136	3.7632590035478	2.51696348506932	0.116712255157927	0.805629545153415
ATF4	-0.195433975041997	8.41456652367372	2.89942276070577	0.0926318289789761	0.782385020603858
ATF6	-0.0261541670136922	6.12408005022477	0.0844372275152643	0.772150555095936	0.970617241663834
ATF6B	0.149923925879434	7.20001590576809	2.1353747357378	0.147990961096436	0.823368727006237
ATXN3	-0.073965922892995	4.41056394381906	0.387490797812846	0.535454422868211	0.93772419098168
ATXN3L	0	NA	NA	1	1
B3GNTL1	-0.158488460777996	3.15865701422122	0.84626157068894	0.360475705409094	0.905642453964846
B4GALNT1	0.048375545318607	0.8194215590662	0.027890107980301	0.867803804427489	0.984899875813642
B4GALNT2	-0.677522033243248	2.49705497875369	0.919658042290446	0.340556548611908	0.901913962333449
B4GALT1	-0.100212348903933	7.38746366319764	0.579326466937693	0.4488935922911	0.922990543331996
B4GALT3	0.0269589494979206	5.92707965795588	0.0596477696886788	0.80770099946766	0.976116462703906
BAG1	-0.285199559763261	6.78185299869991	4.14502957185078	0.0451850563186226	0.697383174022705
BAG2	-0.299418378634996	3.75080347954736	0.856127704937176	0.357705975826386	0.904536430093572
BAK1	-0.303796077764443	5.48215501442632	5.14234801037948	0.0261436995939988	0.611355162787112
BAX	0.051144023063757	6.47007549675143	0.1290468967395	0.720402327345309	0.963442040434872
BCAP31	0.041892971490824	8.82828216715516	0.104123285716261	0.747808248876918	0.967416203437969
BCL2	-0.289745471190455	2.90840986595162	1.733602441704	0.191844242828758	0.84728951360546
BET1	-0.167950333502709	4.55277748762429	1.72142666810692	0.19339483619012	0.84728951360546
BET1L	0.0364880669079804	6.39166932016192	0.212216851335021	0.646329578230301	0.952814544548158
BNIP1	-0.0603935919823592	3.48940608370623	0.140610575989322	0.708702262351772	0.962030522682547
CALR	0.0122866318673056	10.0101728224063	0.0199004316438142	0.88818272377321	0.985830727339823
CANX	-0.0310106995890783	9.67866116336995	0.0711485665788331	0.790382463423518	0.974550631743579
CAPN1	0.139265002442015	8.6194501563703	1.48126444333634	0.227281754925563	0.860910639042844
CAPN2	-0.0469722431259549	7.76601315241841	0.105502976506545	0.746201151270725	0.967208280091737
CKAP4	-0.201249848096047	7.03806016891485	1.3613067569327	0.246900162280254	0.867295485842831
CLTA	-0.252887140479282	7.98916228226135	2.62491109957501	0.109273579222013	0.805219084296623
CLTB	-0.0568554587628439	7.06028652355223	0.135614101990131	0.713687889600403	0.962596036170534
CLTC	-0.0792311071379476	8.81771353382696	0.616328978442443	0.434815744514802	0.9173294850338
COG4	0.132127269583313	6.34031853347934	1.77816664138281	0.186293213482195	0.84384885961633
COG6	0.0624257946300255	5.3781948504064	0.171479985346773	0.679947322495473	0.95893236302819
COPA	0.0768983965257816	8.16383459767813	0.833939323248995	0.363977130929405	0.905642453964846
COPB1	-0.0942428097894526	7.39195207901162	0.887738963245217	0.349027905498713	0.904314060612129
COPB2	-0.0435644693831955	7.47348327400017	0.211862509885064	0.64660445760756	0.952814544548158
COPE	0.107900638135101	7.47912068467034	0.558011615811723	0.457330055817623	0.923959811909151
COPZ1	-0.149988458455237	7.76522288812105	2.44141071894514	0.122257349818562	0.806107824190303
COPZ2	-0.0248987236439261	2.71147249705521	0.00809506170265497	0.928541881692533	0.993740688938222
CRYAA	0	NA	NA	1	1
CRYAB	-0.487037156050554	3.80540832063488	1.85131603701179	0.177586985847333	0.836869496055789
CTBP1	-0.0318072288788712	7.17426566398309	0.088403124524622	0.767015197691783	0.969683823370785
CTSA	-0.143184270267275	8.52713941686184	0.521268874739807	0.472480680516597	0.927114552197367
CUL1	0.0454722899804101	6.4189502750187	0.301604548219977	0.584462231309693	0.941824319297075
CYTH1	0.0665774037563526	5.70487091363271	0.504751682228843	0.479559002699924	0.92862304055868
CYTH2	0.0691175908789808	6.30221314300052	0.47001812346032	0.495031043870717	0.928968298166861
CYTH3	0.301632994834692	4.9369961728433	3.95747203784635	0.0502035618121684	0.713532933817705
CYTH4	-0.215490820485427	3.31803011243033	0.776436055016335	0.380966593306758	0.909965417653084
DAD1	-0.115285800553616	6.93995358201364	0.832815886656174	0.364298723424474	0.905666517004186
DDIT3	0.0239740775919802	4.41267079634405	0.0191250217899534	0.890368508037036	0.985838217329466
DDOST	-0.0715066779122189	8.53384228268165	0.385311897889424	0.536601104773321	0.93772419098168
DERL1	0.00615222515672826	6.8499299624358	0.00274941209585852	0.958317568050181	0.996502012485299
DERL2	0.0645231040963134	4.71550164195668	0.32276004707413	0.571601291137469	0.940210061318243
DERL3	0.3848376981931	4.09628497657889	2.33413519784724	0.13064951153393	0.813468244824665
DNAJA1	-0.406169979291937	7.87049721552651	9.53616200782851	0.00279834371183655	0.297482714533421
DNAJA2	-0.000136804964550424	6.48921206022411	2.36167082708791e-06	0.998777794636578	0.999896464676833
DNAJB1	-0.472312066485843	8.12778675329885	4.75657716812314	0.0322292637639987	0.646408979961254
DNAJB11	-0.154552589008897	6.39664105489653	1.95567425699697	0.165978310818917	0.835369123436748
DNAJB12	0.124357990211902	5.87228210674559	1.81961762445646	0.181299585304292	0.837856687665421
DNAJB2	-0.0557131534369262	6.1270165148581	0.181021082030037	0.671680109639234	0.956558383725349
DNAJB9	-0.153197789830769	5.16749977973618	1.00389087854306	0.319498924053116	0.893169569905216
DNAJC1	-0.196605119965476	5.06471084448207	2.59260398252446	0.111442555653043	0.805219084296623
DNAJC10	-0.206256772739466	7.02224561007517	2.09673562195158	0.151660427295477	0.827644953181942
DNAJC3	0.0147743785675163	6.8465648638497	0.011489148344312	0.914918153209583	0.991152453270035
DNAJC5	-0.0607032990394096	7.42034125002989	0.164408560303291	0.686250440569007	0.959446248052369
DNAJC5B	-0.173766068137115	-0.514126871292913	0.277758236983721	0.59968450871583	0.945517752605155
DNAJC5G	0	NA	NA	1	1
DNAJC6	0.323275882100273	2.89998014889408	1.56465888455692	0.214759505714777	0.857012990952173
DNMBP	0.0746648003016729	6.3739410029638	0.363899560398894	0.548115491345805	0.93772419098168
DOCK5	-0.404147914991235	5.14669950127151	4.65103525717393	0.0341453490675115	0.654515319175246
DOLK	-0.00477786852828208	4.62491879228768	0.00175976121176481	0.966647181665453	0.996932845781141
DOLPP1	-0.0334805251981823	5.01121862828409	0.0522598301826839	0.819780705803075	0.977363379333267
DPAGT1	0.04891094746476	6.16100245535444	0.210501616427398	0.647662768134977	0.952814544548158
DPM1	-0.0709792315955464	6.01429569653073	0.264296394329788	0.608651211840258	0.945517752605155
DPM2	-0.0685587979053539	6.00450385264658	0.31529560159655	0.57607398302592	0.940692598325565
DPM3	-0.16686041734338	5.13608649777173	0.413649175394299	0.522027638442692	0.933911083736201
DPP6	-0.464016873787572	-0.907610318581104	0.88247391359913	0.350452957808793	0.904314060612129
EDEM1	-0.092369747958199	5.80894621477695	0.784501331425812	0.378516742306034	0.90927650210004
EDEM2	0.168274534380476	5.97629432711418	1.44248837194938	0.233406554096331	0.863337536206402
EDEM3	-0.0943586978126817	6.09349898189225	0.250391867796451	0.618221837028564	0.946522507789005
EEA1	0.116400461728608	5.24145843533257	0.357664550717882	0.551555443199878	0.93772419098168
EIF2AK1	-0.00673468131657692	8.11059522851779	0.00481062103909144	0.94488336962973	0.99520948611594
EIF2AK2	-0.211406216256773	6.32674340754158	3.09247029692485	0.0826155436599241	0.763096341860462
EIF2AK3	-0.0190007680647804	4.59085547243576	0.0249837753098055	0.874819933201131	0.984899875813642
EIF2AK4	0.00838775414350805	5.67481021132087	0.00618626106008673	0.93751217261164	0.994652177558451
EIF2S1	0.0276089091770352	6.43335427960505	0.0599484133373683	0.80722668603597	0.975986357492699
ERLEC1	-0.0778362035169906	6.27850777569281	0.52926932056111	0.469113345479885	0.92690366280768
ERN1	0.0717891768279387	4.94822177185826	0.262625225248559	0.609784436383825	0.945517752605155
ERO1A	0.141250521674954	7.14983551555196	0.975926896379737	0.326290529558281	0.895817402064522
ERO1B	-0.00345310037449853	2.50552372299797	0.00019352305062764	0.988936645264394	0.999328249605308
ERP27	0.10471587053323	3.76846656550951	0.0415993522489287	0.83892172604025	0.980881707564522
ERP29	-0.154100022014999	7.33552496214894	1.91140460297644	0.170791099962885	0.835369123436748
ERP44	-0.0966800157256587	6.71705292638154	0.955145680485566	0.331463528423324	0.897858512902077
EVI5	-0.0949046496346831	4.30029875921034	0.490321124617291	0.485887568686718	0.928739316644291
EVI5L	0.0681992029814433	4.01143139766321	0.265381377186057	0.607917909412389	0.945517752605155
EXOC1	0.0017228417575276	5.58806824549816	0.000333175664628015	0.985484002503827	0.999328249605308
EXOC2	0.118557295785918	5.19912586276788	1.58350876025065	0.212045863864313	0.856826764056001
EXOC3	0.118151345385045	6.22477647060933	1.33533754671713	0.25141937969147	0.867593817206626
EXOC5	-0.00916774112643811	5.45597111620586	0.00468110733603594	0.945629181050506	0.99520948611594
EXOC6	-0.131788584820072	4.57106978401769	1.52190478671337	0.221071666723074	0.858344107417442
EXOC6B	-0.0515573305118693	4.24021469093154	0.181276422917703	0.671462434460325	0.956414101547521
EXOC7	0.185749701520308	5.80903561684301	4.461680884332	0.0378946377597746	0.668702114219268
FAM71B	0	NA	NA	1	1
FBXO2	-0.668750596552162	3.78279004514665	1.61392729725064	0.207753370534674	0.855178158037585
FBXO6	-0.398734304291334	3.9640253515612	4.60133591863615	0.0350894032917796	0.661291242076367
FBXO8	-0.0631612800605135	4.16759775407781	0.375011921254067	0.542083306516059	0.93772419098168
FUT8	-0.0611613560954655	5.42435217637119	0.11633993512674	0.733964469801099	0.966085731821536
GALNT1	-0.294758768104659	6.38281744358625	3.47744441283258	0.066008554064049	0.738168462835218
GALNT10	-0.228159105831112	6.23094091496662	2.50214560077538	0.11777707014872	0.805901172078798
GALNT11	-0.0720873132301901	5.2995500705372	0.617016368553675	0.434560722890699	0.9173294850338
GALNT12	-0.323486591613137	5.39121891020053	3.12568157589258	0.0810159101048491	0.763096341860462
GALNT13	0	NA	NA	1	1
GALNT14	1.60268527524249	-0.213641614999025	17.8037249841489	6.60841091805581e-05	0.0428030522951917
GALNT15	0.551953832517327	1.53006692158209	2.30700438396185	0.1328741844263	0.813640606479512
GALNT16	0.459755159377366	0.418878560335135	1.89814280893192	0.172264426166072	0.836593122344887
GALNT18	0.371951841472486	3.89992147349545	2.25432564632448	0.137317952342291	0.814717839562443
GALNT2	0.00941758403340953	6.85884453201263	0.00921947363755046	0.923754850863013	0.992578532920078
GALNT3	-0.18312314502581	6.81916464860499	1.47160525079019	0.228788884014591	0.863140464811231
GALNT5	-0.0273301345224824	5.5209906009887	0.0160038023240759	0.899659972282184	0.987444286264968
GALNT6	-0.152471390226197	6.59442145214873	0.523972556697247	0.471338328548482	0.927114552197367
GALNT7	-0.19856229424691	6.35549240346979	1.32066474637219	0.254018343554758	0.867593817206626
GALNT8	-1.76168949152715	3.94455987485645	9.57252241282834	0.0027495201110908	0.297482714533421
GALNT9	0.388058364035557	-0.159107037890284	0.529222771369415	0.469132824764759	0.92690366280768
GALNTL5	0	NA	NA	1	1
GALNTL6	-0.468012279097481	0.00631849971109244	0.592574423114489	0.44377282090458	0.920173438224944
GANAB	0.0971204680776582	9.00055563240966	1.03628820723757	0.311863834590101	0.890456053415581
GBF1	0.0395302664461616	6.66047397241386	0.182633252469483	0.67030878558601	0.956062861000317
GBGT1	0.798445507829676	2.82149460152222	13.3474109367581	0.000469346294175524	0.139837987183484
GGA1	-0.0186504018616753	6.06329247117983	0.0292453091801666	0.864660985478553	0.984899875813642
GGA2	-0.0114244002956961	6.3272138666974	0.0210742817615223	0.884954870448583	0.985657388746848
GGA3	0.0701936497726595	5.72444046478164	0.521940284281586	0.472196577420083	0.927114552197367
GIT1	0.162139324111113	7.04339623105484	1.46528862610224	0.229781076563573	0.863337536206402
GIT2	0.026594979723738	4.40670570629454	0.0912948549962602	0.763349393064754	0.969683823370785
GLT1D1	-0.321244121250265	-1.00258803550431	0.642348455384322	0.425319982256652	0.91515257780641
GLT6D1	0	NA	NA	1	1
GLT8D1	-0.210051863946991	5.55692473108738	5.50030890376198	0.021581082280711	0.589567057775383
GLT8D2	0.191359727225223	3.15582445016597	0.532597856723542	0.467723856933609	0.926844713299284
GMCL1	-0.0368090258248266	5.18652247285247	0.0923633746631009	0.762010911491734	0.969585602320264
GOLGA4	-0.0799768828506785	6.6490465924838	0.222485797570511	0.638481856501274	0.952814544548158
GOSR1	0.0116746656356733	5.75072976784358	0.0181932947515095	0.893055571326714	0.986476612958388
GOSR2	0.0542921745237546	4.49530565447959	0.46050764082113	0.499414680067964	0.929566323286591
GPAA1	0.255144000762846	7.50392236407068	1.5293009545101	0.219963785208632	0.858344107417442
GPLD1	0.325867634502826	-0.350390582149067	1.99910113934716	0.161409829717741	0.835369123436748
GXYLT1	-0.0865610144017327	4.37012083953941	0.354396227125342	0.553374958868841	0.93772419098168
GXYLT2	-0.287466120985644	2.52489212733762	0.748466967133064	0.389640663024877	0.910075855309627
HAS1	-0.937955829251848	-0.393817937230715	3.45362342513917	0.0669224873980703	0.738168462835218
HAS2	-0.554257789064454	3.29076684184518	4.4457296294728	0.0382299965958346	0.669216770377608
HAS3	-0.440926489843622	3.83856630078901	1.99322185252528	0.162019699082552	0.835369123436748
HERPUD1	0.0122634566403147	6.80410313992417	0.0101915302527797	0.919849233125989	0.992293563094816
HSP90AA1	-0.0426662992035017	10.3131874458763	0.0802883151378658	0.777665017775777	0.971277429993233
HSP90AB1	0.285774087870634	10.8187916354334	7.06114567787086	0.00956814990702322	0.490422280377652
HSP90B1	-0.0596379311875275	9.97077005444288	0.208958531114954	0.648867792402907	0.952900009661555
HSPA1B	-0.200183868671133	7.51107307137533	0.584402686687116	0.446920581534555	0.921638654685892
HSPA1L	-0.0417372125956989	0.982604717766052	0.054596771122474	0.815867382371773	0.976994494953698
HSPA2	-1.35050429302838	5.28491501617192	8.71773124240918	0.00417251514789064	0.347281645385974
HSPA4L	-0.508407159962376	3.68384375442349	1.84728635435937	0.178053962834088	0.836908974216057
HSPA5	-0.0905871638167548	9.4688458161123	0.498168323146628	0.482429080464688	0.92862304055868
HSPA6	-1.61115371999741	3.49545650330452	7.72280545643816	0.00684337921389489	0.436259143226116
HSPA8	-0.0429179053231434	10.695699391074	0.102601939412294	0.74959405346475	0.967609855025012
HSPBP1	0.159305685590489	6.33315771436326	0.945913938056799	0.333797024355792	0.899860878184704
HSPH1	-0.184235916972149	8.16378629215002	0.569952092378243	0.452573407069833	0.923959811909151
HYOU1	0.0622707762625354	7.90755416276533	0.231092505266905	0.632073562178985	0.951551013249723
IFT27	0.0563755781885136	4.28502748405112	0.224744241928768	0.636785760917864	0.952814544548158
INPP5B	-0.070391486763475	4.04715949401562	0.481102162551838	0.490003826617381	0.928739316644291
INPP5E	0.122651947647704	4.4126230761654	0.790551174906649	0.376693804338424	0.909141961679892
IQSEC1	0.0483112527302047	5.67333442751255	0.167124320128826	0.683811342782427	0.95920622114908
IQSEC2	0.137353309143865	4.42364011446259	1.06251652799363	0.305858310730831	0.889645928598156
IQSEC3	0.94737054646367	0.288168103871406	9.5295931788037	0.00280725978302771	0.297482714533421
JUN	0.0135033507940074	8.49652717940077	0.00724759235980923	0.932376064577495	0.993740688938222
KDELR1	0.0249644798550948	8.17468739166261	0.0513236864687268	0.821374136839274	0.977470883076226
KDELR2	-0.0606958937142173	8.60935188411102	0.351600253827113	0.554940572363674	0.93772419098168
KDELR3	-0.33142961578299	5.37739776354947	3.81842882281668	0.0543110464504522	0.72426934532376
KIF20A	-0.16926383924442	4.87610177529397	1.22726788226082	0.271376322300019	0.871111019399391
KIF23	-0.167858772798544	4.95101243801972	0.909154121635489	0.343312934206336	0.90387652414835
LARGE1	-0.00387788703022618	4.72539217380618	0.000742102646994235	0.978337316297117	0.998667052099162
LARGE2	-0.115776298358217	5.89515437573037	0.164671772568723	0.68601301831545	0.959446248052369
LMAN1	-0.212315361409188	6.69202886903184	1.88154661780391	0.174129173744984	0.836869496055789
LMAN1L	0	NA	NA	1	1
LMAN2	-0.0615685910686083	7.91730709623201	0.224663746509447	0.636846033074807	0.952814544548158
MAN1A1	0.0197594180141911	5.92074447931478	0.00814654328992642	0.928315640573237	0.993740688938222
MAN1A2	-0.0151698341209664	5.44888930752446	0.0117775361666222	0.913861143207997	0.990900843846595
MAN1B1	-0.138116434305703	6.57863327381135	1.4267800160979	0.235945210984448	0.863825052949265
MAN1C1	0.521858410308604	3.01941751594931	5.06612346490815	0.0272414064136274	0.616538335008299
MAN2A2	-0.113349544129845	5.84192719816787	0.903289741768643	0.344865105981611	0.904120652890358
MAP2K7	0.106718476882254	5.49691820809642	1.47898365000784	0.227636532309457	0.860910639042844
MAP3K5	-0.179795736125642	5.0398554486503	1.51190730218817	0.222579993538643	0.858414285914948
MARCH6	-0.0832163413449577	6.98918664193475	0.847756626188918	0.360054081273922	0.905641105813684
MCF2L	-0.0611408343681809	5.94941859217526	0.127910759870949	0.72158342069674	0.9636481051001
MGAT1	-0.0470668036982538	7.25215436264389	0.161567224020024	0.688827601396432	0.959925204650829
MGAT2	0.0704097051492524	2.36743164176476	0.148203699545107	0.701315767351441	0.961129215744798
MGAT3	0.442483926214998	3.95114113629149	1.94915153640515	0.166677405702695	0.835369123436748
MGAT4B	0.084212684824723	8.5363869528043	0.337363724264959	0.563045551469902	0.939675490440074
MGAT4C	0	NA	NA	1	1
MGAT5	-0.173194747076951	7.80389214184017	0.867178326463051	0.354638713806312	0.904536430093572
MICAL1	0.091666781915861	6.13112903780013	0.432949915699246	0.512501020611835	0.931628764035145
MICALCL	0.119121610330741	1.86123042089211	0.335182858133176	0.564307328767036	0.939776752542549
MICALL2	-0.0667353232878379	5.86287720822195	0.106610926079722	0.744918984220117	0.967208280091737
MOGS	0.0169179313631817	6.75577225923466	0.0377355178100698	0.846485100412366	0.982828966148916
MON1A	0.0595819352069887	4.41849077683265	0.1624872068651	0.687990286072638	0.959654968706895
MYO5B	0.0196097653296531	6.96455930487651	0.0197210390921181	0.888684491753909	0.985830727339823
NAPA	0.0919660513052909	6.28636513410471	0.764947886689812	0.384495501035358	0.909994310049144
NAPB	0.0785388694018736	3.9043339338001	0.206361244961206	0.650908286922191	0.953191391043314
NAPG	-0.150801436904063	4.93874149309659	0.851192353448223	0.359087764253211	0.904873767816926
NCKIPSD	-0.0156616948632647	5.32770483052746	0.02356198680529	0.878404925193293	0.985120749120273
NDE1	-0.240852552437228	5.44804194232802	3.92909377152626	0.0510138163646985	0.714878036453272
NET1	-0.129700940507138	7.70365252891083	0.953084614580213	0.33198258696024	0.898630926547037
NGLY1	-0.115944852961872	5.18002330194414	1.63955249121898	0.204218093919617	0.85296943819575
NPLOC4	0.0282152119525168	7.03081196342705	0.101635621664809	0.750735948304311	0.967621288834328
NSF	0.111092054130232	5.90820063328348	1.30407741745927	0.256996969711373	0.867593817206626
NSFL1C	-0.00629592752274939	6.41875104747165	0.00173776206858574	0.966856189534685	0.996932845781141
OCRL	0.00543098702940008	6.06624268594286	0.00247097080140629	0.960482692661817	0.996502012485299
OPTN	-0.189134186028634	6.64909603112485	1.61579997642396	0.207492539410193	0.854664721537719
OS9	0.00706765390286907	7.99090945366096	0.0046115945485222	0.946033751777153	0.995215918666979
OSGIN2	0.0463379737399422	4.86617968670971	0.113017464937838	0.73764602159204	0.966486259895646
P4HB	-0.00577546928972346	9.89645923741441	0.00291834623887111	0.957057318755463	0.996385357417765
PAK1	0.0054306776148958	6.87559181229782	0.00409774425025173	0.949124727948799	0.995269333545737
PARK2	0.226957314226431	1.04373709228675	0.693171199275285	0.407654295175577	0.910449396485853
PDIA2	-0.483313594631173	0.838890160158396	1.37454745686975	0.244634821121148	0.866476787987322
PDIA3	-0.013090247089464	9.00403771686735	0.0113877612344992	0.915292944097351	0.991215723736765
PDIA4	0.0283783088720545	8.71208309712232	0.0678483754219865	0.795188735685401	0.97594312850452
PDIA5	-0.0438501225387156	5.56158287164742	0.123504445355447	0.726220981872392	0.964613341996732
PDIA6	0.055681222627713	8.17947503577214	0.296948700140053	0.587371407312504	0.943215906603514
PDILT	0	NA	NA	1	1
PGAP1	-0.423254426280515	4.71959613644122	2.05399727440635	0.155841881100856	0.829370158087185
PICK1	-0.114386859405406	4.90430357988719	0.931628965156431	0.337451830927101	0.900153425074264
PIGA	-0.0306903207499336	3.8422165281168	0.047639704242707	0.827798015818166	0.97888798769548
PIGB	-0.0307312882370601	2.95242350402901	0.0618436859739069	0.804265223693385	0.975986357492699
PIGC	0.017517521420448	5.34180683627076	0.0239760347847535	0.877349745076288	0.984899875813642
PIGF	-0.145537596080854	3.92466815099495	1.71117298849254	0.194712206156593	0.84728951360546
PIGG	-0.159942442301372	5.50944803385518	2.65215321012558	0.107481340095993	0.80377684555019
PIGH	0.15353622857727	3.9086654549475	1.30886744884598	0.25613234617108	0.867593817206626
PIGK	-0.0912335075794829	4.84791957911593	0.526971026274717	0.470076675887304	0.927062559315815
PIGL	0.0797951377153652	3.42683846653082	0.385464497268632	0.536520650385717	0.93772419098168
PIGM	0.0921377055657912	4.44357195517244	0.733921468630231	0.394264702622877	0.910075855309627
PIGN	-0.107124167098071	4.70041086656818	0.7168166016553	0.399805229402821	0.910075855309627
PIGO	-0.0329561571573427	6.00389965465514	0.0540860212884423	0.816715000300766	0.977020389820649
PIGP	-0.0477611143669529	4.12836144284304	0.112174122586073	0.738590082479332	0.966486259895646
PIGQ	0.0482121352122908	5.66691366155761	0.118779601985486	0.731298387111867	0.965514882939166
PIGS	0.0493969006177303	6.12342956824911	0.175802906160026	0.676168871728849	0.957928375740284
PIGT	-0.0278800008722081	8.26474268475721	0.0359016876018534	0.850215609135	0.982964094792132
PIGU	-0.0106671152755328	6.15851791917172	0.0050610369688965	0.943469413297205	0.994964819870932
PIGV	-0.102502825435092	4.46446829344681	0.633935559385533	0.428355321900955	0.917018505429536
PIGX	-0.230897002721428	4.81118663984861	3.63459084912183	0.0603093371509192	0.732077016097354
PIGZ	0.103869518719584	5.2339169959646	0.200732066092102	0.655384562777321	0.954078102894102
PIK3C3	0.0216572553456422	4.47401875040336	0.040235623001197	0.841547734420661	0.981226058286135
PIK3CA	-0.0805660870215201	4.2802060255868	0.34797452437103	0.556983415197335	0.938330019693562
PLAA	-0.317271216924101	5.66195898335973	7.57314968576355	0.00737900349167375	0.442485280934922
PLIN3	0.0372902141442761	6.62674409843017	0.0996566554107876	0.753093312092652	0.968201564059048
POMT1	-0.0115097986256497	5.06532847131842	0.0101278488771839	0.920099177217744	0.992293563094816
POMT2	-0.0816268853560244	4.17540140456702	0.441983702930093	0.508146333910901	0.930195070013134
PPIA	-0.0546369995992381	9.18994875998322	0.18586503988367	0.667581248725402	0.956062861000317
PRKCSH	0.0944564714036889	8.74230624136777	0.764916504669187	0.384505204986895	0.909994310049144
PSD	-0.427703539104128	2.71965879548429	1.48037322458981	0.227420303599643	0.860910639042844
PSD2	0.0992924432781988	-1.63837546660715	0.0625787032311656	0.803129712097886	0.975986357492699
PSD3	-0.275136640576844	4.47057250163292	1.39758392148111	0.240754527262453	0.866341109253208
PSD4	0.0173812131126389	6.40813166519617	0.028812303468721	0.865656855994035	0.984899875813642
QSOX2	-0.0122022632863771	5.2640503371452	0.0098492257026348	0.921202200510326	0.992319863018518
RAB10	-0.0916224660096525	7.65546259905648	1.02773743201037	0.313855300247349	0.890718516850282
RAB11A	-0.148733627048339	7.41285290140539	1.96077236781873	0.165434278579523	0.835369123436748
RAB11B	0.00276142295405077	7.00909090356022	0.00044561349652815	0.983212687582383	0.999328249605308
RAB11FIP1	-0.00720819064779341	7.06754821766538	0.00171737902476577	0.967051029357272	0.996932845781141
RAB11FIP2	0.0606203723474747	3.94605368066267	0.167420820117892	0.683546453818112	0.95920622114908
RAB11FIP3	0.0745353800570055	5.85572388748968	0.234333418185743	0.629698610963038	0.951187751753074
RAB11FIP4	0.0249750287259427	6.2169674692614	0.0376420786161496	0.846672876276744	0.982828966148916
RAB11FIP5	-0.0634514397456482	5.22207901933621	0.393279014924627	0.532429914285571	0.937180945461723
RAB12	-0.0762097141541203	4.00648527961381	0.203993615563616	0.652781922324421	0.953546034533975
RAB13	-0.0246316210504476	6.12832364513887	0.036031829510561	0.849947654023517	0.982915043843179
RAB14	-0.127783908524804	6.86687455140792	2.19881027300568	0.142185474601065	0.818093755065407
RAB15	-0.156974789966828	6.87030423125919	0.86668394192944	0.354775156648271	0.904536430093572
RAB17	0.140467528436291	5.0060786916177	1.00592102144805	0.319013236725693	0.892681164934374
RAB18	-0.155390359979239	5.95485952576183	2.46069612370907	0.120814212093468	0.805901172078798
RAB19	-0.0415010498389918	1.30520926184927	0.036103310362297	0.849800692207527	0.982915043843179
RAB1A	-0.133392692215787	7.62256498557543	2.50419062315385	0.117629466276914	0.805901172078798
RAB1B	0.182767598147787	7.42041649238115	3.15053935911408	0.0798409139796916	0.760926028510496
RAB20	0.0493798815481069	5.56949180101621	0.107443944366916	0.743959832558559	0.967208280091737
RAB21	-0.100724553294711	5.90968889624341	0.632945332151775	0.428714760299722	0.917136273412918
RAB22A	-0.158024635337444	6.44808576415925	1.59181075746014	0.21086382691588	0.856826764056001
RAB23	0.0815901534370968	3.92527757922767	0.176089452933611	0.675920356194152	0.957872648004306
RAB24	0.105764431168545	3.15312932242914	0.443625651114066	0.507361752730081	0.930195070013134
RAB25	-0.00762541588927221	7.50685871056713	0.00294497044108554	0.956862073316451	0.996385357417765
RAB26	-1.53096078162249	2.58253770967964	9.09658352462522	0.00346528323226225	0.320897714814627
RAB27A	-0.149358152645867	4.64174957822222	0.708013635829568	0.40270115373398	0.910075855309627
RAB27B	-1.1992898886345	3.34409833297127	9.21375381124851	0.00327276841059204	0.311348053322586
RAB28	-0.150431288166997	3.81094564009169	1.93072170419248	0.16867129667032	0.835369123436748
RAB29	-0.167163976776668	4.63811952348313	1.28103801577489	0.261207192516154	0.86888013899721
RAB2A	0.0444252758534551	7.61616919767133	0.117260637338343	0.732954679812261	0.966018860757817
RAB2B	-0.0853299663191997	4.00231316389558	0.481420931082972	0.489860521881713	0.928739316644291
RAB30	-0.241425344827461	3.59950727419685	1.26884917810422	0.263469643702429	0.870587062363284
RAB31	0.242898139176682	5.92516490999671	0.664120313874226	0.417614329319636	0.913412475630506
RAB32	-0.155874671204466	5.4134894803378	0.697667663467838	0.406144303429241	0.910383348858794
RAB33A	0.156866594508502	-0.424179919159897	0.402944411845621	0.527448078080976	0.935296296962895
RAB33B	-0.293285244940205	3.50861252315637	4.9898152661867	0.0283894943738006	0.62420451907657
RAB34	-0.111490237241315	4.12246290007082	0.217346013638984	0.64238151247882	0.952814544548158
RAB35	0.0147887950350496	5.97556193956839	0.0348047996423421	0.852494330617946	0.983501481992492
RAB36	-0.237153022287235	3.88560452928748	1.01796003984288	0.31615312594044	0.891927537132368
RAB37	-0.165857930698816	2.47462395333867	0.403114068525539	0.527361384235385	0.935296296962895
RAB38	-0.307071893622766	0.419265036545317	1.1424657260778	0.288460408628802	0.880548408514549
RAB39A	0.596761065897573	-0.760190510268701	2.63521371210902	0.108591874829728	0.805219084296623
RAB39B	0.282109343066637	-1.06544641667707	1.34007535158625	0.250587269232659	0.867581498578558
RAB3A	-0.423928659788685	1.5483068021915	3.23800037143186	0.0758531448890934	0.751489306509701
RAB3B	0.167843368136696	2.61379917341056	0.157170374635205	0.692868126433504	0.960078915511339
RAB3C	0.567390423248391	-0.750644512099044	2.2696480807621	0.136008189616619	0.814584095446998
RAB3D	-0.14457723605933	5.40093367980151	0.949949711225486	0.332774186160218	0.899236239281917
RAB3IL1	0.140643451947777	3.38377700199189	0.365910008446889	0.547014881239266	0.93772419098168
RAB3IP	-0.139390746189846	5.11997851827464	1.28662214608639	0.260178847104092	0.868667964347661
RAB40A	0.129529743032672	-0.678770023185453	0.201593086539358	0.654695029851032	0.954078102894102
RAB40B	0.174354991020457	5.2447558077608	1.43434842192185	0.234717855920437	0.863768922495138
RAB40C	0.0383974992085196	5.84926818078721	0.0727128488497508	0.788146035022463	0.974087261453295
RAB41	-0.230639491273625	-1.02704643750677	0.93087874776842	0.337645270683487	0.900153425074264
RAB42	-0.0720136500807655	0.999077972411067	0.102603319251408	0.749592427165051	0.967609855025012
RAB43	0.315818165922304	1.72108229202022	3.98507699789338	0.0494286907335522	0.713532933817705
RAB44	-0.109691464644312	-1.63803162656226	0.0800526808442185	0.777982786393165	0.971379904201074
RAB4A	-0.016828872844962	5.68719924210944	0.034029588317193	0.854127290266609	0.983888503659748
RAB4B	-0.0657167082463264	3.73969329410014	0.14268137209783	0.706665616810177	0.961967405004875
RAB5A	-0.0970215892482845	5.93575192024046	0.724882625028784	0.39717845294118	0.910075855309627
RAB5B	-0.0539326341952243	7.4339330498547	0.374789654006016	0.54220274903846	0.93772419098168
RAB5C	0.172389442252758	6.88701654765966	2.86763498015091	0.0944064552594303	0.785500706293214
RAB6A	0.00110854726827778	7.26625375813954	8.13630503084461e-05	0.992826314690313	0.999328249605308
RAB6B	0.55566634539982	2.17232482497199	4.92474137969606	0.0294092133895121	0.630773774820811
RAB6C	0	NA	NA	1	1
RAB7A	-0.0490747386966534	8.29302209823365	0.288132150170857	0.592962548046064	0.944213885575749
RAB8A	0.0217470737019031	5.69477722948461	0.132085391306194	0.717272206834	0.963061345192132
RAB8B	-0.191449240633068	4.17989874539099	1.25044577020609	0.266932625937631	0.870897194993757
RAB9A	0.126116364353775	4.80189389915739	0.880241742449201	0.351059543174901	0.904314060612129
RAB9B	0.306151789465075	0.038547903917265	1.41387671084028	0.238055970149149	0.86462833178656
RABEP1	-6.56628757035212e-07	5.10134918986436	2.93328318968234e-11	0.999995692635022	0.999995692635022
RABGAP1	-0.0227735381982218	5.9347807098646	0.0470351617781261	0.828876769681484	0.97888798769548
RABGAP1L	-0.208014095710409	5.47926024500437	2.12097703211764	0.149346209178368	0.824792640719458
RABGEF1	0.332937412915744	1.9901454957753	7.90033059049547	0.00626024690859925	0.427495952531997
RAD23A	0.0968781945167722	7.05333130488933	1.0355946033165	0.312024750583533	0.890456053415581
RAD23B	-0.132395559553616	7.72655909854134	2.48703193577233	0.118874420382896	0.805901172078798
RALBP1	0.0156785802688793	6.18073200676928	0.0139689409887307	0.90622366737361	0.988447255336197
RASEF	-0.474825539214777	5.72252914849146	8.72562632339903	0.00415633689542193	0.347281645385974
RBSN	-0.124263733480316	4.84309145862472	1.77576154503784	0.186587905067636	0.84384885961633
RBX1	-0.266483542720402	5.67443112856092	4.52703029108439	0.0365532350337049	0.663629478738379
REPIN1	0.187566010367517	8.19400512950451	1.49024349325446	0.225891603118181	0.860483331665601
RER1	-0.148813825821657	6.81968495677416	1.91451096748086	0.170448127583661	0.835369123436748
RFT1	-0.161567649506359	5.063753629227	2.60660638192797	0.110496620434751	0.805219084296623
RFWD2	-0.0660662039935673	6.03843818055912	0.487230607091224	0.487261010454013	0.928739316644291
RNF185	-0.117885630524469	4.84702394324236	2.59371376611831	0.111367253697061	0.805219084296623
RNF5	0.103434837535352	5.81479517481492	0.736217849306551	0.393529402914858	0.910075855309627
ROCK1	0.0442774670938466	5.30555569328632	0.071263748857762	0.790216895404796	0.974550631743579
RPN1	-0.0270140885578257	8.82252297221381	0.0640110028959104	0.800937184269516	0.975986357492699
RPN2	0.0918189066035943	9.38390043060504	0.590136499267198	0.444708275593886	0.92084907803998
RRBP1	-0.112679869190074	9.29006884966654	0.285233055895694	0.594825178075498	0.944274711830478
RUFY1	0.0466776562997538	5.66784885755	0.257821560522005	0.613067412249919	0.946096394623577
SAR1A	-0.167166377358743	6.58623896585396	2.72785276687438	0.102671205765097	0.798943190196615
SAR1B	-0.20725688224065	5.67114383582564	3.0654034508275	0.083944952996639	0.764586454749273
SEC11A	-0.072144593143126	6.6191224365889	0.405514205814549	0.526137665299246	0.934991465549101
SEC11C	-0.188795793728502	5.173977740506	2.29281401904969	0.134054900851356	0.813640606479512
SEC13	-0.151032860449167	7.1942848411383	1.49025390893799	0.225889996575126	0.860483331665601
SEC16A	-0.157547557656611	7.30087206968484	1.70359091643248	0.195693198263257	0.847852638545004
SEC16B	-0.36775781396676	-0.687333041141495	1.35027593766307	0.248807324529745	0.867581498578558
SEC23A	0.0752643777053328	6.21705576410421	0.365938221086962	0.546999465833995	0.93772419098168
SEC23B	-0.197898106005949	6.89499309703633	1.34775904879905	0.249245041850079	0.867581498578558
SEC24A	-0.0930076896609683	5.24777650085097	0.463869866366441	0.497857411281604	0.929566323286591
SEC24B	-0.0801066423844062	5.53470951785069	0.992148727742856	0.322327513273432	0.894040877730839
SEC24C	0.0890545234573549	5.73371598651742	0.731857433616782	0.394927312007115	0.910075855309627
SEC24D	-0.084785414997063	5.99545035931437	0.291099470981751	0.591068567281351	0.944082612509774
SEC31A	0.0478104295462397	7.28250765300347	0.268672995188186	0.60570478749546	0.945517752605155
SEC31B	-0.0999745232129543	2.65635267412584	0.235626575135027	0.628756648382014	0.951114529435421
SEC61A1	-0.0214070536836858	8.73473439562555	0.0562108959927386	0.813215820831336	0.976994494953698
SEC61A2	-0.149776736228678	2.7167823190755	1.71114626858593	0.194715652978517	0.84728951360546
SEC61B	-0.204149892063807	6.40741111038339	3.09969845040758	0.0822644607140083	0.763096341860462
SEC61G	-0.172035451120536	5.8368423788672	1.96199147357417	0.165304492268371	0.835369123436748
SEC62	-0.14975441869653	6.7768378450535	1.32620842447906	0.253032480824112	0.867593817206626
SEC63	-0.000574457945361919	6.62437538051991	1.9611045131018e-05	0.996478046582128	0.999447378143399
SEL1L	0.112471980948945	6.65026979134407	0.661999499268368	0.41835565349828	0.913412475630506
SELENOS	-0.0282210684864738	6.26409361794638	0.0637702333054723	0.801303909272156	0.975986357492699
SGSM1	-0.0495137378189029	1.65332313064638	0.0239943045432535	0.877303401325068	0.984899875813642
SGSM3	-0.326390311320484	6.14849760590382	4.95474084231947	0.0289343590637807	0.626201265078233
SIL1	-0.0494231231144775	5.83911923157528	0.125835131587852	0.723756571534999	0.96429860932107
SKP1	-0.167829541493853	7.64841933301503	1.88361627213825	0.173895343002795	0.836869496055789
SMCHD1	-0.043973024286682	5.23789000253301	0.053209865175466	0.818178919775379	0.97706272796127
SNAP23	-0.044594407413108	5.66416309950161	0.158328674426414	0.691797397498823	0.959925204650829
SNAP25	1.35556384933614	-0.269631211806497	8.21733292500378	0.0053443774283862	0.394306135692169
SNAP29	-0.117505064081069	5.17179722973924	2.35112865507123	0.129277635329827	0.811197002005712
SNAP47	0.0506299396927148	4.82114940588401	0.255582809558672	0.61461062853812	0.946124260839683
SPCS1	-0.218536955895263	6.8211065737445	4.12730026579098	0.0456354953521009	0.698085959481884
SPCS2	-0.0943509741474329	5.43375083964439	0.647321255113661	0.423541151177431	0.91515257780641
SPCS3	-0.151329689259851	7.10805519564387	1.62450441435567	0.206285313672552	0.854139265504818
SRP14	-0.0246875909091703	7.37927692302782	0.0531672089280123	0.818250514840813	0.97706272796127
SRP19	-0.195247426783185	3.94543919127843	2.01424628975034	0.159851017634766	0.832472663170784
SRP54	0.0339955983825922	5.80554701422267	0.136832382294636	0.712462736193801	0.96227638990028
SRP68	-0.0669109246930745	6.69920650592352	0.625390971450415	0.431472110685168	0.9173294850338
SRP72	-0.0906837904072506	6.89398513453653	0.68917755362293	0.409002412838458	0.911252611984439
SRP9	-0.26189122012567	7.13348048555172	4.70244700015192	0.0331972340996807	0.653768027498354
SRPRA	0.0677388596864772	7.55359207143177	0.70571715956123	0.403461698472804	0.910075855309627
SRPRB	-0.0717370464839856	6.71905052135838	0.449196539825515	0.504715352972829	0.929993566945901
SSR1	0.060505564121874	7.61163817445397	0.31350700462266	0.577156066542336	0.940872192904634
SSR2	-0.140838155021713	8.07060444748912	1.34710996311434	0.249358080975736	0.867581498578558
SSR3	-0.187738980081219	7.42874644376532	2.82534328356773	0.0968262152990753	0.791681759011182
SSR4	0.152678659639031	8.30889079086309	0.65024598475921	0.422500197044344	0.915125164276039
STT3A	-0.00458010538586297	7.71671983409973	0.00271083167323915	0.958610780803649	0.996502012485299
STT3B	-0.21240614223607	8.27722784683791	2.94607633608768	0.0900938152236496	0.775797565306639
STUB1	0.0589622539645155	5.59797786122622	0.138962925974563	0.710335010782801	0.962057260140512
STX10	-0.0729694880920676	5.77931479296813	0.350103058086437	0.555782401334563	0.937769405270007
STX11	-0.227168940637391	1.34892197753076	0.76215190983532	0.38536145623897	0.910075855309627
STX12	-0.123118869448939	5.47871178549656	1.03039518766365	0.313234515413339	0.890456053415581
STX16	-0.109230883374159	6.64595639291449	0.595377642037546	0.442700986817951	0.919250089881078
STX17	-0.075369110180517	4.0155742207207	0.488542789245602	0.486677078449686	0.928739316644291
STX18	-0.283778931192216	5.28045843988777	8.1096012731841	0.00563883811089986	0.399735289254756
STX19	-0.172905009055961	3.04972063819392	0.463215303846069	0.498159932449205	0.929566323286591
STX1A	0.140523843770024	3.75034665459809	0.470789195159889	0.494678503543997	0.928968298166861
STX1B	-0.146261528902954	0.48139721191809	0.271263952010908	0.603974845244584	0.945517752605155
STX2	-0.0987192700726922	3.92852090637777	0.336921569143222	0.563300925433736	0.939675490440074
STX3	-0.0301763241120612	6.75827767859437	0.0316313870606438	0.859304621246323	0.984899875813642
STX4	0.26666662736491	5.78947634202977	4.71013812799583	0.0330578299632642	0.653464296523832
STX5	0.0926483169733004	5.56388756603437	0.831702219797562	0.364617912261056	0.905666517004186
STX6	-0.0458893347716105	5.52466072934574	0.27866315387356	0.599091799240241	0.945517752605155
STX7	-0.020370154913645	5.97325629888126	0.0313598542317827	0.859903414177398	0.984899875813642
STX8	0.102334540880207	4.28586144122679	0.543491796283082	0.463222417093952	0.925407584817018
SURF4	-0.046885557906042	8.56336398886979	0.175512309468112	0.676421143382662	0.957928375740284
SVIP	-0.249688692001324	5.11283757132609	2.73670127458174	0.102124806235682	0.797652765494826
SYTL2	-0.106285217292447	5.98908355630259	0.320478051108312	0.572961337346692	0.940210061318243
SYVN1	0.123608584123792	6.60354666204749	1.40573777221008	0.239399325209912	0.866133280621525
TBC1D1	0.0491188679818896	5.67715840127969	0.145888028797584	0.70354494984222	0.961631821023109
TBC1D10A	-0.149333164460197	3.89884631167975	1.24722391217175	0.26754478471196	0.870897194993757
TBC1D10B	0.236413054857212	6.58254579465059	5.08368497652924	0.0269842350499082	0.615533294469809
TBC1D10C	-0.217401558269707	2.51935228364255	0.839185778973881	0.362480540695267	0.905642453964846
TBC1D12	-0.0116504339274988	4.01471356105871	0.0146458169008616	0.903989490020692	0.987539124118152
TBC1D13	0.0365273539104303	5.16354334502646	0.157647640847995	0.692426390671539	0.959949978771464
TBC1D14	-0.111425775247733	5.07988627926914	0.685927615744701	0.410104367018791	0.911352889111696
TBC1D15	-0.108566874297152	5.42011198142902	1.10692272176114	0.29603168379944	0.885081348974533
TBC1D16	0.146348013937769	6.56711795514743	1.02712459147698	0.313998675326794	0.890718516850282
TBC1D17	0.147864218363294	5.45533155606751	1.9174228995977	0.170127352394219	0.835369123436748
TBC1D19	-0.165555058217671	1.93710925779046	0.983388469577987	0.324459604024182	0.895380863575891
TBC1D2	-0.463670739104283	5.57154461476986	4.96619133068823	0.0287552685156414	0.625566271348773
TBC1D20	-0.00984163797701712	5.64041310786831	0.00508597799055077	0.943330530270084	0.994964819870932
TBC1D21	0	NA	NA	1	1
TBC1D22A	-0.0527625597097537	5.48636068884358	0.224843325111796	0.636711589074501	0.952814544548158
TBC1D22B	0.0224943713836535	4.28114210042686	0.0581829215187696	0.810030366070213	0.976802530528212
TBC1D23	-0.107498780178913	5.30129783044697	0.804961683461	0.372401569934323	0.907656643052934
TBC1D24	-0.00957066322604246	4.17589861904094	0.00689047648890204	0.934059179513274	0.993878702502771
TBC1D2B	0.0446543947646101	5.62497301110878	0.119748378473488	0.730248211995726	0.965492490977435
TBC1D30	-0.00739206395787758	4.15042742635809	0.0019144778516073	0.96521279792309	0.996932845781141
TBC1D4	0.0962721239815036	6.26214836782339	0.231977184813779	0.631423236469914	0.951520616072363
TBC1D5	0.076816409139373	6.02108729228564	0.447199007653226	0.505661511995443	0.930195070013134
TBC1D7	0.00911012181426211	4.24789477139109	0.00557638786120843	0.940666158376096	0.994744351350387
TBC1D8	-0.0077477723294644	4.35170930346419	0.00304559896290998	0.956132005430049	0.996352378040093
TBC1D9	0.18627718542749	3.97228690741599	0.697234152616399	0.40628952336189	0.910399247264873
TBC1D9B	0.136617050131885	7.43835944923902	2.29768998716016	0.13364785257689	0.813640606479512
TMED10	-0.0688122644932666	8.3136617330749	0.364040559759086	0.548038166540086	0.93772419098168
TMED2	-0.211391218663485	8.54061520784803	3.71200184144582	0.0577003291810068	0.729699157476316
TMED5	-0.112388980877259	6.33032843234769	0.615825898058954	0.435002533253093	0.9173294850338
TMED7	-0.212921977497739	6.49810328553749	1.82884057260906	0.180210037710172	0.837535493365536
TMED8	-0.021281156860766	4.46131797702883	0.0284433050124938	0.866511611207454	0.984899875813642
TMX1	-0.0820922285972626	5.83237601806073	0.363503774753903	0.548332651776578	0.93772419098168
TMX2	-0.0603159048356567	6.7729516653262	0.298942728087551	0.586121843093325	0.942667700247851
TMX3	-0.104755309851401	4.78049535425229	0.44420005850476	0.507087776357242	0.930195070013134
TMX4	0.121782311908063	5.7778521068179	0.470525882698272	0.494798844300836	0.928968298166861
TOR1A	0.0181183821329311	5.66336505296303	0.03116318352801	0.860338790723985	0.984899875813642
TRAM1	0.0452364262180913	7.89495400039226	0.110992758516728	0.739919202604441	0.966632662375223
TRAPPC1	0.233259454760787	6.00913351759888	3.28672526693534	0.0737266502918022	0.747459613416763
TRAPPC2	-0.0195539600895033	4.36881601808307	0.0120235047013402	0.912969913432258	0.990763869600021
TRAPPC3	-0.0970502800932878	5.7043276284995	1.07921854166108	0.302113031341121	0.886756096275096
TRAPPC4	-0.084919323996477	5.59116281262785	0.450238577714154	0.504222989120655	0.929993566945901
TRAPPC5	0.0571687432061716	2.09559630167631	0.0184101814040119	0.892423933501852	0.986128685734398
TRAPPC6A	0.459129912541815	5.2982257023111	6.69241781910199	0.0115599332450863	0.514325774560923
TRAPPC6B	-0.0457581279446754	4.42041183591069	0.127909165663187	0.721585082141277	0.9636481051001
TRAPPC9	0.39404266574528	6.01603581126431	8.48769690047572	0.00467386749678898	0.365343604558889
TUSC3	0.0822080520756685	2.77084038514926	0.139832404073594	0.709472027972954	0.962030522682547
TXNDC12	-0.0932194939784451	6.79706434446971	0.936225010525196	0.336270041368555	0.900093980405459
TXNDC5	0.0198851509492792	3.78614312471374	0.011119074266849	0.916294422892006	0.991376692241934
UBA1	0.168613123510287	8.94956004920821	2.2450220890857	0.138120237966315	0.815472674357121
UBA5	-0.0985685220263603	5.09504029629321	0.964403148237999	0.329145572074738	0.896472531890892
UBA7	-0.298994841949699	5.6507468000633	4.33912347633733	0.040554507538376	0.675147175289954
UBE2D1	-0.0422719547869155	4.81277278700331	0.143039080693304	0.706315523155477	0.961935830158128
UBE2D2	-0.0932499982402509	6.70747360960816	1.0129079274581	0.31734919088219	0.892233753781255
UBE2D3	-0.190364848157675	7.89951822778879	3.08894695967124	0.0827872753778472	0.763096341860462
UBE2D4	-0.0996848361335858	4.17777104162627	0.687497088013282	0.409571657492763	0.911252611984439
UBE2E1	-0.131557514039437	6.18642804716539	1.41993613776096	0.23706187059116	0.864353148456739
UBE2E2	0.0207142393614377	2.93576036049618	0.00608044875704822	0.93804778033155	0.994744351350387
UBE2E3	-0.245224279307071	5.51987043846869	3.46064856605034	0.0666515303455521	0.738168462835218
UBE2G1	0.00547843845241251	5.4235437665802	0.00358704206456456	0.952396380145654	0.995658672673141
UBE2G2	-0.110638609595336	6.36269766205316	0.902673911582993	0.345028659472512	0.904120652890358
UBE2J1	0.07819981662713	6.6365861322657	0.545145111339678	0.462545358071215	0.925407584817018
UBE2J2	-0.049372075992749	5.74522616910194	0.164928324067408	0.685781817101016	0.959446248052369
UBE4B	-0.0447867886601975	6.02700763806325	0.136201314545511	0.713096586016483	0.96244004316612
UBQLN1	-0.177789625408761	7.32188815391203	5.38096290027072	0.0230005457623804	0.591056524728771
UBQLN2	0.00953942919977386	5.88581210850614	0.00956583241383554	0.922340394845888	0.992319863018518
UBQLN3	0	NA	NA	1	1
UBQLN4	-0.00220845361005492	6.11044200131196	0.000509738722223719	0.982045590902322	0.999328249605308
UBQLNL	0	NA	NA	1	1
UBXN2A	-0.0835889807230507	4.47509798169145	0.643217471054781	0.425008308820842	0.91515257780641
UBXN6	0.0154335380969855	6.81608115465749	0.0202415345324743	0.88723496998955	0.985657388746848
UFD1L	-0.168877408816261	5.97023739226823	2.79122442536347	0.0988285983538828	0.794881973771175
UGCG	-0.0037984133393205	5.29120629972071	0.00129399960168861	0.971397309896195	0.997250861755014
UGGT1	-0.0577376839766431	6.94763818746452	0.305563488815063	0.582011463499416	0.941824319297075
UGGT2	0.0569314787316188	4.80332280001505	0.187067875491048	0.666573282798022	0.956062861000317
USE1	0.131174980741293	4.57165481941696	1.17898793490822	0.280938735662853	0.875931847836625
USO1	-0.0329315813301711	6.52204805038022	0.0778962489557849	0.780914662140019	0.971821274444564
USP6	-0.128535219419248	-1.17021572461065	0.206074629001439	0.651134409012057	0.953191391043314
USP6NL	-0.0670115947671378	5.65749628647056	0.417305287205184	0.520199078370352	0.933911083736201
VAMP1	-0.213372270588293	2.78155777548217	1.64775144465703	0.20310221527193	0.851211849652343
VAMP2	0.112212593358053	5.03581190716437	0.943742611773587	0.334349090913993	0.900049492712164
VAMP3	-0.183461162948122	6.83946399401282	3.26800321045166	0.0745359103189041	0.748645259321035
VAMP4	-0.0612027082877112	3.97768528704913	0.199153598981921	0.656653283516715	0.954352039611025
VAMP5	-0.26031423586921	3.90569514865393	1.42454922832878	0.236308478266444	0.863825052949265
VAMP7	-0.0312452229121659	5.63649989874229	0.0972894719759347	0.755947220986217	0.968610479082856
VAMP8	-0.19227285438159	6.91587135032058	2.01324259449802	0.159953781304974	0.832472663170784
VCP	-0.152159758416232	8.75806493651795	1.74681034878811	0.190178853405435	0.84728951360546
VPS45	-0.123909741135564	4.78733067569254	1.73342959585971	0.191866151395159	0.84728951360546
VTI1A	0.0359183412546616	4.63282483270978	0.130135997398261	0.719275636479687	0.963061345192132
VTI1B	0.0597939834437309	6.00005498171908	0.412064814190296	0.52282359594896	0.934013787280246
WAS	-0.0773498884815441	2.75786763727967	0.141670008627818	0.707658175226083	0.962030522682547
WDR38	0	NA	NA	1	1
WFS1	-0.198957335819956	6.45638944028246	0.797979387136301	0.374472565877167	0.908687116725061
YKT6	-0.0765348301433916	6.97899102269427	0.562957715616773	0.455350128771599	0.923959811909151
YOD1	-0.136599503036573	3.87948630190844	0.659661890215799	0.419175051379673	0.913634510842167
YWHAQ	-0.0299238001682397	8.2818553520389	0.0649057144775724	0.79958081286726	0.975986357492699
