pspGenes	logFC	logCPM	F	PValue	FDR
A3GALT2	0	NA	NA	1	1
ABO	-0.480333691330779	6.48099111046117	2.3194987683943	0.129528756227647	0.193815812841799
ACAP1	-0.637825553273638	3.07196249717483	5.68843354958399	0.0181234992506776	0.0372555172281792
ACAP2	-0.769688253546621	5.60483356417117	22.526290609281	4.23167196809956e-06	2.77011343297506e-05
ACAP3	0.849330849804627	5.63473365614686	8.34696773679795	0.00434141678562165	0.011170928384394
AGAP1	-0.445173410962018	6.03689316359787	9.8184328546228	0.00201961881142906	0.00583320853099775
AGAP2	-0.149268518570752	2.10458274142799	0.167846939706617	0.682523090060407	0.751217849403357
AGAP3	1.16993260647631	6.62544284136355	31.8011395027034	6.57046393350139e-08	6.52655629862357e-07
AGR2	-1.12005162855063	9.50045133158535	10.7092445267514	0.00127960485997303	0.00395131600880999
AGR3	-2.28795953864072	5.3228621021737	23.7333816775519	2.42776685510195e-06	1.69346910350854e-05
AKAP10	-0.66958470380445	4.3601827150841	22.2258052153966	4.86270492851115e-06	3.13290679759495e-05
ALG1	0.525514743256249	5.24646604231547	10.9572870375404	0.00112786179360664	0.0035465238280141
ALG10B	-0.00391037403750542	2.96455747496922	0.000153191110422106	0.990138609623695	0.992961783041762
ALG11	-0.0457064835663967	3.30490233168017	0.0485495751236245	0.825858129176035	0.869339004416977
ALG12	-0.026030311220145	4.26290868623951	0.014323998256992	0.904868779703503	0.930390050922547
ALG13	-0.230303789388172	4.91429099799778	1.92666902653138	0.166851337729317	0.238719583234588
ALG14	-0.383592076055508	4.14546263948778	5.91723132858535	0.0159792290255515	0.0334796395902619
ALG1L	2.22033837664909	1.61842316342769	22.4859151217571	4.31137941470696e-06	2.81106440585019e-05
ALG1L2	0.752574212502855	-0.75441095940863	4.98448963340068	0.0268172431332795	0.0518624971727669
ALG2	0.198463074681208	5.53854962951	2.23194702594426	0.136946943927213	0.202884775906095
ALG3	1.32846962816851	6.68054706416677	28.6720592576647	2.61042999196932e-07	2.27372367490262e-06
ALG5	0.317278889465538	6.07057522736232	2.25643569142769	0.13482492621274	0.200282852157515
ALG6	-0.0465908480015986	4.00519440542682	0.0705186083496894	0.7908892656516	0.840966009872333
ALG8	0.674965706289616	5.37961992156941	13.735969869924	0.000280410213508384	0.00108497115769002
ALG9	-0.101261042189492	3.03106407629542	0.387324789546075	0.534502232364581	0.620039473526656
AMFR	-0.0618539259943839	6.87097901195859	0.200384225371015	0.654953030054737	0.727201416856827
ANKFY1	-0.650932112146723	5.74626075726467	19.2449348280971	1.96086363044512e-05	0.000107037930484161
AP1B1	-0.244336724035872	7.26892327366731	2.06534763504203	0.152429084611732	0.221653706453396
AP1G1	-0.40513917576089	6.62694651873908	8.57371004460436	0.00385456355277017	0.0100929182174454
AP1M1	0.137625624575968	5.51372495659541	0.558077697978121	0.456017554097961	0.546643162487245
AP1S1	0.869641589206284	6.92236538288517	14.9914158263219	0.000151315931119896	0.000637103596682862
AP1S2	-1.26321984299661	4.10206940004303	26.6084808402739	6.57421714174868e-07	5.23839663253822e-06
AP3B1	-0.261815883325308	6.15108788096201	2.50569601062233	0.11520346761051	0.175611097129145
AP3B2	-0.855396712381506	0.21411017619886	1.7574197873323	0.186638774691929	0.2621930401444
AP3D1	0.383190849445947	7.79836046277216	4.87232361410172	0.0285642274356828	0.0547139593099541
AP3M1	-0.150086461780522	5.90671529786493	0.962572733936987	0.32786587341316	0.417855802330991
AP3M2	0.843252699871222	4.41853849207256	16.2301205364475	8.28630808900714e-05	0.000379471273791833
AP3S1	-0.365337630299003	5.69939927908949	4.41801983940363	0.0369628214167956	0.0678253785304005
AP3S2	-0.853076550608524	4.69889589176384	42.4674070379085	7.08709465622432e-10	1.04166526047813e-08
APPL1	-0.53774631185779	5.66124312315058	6.70158360778604	0.0104257710989345	0.0233835419330512
APPL2	-1.3412375083613	6.03128025901267	80.6653115445659	3.69736552663361e-16	1.48441498281502e-14
ARAP1	0.030323178941543	6.65862449578506	0.0347872340592736	0.852253758867918	0.889996272590209
ARAP2	-0.306364407478296	4.0876054213304	1.80337888635421	0.181007635035188	0.255599811586706
ARAP3	0.77188759350814	4.6142732099801	7.18355532846604	0.00804549210970723	0.0187891170825408
ARF1	0.271956561457747	9.58313608247529	2.09905671194291	0.149142419832712	0.217774792893375
ARF3	-0.417793972813696	7.85163524060433	12.162019306198	0.000613899709886482	0.00211656821141588
ARF4	-0.574550456675479	7.89358335955865	14.1003145234352	0.000234279882548137	0.000931895066421167
ARF5	0.352992211421887	7.51608638831819	3.03741874715566	0.0830852764203183	0.133436589026188
ARF6	-0.662984737950356	7.4264949745281	24.58375725374	1.64563282751876e-06	1.19705047972032e-05
ARFGAP1	1.50254724065062	7.3314750653157	34.1193250575013	2.40156265688429e-08	2.6268866696327e-07
ARFGAP2	-0.0303193434951352	6.71609314178905	0.0961950371490463	0.756805815159522	0.813663185782218
ARFGAP3	-0.344054496828512	5.58580495573649	3.0802413356818	0.0809623614623068	0.13063550418373
ARFGEF1	0.0162368686867225	6.66379559746891	0.0055410170094192	0.94074512337995	0.957348722659416
ARFGEF2	0.376543870748469	7.13340194911196	3.60580787225259	0.059189334456996	0.100555571992065
ARFIP1	-0.589438308442921	5.90638348988493	11.1805744435324	0.00100701791979683	0.00322938891654891
ARFIP2	0.00958053948208939	6.25947343102359	0.00368095217758378	0.951689142325167	0.965099746686054
ARHGAP1	0.0438894428912341	7.21014205843893	0.101619099286558	0.750267504064304	0.808541411125585
ARHGAP24	-1.2989532689193	2.3423293778716	22.5140737738271	4.25563091044964e-06	2.77907713565997e-05
ARHGAP5	-0.594004413042522	6.30480438225726	6.67673487183153	0.0105666796608591	0.0236592059975768
ARHGDIA	-0.0420099990369727	8.20406476373133	0.0716704369787641	0.789228704853516	0.839522031760181
ARHGEF1	0.673624744946926	6.9780731505507	15.6737995439141	0.000108513177408464	0.000478930906016996
ARHGEF11	-0.224654363110742	6.2248249593696	2.66506992250817	0.104334065517658	0.161567052220449
ARHGEF2	0.238874822628136	6.34148336277979	1.98609988496341	0.160487004035346	0.231083518697496
ARHGEF6	-1.69223194134916	3.44786880769456	47.2795368888981	9.94293234058688e-11	1.69484577753676e-09
ARHGEF7	0.330635596333361	6.2831661609277	4.42487388461666	0.0368183638686276	0.0676123271607
ASAP1	0.553539833867496	5.33343384551421	4.62472476257242	0.0328579106681616	0.0615624100638427
ASAP2	-0.757297688130173	4.89426145932155	18.8208114451125	2.39687917630882e-05	0.000127622317251138
ASAP3	-1.33520552761457	3.75065944036868	35.8413414991846	1.14647554980369e-08	1.33099895070654e-07
ATF4	0.142889715729665	8.36916537379859	0.936529530791497	0.334479813209434	0.424513833182931
ATF6	-0.157119425147639	6.1163126465382	1.23551077384809	0.267831140845043	0.353596576747683
ATF6B	0.229127462294231	7.1975117344743	2.5128141218163	0.114692045246712	0.175013122755936
ATXN3	-0.360235859320969	4.33386926024048	5.77047446403985	0.0173220823487011	0.0358530493503327
ATXN3L	0	NA	NA	1	1
B3GNTL1	1.65887916577276	3.01779776571168	41.1660651670783	1.21522466182504e-09	1.71256152681122e-08
B4GALNT1	-1.05091786689466	0.773161577454147	11.7429281802689	0.000757892828836883	0.00253090394780886
B4GALNT2	-2.37137472094062	2.77961812892722	11.7528778083092	0.000754102939782993	0.00252027015688717
B4GALT1	-0.486653870220629	7.44139085758483	7.49606623624517	0.00680902182382685	0.0163306658648294
B4GALT3	0.626878580463031	5.89883544936013	13.022863618911	0.000399333437685536	0.00146778843183444
BAG1	-0.500691779159394	6.7804983914288	8.78516899170766	0.00345106021535245	0.00916709665969381
BAG2	-2.0779026541256	3.7943417651845	37.0855376882301	6.74802491838159e-09	8.24421126525563e-08
BAK1	-0.441735674707458	5.6153949848082	5.15944896122583	0.0243125587990159	0.0477719111125206
BAX	0.561929556891727	6.50728956750197	8.26331327236265	0.004536628108111	0.0115979399176646
BCAP31	0.949043311326522	8.82577915851914	26.074338365395	8.36541261762123e-07	6.49972258516607e-06
BCL2	-2.05568128933653	3.1714551672957	75.6204981918507	2.18539464789389e-15	7.86364195204701e-14
BET1	-0.03101798692947	4.52141330540525	0.0238371208437913	0.877474293588754	0.909072687499932
BET1L	0.212778223425237	6.34811170353016	3.42874858659171	0.0657204987556002	0.109740708453684
BNIP1	-0.207989446598744	3.46900559384207	1.1709952551363	0.280654829986913	0.367360961024907
CALR	0.353973246682699	10.0251308559291	6.1249632328371	0.014260858599291	0.0304299889721863
CANX	0.169195499827075	9.67865225161396	0.860949864495944	0.354724507973184	0.445560103269772
CAPN1	0.183248097043257	8.63318005426229	1.0685892930722	0.302661163880655	0.390960820630443
CAPN2	-1.0723472794017	7.89590833969382	40.1327213727024	1.86947485530865e-09	2.54550305816618e-08
CKAP4	-0.347769020571984	7.12653722105542	2.57333117780365	0.110444473150232	0.169546897615269
CLTA	0.554902983927395	7.90418543820494	7.12099381125925	0.00831969132638333	0.0193210575469585
CLTB	-0.417703986026659	7.13375471854863	3.82195071137947	0.052145074649041	0.0905099606683709
CLTC	-0.449506730889566	8.77826940070208	10.7348174689155	0.00126303926437486	0.00390886311934181
COG4	0.268466975041452	6.30600698523312	3.49433086148357	0.0632152729040789	0.106317016672786
COG6	0.0911414443141543	5.34367919153628	0.181787950528907	0.670354314412746	0.740679082320034
COPA	0.0871670316302979	8.1688605065869	0.475116405974371	0.491536742957113	0.579923251683125
COPB1	-0.206642670969279	7.29873738177399	1.96800618943052	0.162394578041348	0.233386130458595
COPB2	-0.0391929691428326	7.45385451196302	0.0980270632624037	0.754575298956881	0.811894280906167
COPE	0.274703184387233	7.50038357057531	1.47969877534174	0.225425837224093	0.307026670693213
COPZ1	0.230974667928111	7.73010057078101	3.34872066904924	0.068923333959043	0.114301600187623
COPZ2	-1.24121572502537	2.71142177271273	15.5592321745093	0.000114727847229562	0.000502188221037094
CRYAA	0	NA	NA	1	1
CRYAB	-2.62548036092586	4.00863261016818	60.7426926434073	5.15119487398896e-13	1.27450201320673e-11
CTBP1	0.275756468163718	7.21858809064905	2.74133200084302	0.0995381584169543	0.155373602449568
CTSA	-0.113047340100494	8.47192195610006	0.242481016922429	0.623024321111377	0.699620619965523
CUL1	0.159759273267857	6.41814859160461	1.95163273256041	0.164143285141971	0.235479181740984
CYTH1	-0.712124616150998	5.71344244807677	30.1947116574226	1.32994255897693e-07	1.2401540546218e-06
CYTH2	0.22779255210595	6.22763758139361	3.32389146717023	0.0699509499154992	0.115752111940219
CYTH3	-0.434946727836943	4.93301167931062	4.79151234065742	0.0298967120814679	0.0568823385979746
CYTH4	-0.866741881091441	3.27585696597937	7.59578515471242	0.00645715959518151	0.0156081879209053
DAD1	-0.0846634099882808	6.86385268817764	0.28225468731032	0.595886913202116	0.675556725676816
DDIT3	0.474721433086285	4.26304965918279	3.75026115359249	0.0543765637619829	0.0937317284644326
DDOST	0.324186767595333	8.51865624327716	3.98191503398671	0.0475104600428607	0.083767842921255
DERL1	0.0766422563581677	6.73721655960023	0.246460122647421	0.620188803926083	0.697188926426674
DERL2	-0.476686850384174	4.77798011540546	8.39973777243314	0.00422273800603414	0.0109218242865546
DERL3	-0.744198902710886	4.18264223923695	4.33407970630066	0.0387813866902532	0.0705917915612655
DNAJA1	0.613244555132753	7.76930550871275	11.2884991856729	0.000953434822756482	0.0030811040422025
DNAJA2	-0.212813217783112	6.52519402751777	2.63659524641941	0.106189677647264	0.164084439713352
DNAJB1	0.875307155230406	7.92577138131694	10.8229291786903	0.00120762269325829	0.00376207009681211
DNAJB11	0.214261479145327	6.41611392088838	1.87297726810826	0.172852438308123	0.245714754336565
DNAJB12	-0.0338331060945908	5.91063628518339	0.0674247571594456	0.795422803457348	0.844743482518368
DNAJB2	-0.0438264134052453	6.14632156343733	0.0655687654065644	0.798195942802568	0.846824245206293
DNAJB9	-0.463246153727887	5.12853363709244	4.54678095714794	0.0343462347371597	0.0638165307928833
DNAJC1	-0.355001538997616	5.0660368903371	5.88504516751316	0.0162641615921662	0.0339759614588902
DNAJC10	0.338897038110377	6.99533615953876	2.54425106165337	0.112463343818334	0.172138193186114
DNAJC3	-0.135316225805174	6.87563266606229	0.49094109918009	0.484419058040927	0.573259061577008
DNAJC5	0.38472623784184	7.44952978374248	3.77362108755804	0.053638433688337	0.0926640585309686
DNAJC5B	-0.628563860690638	-0.514574970067549	1.89580062906395	0.170271495326421	0.242709046252149
DNAJC5G	0	NA	NA	1	1
DNAJC6	-0.0937779781271212	2.77524513282193	0.0762071271889195	0.782823734334158	0.83430815132912
DNMBP	0.0419316057079803	6.34039110121008	0.071611846664354	0.789312826259038	0.839575750621489
DOCK5	-0.739917616663308	5.13997608669281	11.0569135356686	0.00107221134553494	0.00340392343258308
DOLK	0.402690338266681	4.61346148554464	7.05959366281926	0.00859819645654933	0.0198735803325574
DOLPP1	-0.417308849121551	5.04856803715864	5.89725143818075	0.0161554864883834	0.0337885099319858
DPAGT1	0.659933326624051	6.07048872903821	18.3299742349858	3.02621560148682e-05	0.000156607217433911
DPM1	0.608907842995746	5.95498310085499	7.05299963332535	0.00862867385211068	0.0199301841740743
DPM2	1.09657410364989	6.01363672497684	24.825303133974	1.4741116935544e-06	1.08051421671297e-05
DPM3	0.304772919325507	5.28493371393236	0.593763573840583	0.441984944720318	0.533612842755549
DPP6	-6.06058521466153	0.969593136106333	280.370097535773	1.85621909104428e-38	3.09023354277052e-35
EDEM1	-0.536716522278905	5.82691925151403	14.1929892366127	0.000223831339240197	0.000896761784615143
EDEM2	0.699028820571837	5.88034195382946	14.0757407886803	0.000237132834708451	0.000940546561045021
EDEM3	-0.603759530573074	6.08394260902568	6.52297922707786	0.0114835769499976	0.0253440462744446
EEA1	-0.203676944597579	5.21257393640007	0.572208520412085	0.450378683829566	0.541495257226381
EIF2AK1	0.574109802521951	8.04948450370089	17.4287342058397	4.65356187793023e-05	0.00022952547346568
EIF2AK2	0.141054771052156	6.28717358735021	0.520432767276871	0.471599893034	0.560950083224082
EIF2AK3	-0.75014851041988	4.62217625769317	23.6515199918653	2.52064730864353e-06	1.75043394303243e-05
EIF2AK4	-0.0979741369318535	5.65250090211192	0.550304961155777	0.459166921299396	0.549468869019001
EIF2S1	0.0330563812163221	6.39142367577321	0.0389377819994967	0.843796228569906	0.883158532203684
ERLEC1	-0.520437972760373	6.25224027935054	10.9368303703492	0.00113964927537831	0.00357753886923283
ERN1	0.0962529247797534	4.88709043833629	0.268056669989621	0.605278679733516	0.684179047713507
ERO1A	0.671390845146978	7.08479322142228	8.51483018650034	0.00397532631607955	0.0103699831573319
ERO1B	-1.16384903646724	2.45951546465238	15.8349386615041	0.000100346712112492	0.000448194973148478
ERP27	3.03908460291881	3.41433101050165	12.6253100492665	0.000486842623075931	0.00173926094183865
ERP29	-0.278189081259564	7.38014320081451	3.87068940839321	0.0506839363685319	0.0883854231141745
ERP44	-0.142555117359426	6.72362016877052	0.884916483550093	0.348128427709545	0.438797854672055
EVI5	-0.445721103260066	4.282409357584	6.6226273385434	0.0108803693657348	0.0242376970384594
EVI5L	-0.446526903456865	4.09292056542192	5.05855628543238	0.0257254120822691	0.050060660433158
EXOC1	-0.027979943214821	5.54199425929672	0.0322463114766924	0.857691575634201	0.894104530441964
EXOC2	0.0794912043968896	5.19891710626212	0.354677401904194	0.552230685881807	0.63643270653838
EXOC3	0.0848756936306058	6.27472289713907	0.313683770625478	0.576129808857011	0.657696621109819
EXOC5	-0.657271683088261	5.4532420852279	11.3848819313136	0.000908046183210328	0.00295526251624245
EXOC6	-0.328445902959817	4.58357519601984	4.58307283919174	0.0336445941435544	0.0627697907050246
EXOC6B	-0.70598567373594	4.26065230034787	21.9193778153643	5.60482102083508e-06	3.54697391110729e-05
EXOC7	-0.360359374954193	5.76815019368731	8.24036885435568	0.00459173157569983	0.0117148264107454
FAM71B	0	NA	NA	1	1
FBXO2	2.61547043458934	3.67653438863868	9.62514452191895	0.00223130215061562	0.00634697315242889
FBXO6	0.503557068685387	3.90574581510593	2.7597970668217	0.0984138089537419	0.15392644602235
FBXO8	-1.00405363407647	4.14119098768486	64.4051814144889	1.29958865997124e-13	3.54681180511496e-12
FUT8	0.539872781720334	5.36836531908107	5.14038826070505	0.0245731105047141	0.0481890777072186
GALNT1	-1.06428631222449	6.46224667796579	30.3711712526931	1.230430810468e-07	1.15992141181604e-06
GALNT10	-0.222353038994983	6.34926775411556	1.32542394927653	0.251158915422461	0.335649172424794
GALNT11	0.0655984788350829	5.33325323600431	0.213853603957552	0.644326153353591	0.71824447377671
GALNT12	-1.55693994325007	5.5668623646134	49.7888397272295	3.63566849602486e-11	6.61734064742951e-10
GALNT13	-1.90385363626528	-1.32398398027097	9.60788064250287	0.00225128234446257	0.00640103298481509
GALNT14	1.20713716114424	0.408687042928051	2.18677503136728	0.140960952005793	0.207833553373601
GALNT15	-1.98255300177209	1.61553146843501	25.5610219649666	1.05529424329036e-06	8.0270508204224e-06
GALNT16	-2.78980224219126	0.90332021362758	63.0864983368958	2.12838335206898e-13	5.61245924687081e-12
GALNT18	-0.0887724296450351	3.76421134604163	0.07328642352094	0.786922915602071	0.837593444594434
GALNT2	0.261709688186366	6.85802145922469	2.74053952728933	0.0995867279826916	0.155414302775847
GALNT3	-0.0621011060546424	6.75990782417738	0.0749085524431063	0.784635651879222	0.835739880517293
GALNT5	-0.902777737562717	5.54756081040829	11.8397659289878	0.00072181770612	0.00242698690685723
GALNT6	2.10352404924833	6.52494966504131	43.9259090720793	3.88872226215636e-10	6.01295184709403e-09
GALNT7	-1.03453352543571	6.44771369417739	21.2290174957196	7.72675524116044e-06	4.7130564700112e-05
GALNT8	-0.148305394935467	3.83495960006331	0.04648624757835	0.829540213363621	0.872038653256844
GALNT9	1.16909014485705	0.215427522342519	1.77683103914626	0.184235799116315	0.259426539527542
GALNTL5	0	NA	NA	1	1
GALNTL6	0.53462647043313	0.310523755949437	0.380724731310143	0.538000953636717	0.623402427198873
GANAB	0.269347542210516	8.95007545412785	3.59268478189661	0.0596486427153069	0.101205728080354
GBF1	-0.373294845775613	6.70343909302099	6.60666231935255	0.0109747580911687	0.0243957325131445
GBGT1	0.415744289002225	2.85868210503603	1.46997557417714	0.226949939454148	0.308681584316394
GGA1	0.0924486649343054	6.07792114682881	0.316593855070655	0.574367001859668	0.65625424462114
GGA2	0.0965497889132965	6.27413338811621	0.888312368147417	0.347207418656728	0.437835866217028
GGA3	0.384552691020169	5.65798376892395	6.47321951473988	0.0117976642926029	0.0259181202353198
GIT1	1.06897385802598	6.93961127617867	28.3466381826134	3.0174753350493e-07	2.5796779892794e-06
GIT2	-0.452392372535847	4.3577347990084	14.001129244527	0.000246013741458933	0.000971450846254345
GLT1D1	-1.10591305718903	-1.08074526612121	6.73616068599175	0.0102329259256051	0.0230213176769559
GLT6D1	0	NA	NA	1	1
GLT8D1	0.133205034687572	5.45254731177161	1.24210687490693	0.2665619916711	0.352256234111801
GLT8D2	-0.944848862157288	3.11846033014591	9.04640901726439	0.00301175955033354	0.00818296806559995
GMCL1	-0.456870878846479	5.15880386304039	7.91006728927011	0.00546589584387365	0.013572074277937
GOLGA4	-0.38011405694101	6.60076805726603	2.25851865088194	0.134646149374773	0.200070429738596
GOSR1	-0.20870035028577	5.69611353423965	3.00144014972351	0.0849157952908274	0.135895747244459
GOSR2	0.0748168629535387	4.45806076144992	0.42571104066865	0.514939396569394	0.601593759585071
GPAA1	0.704386663984624	7.53245113262029	4.69029149051843	0.0316585725199204	0.0596257540513954
GPLD1	-1.70742308770621	-0.333999886671745	42.7748622684315	6.2425547191413e-10	9.27359169817945e-09
GXYLT1	0.175267439371427	4.37804674527061	0.5890250812092	0.44380917826221	0.535375237890146
GXYLT2	-0.0558350427806435	2.29315610706282	0.017551109250432	0.894753213680598	0.922644980065774
HAS1	-1.43795156446895	-0.177985648107813	5.7445358415251	0.0175713934631617	0.0362968680256492
HAS2	-0.39525281452576	3.22252067540084	1.20230036074061	0.274337763018655	0.360680352643038
HAS3	0.925357313540529	3.78944365461921	4.28292819636769	0.039935806208729	0.0723660803021828
HERPUD1	-0.803926857976574	6.79660158979505	28.806070661887	2.45941094530401e-07	2.16026767942777e-06
HSP90AA1	0.529681877325404	10.3022791884616	5.51968919417953	0.0198958125296427	0.0403507049858066
HSP90AB1	1.04273697195917	10.7513455248723	35.0778552212206	1.58991968410793e-08	1.79491294536814e-07
HSP90B1	0.444733169478005	9.95541533713766	3.48154797997458	0.0636953940488521	0.106952755526354
HSPA1B	1.23920987230918	7.22509848687705	12.8319843279452	0.000439148291983619	0.00159534639910022
HSPA1L	-0.369361288322615	0.995879179432992	3.16085163529451	0.0771243564203357	0.125558995275352
HSPA2	-1.82829044146099	5.15939127062862	18.9813580697789	2.2212963408168e-05	0.000119625215059041
HSPA4L	0.172277001629523	3.49895731544297	0.118546056322318	0.731021602478511	0.791874005860122
HSPA5	0.305699815849088	9.46757967899409	2.72996993489752	0.10023702399281	0.156254468637489
HSPA6	2.41603369163867	2.91150752915218	9.00224108268071	0.00308178894356649	0.00834237761503981
HSPA8	0.545363629749221	10.6092434673882	8.07785000788578	0.00500227795479735	0.0125690481358432
HSPBP1	1.01006008203486	6.44788516326284	11.6620711555435	0.000789422088646906	0.00261972736181934
HSPH1	1.88656207649555	8.07217809986352	27.9675649106939	3.57357779613184e-07	3.01688251267763e-06
HYOU1	0.448286135658657	7.86450289547566	4.61701127699135	0.0330021198343017	0.0617784005798671
IFT27	-0.290214699840294	4.2558227869325	3.70829823171598	0.0557299309592523	0.0956683739543856
INPP5B	-0.317256768014949	3.96416441240011	6.35468370434353	0.0125822784881162	0.0273654938277605
INPP5E	1.03577544915087	4.34194575768665	21.8019751216213	5.91872811310631e-06	3.72204680031455e-05
IQSEC1	-0.108394882190158	5.6205121276276	0.450831206151717	0.502807479828892	0.590708900371053
IQSEC2	-0.369264229079327	4.49808068878735	4.3071912292468	0.0393837528663291	0.0715000338598473
IQSEC3	-0.980269336292208	0.390599927541827	5.688476757716	0.0181230671489127	0.0372555172281792
JUN	0.306497399428116	8.39160691401714	1.87617141601134	0.172488521676223	0.245239316972139
KDELR1	0.289402703531657	8.18446730060579	4.30911753248702	0.0393402714990462	0.0714372643887566
KDELR2	0.0218372511439079	8.62367464479352	0.0253908418988008	0.873576980947948	0.906326364450144
KDELR3	0.294069190632531	5.26305705870397	1.56397381706043	0.212719253331619	0.292469922332821
KIF20A	1.50565068679419	4.8211381299518	36.2959175095233	9.44251164343072e-09	1.11699858247159e-07
KIF23	1.02674163913214	4.87492454924869	19.4760361419832	1.75810981547145e-05	9.71756080266763e-05
LARGE1	-1.31100673723791	4.77228544376377	62.6578113024972	2.50013544714273e-13	6.53068853410547e-12
LARGE2	4.46848745515638	5.79546091972288	62.5778216026411	2.57646005294953e-13	6.7230261695147e-12
LMAN1	-0.330989313753392	6.63136312952409	2.48976837657754	0.116357051470788	0.177164093002166
LMAN1L	0	NA	NA	1	1
LMAN2	0.401661126666262	7.99715241091624	3.32766972490056	0.0697935164397403	0.115545193087589
MAN1A1	-1.25283583156585	6.01512604768782	27.6494157520526	4.11987352029181e-07	3.4339613334021e-06
MAN1A2	-0.481968225137729	5.45073075682919	6.69576038272262	0.010458617091337	0.023446681569698
MAN1B1	0.40205081797505	6.54874965141122	5.15239692833238	0.0244086182104932	0.0479314943184404
MAN1C1	-1.30818776989403	3.05528250549477	20.9483751117672	8.8077894263223e-06	5.30251006639634e-05
MAN2A2	0.360476581723311	5.83773867986327	3.95146028265202	0.0483577819962194	0.0849877213040743
MAP2K7	0.0317539443343186	5.45504179035999	0.073543720861129	0.786558314828102	0.837252098801678
MAP3K5	-0.247165998876163	4.98766233356154	1.63534693847265	0.202623221101779	0.280903074299318
MARCH6	-0.0176774107922288	6.95508987595721	0.017539841034783	0.894786806312386	0.922644980065774
MCF2L	0.470931694927648	5.8910257475972	4.2319019435826	0.0411237173016483	0.0741142886197814
MGAT1	-0.232983436859614	7.29050233456553	1.68147344256883	0.196400584052188	0.273582606401029
MGAT2	-0.380711906057404	2.33339222359807	2.36716130500271	0.125680905008977	0.18922028247543
MGAT3	-0.109705512635964	4.00838293513566	0.0626561628884812	0.802633505799373	0.850431619173418
MGAT4B	0.0614560803389828	8.54783496255854	0.0883926022505872	0.766575969366534	0.821726266613199
MGAT4C	-4.38370449131489	-2.40420023272885	130.590085996932	4.7005861876486e-23	4.95287081341607e-21
MGAT5	0.814142816483845	7.78046894225424	8.68673899681727	0.00363319091567559	0.00958563587387754
MICAL1	0.501863034616999	6.15499495264556	5.90722824833909	0.0160672221220946	0.0336292574665114
MICALCL	-1.45023963457968	1.90311198130211	38.6489876026049	3.48381035665234e-09	4.48210779115518e-08
MICALL2	0.680919481549476	5.85853594496026	5.29577318788542	0.0225313713485679	0.0448651148486116
MOGS	0.912928615283748	6.69715060373451	44.1936906002174	3.48461195469616e-10	5.44200936414461e-09
MON1A	0.815623742406144	4.46100457338838	10.6763308130155	0.00130125312723662	0.00400429982666087
MYO5B	-0.680446500606353	7.04311618745798	15.0774212641536	0.000145090418052859	0.000613893242903423
NAPA	-0.133962593396136	6.34361217808769	0.781408095570088	0.377898523278748	0.469730309771872
NAPB	-0.232858599402199	3.90317287417168	1.13967013233598	0.287162039025402	0.374602227369918
NAPG	-0.631867605923702	4.99616831892978	9.47627146523391	0.00240975376228861	0.00678619007526904
NCKIPSD	0.564319198076861	5.31922867298743	8.67038126455598	0.00366440207366888	0.00965981722618592
NDE1	0.650469672343341	5.37035347316697	15.1335935254991	0.000141165672010084	0.000599318116531081
NET1	-0.485805980034258	7.67822517433242	9.08695937206101	0.00294890374573079	0.00803228886762536
NGLY1	-0.221659271476335	5.14840604291233	2.78729701413017	0.0967651255992453	0.151718384910175
NPLOC4	0.338156817796418	7.0329161654107	5.76378402839458	0.0173860332419656	0.0359645478891953
NSF	-0.182133831714477	5.86017442231853	2.1429296890031	0.144984898527262	0.212799041143927
NSFL1C	0.0532164282746976	6.48568985364277	0.0731174793772955	0.787162690180568	0.837681185510489
OCRL	-0.0659865126696557	6.0313649834752	0.189620538044332	0.663758103381274	0.734919187622469
OPTN	-0.919894617540367	6.58474819631332	31.9478102419998	6.16274052026838e-08	6.15830157151429e-07
OS9	-0.363314542147697	8.00109114549877	7.43016226643418	0.00705236852572685	0.0168045559946995
OSGIN2	0.0880450612977662	4.75097700022133	0.177217103222567	0.674281640758098	0.743997929171581
P4HB	0.210831919737365	9.87440055164428	2.0572586825418	0.153230005827497	0.222546219932782
PAK1	-0.116428679858908	6.81617135810192	0.946561892464938	0.331911017515746	0.42183831463794
PARK2	-1.62395487896693	1.19996470948453	31.8563488902143	6.41387684998053e-08	6.39135405816894e-07
PDIA2	2.43655488600635	1.11588041257819	12.5239796823975	0.000512124728609596	0.00181762062575879
PDIA3	0.0490028471664001	9.0246273421935	0.0702556659849828	0.791270375141015	0.841299604377801
PDIA4	0.756941983323943	8.73627869766864	16.6847964150133	6.65318751870122e-05	0.000312828843376025
PDIA5	0.23128624026814	5.51135834424291	2.48242079768005	0.116893540063057	0.177872492989742
PDIA6	0.3100975448261	8.10282845380131	3.17392102358007	0.0765209240409266	0.124779973563407
PDILT	0	NA	NA	1	1
PGAP1	0.00298091321755172	4.57402179625409	6.44342671452078e-05	0.993604326628399	0.995717614854705
PICK1	0.288164330179689	4.96280451602449	2.42408154673459	0.121252408832354	0.183654706942533
PIGA	0.220460892447401	3.88442637532202	1.00876501994827	0.316556877318276	0.405908002074044
PIGB	-0.537433047272838	2.97848730764564	10.4794807142896	0.00143878228989838	0.00435770422599664
PIGC	0.0278659859301459	5.33601210820316	0.027782416441411	0.867809826177522	0.901889425785373
PIGF	-0.0952486478941755	3.86384626471288	0.292531117396877	0.589276591752834	0.669621848847145
PIGG	-0.031048604854622	5.5077179318908	0.0560277294087826	0.813159257212806	0.858758900918472
PIGH	0.00586269824803915	3.79727761617203	0.00132050213141034	0.97105283974405	0.979564997539422
PIGK	-0.628117879754152	4.8354838400271	13.8690535709921	0.000262573815954656	0.00102613354178711
PIGL	0.720289171887729	3.40052038360159	14.9521215658783	0.00015425006071443	0.000648364335324147
PIGM	0.277488734510222	4.42483735029896	2.81493680659256	0.0951385862458379	0.149533042567608
PIGN	-1.02867991950907	4.73539459961352	36.1007937146454	1.02621413093733e-08	1.20312766562287e-07
PIGO	0.330090260061679	5.96802759317331	3.0365065264274	0.0831311535561793	0.133491210712845
PIGP	-0.194521272697592	4.01673551992487	0.945135260562766	0.332274690177885	0.422181925466681
PIGQ	0.738512254613486	5.78146442247955	8.48885899980195	0.00402982252479732	0.0104924124793284
PIGS	-0.64495340463573	6.14067460713572	14.6952143915406	0.000174914849925081	0.000722815428153088
PIGT	0.448376891413178	8.2997873732272	5.16025367017552	0.0243016226361174	0.0477589931959228
PIGU	1.06002078658056	6.11268777340827	23.385944234433	2.84752984016747e-06	1.9513862560006e-05
PIGV	-0.0642838812398834	4.34119479496711	0.153116717327882	0.696040676769621	0.762548380288276
PIGX	0.286611009891504	4.82054705427373	2.37845333391263	0.124788170140738	0.188063378681624
PIGZ	-1.12084736994964	5.32541349795244	16.8910510206227	6.02418307745787e-05	0.00028676305720602
PIK3C3	-0.861596095119062	4.46733756683208	29.7869425748515	1.59225936373351e-07	1.46129734770868e-06
PIK3CA	-0.612691254572567	4.27294220343997	11.0312904091293	0.00108625048943227	0.00344018354116712
PLAA	0.285879803110868	5.63283385980562	2.88758561818857	0.0910046086570038	0.144079571887574
PLIN3	-0.331571021703215	6.70351870157352	3.37428989245799	0.0678820945283506	0.112837094093189
POMT1	-0.0126408214193857	5.05276151400627	0.00554031859776835	0.940748850926614	0.957348722659416
POMT2	0.237797780610792	4.20616793107958	1.90525199394042	0.169215774403723	0.241447419468872
PPIA	0.721228006532699	9.11984526592196	17.0441242949269	5.59671183491259e-05	0.000268461559626272
PRKCSH	0.376969165922086	8.72883566903943	5.69347300592523	0.0180731746438	0.0371734879503314
PSD	-4.07861442545888	3.5647854277835	173.636968571893	3.82599163624867e-28	8.84654288337055e-26
PSD2	0.11228542240605	-1.61399054262656	0.0489614701469608	0.825132970171952	0.868612281052777
PSD3	-1.06060249801258	4.55255215765785	18.4017372366328	2.92464451389823e-05	0.000151964674991816
PSD4	0.132277942594297	6.43608363282706	0.603746530230401	0.438179408729446	0.529889404106137
QSOX2	1.29951517541084	5.21268884102505	49.4578650993987	4.14873589423278e-11	7.46413780625224e-10
RAB10	-0.286603471437225	7.68597499869681	4.99154338903713	0.0267111987049891	0.051691882676766
RAB11A	-0.548897848202717	7.4566222909916	15.2660845715071	0.000132330780470855	0.000566680220397811
RAB11B	0.132200111382695	7.02329147734288	0.356255893754954	0.551348414179544	0.635713020541674
RAB11FIP1	-0.398033335163389	7.11112017475054	2.54824486617335	0.112183665847248	0.171741693448841
RAB11FIP2	-0.615918808377383	3.93419831809898	7.01907867317737	0.00878722941951881	0.0202337199690386
RAB11FIP3	0.57847612059168	5.88813397745856	7.74031505536588	0.00598012573924897	0.0146421904069541
RAB11FIP4	0.251395309963556	6.23159875464647	1.94439812729704	0.16492284653496	0.23646169395826
RAB11FIP5	0.202062364124387	5.18574443910023	1.52115627219968	0.219064366802632	0.299784928090493
RAB12	-1.22690196455811	4.08104636332186	42.885680578483	5.96377061555778e-10	8.89649222292167e-09
RAB13	-0.1651519222549	6.09428819448088	0.907970035045802	0.341940636887852	0.432526673303791
RAB14	-0.550605193296345	6.90519046024898	19.3174803884429	1.89478099064855e-05	0.000103855291699902
RAB15	1.12359116064154	6.70613165564498	24.9743043097073	1.37745931296091e-06	1.01528671674321e-05
RAB17	0.337616768283331	4.9991955874275	2.55785983295287	0.111513510353816	0.170862399101454
RAB18	-0.934339824713616	5.94019367944567	44.6123472767203	2.93615855940653e-10	4.61723876231108e-09
RAB19	0.234362418748283	1.23633195796012	0.522133683168411	0.470877479673774	0.560434317945153
RAB1A	-0.363891298292854	7.60585713742324	8.23137033235539	0.00461352999999187	0.011752429986718
RAB1B	-0.573333656596517	7.46589727920787	16.7751450248922	6.36982612481116e-05	0.000300694325120575
RAB20	0.427069273804973	5.66107412214811	4.6201755705499	0.0329428805636819	0.0616817585241258
RAB21	-0.323337879391741	5.89803664976227	3.13455056499464	0.0783544239543546	0.127188421411086
RAB22A	0.470759275484089	6.40291160598557	7.23428390261012	0.0078300158269716	0.0183649060985381
RAB23	-1.73913836085377	4.00217699542369	56.5880884960646	2.5247978540226e-12	5.61936292430056e-11
RAB24	0.645572622582815	3.05855196272711	7.91313039503214	0.00545704701221835	0.0135514496806997
RAB25	0.464500894313453	7.51390915737336	5.40995831667014	0.0211446065538546	0.0424759692637666
RAB26	0.132530979566788	2.23094568663514	0.0501389451295176	0.823077453521682	0.866886974666531
RAB27A	-1.91676118292859	4.86039418756071	85.204651428672	7.70483773386468e-17	3.46052532176383e-15
RAB27B	-1.24110394266487	3.19152411021147	8.97480589724608	0.0031261274047884	0.00844135527166694
RAB28	-0.489883010897135	3.78565232246269	11.8088505173756	0.000733140129996997	0.00245876649560637
RAB29	0.107232014457196	4.55547607155372	0.206926292278691	0.649739396691273	0.722826756990888
RAB2A	-0.182496196927741	7.49656809292097	1.32389002973921	0.251432357287849	0.335888772598949
RAB2B	-0.378368160391425	3.87909035354738	5.86804428039078	0.0164167936313656	0.0342518314447709
RAB30	-1.37075700403395	3.67269130544716	29.1235110507496	2.13602442614088e-07	1.90231105455029e-06
RAB31	-0.109288483897813	5.7794083082189	0.0768231692971433	0.781969974564354	0.83356149507926
RAB32	-0.457439415352435	5.48591864679564	3.45213979022318	0.064814914308356	0.108444273213507
RAB33A	-0.671788977354233	-0.351011981162613	4.00225599344555	0.0469533385573018	0.0829221195511274
RAB33B	-0.540109302492448	3.42789799337541	10.6127058792867	0.00134416895025955	0.004120622026256
RAB34	-0.960152815533488	4.18251229460392	9.565428500024	0.00230119738799491	0.00652099804599908
RAB35	-0.0775541111941873	6.01123849104417	0.431536174852923	0.512081209778998	0.598955127428625
RAB36	1.44218023878157	3.84930443856169	19.9154956491928	1.42930166056491e-05	8.14339974164427e-05
RAB37	-1.57435329181546	2.52248620834925	29.2992126629839	1.97591010637914e-07	1.76981446113701e-06
RAB38	-0.772502353462042	0.488530372649785	5.85359061897716	0.0165477294534814	0.0344953845753535
RAB39A	-0.153566580694153	-0.979810257058534	0.0858738545808602	0.769829728031266	0.824079712985641
RAB39B	-1.66834429689016	-0.786892925488583	22.2454311606457	4.81871787756192e-06	3.1085771851841e-05
RAB3A	-0.904698219091249	1.47019758840506	10.3070784598522	0.0015714184243021	0.00470577537974242
RAB3B	-1.9052286763546	2.43432614093894	20.748396385346	9.67069625186833e-06	5.76226740161431e-05
RAB3C	-2.74664618616816	-0.166230233734571	49.8795527804007	3.50660338580844e-11	6.41741746579823e-10
RAB3D	0.55513229142629	5.28569397215874	6.42917077777078	0.0120831339573201	0.0264405907099716
RAB3IL1	-0.137966450617847	3.28827992051104	0.161937954195039	0.687859447185121	0.755674018525663
RAB3IP	0.214391807246965	5.06715268900751	1.38033068294023	0.241607883736202	0.325112192728766
RAB40A	1.03094238909809	-0.865979037946655	6.0813589344197	0.0146049051510867	0.0310632562331093
RAB40B	-0.124754562070989	5.13202486156307	0.410175417116848	0.522700816265143	0.608980348221198
RAB40C	0.611306763209733	5.87534142800301	8.30077533143482	0.00444811627633992	0.0114020077656293
RAB41	-0.388779334359551	-1.07872366289985	1.62392600247538	0.204199823977385	0.282555438818821
RAB42	-0.865317115189479	0.979513671889929	8.38950163763734	0.00424549529113858	0.0109693231671301
RAB43	0.0919231868611856	1.69743505189821	0.16782833779384	0.682539715886303	0.751217849403357
RAB44	-0.91671014371287	-1.66976998057558	4.48226118119904	0.035632004651386	0.0657845941264536
RAB4A	-0.411084227061699	5.68469093687088	9.35640409514171	0.00256403196148127	0.00714529696932377
RAB4B	-0.417289495089908	3.71472511575482	4.77109880091171	0.0302435414972671	0.0574110010087233
RAB5A	-0.275910151392059	5.92874249002854	2.71781696946368	0.100990523279548	0.157178893570389
RAB5B	-0.755889272130164	7.45541682621823	41.9880349016998	8.64085952940098e-10	1.25089590822146e-08
RAB5C	-0.198586407172068	6.86171918395916	1.80332564723971	0.181014042443973	0.255599811586706
RAB6A	-0.390275544565216	7.22691044906023	5.21796429113789	0.0235306002455251	0.0465356893427777
RAB6B	-1.54859574799152	2.25048100499248	28.6749655075798	2.60705723453875e-07	2.27157827148994e-06
RAB6C	0	NA	NA	1	1
RAB7A	-0.111024247400515	8.25212012440979	1.05227516814166	0.306370168759315	0.394893974102282
RAB8A	-0.52871153907561	5.72782403014731	34.0414306026313	2.48365290240386e-08	2.7095578977208e-07
RAB8B	-1.06754078025163	4.20770565389302	24.6558576011316	1.59241586920464e-06	1.16104552075265e-05
RAB9A	-0.55954957567269	4.77498189844234	9.60028915330991	0.00226012622946303	0.00642384158913622
RAB9B	-3.1798440922068	0.64871256102947	128.748150148957	8.04791082664033e-23	8.10372698237348e-21
RABEP1	-0.725921846470751	5.17414422195179	22.1782600952555	4.97096264939052e-06	3.19678510065757e-05
RABGAP1	-0.771131231046302	5.94437558667756	24.2227635908987	1.9404853577159e-06	1.39166571949688e-05
RABGAP1L	-0.394928902451628	5.45617297080188	4.19699022743569	0.041958012550839	0.075412083591446
RABGEF1	-0.737552639770096	2.07013248151635	24.5484714296489	1.67233077080848e-06	1.21434847364436e-05
RAD23A	0.470240058226103	6.97587224902551	12.3217434757881	0.000566662138614143	0.00197773402172919
RAD23B	0.165033637441543	7.69728493912243	2.02550318047485	0.156421086595557	0.226364590546144
RALBP1	-0.709429538735414	6.17977743761896	19.4451614067852	1.78391512516713e-05	9.84049668780064e-05
RASEF	-0.401456122258496	5.769701097253	2.66171449352763	0.104550855814726	0.161832515428336
RBSN	-0.525691177076081	4.80292845335802	21.6540326409969	6.339835284685e-06	3.9549929235362e-05
RBX1	-0.247816731888824	5.68412540370483	2.07935814038452	0.151053121779204	0.220050085000017
REPIN1	0.870118263159069	8.22764172637101	14.0774581906774	0.000236932303524355	0.000940049806738193
RER1	-0.360459568377193	6.8398842124647	6.59569351628275	0.0110400993463803	0.0245191534042876
RFT1	0.719383962236502	5.02676930194798	22.5314538685068	4.22158725845518e-06	2.76551618620521e-05
RFWD2	-0.132689502052313	6.0185000989244	1.26445515449684	0.262317571443052	0.34762228794714
RNF185	-0.864888003736893	4.88677767072923	69.4369264751791	2.02953668084909e-14	6.24157512243391e-13
RNF5	-0.593184373798758	5.8363863333028	15.6224617259012	0.000111254498717341	0.000489472752284962
ROCK1	-0.931494370856427	5.30789656872969	19.6118026685713	1.64905608933514e-05	9.19406757376136e-05
RPN1	0.419597663637567	8.78163782963325	9.41605014652854	0.00248603628732222	0.00696945643934493
RPN2	1.0515730376034	9.33630463153863	34.6354961049333	1.92274842166814e-08	2.14543671071925e-07
RRBP1	0.324743410362525	9.28126381159866	1.50177457436441	0.222011109414072	0.303202702996347
RUFY1	-0.104638890281903	5.67915118866688	0.686657920088023	0.408408823812112	0.500676737763184
SAR1A	-0.154359531248642	6.5565905213826	1.18486748798547	0.277833062081715	0.364508102674403
SAR1B	-0.739394402875432	5.69443229374943	22.8489810990695	3.64601287157589e-06	2.42665867348063e-05
SEC11A	-0.531639391518204	6.59503524075554	14.0611509430656	0.000238843393153517	0.000946761180930005
SEC11C	-0.885638563876756	5.34690930075848	19.909716080447	1.43319304490103e-05	8.16370819280762e-05
SEC13	0.298941711878153	7.20336277679488	3.29272944612026	0.0712641416160886	0.117547990286123
SEC16A	0.0865486104184393	7.3342349794455	0.240261047453498	0.624618868858308	0.701127450583434
SEC16B	1.52211649797365	-0.713388828608717	12.4282623339462	0.000537236187469086	0.00189195629297391
SEC23A	-0.902176572394983	6.26992669864186	29.5422548979387	1.77425317393113e-07	1.60764333306996e-06
SEC23B	0.579357142482541	6.88869178883868	6.49214684788072	0.011677156964794	0.0257031259343178
SEC24A	-0.516032848154036	5.28493235642958	7.68006291781072	0.00617441772860135	0.0150470927606746
SEC24B	-0.323810331465797	5.50236055600416	8.03087291823621	0.00512785139352731	0.0128451777899047
SEC24C	-0.0800292944892863	5.78151565910183	0.188779152070739	0.664458824883013	0.735531972825862
SEC24D	-0.396961270750147	5.94807602979433	4.07253017606339	0.0450814442667542	0.0802233183374464
SEC31A	-0.336772024466371	7.24056844495507	7.87491900838885	0.00556849769000166	0.0137790568538981
SEC31B	0.654000811825707	2.53174914411114	4.13476649562373	0.0434898175832591	0.0777829953189715
SEC61A1	0.459301134659455	8.72459720213166	11.9897694347941	0.00066936193997427	0.00227542967125476
SEC61A2	0.411783035438591	2.61929210083046	5.94457190346437	0.0157412737475837	0.0330662086158025
SEC61B	0.173239465439833	6.4009970453559	1.26891991088937	0.261479762958395	0.346806492489751
SEC61G	0.35321439723316	5.91490246689262	2.89193574697073	0.0907633924518538	0.143761476361011
SEC62	-0.722804778773103	6.80060801884006	17.2410282274999	5.09179614709224e-05	0.000247763704959445
SEC63	0.0174914026463738	6.633386747199	0.00768681856195622	0.93023354979982	0.949550041105343
SEL1L	-0.981298626726893	6.68915624060871	30.4711973068247	1.17740692740794e-07	1.11371991633451e-06
SELENOS	-0.820773038819082	6.33342774922202	32.5411931246571	4.75824290111621e-08	4.86580023450753e-07
SGSM1	-1.81658483573513	1.80723633584766	31.5036235570965	7.48346180719004e-08	7.35157388863688e-07
SGSM3	-0.349375171632314	6.15979555262734	3.1666397832085	0.0768564749612014	0.125220845092394
SIL1	0.325464041573468	5.88192165727949	2.49617218432524	0.115891707712402	0.176530909173729
SKP1	-0.658431798971041	7.68961510033609	16.8152708944055	6.24794235365322e-05	0.000295835450237824
SMCHD1	-1.37074628089577	5.26863430055992	39.062532979831	2.9275124446914e-09	3.83355221650937e-08
SNAP23	-0.735734771968493	5.71224473756195	21.9967942565804	5.4071188473866e-06	3.44016743584556e-05
SNAP25	-3.16022657331966	0.0236241774913216	47.6714620344766	8.49031973380116e-11	1.46422834525195e-09
SNAP29	-0.63460150713106	5.21888020090692	36.5216125775893	8.57669356275996e-09	1.02183774641814e-07
SNAP47	0.290102657381416	4.77287912641268	4.49212296531267	0.0354322316274224	0.0654835470840729
SPCS1	-0.127177241148354	6.78653175203751	0.755353133252852	0.385952415104641	0.477862249491452
SPCS2	-0.191122851929264	5.40661850402909	1.43002333116554	0.233344925766387	0.315899896250581
SPCS3	-0.417107257481756	7.07887090417445	7.25133236337961	0.00775894553891098	0.0182273177796505
SRP14	-0.592269273700102	7.41952543720818	17.8488791875026	3.8063044326742e-05	0.000192138739221225
SRP19	-0.176775737646227	3.97339434186949	0.712062416311083	0.399888109136436	0.492188173954117
SRP54	-0.111114778790408	5.7311270379167	0.592422412160396	0.442500087516684	0.534105668977072
SRP68	0.0892690303135494	6.61872842618328	0.656502426008082	0.418875069024313	0.511098808935559
SRP72	0.029610426827292	6.84186039150129	0.0364826026459732	0.84873912818271	0.887387452292717
SRP9	-0.313871785915566	7.14811632014913	2.58331081327669	0.10976093260727	0.168673846711922
SRPRA	0.245463138592289	7.52327372093228	3.8357086878421	0.0517281247790669	0.0898924656912219
SRPRB	0.630205189708847	6.67605383286981	14.2732322203141	0.000215168147999931	0.00086720125756202
SSR1	0.156251641261267	7.59416686837138	0.993916443172602	0.32013501959528	0.409529935055298
SSR2	0.0406149822633943	8.06125592833689	0.0641771700008253	0.800302760272755	0.84856679268483
SSR3	-0.119168157486183	7.41098960225344	0.596738917158021	0.44084541538373	0.532490379361603
SSR4	0.3063462473243	8.32555072256027	1.29824688920327	0.256058625961988	0.340738357003239
STT3A	0.49557569297075	7.65949525278683	12.423713301437	0.000538460422613915	0.00189466446012607
STT3B	0.636298690367191	8.24185832778156	10.8137271519196	0.00121329203971246	0.00377690461427319
STUB1	0.259835635483125	5.64732927382461	1.36259860517984	0.244642771865133	0.32855863714188
STX10	0.686807609753396	5.76263335963803	12.5887592338806	0.000495811994648913	0.00176826865615148
STX11	-1.23933063603956	1.34823277257983	14.3610706377932	0.000206075530516837	0.000836223293478463
STX12	-1.21594661711057	5.55523525448489	63.8091216854093	1.62365740112201e-13	4.36917808413997e-12
STX16	1.07267560125287	6.52684460838599	24.4732721353043	1.73070269269452e-06	1.25272775773819e-05
STX17	-0.416468629674378	3.97116526246538	6.78983967031508	0.00994082863767427	0.022473508305269
STX18	-0.0476483827688338	5.27231762517116	0.131104914979055	0.717716962366542	0.780339079772609
STX19	-0.975593330705116	3.04955771700999	8.18671467884561	0.00472329141573871	0.0119965452841565
STX1A	1.74962241866148	3.84150423067991	17.0609456890557	5.55165650303238e-05	0.000266761528177265
STX1B	-0.391034944822115	0.377119375770692	1.26726105900888	0.261790655054569	0.347108221196915
STX2	-0.389744378486195	3.85688796424821	2.9649666660312	0.0868164726558364	0.138517844697965
STX3	-0.322215895740525	6.67626562010279	2.45140930343037	0.119188424983252	0.180846600357381
STX4	0.313027373761158	5.76061798958054	3.93357237130897	0.0488629543293823	0.0857066583910469
STX5	-0.145779284026879	5.50465907458842	1.04752160739113	0.307462013948239	0.39609685371004
STX6	0.509171753296298	5.47532905997628	12.3021169396325	0.000572260839606686	0.00199448676715397
STX7	-0.662845481589946	5.96299666753035	19.9298741817183	1.41966705562259e-05	8.09219943232304e-05
STX8	-0.783615705769948	4.35591827177916	18.1493533311023	3.29801501732587e-05	0.000168870270684154
SURF4	0.242818684361366	8.56010237506375	2.77430030353613	0.0975404920669651	0.152742281801985
SVIP	-0.237283335524626	5.07487860657898	1.12468570384567	0.290342905120392	0.378099865804466
SYTL2	-1.46903909492861	6.038122089455	36.2776254321149	9.51644838624533e-09	1.12467936157747e-07
SYVN1	0.260161504520508	6.54942103721817	2.93535650654816	0.088393661454579	0.14056078157436
TBC1D1	-1.66715766844335	5.8686380296289	118.936511543401	1.49337535158919e-21	1.26415489084357e-19
TBC1D10A	-0.694670135611596	3.9523418061033	17.5786441745566	4.33122429630064e-05	0.000215585674959576
TBC1D10B	0.529744847724486	6.5846765231014	10.9765373114537	0.00111688325419692	0.00352067768540842
TBC1D10C	-0.565959051938945	2.56673562829735	2.7747849386032	0.0975114571188986	0.152715967837763
TBC1D12	-0.615387678949633	4.04030900604312	19.7241351258247	1.56403145555409e-05	8.77882524344725e-05
TBC1D13	-0.102218408057387	5.19151965563543	0.646488902901519	0.422439049349146	0.514642791508775
TBC1D14	-0.355142449734105	5.10290551442716	3.96152946917247	0.0480758673018092	0.0846352173606471
TBC1D15	-0.35009667217854	5.35674182635987	5.5216463972647	0.0198742508706133	0.040316798760435
TBC1D16	1.13944996859542	6.56449999596722	23.9112070970341	2.23778008033085e-06	1.57103863272483e-05
TBC1D17	-0.0657245545654686	5.42011040030162	0.180026708646923	0.671860614627839	0.74208073194243
TBC1D19	-0.466309762506971	1.87801924738581	5.35896620186088	0.0217525347740776	0.0434946191351002
TBC1D2	0.508798728030009	5.53360620628899	2.53169211180809	0.113347878959296	0.173279659220786
TBC1D20	-0.185915262586607	5.65792312182668	1.30568526356324	0.254705893001331	0.339390403928779
TBC1D21	0	NA	NA	1	1
TBC1D22A	-0.164806944334552	5.49613533947989	1.27295580123222	0.260725301094696	0.34600798315017
TBC1D22B	-0.373287654031224	4.29741804426572	12.7631813502635	0.00045447269354222	0.00164265336562981
TBC1D23	-0.517329977915466	5.26386010086392	10.398275479902	0.00149976772066093	0.00452494412930666
TBC1D24	1.07748536851635	4.124002159449	41.7539868793869	9.52059953411927e-10	1.36715590319739e-08
TBC1D2B	-0.212368893969346	5.67206933069707	1.6217848139361	0.204497022362666	0.282903974430253
TBC1D30	1.14232104765931	4.06160894639091	21.2345506885295	7.70685160421361e-06	4.70321354497611e-05
TBC1D4	1.03270563129354	6.13979158728846	13.6804324582066	0.000288214092152541	0.00111034901407486
TBC1D5	0.173321005694702	5.99182512493259	0.878233389666258	0.349950738338641	0.440738845964925
TBC1D7	0.488679799753362	4.37588159420898	6.11897822122931	0.0143075784859709	0.0304932021807344
TBC1D8	0.306865167187535	4.28585355334542	2.38694061882274	0.12412184782515	0.187172148785607
TBC1D9	-1.25319607655978	3.97094518886736	22.3255499023201	4.64329657445356e-06	3.00550549655921e-05
TBC1D9B	0.193083764671844	7.4637762693391	1.52516083653676	0.21846139854817	0.299041717072022
TMED10	-0.340635506629289	8.29807364548383	5.92827139338883	0.0158826958415449	0.0333156388538479
TMED2	0.0129265221093063	8.48013938943717	0.00496028324651416	0.943930738690388	0.959565490758773
TMED5	-0.390777084222656	6.30835648051822	3.59954828616015	0.0594079450407721	0.100825018795206
TMED7	-0.707318671013813	6.50503981634222	11.0291886609921	0.00108741036021962	0.00344241163920216
TMED8	-0.535022006873681	4.45110235277857	9.70974519762616	0.00213598492252115	0.00611624991230341
TMX1	-0.47103929251576	5.82271741312436	7.11059301491226	0.00836620432372908	0.0194112345787904
TMX2	-0.229022981139601	6.7323216776255	2.40356646135272	0.122828085924787	0.18565843240202
TMX3	-0.495349542302985	4.78628402168001	4.80629668907055	0.0296481367632012	0.0564904892948375
TMX4	-0.891058960016319	5.87723863931232	19.823787652734	1.49233381759811e-05	8.44089696332047e-05
TOR1A	-0.00254125275429454	5.63426772962879	0.000447506516427085	0.983146130398832	0.988017106383067
TRAM1	-0.0587374925918442	7.8010098936198	0.0805251024440075	0.776915556973078	0.829645148111697
TRAPPC1	-0.0769132401570642	6.1433327645296	0.160263457785894	0.689392217852737	0.756858457057001
TRAPPC2	0.423460129954668	4.32988330130968	2.73864165493547	0.0997031519422261	0.155553361883123
TRAPPC3	-0.239237181667202	5.71065275015808	3.52011637140601	0.0622585757582111	0.104999064890528
TRAPPC4	-0.0154024015758542	5.51440586635993	0.00968352394006808	0.921721072882859	0.942864928397131
TRAPPC5	2.331650973795	2.0103336070013	10.3144369961911	0.00156550929434427	0.00468864213220977
TRAPPC6A	0.509132558775013	5.17863663263274	3.93895954145695	0.0487102264370527	0.0854687868596177
TRAPPC6B	-0.596839724280772	4.36141457564465	13.0032730752986	0.000403244469124408	0.00148063827127992
TRAPPC9	0.486920794760156	5.97131336548267	6.32554418165712	0.012783322831296	0.0277394106485161
TUSC3	-2.14522796399378	3.10094053001438	69.0142871418834	2.36846830727799e-14	7.22165941017655e-13
TXNDC12	0.254803589214478	6.74635683151531	3.25939676823244	0.0726983596674176	0.119538178269833
TXNDC5	-0.217047119836759	3.8715648311906	0.724331127439482	0.395865818416388	0.48798307915362
UBA1	0.447993906837766	9.02937703018664	6.41629603574563	0.0121679178669619	0.0265981481944828
UBA5	-0.0410993321260607	5.03197720162172	0.0642394331183527	0.800207979629489	0.848526270373996
UBA7	-0.38197155094771	5.65709105806679	3.00226435586878	0.084873372749913	0.135853975021526
UBE2D1	-0.266970069698921	4.81854100140466	2.89298866386291	0.090705113079072	0.143696509789417
UBE2D2	-0.206550121041546	6.72289349036105	2.98161380673887	0.0859432735246269	0.137241042745682
UBE2D3	-0.655085351261188	7.87432426511498	25.8447152216184	9.28063485807205e-07	7.13754276796351e-06
UBE2D4	-0.045167623987661	4.14504571103186	0.0933106181618417	0.76036534984691	0.816512159038924
UBE2E1	-0.350380529008855	6.12140498727993	5.61479290316101	0.0188757816870417	0.0385417841609817
UBE2E2	-0.977996627797909	2.92224015301347	7.84771799350818	0.00564926076438732	0.0139441869930098
UBE2E3	-0.127521298901215	5.53951023354055	0.674096741116557	0.412720824095532	0.505020796712741
UBE2G1	-0.779455501027169	5.51150533762137	35.6592900725627	1.23929320374527e-08	1.4281324358065e-07
UBE2G2	-0.208980262197561	6.28317470521873	1.87164939749829	0.173003987350387	0.245874934216924
UBE2J1	-0.739480166184155	6.66411119016153	31.6373483315567	7.05818163151901e-08	6.96117344795785e-07
UBE2J2	0.0319786181913614	5.76534150924302	0.0334401301686983	0.855110116228648	0.892025196351573
UBE4B	-0.221655463048598	5.99500290332915	1.92853379085387	0.166647278506775	0.238495950419577
UBQLN1	0.109085628315968	7.30623913895858	0.806231252278669	0.370444937250469	0.461913964798457
UBQLN2	0.03653742392821	5.86886644035291	0.0700172297582206	0.791616626025628	0.841560254794039
UBQLN3	0	NA	NA	1	1
UBQLN4	0.673213509283514	6.06494937412589	22.604495277209	4.0815087212539e-06	2.6857295332583e-05
UBQLNL	-0.460079332685568	-2.19938447263311	1.26551121988914	0.262119099401627	0.347429139096825
UBXN2A	-0.30790912326942	4.49811498709399	4.122877592782	0.0437891889430171	0.0782415302150131
UBXN6	-0.0148874527547758	6.80276912145977	0.0089646765073639	0.924673512488331	0.945149480326577
UFD1L	0.155114635711768	6.00634487614892	0.995089141285871	0.319850491045634	0.409290620670847
UGCG	-0.854205224073174	5.35828905733417	25.4772663856059	1.09613750767751e-06	8.30231902994324e-06
UGGT1	0.360423764996424	6.90552616317636	5.09639299304598	0.0251857389651539	0.0491972992363754
UGGT2	0.799682295162789	4.77555477441041	12.2515703365062	0.000586941115512785	0.00203882230304427
USE1	0.284274965272589	4.4915044933313	2.61301891881774	0.107753706967814	0.166059341545313
USO1	-0.331912268366001	6.47746075331579	3.46197270492474	0.0644382536775585	0.107946070358623
USP6	0.120069297230303	-1.24392952705446	0.110525176961508	0.739936656313432	0.799450446997751
USP6NL	0.590070019071025	5.57000009659211	13.7046958240797	0.00028477785212881	0.00109931558561766
VAMP1	-0.657895677226135	2.74754820335387	10.1023888000528	0.0017452710741297	0.00514918298383793
VAMP2	-1.42871881822347	5.18866220706601	108.962965635343	3.22162781564878e-20	2.25996171274419e-18
VAMP3	-0.409925485015778	6.79943526795818	9.19608304493081	0.00278635276077084	0.00765718071332335
VAMP4	-0.654400142370614	3.96288597272784	11.5784578566944	0.000823436429668388	0.00271636123139749
VAMP5	-0.524738904697597	3.97142252239126	2.96642832832598	0.0867394170385078	0.138415024748266
VAMP7	-0.163676849163261	5.64906902362827	0.951328588312412	0.330699765893883	0.420694577376568
VAMP8	-0.746036092138736	6.97316225072374	15.4859929532151	0.000118889226087412	0.000517952155243345
VCP	0.40433974352104	8.75144575413591	7.71862011460398	0.00604934795520644	0.0147870318262936
VPS45	-0.414547790187037	4.79329091625264	10.7839042699461	0.0012318535347088	0.00382562448311754
VTI1A	-0.160704097226973	4.60896325949704	1.31257463555673	0.253460894019346	0.338200664998723
VTI1B	-0.772387885079264	6.00944273871301	38.8798280731228	3.16125423634952e-09	4.10092679429196e-08
WAS	-1.04539297825282	2.84493278727115	13.8563992834269	0.000264218902552335	0.00103191655216405
WDR38	0	NA	NA	1	1
WFS1	0.941723572840027	6.68152150429172	5.50415820001645	0.0200677788805192	0.040649949237859
YKT6	0.208527706791123	7.00664209749877	2.3871550124429	0.124105067786114	0.187172148785607
YOD1	-0.422252884159849	3.91318441627564	3.22156526741454	0.0743640850114366	0.121827719668411
YWHAQ	-0.0877756885388031	8.27503426914899	0.31339728495745	0.576303930656007	0.657865320732392
