pspGenes	logFC	logCPM	F	PValue	FDR
A3GALT2	0	NA	NA	1	1
ABO	0.0223185085905951	6.46915876425333	0.0118834896596944	0.913455046376454	0.971791181515947
ACAP1	-0.151607261078589	3.02359900853254	0.649034997980794	0.422746795221631	0.724166117596212
ACAP2	0.10222452933208	5.54957527477695	0.700870284714756	0.404881766396085	0.71210031295332
ACAP3	-0.220699888980929	5.75061418542226	1.37272361373975	0.244677660250527	0.578654666070493
AGAP1	-0.281529409441329	6.04262947605285	7.8821848298231	0.00621354883899115	0.122411927658343
AGAP2	-0.197756237226421	2.10495643564562	0.617916475355285	0.434048262490103	0.733041947454385
AGAP3	-0.194409253577688	6.70067739199953	2.04229634387326	0.156710000131267	0.476144984711569
AGR2	0.234023321032841	9.46538241649016	0.558171578018379	0.457097085872503	0.748687210675478
AGR3	0.327211487901219	5.08193250157561	0.515567054935701	0.474743530749476	0.758494771948081
AKAP10	-0.116663278064397	4.33751655229152	1.03357941141814	0.312256957238102	0.638072651904829
ALG1	-0.295961461035321	5.31031931678719	7.21698748469267	0.00871234346169622	0.140003262346673
ALG10B	0.181460847327583	2.84134344617226	0.531805145592242	0.467890100014956	0.75399597685474
ALG11	0.0847070378535291	3.23489410530197	0.265218134392323	0.607918669627633	0.834181413396436
ALG12	-0.347572975329759	4.36471588556044	6.19439393214982	0.0148020675229903	0.174516469720772
ALG13	0.0539873996052683	4.9159002270765	0.233104621130123	0.630495041272552	0.846493191211208
ALG14	-0.169322827139188	4.18952896280169	1.92887119376348	0.168576278240999	0.489535045569275
ALG1L	0.333613962213107	1.62931445478292	1.78687524072768	0.184939072698481	0.51000763123435
ALG1L2	0.279056109421407	-0.688478563278924	1.4181292788059	0.237086728885022	0.571042334463989
ALG2	0.0527457608798208	5.59039872294318	0.307532637031181	0.580680965261492	0.818999182239271
ALG3	-0.323759705780183	6.78217984023632	4.6609993388162	0.0337255182607452	0.248318337476396
ALG5	0.0446003993789142	5.97683040535914	0.111640710923165	0.739121836103203	0.896989702646504
ALG6	-0.0345206218563215	4.03270471270991	0.0657700056145084	0.798229229013318	0.924792891342423
ALG8	0.0792882729660112	5.40968501578271	0.351959444533706	0.554610003047029	0.804633441531492
ALG9	0.152888691334854	3.01117097510959	1.4869678780453	0.226121753872136	0.557779230308979
AMFR	-0.172267190494803	6.90373983771879	3.56977525906083	0.062311895325521	0.31791768758606
ANKFY1	-0.262504705299867	5.75386811917023	6.28166944589625	0.014139812734895	0.172348126312518
AP1B1	-0.47177600945923	7.30703865009798	16.7175795575133	9.93742187483497e-05	0.0279665899174136
AP1G1	-0.0224266358017622	6.59369047678701	0.0428891283510123	0.836438517148531	0.941147332919132
AP1M1	-0.198322786486591	5.54739287765482	2.09580737943885	0.151448934317976	0.470658242028522
AP1S1	-0.186248936226926	6.94852599454635	1.58013848983462	0.212246473431666	0.544266648062492
AP1S2	0.547244236687554	3.88131568189626	7.69368436470832	0.00683470279304375	0.126891294882804
AP3B1	-0.0479327406802299	6.12297493382772	0.136534901113583	0.712686059193848	0.884424720680716
AP3B2	-1.41055583504406	-0.106619588143653	8.55200657349235	0.0044423787594614	0.10752083679966
AP3D1	-0.240154445329797	7.87599399387605	3.97774660258645	0.0493687682669344	0.288523673363838
AP3M1	-0.0198115192759597	5.90035933245957	0.0337521136530034	0.854680611444882	0.948733722145077
AP3M2	0.30138110345316	4.48117666761557	4.2165017941731	0.0431629933696148	0.274874682750127
AP3S1	0.358296917779438	5.67606066127111	6.48461955893121	0.0127172411490251	0.164617621540159
AP3S2	-0.0118701609769391	4.60039856172451	0.0173934831024136	0.895393115499085	0.965129015513202
APPL1	0.432267307715867	5.59755667707108	7.11038214787437	0.00920165677884439	0.143410436753896
APPL2	0.0403093292310426	5.91270048630331	0.117323526816237	0.732816614060438	0.894174080425798
ARAP1	-0.174367287149096	6.69445509348075	2.47753473791707	0.119265682298221	0.421572760066434
ARAP2	0.18658171881259	4.11708739593102	1.21929061501642	0.272672612512	0.605376619760286
ARAP3	-0.0109997246116547	4.5687533232674	0.0032813418638119	0.954456655804957	0.984708255522111
ARF1	-0.215433170578757	9.61701044365474	2.7309733625541	0.102175797367817	0.393527494873648
ARF3	-0.0307209464689633	7.80349041859739	0.129127816193577	0.720245444102259	0.887640320057812
ARF4	0.251253235231315	7.87362203779285	4.56244219303523	0.0356092371717898	0.254134876987268
ARF5	-0.270310793345194	7.52967513986148	4.00861772585596	0.0485149706735995	0.286267506602056
ARF6	-0.0574086965633604	7.38846470411651	0.287961021836359	0.592957386560547	0.825838414947106
ARFGAP1	-0.175167485715468	7.39485755574104	1.23666988486988	0.269306176597222	0.60227157822039
ARFGAP2	0.0450190109471712	6.75196890167186	0.368739122803933	0.545340565596442	0.799449213564537
ARFGAP3	0.164602341061659	5.59311281795376	1.22919453356547	0.270747690983282	0.603670717795721
ARFGEF1	0.204444570816998	6.60082967982407	1.71070182165323	0.194484656903589	0.523155563749506
ARFGEF2	-0.13569177211632	7.18265832365371	0.91911168789398	0.340476783790095	0.660061076427184
ARFIP1	0.165633018463318	5.91677576899918	1.38095863797529	0.243278901044392	0.57738663266543
ARFIP2	0.0537500026717692	6.36057323807416	0.233254813744805	0.630385079121404	0.846493191211208
ARHGAP1	0.0515439045166791	7.21858468597752	0.313534976842169	0.57701853641958	0.8170081567383
ARHGAP24	0.58050380949797	2.17657776937094	7.0638043196221	0.00942438669346715	0.145062401293334
ARHGAP5	0.103373721293267	6.26447711930369	0.330005835155579	0.567200501495692	0.812658168770992
ARHGDIA	-0.30888627138245	8.17226700442422	8.09668818081411	0.00557767659263372	0.118956397810861
ARHGEF1	-0.037004145853025	6.96079526777355	0.112307973983285	0.738372359425636	0.896570958223819
ARHGEF11	-0.0574545544150702	6.205300692121	0.382510991511666	0.537946369918937	0.79650754590278
ARHGEF2	0.0133577176231918	6.33659342787656	0.0114330674106435	0.915104616625256	0.972882567381211
ARHGEF6	0.160842057929083	3.21542813022531	0.898897143776446	0.34581419316698	0.664841728853617
ARHGEF7	0.0443946336757889	6.21625570600058	0.164861244495519	0.685758685032028	0.873524659584376
ASAP1	0.207177513779238	5.28630081941761	1.80360742064094	0.182917054764886	0.507271319146473
ASAP2	-0.132092360085525	4.79334084890352	1.26415741791768	0.264088285762684	0.597086644814512
ASAP3	0.286391169899422	3.72708407815452	2.19595291767223	0.142138715491515	0.45727746923746
ATF4	0.00352823016869563	8.44814894018766	0.000972231633914218	0.975199916592504	0.992214661956338
ATF6	0.0197488894016664	6.10046685889388	0.0428112082558402	0.836585027696913	0.941149377874641
ATF6B	-0.103509051546811	7.16454172697544	1.18236701116279	0.280004267477786	0.610942238766935
ATXN3	0.225292177740268	4.33139126111242	3.60920953118086	0.0609133355585346	0.315308129633737
ATXN3L	0	NA	NA	1	1
B3GNTL1	0.00448844152656213	3.1828306673266	0.000649392307235662	0.979730385809848	0.993913921383235
B4GALNT1	0.433832422148068	0.638063401351804	2.6721589384637	0.105883095623916	0.399688315599391
B4GALNT2	0.300996791414214	2.56335916268224	0.20426136511649	0.652475109295019	0.856971254034607
B4GALT1	-0.0408202890800475	7.40634840898731	0.114727686169352	0.735675120642307	0.895230010211564
B4GALT3	-0.0485686059278158	5.91124063725091	0.238458505236924	0.626601971689517	0.843967177184094
BAG1	0.231253996031434	6.76028239451208	3.20285257494137	0.0771363590432269	0.348478364654811
BAG2	0.805568664945986	3.56575058942621	7.46272495928948	0.00768515754807298	0.133273394559638
BAK1	-0.335290048349282	5.6817433965706	6.66755737157797	0.0115634437702796	0.156619299098673
BAX	-0.399608569522627	6.59056281507219	8.7278939131576	0.00407076868995745	0.102630245381401
BCAP31	-0.243446829147453	8.88344759600553	3.6612400718575	0.0591198721603393	0.311684527104817
BCL2	-0.050117599533633	2.99316870517621	0.0549559926522221	0.815227560358047	0.93288978605648
BET1	0.215019587627739	4.50412699325313	1.88513571233816	0.173428562525588	0.496118539821509
BET1L	-0.0664957453085384	6.38024611767879	0.62342850215444	0.432013077333337	0.731932717823432
BNIP1	-0.0865557698791648	3.51494425394543	0.372841792646205	0.543118209139002	0.798337940095497
CALR	-0.174850203201476	10.0475392041029	3.98404241417594	0.0491933423194744	0.288293451448147
CANX	0.0388220194585743	9.64854046076583	0.0908138584593878	0.763894425045076	0.909127715531144
CAPN1	-0.321329924013049	8.67513035413673	7.38386076134512	0.00800026928141967	0.135516872053615
CAPN2	-0.0220240556620095	7.76498353216001	0.0225331437348923	0.881039584962103	0.959085459156164
CKAP4	-0.248890365889155	7.17307253119998	2.21721378941237	0.140247504365965	0.454487740156743
CLTA	0.2017783714604	7.96653733326231	2.29457988111533	0.133603695860498	0.443942359738679
CLTB	-0.202312466222204	7.13077025221873	1.70258699358479	0.195535572587386	0.524479994620481
CLTC	0.0268089440621301	8.80666724919947	0.0679786208705682	0.794945058232121	0.923110882472386
COG4	-0.0721742603915128	6.29960273599292	0.59798831030484	0.441530851689019	0.738592396615213
COG6	0.101045771656245	5.29716136034704	0.4576245172562	0.500606350777811	0.77361153859214
COPA	-0.0443194963260067	8.13023214914006	0.283545014913178	0.595801593626981	0.827983426914704
COPB1	0.111127738978903	7.35539128579042	1.06629649361304	0.304765846754362	0.630906784887204
COPB2	-0.00212172608234209	7.46303469228758	0.000508105961712713	0.982070036468002	0.994447277257908
COPE	-0.366355650699947	7.56339447465847	6.30643645685303	0.0139576023821229	0.171389794731733
COPZ1	0.0373771946282564	7.77285520167016	0.155042173440987	0.694766657676292	0.876638404019353
COPZ2	0.497620288315843	2.52587466917168	3.6157444218621	0.0606848779345322	0.314831407447944
CRYAA	0	NA	NA	1	1
CRYAB	1.05692158331047	3.61028719044428	10.0027737429524	0.00217987822533655	0.0806198970405191
CTBP1	-0.21797408854651	7.24385372008094	3.67291885150042	0.0587252237181832	0.311398531433984
CTSA	-0.0739003708910209	8.57383107610863	0.168620604872368	0.682392751297972	0.872004117750176
CUL1	-0.0973080646913052	6.41666445658988	1.2081121152736	0.274866179894946	0.60712235966842
CYTH1	-0.0507958135027057	5.67850007931828	0.248758671461525	0.619262217673861	0.839349370100368
CYTH2	0.0673068494312978	6.23221922453315	0.588931496557705	0.444997769091758	0.740605276022056
CYTH3	0.0559553956601426	4.78759792909965	0.150865614889068	0.698698339843361	0.878300053689982
CYTH4	0.280686384003925	3.2581922463023	1.38936075672689	0.241861930963431	0.575552967337974
DAD1	0.088367304278109	6.91858419108355	0.49903014285606	0.481893627977506	0.76323507755668
DDIT3	0.330941766198059	4.26683037195061	3.63602407111145	0.059981801698546	0.3136215381938
DDOST	-0.223701590034073	8.61825422453385	4.12967792127157	0.0453169079641847	0.280271356137117
DERL1	0.276474586893841	6.72695632867144	5.37366035268536	0.0228897850434654	0.209047326413619
DERL2	-0.133737682867367	4.72098983095444	1.06012867259787	0.306159864008066	0.632293705405508
DERL3	-0.272183153243859	4.04753428400896	1.31360371143435	0.255018022009429	0.588308902259377
DNAJA1	0.398307934963829	7.82756716171365	10.7231983898181	0.00154122380254895	0.0693922987427836
DNAJA2	-0.0619108001065607	6.48795850816975	0.42110988311541	0.518165086903886	0.783087175278776
DNAJB1	0.44697630355498	8.08727415900426	5.95146716961772	0.0168228771405479	0.186210469061646
DNAJB11	-0.0671743863953028	6.44435632058616	0.322955798455898	0.571362253960529	0.814683847226866
DNAJB12	-0.183154495195044	5.87625910030738	4.65243518729047	0.0338849117852574	0.248765165686175
DNAJB2	0.158318097730486	6.06331360095121	1.84895731920744	0.177566068909982	0.50093781086734
DNAJB9	0.233555493938734	5.10672974296017	2.40902617412155	0.124420537530764	0.429083962918304
DNAJC1	0.0510166263944942	5.0813286051729	0.204697834477424	0.652128883686795	0.856697610255963
DNAJC10	-0.00611963332382092	7.062311141809	0.00139972024976621	0.970245162534098	0.990056923941292
DNAJC3	0.0807203002117154	6.78743670740792	0.289974551472796	0.591669869411203	0.824872634267598
DNAJC5	-0.260420876099094	7.51641949789584	3.44338807376768	0.067034446825744	0.327909623099153
DNAJC5B	0.87548688962391	-0.715391617392916	8.5471546315797	0.00445311620221766	0.10752083679966
DNAJC5G	0	NA	NA	1	1
DNAJC6	0.0558281311582041	2.7427823618372	0.0508156581591587	0.822200945400136	0.935357071849774
DNMBP	0.0338788915698709	6.31331982842039	0.0866391711705695	0.769224723045955	0.911336420508754
DOCK5	0.183547490546995	5.17430898923671	1.10320688683532	0.296594581892348	0.624903696899894
DOLK	-0.128214035660769	4.65096225346993	1.33778357291975	0.250724411012723	0.584748194936402
DOLPP1	-0.156876787604132	5.05812307810852	1.7688024710579	0.187152764411435	0.512752815984889
DPAGT1	-0.111466198077105	6.16192490656144	1.26349880428971	0.264211810298732	0.597248137759927
DPM1	0.103206900155429	5.97429979932459	0.378420091079435	0.540123357758145	0.797695160660287
DPM2	0.0194898666294573	5.99435587493489	0.0331123827139263	0.856048919599057	0.948959373257593
DPM3	-0.292529192890444	5.27803067418787	1.42266540380041	0.236344418547324	0.569917200740249
DPP6	0	NA	NA	1	1
EDEM1	-0.106002821409294	5.85361548616536	1.15519910985516	0.285560215253267	0.61553264119602
EDEM2	-0.0865927887434762	5.92777499934648	0.467554291236845	0.49600816023806	0.77163414616039
EDEM3	0.201880787516683	6.02814998803901	1.07965171864925	0.301775727404536	0.628362327839649
EEA1	0.0280382240166155	5.16901487510051	0.0183052977471816	0.892702706857365	0.964100992773265
EIF2AK1	0.109909483698159	8.04839407303008	1.22345282895705	0.271861538962945	0.604813693548269
EIF2AK2	0.196062178720876	6.29760451411457	1.99156975316313	0.161893017748108	0.483216309179302
EIF2AK3	0.0345743343282151	4.55960862199709	0.0795849295192181	0.778558914577575	0.915105983093374
EIF2AK4	-0.0974457684072248	5.68445950191707	0.867322638833565	0.35438315317671	0.673268924141096
EIF2S1	-0.0336517890762998	6.41184565976992	0.0732836866726313	0.787282602722909	0.919577885708404
ERLEC1	0.0963367563359333	6.24244013195378	0.767416618941308	0.383531243284915	0.696717900285626
ERN1	-0.0418935622252568	4.9163357669543	0.0970672135673771	0.756154646555054	0.905942083793668
ERO1A	-0.027563282749513	7.08759985548716	0.0305678394396878	0.861631373901299	0.952034310745408
ERO1B	0.652929579486682	2.2762893831488	7.0817775726722	0.00933777994748534	0.14404218734023
ERP27	0.0714684140204193	3.68173144136945	0.0238448400109643	0.877653086199927	0.9576559709481
ERP29	-0.0381263813100534	7.37339219490028	0.119251195677841	0.730716699697943	0.892683135559684
ERP44	0.121064221166323	6.67922136945113	1.13312077618238	0.29018001988023	0.620004802617534
EVI5	0.0773351894733538	4.2779897864079	0.334296986472649	0.56469627746581	0.810828871880142
EVI5L	-0.277190235291575	4.07447320436425	3.4714607266756	0.0659528351613802	0.325636514566107
EXOC1	0.149186546834981	5.51022773964821	1.73977319687128	0.190774358551352	0.51791931887521
EXOC2	-0.150196266025852	5.19299541153611	2.45683609724056	0.120797305209987	0.423563161985356
EXOC3	-0.308640193705227	6.28153261364459	10.1023277804055	0.00207737135786647	0.0790365768596519
EXOC5	0.10915171130248	5.39425933394078	0.531248425706157	0.468122401370794	0.75406219410736
EXOC6	-0.0221962052189968	4.5965323038963	0.0355758721661992	0.850851833196476	0.94672514742463
EXOC6B	0.0378017457108235	4.21780017984686	0.0957351203769589	0.757779948019041	0.906616613962858
EXOC7	-0.0518261240920099	5.74139013996425	0.311283349151342	0.578386963825889	0.817842280214962
FAM71B	0	NA	NA	1	1
FBXO2	-0.283664229552493	4.04501961645093	0.346909734773462	0.557458194131952	0.806095032330578
FBXO6	-0.262670174153253	4.15698908478968	1.42270167248521	0.236338494906257	0.569917200740249
FBXO8	0.157745814500098	4.10676706453298	2.484648422077	0.118744352783905	0.420876275080783
FUT8	-0.247000381393105	5.51664863222328	1.94792839749036	0.166511556932946	0.487191417993512
GALNT1	-0.0481905509464813	6.46392461024883	0.0832198719664172	0.773695540318561	0.913410893555221
GALNT10	-0.152662849653769	6.33302848471071	1.15272398613522	0.286073391178779	0.615991036084049
GALNT11	-0.176376624797339	5.36623446012784	3.77322911895679	0.0554506051840622	0.303019431436798
GALNT12	0.157994011235045	5.40975862914831	0.634345294900181	0.428025164447794	0.728088069474985
GALNT13	0	NA	NA	1	1
GALNT14	-1.19637886930179	-0.412350293373603	8.63352650170563	0.00426594487148688	0.105460493905193
GALNT15	0.490258273831966	1.14304399878171	2.11856794839496	0.149273011241014	0.468504618543947
GALNT16	-0.259082013977786	0.33802387243312	0.577070085834162	0.449603000762437	0.74375221283385
GALNT18	-0.0507786459094082	3.76166700344251	0.041119444961027	0.839800960570005	0.94261540365496
GALNT2	-0.227503322873787	6.91892747797215	4.9062619293198	0.0294834120044674	0.23504900616369
GALNT3	0.0779898587587137	6.82372923655673	0.230343184495452	0.632524643738565	0.847433974002092
GALNT5	0.143911679893928	5.45560415800139	0.488714559672686	0.486444518322789	0.765801629177788
GALNT6	-0.0173964888705678	6.62334354189907	0.012685046343471	0.910595954450874	0.971162637127317
GALNT7	0.0646715028081829	6.36860993875825	0.131180816343204	0.718126136820971	0.886741194313269
GALNT8	0.284550676069338	4.19101611122178	0.276308064546487	0.600524871990588	0.830399377886096
GALNT9	0.248834124732728	-0.383174046396822	0.261006632647549	0.610777921288743	0.835666915717728
GALNTL5	0	NA	NA	1	1
GALNTL6	0	NA	NA	1	1
GANAB	-0.073244635592346	8.97066368882717	0.578539463281416	0.449028463618391	0.743436283139841
GBF1	-0.151353645270762	6.68119994332895	2.57396412506423	0.112412075731277	0.410860482506562
GBGT1	-0.368294012635766	2.637861975266	2.77463485825864	0.0995170687060444	0.389257257110325
GGA1	-0.298141232082401	6.16274755641794	7.00803798809349	0.00969849245056854	0.147212271193942
GGA2	-0.00165534288262787	6.30732875580888	0.000478563769897322	0.982598994945312	0.994593210633261
GGA3	-0.122919971288202	5.72416159871694	1.34085010419611	0.250186341276713	0.584486718889809
GIT1	-0.123662877783361	7.01143506268379	0.884706057495294	0.349629810091885	0.668737462649601
GIT2	0.155967749152346	4.31919668769533	3.66264328504626	0.0590723034325963	0.311684527104817
GLT1D1	0.399007656809933	-1.04876478422383	1.17589122816425	0.281315933005966	0.612096640124006
GLT6D1	0	NA	NA	1	1
GLT8D1	0.300632953495176	5.49184289834896	12.0085783425285	0.000838769781397581	0.054786749338423
GLT8D2	0.341803919653992	2.94952665039499	2.25490483701825	0.136964911306793	0.449476399077223
GMCL1	0.137292576247762	5.12471741935175	1.07500795292635	0.302811057886101	0.629674042726118
GOLGA4	0.279024454985117	6.55319072745526	2.11924258903536	0.149209065548881	0.468386549365785
GOSR1	0.0437834648432603	5.70601444441523	0.231985784585936	0.631315567361411	0.846965306304189
GOSR2	-0.0422113172552411	4.46804393552255	0.265577383603511	0.607676104441271	0.834181413396436
GPAA1	-0.400490038947772	7.55102631325923	3.81278492761958	0.0542140498699547	0.300412821997196
GPLD1	-0.0773411013319524	-0.444213819603491	0.106174420591019	0.745357652611278	0.900419095571887
GXYLT1	0.0145771388520281	4.36769337764866	0.00827174141848905	0.9277509055634	0.977192644046941
GXYLT2	0.507351151912803	2.41826861896588	2.97097992294091	0.0884723691553164	0.370589878888786
HAS1	0.648110843787889	-0.380624169447962	1.99805047184757	0.161219914874898	0.482133677726311
HAS2	0.730322411453859	3.18985154167842	10.2368547776379	0.00194672799800044	0.0763937050162699
HAS3	-0.306479471408852	4.06299891395067	1.12922161953911	0.291005891006187	0.620727838211317
HERPUD1	0.0749760719911423	6.74832689454051	0.424585830080607	0.516447549648674	0.782461013875463
HSP90AA1	0.0471698934984955	10.2844385371581	0.0930240124783683	0.761126527873552	0.907874223467781
HSP90AB1	0.00323719149205144	10.6944456177869	0.000929777094026682	0.975747260709765	0.992446061639529
HSP90B1	0.0762973254970263	9.93692811389599	0.230944201274089	0.63208163562002	0.847433974002092
HSPA1B	0.904097082717168	7.27381071991428	15.1447840082766	0.000199536493332661	0.0353946771154581
HSPA1L	0.132691791344957	0.931428947880381	0.664776474753325	0.417198918728436	0.719851931228899
HSPA2	0.710145095159129	5.34154208347453	2.91793166489757	0.091316263717932	0.376012256468095
HSPA4L	0.580206199608675	3.61400625763753	2.39418772266282	0.125569878464308	0.43082403907702
HSPA5	0.120434141443673	9.42826114100445	0.946140750303508	0.333513698571244	0.654904149902553
HSPA6	2.30642432220452	3.31666059213892	19.9502939818365	2.47447937583383e-05	0.0159049295053595
HSPA8	-0.00251901825117901	10.6843092354955	0.000467609882447521	0.982799262524535	0.994593210633261
HSPBP1	-0.534580657740523	6.47579294111016	11.8585397058103	0.000899925966784496	0.0556159182216809
HSPH1	0.374291489705536	8.06721472892089	2.34590085448926	0.129393965100306	0.436202611341073
HYOU1	-0.147272927197046	7.91831273075697	1.30035761884468	0.257409047596872	0.591488880876366
IFT27	-0.0978377244008758	4.28083577011564	0.678736284804025	0.412369822772281	0.716628326891055
INPP5B	0.0755558295164941	4.01906432289437	0.549978077546276	0.460407972694096	0.75050324538854
INPP5E	-0.186057085411731	4.42075360620366	1.56575820971095	0.21431940999724	0.546649398241455
IQSEC1	0.0667902066899952	5.60958641355376	0.370465359963473	0.544403429269983	0.79901219449914
IQSEC2	-0.0886381994343219	4.38745113029687	0.513926460147332	0.475445061485443	0.758953151159429
IQSEC3	-0.556950550307869	0.120663029995779	3.39615238136845	0.0688982279923368	0.33079322447264
JUN	0.0529854472840237	8.44853936578881	0.12253145668945	0.727186618423242	0.890998393966294
KDELR1	-0.172071598471937	8.20811501211743	3.28838798690827	0.0733652978067134	0.339782526018864
KDELR2	0.0572047187208839	8.5821487196204	0.304618177914509	0.58247618723928	0.81984585071748
KDELR3	0.15743300186363	5.39338214302936	0.890815144675579	0.347980185749518	0.667251379731613
KIF20A	0.0437765801320202	4.88603850480599	0.101830821505872	0.750440678317324	0.902931464228952
KIF23	-0.000479748542810723	4.97838167496966	9.55183575097666e-06	0.997541432131785	0.999310597889852
LARGE1	-0.0561286505854594	4.72392595259129	0.17496456773957	0.676810924200016	0.869613517565342
LARGE2	-0.439690832127545	6.08132035912579	2.137048840194	0.147532618344447	0.466024064724706
LMAN1	0.0408508256746675	6.71581940863835	0.0656887401168706	0.79835118348055	0.924876697332346
LMAN1L	0	NA	NA	1	1
LMAN2	-0.314324965415652	8.03545247558775	5.68492849172423	0.0193782258488478	0.197167101431508
MAN1A1	-0.0206207566291583	5.89707414274308	0.01262561206491	0.910804753866004	0.971162637127317
MAN1A2	0.0509761125504173	5.41037024524227	0.12086564495825	0.728972578983463	0.891877420763522
MAN1B1	0.0595075905347901	6.5754974401589	0.255992903586547	0.614220066739037	0.83709098924253
MAN1C1	0.245040315006443	2.72453378691291	1.43398621837168	0.234504247047529	0.568055705727224
MAN2A2	-0.274304703637306	5.96168631319749	4.41052825568578	0.0387360010630462	0.262464216581309
MAP2K7	0.0257153580994838	5.42867369168385	0.0965929168627221	0.756731929727193	0.906056215963186
MAP3K5	0.112534805423123	5.03189266171243	0.631605880641665	0.429020577629282	0.728814283139575
MARCH6	0.0712275013410398	6.9639121425288	0.522914812508601	0.471622236209958	0.756413567626365
MCF2L	0.118663972916707	5.90130032199818	0.578067355103489	0.449212935429996	0.743468637440784
MGAT1	-0.176049388250281	7.30768027298836	1.80794582856035	0.182397031899688	0.50660492375115
MGAT2	-0.33372031102183	2.45149361926565	3.95678591718834	0.0499576850042187	0.290006617402253
MGAT3	-0.277401764260654	3.88257169711318	0.800105798808577	0.373633510087633	0.688466649667208
MGAT4B	-0.238414813961886	8.5768036375844	3.23092817063383	0.0758756913064999	0.345448575864906
MGAT4C	0	NA	NA	1	1
MGAT5	0.0476468991277553	7.81490880452165	0.0754826545306538	0.784193977666333	0.918526268784754
MICAL1	-0.135765733927771	6.12942788874315	1.04201088498555	0.310303468005416	0.636099927814908
MICALCL	0.0380357353262466	1.78809819360129	0.0396062922950303	0.842736265938474	0.943432864365723
MICALL2	-0.0197755388618359	5.86892202435777	0.0119595976091803	0.913179462210481	0.971791181515947
MOGS	-0.126398462608276	6.77340233668053	1.94147077966687	0.16720788357397	0.488334977032398
MON1A	-0.349570481772149	4.51368723779471	5.65220839016032	0.0197190304667196	0.198403483060849
MYO5B	-0.361423369850804	7.0791187289533	8.14357211619846	0.00544795397668307	0.117485629388368
NAPA	-0.309986445114596	6.35506136174449	8.6657804863065	0.00419816359042422	0.104617338670464
NAPB	0.046249687188162	3.83999842206498	0.0850203324737603	0.771329218461081	0.912340670862019
NAPG	-0.225243842442868	5.04978931457426	1.68158171119469	0.198287384820236	0.527320966400665
NCKIPSD	-0.253326048951045	5.4062555548508	3.74907714191395	0.0562205803100416	0.30499173951664
NDE1	0.189771087721631	5.43115671284198	2.67219715788633	0.105880638334339	0.399688315599391
NET1	0.146508640855208	7.66723428840762	1.22608515780835	0.271350167090451	0.604154488967338
NGLY1	0.0764373660478789	5.16492252229387	0.603998694761415	0.43925321396184	0.736998991413637
NPLOC4	-0.292929326704888	7.11151968085693	9.52821398848321	0.00274571752496901	0.0867714806995959
NSF	-0.0397829673279477	5.86145217852343	0.188809276353529	0.665030636850847	0.863183000550087
NSFL1C	-0.202948999190542	6.47534412926479	2.07688419567518	0.153285806747758	0.472876737520486
OCRL	-0.0974876057507776	6.07751577373626	0.96566525419109	0.328603161827287	0.652098683749668
OPTN	0.47745318997901	6.52342634820156	12.9940388233147	0.00053042868162782	0.0473289766155988
OS9	0.0439964636209168	7.94782517027274	0.209153741304734	0.648619505457988	0.854496259929104
OSGIN2	0.345841010723503	4.7079511872445	5.8501660728639	0.017749518312276	0.190522354281424
P4HB	-0.181454001877876	9.94218177988053	2.94626336332585	0.0897850578139177	0.373132112055058
PAK1	0.099615547898389	6.81325359091524	1.12856983794481	0.29114423934726	0.620727838211317
PARK2	0.0187556074738461	0.941075973768837	0.00518069380909451	0.942792351420659	0.981165173942331
PDIA2	-0.0260765336758622	0.96355585471511	0.00461134824082722	0.946022126628332	0.98217788885544
PDIA3	-0.123613556902653	9.03082804537475	0.807702364109621	0.371385411953685	0.686714560642047
PDIA4	-0.252869118358738	8.77763465801928	4.81428390781244	0.0310036671054606	0.240547508472195
PDIA5	-0.113630982077725	5.59436254520948	0.925040358865815	0.338932700837299	0.658711869837061
PDIA6	-0.104084427905169	8.17591011456108	0.828096331766724	0.365443600003314	0.682130769817126
PDILT	0	NA	NA	1	1
PGAP1	0.677476296729251	4.60474994526212	6.2891048324354	0.014084849811916	0.171820419171541
PICK1	-0.312994756917949	5.0396223957406	7.08054582615251	0.00934368864910138	0.14404218734023
PIGA	0.0504651754000597	3.80989936250969	0.117158536080836	0.732997241527592	0.894174080425798
PIGB	-0.0414113945946812	2.95389400100126	0.0887470906009549	0.766516223846997	0.910228859814489
PIGC	0.0432668232628	5.29577571361267	0.189976374181639	0.664061324099245	0.862765949760223
PIGF	0.0545320752922587	3.92494819205866	0.207136594556428	0.650202511706862	0.855674584737074
PIGG	-0.144477638418745	5.58960936024422	2.26119250594185	0.136425869345405	0.448655293683546
PIGH	0.0505402968737883	3.81478459147107	0.176479960639055	0.675495249992124	0.869220492155689
PIGK	0.0714308597995065	4.82568641691529	0.299324774819568	0.585765677449345	0.821694177276925
PIGL	-0.282707995684537	3.49052268714189	6.02481243872991	0.0161838243748013	0.182275822565738
PIGM	0.00555418967349582	4.38734264168405	0.00236219794833279	0.961352213856118	0.986833820426932
PIGN	-0.183159640142041	4.78063478315171	1.92970476542691	0.168485345412003	0.489535045569275
PIGO	-0.146250877652645	6.0431165706857	1.16943116069393	0.282632260198152	0.61363629241502
PIGP	0.148687159646525	4.06694376943756	0.903802776779291	0.344508473398754	0.663704519897369
PIGQ	-0.483373929737277	5.82450349973521	10.2757400735395	0.00191057326668019	0.0759340846288245
PIGS	-0.263723071768836	6.18561546863292	5.58574611830303	0.0204309027209359	0.200332470656625
PIGT	-0.272035004560642	8.35524077142065	3.81271745003399	0.0542161337552879	0.300412821997196
PIGU	0.0688500547368678	6.11212296674967	0.250403761173246	0.618107620327398	0.838588097936909
PIGV	0.188212705034399	4.4056172446002	2.28249115772839	0.134617795196922	0.444828169202381
PIGX	0.115410305998425	4.8147373628514	0.794770893649877	0.375223830089444	0.689896645577751
PIGZ	-0.136290184343429	5.22884805057507	0.379608685568157	0.539489172428081	0.797310129743211
PIK3C3	0.000572057887170331	4.44315607794903	2.01191792419398e-05	0.996431849744817	0.999058129161604
PIK3CA	0.201554549879366	4.209231085213	2.11054045138438	0.150036317026373	0.469241098887851
PLAA	0.122634658024425	5.68669804583615	1.10417102523941	0.296384986910017	0.624903696899894
PLIN3	-0.378414543865553	6.74109524784404	10.2173129544771	0.00196516443581713	0.0764732047674976
POMT1	-0.0147955665768555	5.05059003251204	0.0149618536339431	0.9029406462391	0.968011367452512
POMT2	-0.314653716167965	4.30187395362508	6.05464126181584	0.0159312804052399	0.180660594833806
PPIA	0.116364011120068	9.13889256282242	1.01352262969176	0.316969665890734	0.641859269114968
PRKCSH	-0.0906468911563734	8.71959619036505	0.749839286852358	0.389009041652136	0.700727535407403
PSD	0.829373113318784	2.56006904284023	6.29178709650548	0.0140650774285776	0.171691580398615
PSD2	0	NA	NA	1	1
PSD3	0.0562658837140713	4.50827139212772	0.0803538492438021	0.777520274251975	0.914741208658587
PSD4	-0.178853265724422	6.44778513751677	2.36415250146927	0.127933238119078	0.434604621567272
QSOX2	-0.0942430357293278	5.28010556471662	0.593117775918715	0.443390025559092	0.739716229980157
RAB10	0.0643704913017981	7.63516335894088	0.443326634094671	0.507356901192155	0.778172684787442
RAB11A	-0.0657469938387512	7.45826613650349	0.353353598326103	0.553828533643728	0.804009950379823
RAB11B	-0.239317023064526	7.07475202188527	2.58956656532873	0.111345225677349	0.409121822713541
RAB11FIP1	-0.0541021545850641	7.06703272827232	0.108548116329282	0.742628420074199	0.898849082255287
RAB11FIP2	0.116958250726737	3.86188231113489	0.444656177864842	0.506722568467236	0.77783556746695
RAB11FIP3	-0.191648526369169	5.88109232452819	1.63949287384406	0.203941436484969	0.534665031797443
RAB11FIP4	-0.346077741055699	6.32238657956951	7.96925752953152	0.0059467774295294	0.121113314870813
RAB11FIP5	-0.000465327729575568	5.21641114929843	1.4984758739657e-05	0.996920620189983	0.999275194062784
RAB12	0.277241102298088	3.91074486157901	3.39637216332003	0.068889426432765	0.33079322447264
RAB13	0.235641104109095	6.02800450290851	3.76910958000483	0.0555811274952215	0.303284142446009
RAB14	0.153957999437652	6.82708656730979	2.83826516880981	0.0957788954172719	0.381983198188727
RAB15	0.112251967889678	6.8541447553713	0.462750067463013	0.498223826963411	0.772283236292746
RAB17	0.0416032302816971	4.92136426371662	0.0977177854184745	0.755365326269615	0.905552983794665
RAB18	0.260890082724386	5.8864602184582	5.34524954219992	0.0232422109805	0.209900587537074
RAB19	-0.28966384158024	1.4107429539889	2.12404806548178	0.148754488316571	0.467980364931794
RAB1A	0.120552027184178	7.5949030332022	1.47948686183116	0.227282913536274	0.559258939949914
RAB1B	-0.198924300629048	7.40947657406606	3.47843918713848	0.0656869182466139	0.325180799784989
RAB20	-0.157155991227144	5.58924429801605	1.68623604890491	0.197673686843624	0.526911428539736
RAB21	0.168036251200191	5.85662407132861	1.35901351901726	0.247028540211606	0.580619262488217
RAB22A	0.153085988816441	6.41664741226369	1.53917423704882	0.218216235404647	0.550040652865804
RAB23	0.408014446626062	3.73635172139756	6.26328855400392	0.0142766546095797	0.172998755759764
RAB24	-0.0389172128474911	3.10941287540289	0.0609575122421439	0.80559506658997	0.928202041580382
RAB25	-0.0825865054899656	7.51555310193709	0.423168997298264	0.517146421290568	0.782932311878203
RAB26	0.411536776494703	2.77031022113006	0.840379673323597	0.361929017545204	0.679715054899235
RAB27A	-0.0255160711414403	4.67348638677433	0.0203178114916231	0.886996519736184	0.961113780463798
RAB27B	0.634161559996246	3.40436870323107	3.25398115418382	0.0748574063875078	0.343342041108058
RAB28	0.167740409818762	3.77384435991884	2.08975972224678	0.152033211557434	0.471506952238027
RAB29	0.370055374726065	4.53904311946873	5.82818586457861	0.0179575869574973	0.190946617734027
RAB2A	0.329460064608595	7.46303835792254	7.66311508763878	0.00694138573946271	0.127627079098038
RAB2B	0.129013608189498	3.95823280379963	1.14507772657203	0.28766622669858	0.61726596043946
RAB30	0.257748343065601	3.55725071620098	1.42819478703531	0.235443424504093	0.568995907267767
RAB31	0.653961030065112	5.6041967296401	6.95405724104057	0.0099717728932158	0.148343054053905
RAB32	-0.230406824997389	5.52550590006495	1.69289028944789	0.196800213231606	0.526194079711967
RAB33A	-0.463382056188985	-0.319551928245995	3.47948236691317	0.0656472677620813	0.325180799784989
RAB33B	0.379302462796213	3.44356781426203	9.58558809267092	0.00266988961321265	0.0863925464270018
RAB34	0.168311604827525	4.06792780264512	0.540326285801287	0.464357616230134	0.751845981267255
RAB35	-0.250868812629032	6.04445851742563	9.17053284108961	0.00327167271274728	0.0950975791245907
RAB36	-0.145638172917615	3.98921918739939	0.566037062304719	0.453954241462378	0.746391426771801
RAB37	0.0888160700724256	2.46877748745937	0.11546277894607	0.73486201123134	0.895002559430516
RAB38	0.276919657656296	0.392712809759831	1.01772475331319	0.315974541556984	0.641029100284173
RAB39A	0	NA	NA	1	1
RAB39B	0.0302406118660778	-1.16386643602662	0.0149992616566744	0.902819998643291	0.968011367452512
RAB3A	0.262694753135502	1.55462210678497	1.36389912248767	0.246187606456314	0.57997712588568
RAB3B	0.849153612209851	2.27737074618364	4.81708377725957	0.0309561798071898	0.240533502838606
RAB3C	0.320412251101846	-1.05161161806533	0.946282216951533	0.333477764163282	0.654904149902553
RAB3D	-0.0413968405792919	5.43561384122548	0.0843769659933589	0.772171636266448	0.912752607822365
RAB3IL1	0.147726842479447	3.25827765481907	0.342030423867531	0.560236977335358	0.808142490135511
RAB3IP	0.141470614925815	5.08849242277114	1.18414090624529	0.279646331122409	0.610903533632135
RAB40A	0.278793893333885	-0.817454859990138	1.1248770155434	0.291929691696826	0.620928360540505
RAB40B	-0.00437541484626881	5.16571923865495	0.00090592698615921	0.976060243865912	0.992513389649261
RAB40C	-0.277535981113814	5.92185004388531	4.16620837338526	0.0443969330057413	0.27891216367704
RAB41	0.359028111192747	-1.07435200292896	2.1831109057562	0.143295158409953	0.459726452152972
RAB42	0.306229803773782	0.89527926145001	1.95213588059528	0.166059677040361	0.486838462239707
RAB43	-0.411645929701496	1.75513217757431	7.94966175373523	0.00600575540439149	0.121551219698074
RAB44	0	NA	NA	1	1
RAB4A	0.0622794926401452	5.64545297786173	0.33406916619489	0.564828687232621	0.810937898021725
RAB4B	-0.0837846155041212	3.76786063845773	0.290218539124706	0.591514248375627	0.824872634267598
RAB5A	0.11190274260409	5.90105523054393	0.777499719436032	0.38043878305647	0.694422182488463
RAB5B	0.0554113095420117	7.40622308045252	0.309742987383656	0.579326869810284	0.818513821971022
RAB5C	-0.203205390350748	6.88237288866332	4.49004051447203	0.0370644233149169	0.258176700519451
RAB6A	0.134989508503679	7.19186187485845	1.02545646927855	0.314154345894881	0.639632660565875
RAB6B	-0.150185257522654	2.00267027538611	0.373401059301095	0.54281656618345	0.798083356496254
RAB6C	0	NA	NA	1	1
RAB7A	0.123873544975494	8.23812214143592	2.34054022002923	0.129826573184313	0.437035425689711
RAB8A	-0.0582622688984291	5.68492526911024	0.996781315032563	0.320975835823329	0.6447187047141
RAB8B	0.288301776490343	4.11347811172018	2.92339494570989	0.0910187660636611	0.375314812840802
RAB9A	0.0897374786633473	4.70317676261186	0.543686382011279	0.462976469849031	0.751429118610232
RAB9B	0.314238086135314	-0.176171638742849	1.47819696516349	0.227483857627828	0.559258939949914
RABEP1	-0.151268076348122	5.13532055985041	1.58759889775752	0.211180561562909	0.543702440266936
RABGAP1	0.210979231513401	5.84447035260068	3.35193770996054	0.0706940658146976	0.33530213404223
RABGAP1L	0.283159179484385	5.41969101236764	3.45999674310839	0.0663922199608392	0.326616780171561
RABGEF1	-0.190870770545536	1.92826866934125	2.93008495228524	0.0906559260018261	0.374933760966061
RAD23A	-0.0390444405058168	7.01093854496935	0.198624271814398	0.656987301631844	0.858796615168098
RAD23B	0.0565294411984573	7.72211439895175	0.416005797696796	0.520705502411967	0.78431923757245
RALBP1	0.0733140201768544	6.12517780266581	0.435647203563496	0.511047934120325	0.780350995958004
RASEF	0.164385586063002	5.77729568771473	0.877081307480234	0.35170383703551	0.670515409229344
RBSN	0.110730754476996	4.81786908183538	1.71455878342986	0.193987511002057	0.522650080016521
RBX1	-0.0638219148188555	5.75258865733919	0.241610070789936	0.624335603469023	0.843122194353588
REPIN1	-0.476651876417373	8.30261173967127	11.6623874916547	0.000986899015820101	0.0580791602172046
RER1	-0.159075298846141	6.90140009791665	2.50657520752544	0.117153494359729	0.418341213575737
RFT1	-0.0527649864598637	5.10844411163481	0.250580311678285	0.617983991806683	0.838499371894162
RFWD2	0.0512384321851701	6.01619223736504	0.294536798447033	0.588773857961966	0.822898583031878
RNF185	0.0349237603160362	4.84644948930518	0.238404692936095	0.626640830441005	0.843967177184094
RNF5	0.0225930226723549	5.74810969261879	0.0375875314648823	0.846744716612571	0.945433138378564
ROCK1	0.177283669016233	5.20393805972577	1.14352354750494	0.287991381428702	0.61766877802681
RPN1	-0.090562190369499	8.83962024580802	0.832898198865912	0.364064001669375	0.681477504631166
RPN2	-0.137390623871237	9.3811527035508	1.29278229254247	0.258789065471587	0.592598527469468
RRBP1	-0.0774770963744451	9.33022981751228	0.152503105829632	0.697149460519111	0.877525675592973
RUFY1	0.0521125296843926	5.60913601530734	0.35850565101602	0.550958660905105	0.802489073161654
SAR1A	0.133531875694097	6.5642321361744	1.65538121029593	0.201784728130811	0.531252448073208
SAR1B	0.0531112430165606	5.68925000556784	0.205391130556586	0.651579846959689	0.856389675422552
SEC11A	0.0329749601971853	6.60357751517054	0.0888710996805771	0.766357979216358	0.91020183892515
SEC11C	-0.304976632805213	5.32923112714187	5.07906811190578	0.0268372140280535	0.225735331365863
SEC13	-0.235403846757474	7.3067931754	3.84361616608652	0.0532708843342648	0.298817118263826
SEC16A	-0.108781753490838	7.3676750108591	0.786083699496906	0.377834084778742	0.692441976233973
SEC16B	0.0618171354964588	-0.614678474297343	0.0547594198958483	0.815552246109594	0.933204043430499
SEC23A	-0.0320089212185861	6.17849905815675	0.0648018132242984	0.799687451084344	0.924959340130055
SEC23B	-0.244861514309667	7.02696755557025	2.36501179844564	0.127864927951405	0.43445174207331
SEC24A	0.000267209336331801	5.25145135921172	3.43822736648046e-06	0.998524950744778	0.999581858959294
SEC24B	0.0329673569676314	5.52298953501809	0.173662053709077	0.677947143927512	0.869837052458394
SEC24C	-0.315333366909601	5.80507007006068	10.0819968461045	0.0020978917276128	0.0791379000581186
SEC24D	0.116772970289191	5.95442594479619	0.720369013299812	0.398450191315972	0.707620526344963
SEC31A	0.141061884652744	7.19140801348584	2.8878182251014	0.0929754767796541	0.377862977775452
SEC31B	0.219638825433058	2.59108993454568	1.12903203144839	0.291046124556201	0.620727838211317
SEC61A1	-0.0971831218698179	8.75301710307467	1.23844771536207	0.268964778228998	0.602005699590361
SEC61A2	0.0659583558249359	2.71613331455237	0.322940502913309	0.571371348433306	0.814683847226866
SEC61B	0.115114399519066	6.40357614737329	1.22757508040454	0.271061266251953	0.603919150770629
SEC61G	0.161090179111621	5.80733182601925	1.35125453165367	0.248371388952185	0.582407944925223
SEC62	0.253704316037471	6.70895064977967	3.40464075511322	0.0685591843968775	0.330226695291195
SEC63	0.0480883476791751	6.5824361909824	0.103816070435601	0.748102904912739	0.902042734846346
SEL1L	0.0507827884110838	6.57030550695759	0.132391410454919	0.716885234757548	0.886486476060114
SELENOS	-0.0754686260020495	6.27615083103521	0.480840652343627	0.489966706302526	0.76747726096463
SGSM1	-0.0355561142127711	1.66122578945172	0.0133630962492483	0.908248089662703	0.970158170838173
SGSM3	-0.0969171793604634	6.25861716113429	0.40986852650815	0.523789600660451	0.78623399553685
SIL1	-0.20783701610535	5.90939613787977	2.48432349276796	0.118768109415401	0.420876275080783
SKP1	0.12061228367747	7.63113322121402	0.902176008052545	0.344940717478125	0.664293312717456
SMCHD1	0.254982851663472	5.13888608759216	2.08832617085727	0.15217209006414	0.471561972054501
SNAP23	0.0530540036176159	5.6341837393575	0.213123245129669	0.645531139426515	0.853358327547907
SNAP25	0	NA	NA	1	1
SNAP29	-0.0143201632177736	5.18990134876442	0.037644718200537	0.846629648875899	0.945433138378564
SNAP47	-0.119045499025349	4.82394714949922	1.44957175358669	0.231999509329946	0.564552330797675
SPCS1	0.126573821147268	6.8175360919927	1.31432132012044	0.254889282076537	0.588104776678762
SPCS2	0.171880694294225	5.37659647384954	1.68124402813491	0.198331998241055	0.527320966400665
SPCS3	0.160774734299029	7.07171878982212	1.9228270858723	0.169237331498799	0.490134313863665
SRP14	-0.0574258392453988	7.38322582008807	0.241298323498041	0.624558966973803	0.843301640303635
SRP19	0.148813081611201	3.92754257988711	0.866829685019758	0.354519244733455	0.673348147730956
SRP54	0.0326941747901546	5.75745386875896	0.105986498538374	0.745575159671956	0.900452413334924
SRP68	0.0691146485868539	6.66931383433578	0.577845855290829	0.449299525439648	0.743468637440784
SRP72	0.125199439855636	6.85252194948188	1.14170456737418	0.288372537551341	0.618130646269205
SRP9	0.176146057893909	7.1237018536157	1.41146345556867	0.238182760102492	0.572815091865369
SRPRA	-0.200445694538207	7.5828289085702	5.00074058365248	0.0280039856352265	0.230461056176875
SRPRB	0.0230327127307548	6.70801802803331	0.0494278294781307	0.824604932595807	0.935862838394877
SSR1	-0.0307937975666115	7.57873473795748	0.0723608993184753	0.788593551191618	0.920292610691666
SSR2	-0.0395257476607292	8.10312548431	0.117178313903144	0.732975581793143	0.894174080425798
SSR3	0.127056252899956	7.41453434000103	1.20897518480814	0.27469602182672	0.60712235966842
SSR4	-0.373979263322216	8.38109525368385	4.7863700315162	0.0314813606688152	0.242158444198099
STT3A	-0.0320958762496385	7.70488753633488	0.116132523739753	0.734123697882272	0.894617267816786
STT3B	0.0163186820473937	8.31104531415623	0.016137157514739	0.899220473586672	0.966580337215592
STUB1	-0.416251128101669	5.72225576667533	7.92449365192451	0.00608239998475172	0.122040835000831
STX10	-0.127998911652147	5.82605045231051	1.06549839385585	0.30494575969574	0.631015648393494
STX11	0.0721251796568245	1.36308994567857	0.0830429553641114	0.773929551518595	0.913495245128186
STX12	0.181574883515953	5.42868522319024	2.07725065610523	0.153249991764111	0.472876737520486
STX16	0.248689394575386	6.56940940337536	3.29602998483086	0.0730383211559621	0.339265866348118
STX17	0.167925529041773	3.95680799794831	1.79751100711579	0.183650752724798	0.508126767224317
STX18	-0.0169446069308825	5.34724727788928	0.0324135700120923	0.857559301282625	0.949908467758663
STX19	0.577945490707158	2.89548285905162	4.4301179525617	0.0383168237019188	0.261437989403453
STX1A	-0.950419823242758	4.10646215816724	12.302816867942	0.000730986597379001	0.0513430315671091
STX1B	0.00848165969464211	0.504687817994322	0.000803436020004429	0.977454686466355	0.993266647253113
STX2	0.249263850395274	3.84721036760221	2.25061885292148	0.13733373893546	0.449657631083254
STX3	0.0347487145344503	6.73030673901651	0.0458710719408124	0.830932620274586	0.938872767286069
STX4	-0.0417115568403119	5.69023280031225	0.189913069854804	0.664113809270302	0.862774003679846
STX5	0.00605841639631619	5.50486799113845	0.00360550067175624	0.952262657878041	0.983988909742596
STX6	0.123580488368505	5.47018936250332	1.92469948978914	0.169032221559222	0.489857059991277
STX7	0.206589122530126	5.88232314445721	3.29841747911007	0.0729364945953175	0.339265866348118
STX8	-0.188279861693463	4.29942882307029	1.8667468575328	0.17551731713575	0.497982200076448
SURF4	-0.111274947278889	8.59542024549098	1.13623621656187	0.289522319233037	0.619124465533297
SVIP	0.170840817695805	5.1026630317123	0.885285438237021	0.349472900268532	0.66866915017506
SYTL2	0.168087186751098	5.93992918623725	0.737160029489749	0.393030744228132	0.703680278066361
SYVN1	-0.0717685264752944	6.56493913160958	0.434076702749525	0.511808540513474	0.780568744491176
TBC1D1	-0.00212438521886948	5.63784107348115	0.00026548397943881	0.987038979685499	0.9958276440061
TBC1D10A	-0.255691339934952	4.02048195497717	4.05052607311232	0.0473812422691721	0.283957624799801
TBC1D10B	-0.313924672836557	6.60221106727249	10.906102886619	0.00141231232779153	0.06664683997477
TBC1D10C	-0.40225831882737	2.72310285704353	2.56967471899394	0.112707376165667	0.411526366928388
TBC1D12	-0.0169842907300437	4.00142349562638	0.0271920863351961	0.869421167496779	0.954698707637111
TBC1D13	-0.0608937445397926	5.15124071414965	0.468878711001722	0.495400291876261	0.771126831466711
TBC1D14	-0.1400225095778	5.14402763899644	1.39472453145913	0.240962687029934	0.574586732280667
TBC1D15	0.161870293125083	5.37180466885666	1.96936740708996	0.164223832843599	0.485793674507913
TBC1D16	-0.483946292185932	6.6919201513502	10.7039737147771	0.00155546300248165	0.069864651484959
TBC1D17	-0.161084285268401	5.44386095153917	2.00101964537041	0.160912612673919	0.481826116651051
TBC1D19	0.294237407245013	1.86322176513502	3.42720695418024	0.0676666489982168	0.328744905666586
TBC1D2	-0.0085471732971466	5.6837804289382	0.00158170150644627	0.968370968306298	0.989524756940613
TBC1D20	-0.0684386342141401	5.6457112435338	0.32305333025194	0.571304269905307	0.814683847226866
TBC1D21	0	NA	NA	1	1
TBC1D22A	-0.148831714689048	5.53499006720342	2.48403553299745	0.118789167553648	0.420876275080783
TBC1D22B	0.0247534836749943	4.2406256979025	0.0949912336802654	0.758692973396202	0.906707015170838
TBC1D23	0.237911151905324	5.22620362429414	3.83106140200519	0.0536527950357988	0.299665852536322
TBC1D24	-0.181442639590892	4.22395637536707	2.87418822130516	0.0937374134314865	0.378937883763302
TBC1D2B	-0.242466227957347	5.68254889232013	4.30151588554342	0.0411600016770288	0.269135124610872
TBC1D30	-0.105680846848192	4.16739001251857	0.471756882864172	0.494083644002437	0.770301030796707
TBC1D4	0.181487717565777	6.14082100663886	0.810132215205545	0.370670364790746	0.686058544305383
TBC1D5	-0.0286695325186006	5.9823222526776	0.0539366076276883	0.816918032005722	0.93379236625907
TBC1D7	-0.422316158401789	4.39140267525865	13.4260236862332	0.000434812051524431	0.0455494795937609
TBC1D8	0.0422631698272041	4.31600210096991	0.0854006858370982	0.770832814634115	0.912255224190287
TBC1D9	0.0585460504714041	3.86233669823536	0.0690953404225138	0.793306204567571	0.922480864808679
TBC1D9B	-0.242123009719708	7.46320019540244	5.80057150782226	0.0182226378136841	0.191641914202512
TMED10	-0.0291974000616545	8.321269012324	0.0699867905158404	0.792008090057629	0.922248775997472
TMED2	0.131142711076329	8.53304512759305	0.97335928521714	0.326694771216851	0.650458292617187
TMED5	0.0295215618111046	6.32900435344902	0.0323313859563883	0.857738030990571	0.949978266292452
TMED7	0.222535122715494	6.4580717690439	1.54106860509208	0.217935730023531	0.549841172282567
TMED8	-0.0211954982765987	4.45247275628716	0.0232282106637724	0.87923288062656	0.958191118737084
TMX1	0.0811630352246451	5.80310500413114	0.340795789990927	0.560944329678895	0.808826520138344
TMX2	-0.00964395666253252	6.76985636078394	0.0069524242757287	0.933748059714123	0.978236455823126
TMX3	0.0636687760548061	4.7656130748987	0.155147469044501	0.694668331115097	0.876638404019353
TMX4	-0.114899784643537	5.75727844197925	0.622513875117273	0.432349767859002	0.732170407276443
TOR1A	-0.0264712407903184	5.64297133818877	0.0753885175687116	0.784325201336233	0.918526268784754
TRAM1	0.308843511128964	7.7476282874328	4.14387667773123	0.0449569215388974	0.279985638985983
TRAPPC1	-0.493675217974273	6.10696950127506	15.3321565583946	0.000183495174562602	0.0351754626060301
TRAPPC2	0.28693200488955	4.25204094276362	3.35216531846276	0.0706846915076479	0.33530213404223
TRAPPC3	-0.0364810760139127	5.72360117679304	0.146739709377308	0.702644411090703	0.879835986387871
TRAPPC4	0.0473022214315705	5.57460150982612	0.16554886957329	0.68513969721526	0.873299262333447
TRAPPC5	-0.453227440246302	2.23380414210368	1.35353246182337	0.247976210152177	0.581930826795491
TRAPPC6A	-0.120443914840069	5.15642559415036	0.553005257685827	0.45918028478071	0.74992339482263
TRAPPC6B	0.299202173961714	4.30673195825012	5.32104821120136	0.0235469466936307	0.211239626531106
TRAPPC9	-0.232672953681939	5.94319798466243	3.22183774012167	0.0762813883576322	0.346335685929856
TUSC3	-0.0754759741803105	2.74453205525464	0.109523006641452	0.741517104090793	0.898077009246448
TXNDC12	0.0460883006768348	6.78477439384689	0.212191097465379	0.646253215271941	0.853358327547907
TXNDC5	-0.409397591907722	3.92100282524116	5.66890339910986	0.0195443563022166	0.197885280539553
UBA1	-0.406680156311932	9.0318560214794	12.5872550277678	0.000640353525282996	0.0505950427921962
UBA5	0.148062031985421	5.04840344174777	1.47228179820787	0.228408120281409	0.560159267837617
UBA7	-0.0863578123082107	5.74985609396926	0.292418929833288	0.590114594593993	0.823641785341223
UBE2D1	0.0702241839792146	4.77588218690782	0.366580192583455	0.54651684488747	0.799995825680326
UBE2D2	-0.0257380079280706	6.72085010846754	0.0907078630822883	0.764028088720027	0.909127715531144
UBE2D3	0.16584991305158	7.87288628829028	2.56425479061577	0.113081750282436	0.411928467048624
UBE2D4	0.137289485502508	4.13520971063125	1.58900719408636	0.210980073481234	0.543558987716848
UBE2E1	0.236991682887033	6.11786150838163	4.62490706483533	0.0344027178838859	0.250788682579442
UBE2E2	0.490024485853997	2.74194339179855	3.64214070113046	0.0597714805406674	0.31315295592958
UBE2E3	0.0745591072853047	5.53959295924182	0.370724521937671	0.544262994841901	0.798886701618476
UBE2G1	-0.219261492322185	5.48214198968719	4.68725447677361	0.0332418236853296	0.246632439220634
UBE2G2	0.0697926749202704	6.34861664919543	0.356799608536466	0.551905864357956	0.803273624707761
UBE2J1	0.00402255301832554	6.58562938745185	0.00159968318755688	0.968191784455581	0.989524756940613
UBE2J2	-0.224348841587795	5.82266329554111	4.27385475557761	0.0418005625545553	0.270730537184472
UBE4B	-0.0204511941191959	6.02453247916644	0.0305458545250085	0.861680630726082	0.952034310745408
UBQLN1	0.063954675000057	7.32863696926642	0.544485513222259	0.46264896347498	0.751429118610232
UBQLN2	-0.0395551669978635	5.87259483961897	0.179789979759319	0.672644444996907	0.867736227604703
UBQLN3	0	NA	NA	1	1
UBQLN4	-0.0322207717767864	6.0988085566699	0.138072269577277	0.711146483964962	0.884185622469687
UBQLNL	0	NA	NA	1	1
UBXN2A	0.107076904621644	4.43860607592938	0.817646612063602	0.368471298870066	0.683957878006177
UBXN6	-0.143741608873885	6.84014047113878	1.67663462216735	0.19894217271785	0.52764400959885
UFD1L	-0.159710800092748	6.05817128174592	3.02916972727497	0.0854647109249325	0.365017057851099
UGCG	-0.00212550607585328	5.26926144247284	0.000251150056778159	0.987393697559858	0.995996456654351
UGGT1	-0.0792003694236689	6.97088252107287	0.453706126068699	0.502440928865734	0.774392170833247
UGGT2	0.138932715037978	4.71059929726827	0.701810903004875	0.404568016395327	0.712088109809694
USE1	0.0469476632928165	4.48753824714235	0.147013025035463	0.70238105061992	0.879824075232825
USO1	0.132825804064705	6.45996459196178	0.882847483009835	0.350133810062275	0.669109516050933
USP6	0.218655775718357	-1.20351613388557	0.769744721644929	0.382814034774597	0.696036461790568
USP6NL	-0.00844433728582362	5.65727012880092	0.00787297945037518	0.929509162923508	0.977271746680252
VAMP1	0.119417046297706	2.78148391765381	0.539117397156549	0.464856144277722	0.752069181383156
VAMP2	-0.0373724349318247	4.9893957639541	0.10419312837655	0.74766168930534	0.901858143315314
VAMP3	0.120689943796804	6.82726379009372	1.37396864552208	0.244465548471198	0.578428261867463
VAMP4	0.309917479691197	3.86588811469862	5.07829626734887	0.0268484565256502	0.225735331365863
VAMP5	-0.0339247906505793	3.96650128599945	0.0206556653206457	0.886067330260234	0.960584799118923
VAMP7	-0.018485150213766	5.62846391951826	0.025876911931696	0.872589942093342	0.955669402104879
VAMP8	0.0696624614030174	6.9232708590603	0.337481469319412	0.562851734162493	0.809908624732814
VCP	-0.0891942061487019	8.81158114496744	0.662335921846767	0.418051862032905	0.720392595756065
VPS45	0.134269219070067	4.7536096203497	1.94630441340486	0.166686353642796	0.487301385179066
VTI1A	-0.0571106828519597	4.61910173712242	0.270778993204482	0.604187077078255	0.832496922819438
VTI1B	0.0674770479291282	5.93159287910959	0.51445358434785	0.475219474140287	0.75872299768522
WAS	-0.0419609568953909	2.77181809080136	0.0405139011068657	0.840968770445855	0.942896714653277
WDR38	0	NA	NA	1	1
WFS1	-0.718157355503785	6.8020768948368	7.11471655581279	0.00918121196107538	0.143308470464043
YKT6	-0.0335804080499923	6.99038178011484	0.123180733785962	0.726494207306573	0.890735514319181
YOD1	0.136183007222062	3.84998667449104	0.647900803881405	0.42315081579901	0.724490787773818
YWHAQ	-0.0202466122834337	8.27247872350687	0.0317397358534059	0.859031704176506	0.950785515890547
