pspGenes	logFC	logCPM	F	PValue	FDR
A3GALT2	0.526558490535737	-2.01826522793691	5.51177479298377	0.0201874053640396	0.0943606438700648
ABO	0.177570084450256	0.0336748434807014	0.954552637227527	0.330127262140895	0.535438910488175
ACAP1	-0.109345616580962	2.63737541541559	0.715855893144777	0.398846662218733	0.597778519145914
ACAP2	0.0374029079330775	5.48300484705707	0.312918765470714	0.576724149235152	0.740072577846153
ACAP3	0.230985576210396	7.03811525679848	2.00726171828911	0.158609364634725	0.340048974831997
AGAP1	-0.10429123764718	6.36025341143408	0.698873029850958	0.404484771234804	0.603426968116355
AGAP2	-0.466484050110652	7.03185001757792	1.44820662978118	0.230700962850002	0.430501979322245
AGAP3	0.0288564077208129	6.94646285931502	0.108358089127296	0.742477780249363	0.853104425529786
AGR2	0	NA	NA	1	1
AGR3	-1.08288489667513	-0.94507820745778	6.35249133406051	0.0127615655292494	0.071597750772849
AKAP10	-0.190739069851739	5.02939785186331	12.9902541794025	0.000424716763604499	0.00801565316578682
ALG1	-0.123480896185493	4.58474144826789	3.14750511350768	0.0780603377145747	0.218688192804861
ALG10B	-0.0176033719767552	3.6981210942236	0.055656374549723	0.813817805969956	0.896165463120456
ALG11	0.0104314822033505	2.24267961586914	0.0133016729473271	0.908334649313468	0.950013718080738
ALG12	0.00269104950639436	3.66103267027547	0.00100908123220672	0.974700617793202	0.985957179267329
ALG13	-0.0288675191127577	5.03993410032375	0.191332983493729	0.662435043257867	0.801009643302692
ALG14	-0.159383319636804	4.17225777913853	2.74051171178521	0.0999122095455297	0.255293955433384
ALG1L	-0.184104719952548	0.114694510075651	0.786831163886319	0.376471958385729	0.577639241201817
ALG1L2	0.371002981105139	-1.2722335468274	8.79076251271136	0.00352030348309189	0.0316490248801605
ALG2	0.0430210123443999	5.06614654636829	0.364454255551959	0.54694947409882	0.719196278007825
ALG3	0.14083104629392	5.36566239518737	3.75518287474897	0.0545117091010561	0.17603629927613
ALG5	-0.298249117881856	5.26258825998228	6.81514371677182	0.00995061468935165	0.061132272662443
ALG6	0.0942942644186207	4.4657708604423	0.795298772928534	0.373922879034755	0.575484610363859
ALG8	-0.159646711755819	5.34968408319065	6.81204061194848	0.00996715685819981	0.0611533219242583
ALG9	0.0768392202636876	3.88908829206438	1.13267672859175	0.288905608559142	0.493722354056297
AMFR	-0.135946602138175	7.58986678934146	2.93976142835813	0.0884770162031656	0.236039263365509
ANKFY1	-0.178857464753331	7.06186370174082	4.56343668786102	0.0342748965725489	0.1316160513895
AP1B1	-0.0518841769724817	7.56501995881815	0.323291050838491	0.570481953619829	0.73579885970329
AP1G1	0.0903188953660433	6.54796138510606	2.2091761661113	0.139278813567172	0.313534899162573
AP1M1	-0.106647055022727	6.75246307503625	2.68087587993407	0.103644114754052	0.261157358280015
AP1S1	-0.322828727816376	6.71216616941883	11.402936951913	0.000932814053059195	0.0133680568263196
AP1S2	-0.0962355197301855	6.94219684062166	0.583720553400875	0.446050959540852	0.639113990785416
AP3B1	-0.12724805158531	5.66753759082567	3.53785321292473	0.0619102053308337	0.190170133464537
AP3B2	-0.225080138673219	4.81222629430712	2.01238195909267	0.158082762299726	0.339482238343525
AP3D1	0.0474760861497216	7.55614023780884	0.292794774393565	0.589233240039777	0.750009155793417
AP3M1	0.166603880919147	5.63992162994464	9.11984840394204	0.00297023265083895	0.028446854853445
AP3M2	-0.158625529647574	5.2762675372083	3.24859108292475	0.0734812161343149	0.210635983335805
AP3S1	-0.0694305324914502	5.54014969817468	0.905610917525375	0.342803828072017	0.546989333627079
AP3S2	-0.154445216357903	5.28837559155284	5.47433603212203	0.0206083728544244	0.0954540142827068
APPL1	0.148434348117124	5.8916756478258	5.87728901444312	0.0165198829892389	0.0837192861160175
APPL2	-0.135613477643855	6.34093891367454	3.1541972839636	0.0777477991175204	0.21817714721873
ARAP1	0.0333959636461728	6.54344299907963	0.147882182586798	0.701109042796595	0.827298441489776
ARAP2	-0.382084292598873	5.57035790669294	8.52285630793553	0.00404500730663913	0.0344905563080447
ARAP3	-0.435408362373239	5.83470834403785	7.36859593771183	0.00741086413697541	0.0511353982220343
ARF1	-0.00737445055265241	8.77694818907672	0.0124460318482391	0.911319168085263	0.951657375845609
ARF3	-0.241828887687928	8.17923162201331	8.09842018267663	0.00504693534444362	0.0396534841281252
ARF4	0.216329378127578	8.00230122161421	6.38425071205156	0.0125444986921596	0.0706858576605499
ARF5	-0.194852577980406	7.54020373422746	4.72837986064593	0.0312272321817843	0.123843224908803
ARF6	0.0586507027756659	6.23030896315851	0.563174005753066	0.454153071866766	0.645732731745121
ARFGAP1	0.163491011625154	6.7227475904643	2.93636503341526	0.0886594605753708	0.236337971558739
ARFGAP2	-0.111026404726841	6.6845025951045	4.76135051542275	0.0306530817989831	0.122419104011503
ARFGAP3	0.0576852522874018	5.70719232469603	0.574813708664399	0.44953515133019	0.642124038824438
ARFGEF1	0.069750716849042	5.46280522523476	1.13075047333723	0.289314475341431	0.494097344064369
ARFGEF2	0.166397152196811	5.15302046991772	4.93897298529525	0.0277455230470499	0.11472580729372
ARFIP1	-0.210401217362372	5.37445335005095	9.41244350924549	0.00255550174199458	0.0257696523524768
ARFIP2	-0.156469725970665	6.06551279029122	4.93225078205863	0.0278501022951347	0.114935531166665
ARHGAP1	0.00277919162977119	7.29432152350465	0.0011543358660451	0.972941584300704	0.984976995718476
ARHGAP24	0.167305644301251	3.74083291947876	1.42723125463271	0.234091688704606	0.434682892770971
ARHGAP5	0.0671244343144386	6.39581378957445	0.511162748959355	0.475740891437783	0.663313238632128
ARHGDIA	-0.0546250223502079	7.88981646211569	0.684888520438498	0.409215639355582	0.60785470595665
ARHGEF1	0.0111953364468451	6.30095025718366	0.016986941595802	0.896475840547736	0.943640469373206
ARHGEF11	-0.0334279251083822	5.99780803070999	0.0998567363102545	0.752438395399209	0.85952940345928
ARHGEF2	0.111926255451168	7.05378313619336	1.1456083913519	0.286179810954685	0.490936716928742
ARHGEF6	-0.0951907732157738	7.32475992026727	0.743541766678429	0.389897312735551	0.590099904523167
ARHGEF7	0.277774984481554	6.78901511353755	5.76028593608702	0.0176114828805893	0.0868330075906223
ASAP1	0.165230822106767	6.46110797930773	3.09092309929991	0.0807581305215593	0.22343516350976
ASAP2	0.0567600019807949	4.26173234050392	0.181497409208798	0.670696748309339	0.80667804835853
ASAP3	0.0687841960708347	6.11684938811826	0.37811812282277	0.53953850614173	0.71364889238581
ATF4	0.0608614915285527	8.13082899466068	0.459347400093488	0.498967258053145	0.683358075585736
ATF6	0.0623434789069823	6.03917428727777	1.19319612836931	0.276427136713093	0.481261633701931
ATF6B	-0.139466453313188	6.58274809240782	5.14948930869373	0.024670817022513	0.106750738946815
ATXN3	0.243394146503077	4.21063324100576	10.3913586151756	0.00155182728576003	0.0187380047287237
ATXN3L	0	NA	NA	1	1
B3GNTL1	-0.00896729159863579	2.61876928906259	0.0109494106248933	0.916800915578085	0.953995954913412
B4GALNT1	0.318610138952164	6.39665595512687	0.784497541124172	0.37717878456826	0.57842129672407
B4GALNT2	0	NA	NA	1	1
B4GALT1	0.588533173362991	5.40414683980254	11.2435323471081	0.00101029749841954	0.0141249097545564
B4GALT3	0.0556037383171435	5.57217046861438	0.562921820659207	0.454253948706892	0.645757810385845
BAG1	-0.0116224116569607	6.01901431841659	0.0177736802724016	0.894119590581814	0.942797739166181
BAG2	0.422797871512381	3.08135672904154	11.8228497212987	0.000756507749528648	0.0117760364140819
BAK1	-0.0461167352741985	4.45685550811441	0.298981507700023	0.5853294951534	0.746821641984504
BAX	-0.338120465141205	6.1420083472651	13.4675695297459	0.000336112481900559	0.00687273902450672
BCAP31	-0.180806803774854	7.96295273229978	6.9845230602428	0.00908950245623954	0.0580116858775875
BCL2	-0.109116700581743	4.44815996492356	1.08395481872257	0.29948015981195	0.503906334415147
BET1	-0.375368706245335	4.93143389017916	6.97603667400419	0.00913075284243373	0.0581800467489928
BET1L	-0.107097757905901	5.70826979163225	2.43016924278785	0.121115411155733	0.287352249996934
BNIP1	-0.241454730799066	4.20266895520786	6.17537707177301	0.0140458453139764	0.0757959018161569
CALR	-0.230007850393052	9.94469077003609	6.76087822762995	0.0102440444412289	0.0622169985028223
CANX	-0.230054426951682	9.96914975094417	9.85384132448543	0.00203913487430764	0.022430483617384
CAPN1	-0.220341910577302	7.09759372416168	11.1223936599216	0.00107356473393341	0.0147011407114145
CAPN2	-0.0317048768445739	7.81432612131227	0.127662431074091	0.721367465606196	0.839653450077921
CKAP4	0.0994851114469719	6.66792192285084	0.822375110197052	0.365932858068732	0.568153178801867
CLTA	0.0881514625259796	7.22955672536651	0.966139038723587	0.327218718800788	0.532376781614201
CLTB	-0.273867273681436	6.19368225777794	14.5945955949128	0.000194306027308323	0.00476110614304339
CLTC	-0.0826299090938303	8.84535808185851	2.19357398105938	0.140672988929929	0.315181611352596
COG4	0.0966849472373584	6.55031758910879	3.06849774462287	0.0818553027975531	0.225128456692415
COG6	-0.0891307097873233	4.93410396493801	1.0129885820796	0.315799528502824	0.520398605270291
COPA	0.154938374282376	8.16712576392581	6.41593499954999	0.0123317661201148	0.0699302576635724
COPB1	-0.132118914020403	7.07573448895575	3.75762974258199	0.0544340181372628	0.175882194322658
COPB2	0.0908762135694051	7.27986192634941	2.43257201952789	0.12093312637282	0.28717646180444
COPE	-0.211465639587777	7.67415106814877	5.27688863132652	0.0229857188467043	0.101881941882088
COPZ1	-0.15251241098328	7.54894630325123	4.25845549100153	0.0407688568364127	0.148074910316873
COPZ2	-0.373874499596777	4.67447518417478	3.87143078920533	0.0509484201822905	0.168825695747717
CRYAA	0	NA	NA	1	1
CRYAB	0.304249861188576	10.303210691633	2.01245234969313	0.158075536820157	0.339482238343525
CTBP1	0.0396908642777046	7.17036852493144	0.544338908743294	0.461786152321733	0.652145839225145
CTSA	0.0549702314363834	7.44962990544605	0.276187787766498	0.599982427876794	0.757251879440422
CUL1	-0.0733765521836746	6.58135065176755	1.22670317160713	0.269811937874677	0.47389191392968
CYTH1	0.199494843080097	5.4699479202269	3.98470376429213	0.0477147993340265	0.162140510397897
CYTH2	-0.0452709120464711	6.38469842889094	0.346117666483695	0.557198834407736	0.727097375001216
CYTH3	-0.0789585238817867	5.83705572765412	0.983119155443945	0.323017611173587	0.528086383307791
CYTH4	-0.141641570202558	4.95710449821953	0.820238949734661	0.36655448786181	0.568591822379444
DAD1	-0.127802360370247	7.3328157099047	1.87734507001617	0.17267179049498	0.358698903546829
DDIT3	0.53585837850868	6.0139567019193	6.85974232453259	0.00971598540720119	0.060274939990911
DDOST	-0.0475904486852146	7.93091282874894	0.363404514927523	0.547526651955964	0.719673029173767
DERL1	0.0934402646619961	6.21148353039245	2.12561328584583	0.146933420314503	0.323769370924869
DERL2	-0.210745800703546	5.56166904162425	11.4413325884646	0.000915076973365745	0.0132166361685
DERL3	0.0264484958494668	1.95274031824264	0.0284284437594016	0.866331332479576	0.926632279015683
DNAJA1	0.145604811935213	7.68539493278589	3.16537138322911	0.07722897226363	0.217257402727647
DNAJA2	-0.0793076208026072	6.55341082264838	1.66741918604039	0.198579638625588	0.392841600968908
DNAJB1	-0.107396365560233	8.00351443073323	0.706215228340409	0.402033045820261	0.600606104345752
DNAJB11	0.0865297885599036	6.07212103960846	1.39669261426943	0.239137656881338	0.439958100120936
DNAJB12	0.068228959534275	5.20870737045545	1.47508532932288	0.226442710180136	0.426354797864675
DNAJB2	-0.102000197036129	7.20419122080183	1.63535721833542	0.202927356424491	0.398234345359434
DNAJB9	-0.340735707743185	6.18109221401961	8.80113357389884	0.00350146007185119	0.0315400129419166
DNAJC1	0.0728832785354352	4.41810316787182	0.76194598494127	0.384107463259127	0.585147549649214
DNAJC10	-0.0869710192048447	6.64540298528218	1.84968292039969	0.175849221946304	0.363242224213968
DNAJC3	-0.129105407705634	5.91827834889557	2.16716669638816	0.143068887803884	0.318389780088698
DNAJC5	-0.08885300423558	7.0859173069417	1.22701256308294	0.269751791225029	0.47382172607126
DNAJC5B	0.172144296186413	-0.795532845145741	0.473322394278556	0.492519145709161	0.67754339478101
DNAJC5G	0	NA	NA	1	1
DNAJC6	-0.304821151619762	5.44778846462992	3.37840370348665	0.0680229041106571	0.201193785582582
DNMBP	0.110401929885687	4.50026875723044	0.772275354611975	0.380911629827833	0.581978625265462
DOCK5	-0.0583916415027884	3.62968062023275	0.0745200204844671	0.785239185973205	0.87908740230518
DOLK	-0.0614637518005052	5.09888454329593	0.772796158948062	0.380751500606689	0.581944003728683
DOLPP1	0.175781425869822	4.90591469916971	4.18197232073901	0.0425940815103651	0.151907242384429
DPAGT1	-0.0163955057102514	5.31642700341877	0.0891268095751106	0.765700999498589	0.867048634790932
DPM1	0.00631581259198873	4.92935002407968	0.00646053278667748	0.936043598640816	0.965153625340179
DPM2	0.213799966621542	5.98097327523396	8.40175231392532	0.00430800640441055	0.0359240292494256
DPM3	-0.14413888236855	5.16985984593615	1.2867812459075	0.258441227647738	0.46143181816934
DPP6	-0.260510891318522	7.40982523277917	2.62521447185714	0.107266733342653	0.267102927600025
EDEM1	0.194780764664734	4.87835559706796	4.04297874959925	0.0461371350988431	0.159317751268459
EDEM2	-0.270072290568005	5.41552359944946	8.1337792546352	0.00495445924397232	0.0392113878263676
EDEM3	-0.107540236507709	5.51896031578722	1.50131605149021	0.222378514177016	0.421520772108468
EEA1	-0.1024202831286	5.38996785450729	1.25767884905371	0.263872816117292	0.466882190317674
EIF2AK1	-0.0207275025818497	7.7969759378607	0.0995317750952218	0.752828249724468	0.85982048041805
EIF2AK2	0.0457810067010784	6.63210948491991	0.225399097321289	0.635643070921194	0.782578312297226
EIF2AK3	0.129948691675189	4.78310826544019	2.64277385122511	0.106109001981816	0.265232958419886
EIF2AK4	-0.0945912384995993	5.72012232364327	1.10265531503772	0.295363346028137	0.500278460542931
EIF2S1	0.0611889920388102	6.43179564175571	0.665379466721172	0.415953216585234	0.613977602095314
ERLEC1	-0.287831395667189	6.43754095047752	13.1150613902099	0.000399466958604048	0.00771776739610817
ERN1	0.154193220204208	3.55598113445	2.62839208488117	0.107056193045586	0.266805082869952
ERO1A	0.0982018817632322	5.63987513365768	0.613305998227704	0.43477343224248	0.629599723183246
ERO1B	-0.0296951255950825	3.79746083806222	0.0931751568911475	0.760599503156336	0.864071661283059
ERP27	-0.565623841067464	1.04914614037382	5.02171664846765	0.0264915509247751	0.111392041913516
ERP29	-0.116358190022021	6.86971327369275	2.13117121970276	0.1464097095409	0.323191792529912
ERP44	0.259158019035636	5.9957562406216	8.12732834846262	0.00497119935647266	0.0393173631043933
EVI5	-0.0270387969882798	4.85930504508132	0.121998875539489	0.727363640840113	0.843645208407576
EVI5L	0.115019474928197	5.64540493621679	1.28939374262812	0.257960487837818	0.461115176020784
EXOC1	0.359575102571294	6.11414418158644	8.60192404382396	0.00388226980793004	0.0337152798636144
EXOC2	0.0858930903684497	5.35959382098384	1.39973767896023	0.238628587979464	0.439654769569332
EXOC3	-0.0993870560500584	5.99706040332646	4.13037733346609	0.0438742740327215	0.154686799135492
EXOC5	0.0330481140544729	6.1466057779837	0.207612539994291	0.649300298560283	0.792475598191241
EXOC6	0.0856065865677417	3.67153635944044	1.40313619081292	0.238061994816353	0.439044838766934
EXOC6B	-0.0286902445483684	5.44284854313539	0.176614043078011	0.67489734506339	0.809650301003921
EXOC7	-0.0858245423620903	6.45238972943261	1.59553921562356	0.208485240312508	0.404996899296244
FAM71B	0	NA	NA	1	1
FBXO2	-0.694236811385666	4.54954234427134	8.46200553083715	0.0041750231835642	0.035190123594609
FBXO6	-0.386734036055232	3.88570444067151	8.38320106937249	0.00434982283867137	0.0360920219416717
FBXO8	-0.213413305633744	4.86718982808454	6.44857090757992	0.0121165599622499	0.0691356656669553
FUT8	-0.186970408310315	5.5782086395217	3.83598124764211	0.0520078738870734	0.17108083402819
GALNT1	0.00409428976052597	6.59021758954846	0.00302077862578347	0.956241768088754	0.97599109805276
GALNT10	-0.231680808404628	6.71396381600519	3.60700207858091	0.0594455887364462	0.185784283051436
GALNT11	-0.275980147251157	5.9850125615987	12.7055363416921	0.000488600924424048	0.00879556602755376
GALNT12	0.0305054103504518	1.34466164601387	0.0417785652629251	0.838317942669126	0.910525620735782
GALNT13	1.13588979741783	4.84271134793381	13.4495880518575	0.000339081140437108	0.0069153698441535
GALNT14	0.596886961865963	1.64137154511746	7.13667847708408	0.00838177768205888	0.0552771396272556
GALNT15	-0.173081138050961	6.96971568688731	0.917101112298732	0.33976946969361	0.544568382601926
GALNT16	-0.298522939394215	4.5532982710668	3.5886269656038	0.060090055823216	0.186777579488242
GALNT18	-0.328700108903685	4.30557324975283	8.0103265712324	0.00528515231933684	0.0409577967218254
GALNT2	-0.147273640077334	7.34761349243946	1.79230128651278	0.18265993499215	0.372589443344258
GALNT3	-0.126108451456446	2.0432689602324	0.3438129640207	0.558512847129068	0.727998810234202
GALNT5	1.05092122523717	2.31910854853477	11.7119857333344	0.000799450343964112	0.012185907385853
GALNT6	-0.146307911942851	2.67230129085451	0.656941736721279	0.41891846393791	0.616532415202414
GALNT7	-0.0941037097780913	4.61534851631302	0.910669598218993	0.341463411636332	0.546015812312756
GALNT8	0.0518062974164357	4.11174345942716	0.0662022147507625	0.797299415211748	0.886270229910479
GALNT9	0.32223349399376	2.86943240431374	0.970332097721748	0.326174565515794	0.531472809686326
GALNTL5	-1.06221097349814	-1.78516027569987	7.27922118824726	0.00777046190707253	0.0527178678631851
GALNTL6	-0.371983199236944	-0.877590195375058	2.24376660197733	0.136243309476133	0.309780651553926
GANAB	-0.0123952808068725	8.76452481259833	0.0312941200206493	0.859823081582326	0.922631514767943
GBF1	0.407556727019646	6.00925592785712	24.8190475742328	1.70483302802253e-06	0.000200111619449323
GBGT1	-0.174833673631523	3.37986719544839	1.35928954600008	0.245500582616866	0.446993075872026
GGA1	0.169555479700035	6.02967622545221	5.13812321605549	0.0248273249824602	0.107045193071884
GGA2	0.20527984133605	5.97683809058654	7.75264791388598	0.00605081373431852	0.044778310718598
GGA3	0.026736582467649	5.63053803118971	0.196776626824996	0.657970885690333	0.79828450334375
GIT1	0.0993253424953325	6.72226199084481	1.51583269708469	0.220167149350074	0.418918996826104
GIT2	0.043298297456422	4.79584536308069	0.361604875638721	0.548518798495664	0.720533311465429
GLT1D1	-0.236698973444619	1.39071998902617	0.710660414580358	0.400559248472986	0.599363763818944
GLT6D1	0	NA	NA	1	1
GLT8D1	-0.0822976905466355	6.38671769866343	2.08771633928069	0.150561783034536	0.32877091115839
GLT8D2	0.776872438210845	2.24665534056837	8.51127552306553	0.00406942601019578	0.0346358615530586
GMCL1	0.108895720307403	4.39079427157697	3.84587261261145	0.051709909827721	0.170482924620214
GOLGA4	0.197199937691666	5.72350071368088	4.20870521757486	0.0419464428436966	0.150524134838593
GOSR1	0.0769929209829423	5.6549693703385	2.02135234070242	0.157165012315972	0.338249885312655
GOSR2	-0.090031803285373	4.77584555598227	3.01370004867104	0.0846052973049494	0.229731029373786
GPAA1	0.00971447880118955	7.14377491949321	0.0155365737282623	0.90096990832407	0.946050454517828
GPLD1	-0.410351333017392	1.35881583376953	8.32935411601051	0.00447358389890801	0.0367434949065664
GXYLT1	0.0471482304904829	4.14503389927668	0.230660550587519	0.63173014086331	0.77956504573615
GXYLT2	0.885198578450606	2.5307865334585	22.9553221211927	3.93117933955827e-06	0.000350876440368026
HAS1	1.85722720413316	-0.173906181725626	34.2697663285298	2.88803065937257e-08	8.92021469711997e-06
HAS2	0.287281633094305	4.42151505965168	2.54163370458575	0.112972937864541	0.275926203665824
HAS3	0.961545345339376	2.67240672254927	23.0032812664467	3.84702082499678e-06	0.000345996041555457
HERPUD1	-0.112460365256473	6.80551374982335	1.34010906713749	0.248844256353002	0.451036219105116
HSP90AA1	-0.108310560333384	10.0914448076214	1.74913909658014	0.18798644821611	0.379305375644128
HSP90AB1	-0.0916223239276988	9.96569314618594	0.726288927767781	0.395439639804227	0.594806491398464
HSP90B1	-0.168695389097756	9.32196227482586	3.42006608253888	0.0663653097995651	0.198226146104465
HSPA1B	0.0447141695994806	6.38096373830208	0.0499927138872332	0.823378443732174	0.901870448797026
HSPA1L	-0.128003943350667	2.2580617465365	1.97974255256921	0.161474385216205	0.343649113197207
HSPA2	-0.366712501908552	6.04588822339499	3.83783016584048	0.0519520385344408	0.170921114584087
HSPA4L	-0.00137758532398317	4.65327398691518	0.000167889848327211	0.989679033790821	0.993870615580994
HSPA5	-0.0102039204853995	9.33700757975626	0.0103519250253012	0.919094656781299	0.955187850236163
HSPA6	-0.157106184801786	4.29488366482417	0.463687552066415	0.496949470963872	0.681509136028856
HSPA8	-0.183358739368384	10.4746599467103	5.02160401762811	0.0264932167505818	0.111392041913516
HSPBP1	-0.269926844210958	6.14184284707202	8.86957740451592	0.00337967731390844	0.0310122969724517
HSPH1	-0.0104285134226792	6.6747650275871	0.012813227991872	0.910026032115407	0.950856898329791
HYOU1	-0.0140648037609361	7.44340476033986	0.0302425658663957	0.862174128456887	0.923735865906942
IFT27	0.154889129478235	5.01694661912368	3.49777471131308	0.0633888355123863	0.192769727272672
INPP5B	0.123064440497795	4.68786916752859	3.91618553112391	0.0496436870270648	0.165931355442591
INPP5E	0.228124154302331	4.90811753564946	6.07389563060682	0.0148416336958663	0.0784844580709091
IQSEC1	-0.115518038305729	6.21405690087416	1.28281381835216	0.259173431335893	0.462192291056655
IQSEC2	-0.205475172036349	4.75246536288867	2.83905277716962	0.0940659945358094	0.246083267105047
IQSEC3	-0.232837561526673	2.95419901934866	0.584662180366678	0.445685076792422	0.638862450697686
JUN	0.0957486519685068	8.32872764235939	0.533039400498676	0.466464031450298	0.656131150673557
KDELR1	-0.163542882843824	7.54781332076889	3.58715429306265	0.0601420306204637	0.186890922264332
KDELR2	0.066493486830289	8.0869575684497	0.483294566298915	0.488003208499468	0.673846312724501
KDELR3	0.835470100761668	3.6614644047714	11.7899887767407	0.000768984398473129	0.0119070842808432
KIF20A	0.426194608871622	4.35510162266389	8.0333678306917	0.00522174727777351	0.0405637954759134
KIF23	0.512049925858083	4.14007057124128	12.6718674807755	0.000496778462767435	0.00888147573115214
LARGE1	0.272022755877665	4.94038296734282	4.64064270875702	0.0328110296831534	0.12762825343104
LARGE2	0.698457527341929	-1.15741824460169	7.50290792800572	0.00690249991375977	0.0488481407825133
LMAN1	0.12656637051989	6.64219543546645	1.59925071996587	0.207959585225797	0.404407659387468
LMAN1L	0	NA	NA	1	1
LMAN2	-0.217474363576249	7.25577137801991	6.46900368592048	0.0119838125017174	0.06856154391063
MAN1A1	0.0305765687194248	4.60005385203423	0.025211196770295	0.874054296969034	0.931430477894094
MAN1A2	0.115504484662129	5.69104694987571	3.41673700508933	0.0664961453982291	0.19844018778007
MAN1B1	0.0593546082361653	6.6269393255463	0.651265626932271	0.420931030401688	0.618253973698488
MAN1C1	-0.122092209195504	6.7365543147795	0.401498786498001	0.527275733718193	0.704167681579267
MAN2A2	-0.105589495332454	6.31603645181925	1.51163718468593	0.220803530852176	0.41962007588057
MAP2K7	0.098141495860479	5.17975166280027	1.73703924833275	0.189512189710679	0.381410256736777
MAP3K5	0.0223696132052801	5.41136445887402	0.0260710361096717	0.871942994670842	0.930150196526245
MARCH6	0.157717639348721	7.03916095110201	8.38332575276852	0.00434954039811703	0.0360920219416717
MCF2L	-0.190117612854911	5.78907005281385	1.60482610994551	0.207172916720607	0.403549667836655
MGAT1	-0.166933060645263	7.27262337658231	4.12239624396876	0.0440759295853257	0.155141456153237
MGAT2	-0.0787147050552925	1.6416968985909	0.505941899038172	0.477999234990285	0.665789713532424
MGAT3	-0.382121916909999	4.85976469243383	4.68175791493739	0.0320585357999084	0.125801081472258
MGAT4B	-0.00171865507181037	6.6172419937779	0.0003888980539773	0.984292396853953	0.991313719182046
MGAT4C	0.339098246331247	1.98785119619803	1.05589539453274	0.305797963603576	0.510547752320793
MGAT5	0.051850938089593	6.10994799126231	0.290405706534693	0.590755005226658	0.751131133825727
MICAL1	0.371051643527105	5.72919248688095	11.5572146350016	0.000863608442544613	0.0127338847866157
MICALCL	0.216809968123636	-1.85719139365934	1.22771986403936	0.269614353115266	0.47365119929859
MICALL2	-0.362292651665629	5.99938512388664	5.08466619929198	0.0255775168850887	0.109002653119023
MOGS	0.00722278686410604	5.7970272039473	0.0124110677540404	0.911443300708533	0.951702328225262
MON1A	-0.0371365453805335	4.57127813436569	0.322261790826418	0.571095412569426	0.736100000819201
MYO5B	0.8828951062663	3.54672979836483	14.7976435881115	0.000176151203496275	0.00448454460293001
NAPA	-0.0348968745127511	6.68125332527957	0.200397611103311	0.655042240861674	0.79640367066789
NAPB	-0.527609497890261	5.29795814184881	7.8522805819399	0.00574202808148548	0.0433264531604425
NAPG	-0.07074899377342	5.27037193044536	1.3343192942018	0.249864591278167	0.452217963150108
NCKIPSD	-0.000415577006391179	5.33746981029034	2.43767241938556e-05	0.996067160110451	0.997937708767935
NDE1	0.0549176511702091	5.31224564440901	0.449991406513958	0.503364750830973	0.686895951692027
NET1	0.691492669897089	4.44835788860384	19.0189139470776	2.38582410470217e-05	0.00120440505448986
NGLY1	0.0187047168779332	5.10549793390026	0.117345168605854	0.732408708901538	0.84617393605447
NPLOC4	0.0646330094036586	6.85341457443992	1.45006651286152	0.230403199501163	0.43023504137223
NSF	-0.205592186766759	6.17755840905076	5.48393827570882	0.0204995355037934	0.0952317625996527
NSFL1C	-0.133298008826727	6.63638572047206	5.96904730331116	0.0157132870703196	0.0810667474041058
OCRL	0.0872183368311264	5.72038159802534	1.66577342583256	0.19880010564418	0.393045875506736
OPTN	0.0969233925565825	5.82472810411077	0.940191472471439	0.333780604993666	0.53868449100181
OS9	0.126400753230302	9.16712377760534	0.241823452439458	0.623606968774227	0.773953155599356
OSGIN2	0.259005704237134	5.35401609821873	5.61837951373678	0.0190372630120603	0.0911629359333139
P4HB	0.00536218140007534	9.00866601638111	0.00350650286704008	0.952858647329309	0.974190064782587
PAK1	-0.149600354115082	5.74168789803118	1.98214276833509	0.16122214434824	0.343391096772447
PARK2	0.0930372811034498	2.78405598215611	0.888691881811883	0.347339249480308	0.551392543605921
PDIA2	-0.392178890461588	2.17135658456333	1.91688268136769	0.168245127234909	0.353148727428907
PDIA3	-0.179109620253038	8.3618368765524	3.62650325870022	0.0587697408270301	0.184359333980182
PDIA4	-0.140936594824369	8.06001530491429	1.49848013426952	0.222813639754871	0.422004790996115
PDIA5	0.357690620064061	3.99607445548937	6.31046465841105	0.013054824501213	0.072480830260519
PDIA6	-0.181906018864077	7.66181671477541	3.03579246963843	0.0834846592170257	0.227847795658698
PDILT	0	NA	NA	1	1
PGAP1	-0.0640295011194381	5.78099760322305	0.340051964260006	0.560669937325091	0.729433359683488
PICK1	-0.0600465289541523	4.38642466631594	0.357619061620117	0.550728225454521	0.722142462535998
PIGA	0.148821137789476	3.36166899910261	5.08011964519201	0.0256424100775745	0.109107116779665
PIGB	-0.299104393728195	2.99708312854142	9.09656272187725	0.00300607698676841	0.0286848175558543
PIGC	-0.0650997782181985	5.17627824032442	0.606521606740611	0.437320376202687	0.631468817144368
PIGF	-0.273170832778768	4.32553682378857	9.98312574460379	0.0019091646235071	0.0214634724004817
PIGG	-0.0354506871555065	5.68028686386811	0.404629483641598	0.525671903120847	0.703269685039614
PIGH	-0.15430946736616	4.67068242466836	3.09006011430732	0.0808000548481647	0.223502557497685
PIGK	-0.0984488061722805	5.22900116925115	2.01061204899788	0.158264565300853	0.339712209788877
PIGL	-0.0825899543202258	3.21402596525111	0.725216776946801	0.395787810670346	0.595292052776043
PIGM	0.198718048104104	4.03768102358076	7.1177014903017	0.00846683921330647	0.0555214440617561
PIGN	-0.203999147917772	4.86855502430274	6.77904197130021	0.0101448414520568	0.0618097710944567
PIGO	0.179405706484716	5.33878223206824	5.63697940713811	0.0188437134704646	0.0905872066364296
PIGP	0.0205696315325126	3.55107005797125	0.0451296392535035	0.832052596863656	0.907054412240629
PIGQ	-0.057977761913264	6.05106747747371	0.463866965667644	0.496866357570671	0.681434965974173
PIGS	-0.0518846831692348	6.16159375997886	0.642173074489051	0.424185351642135	0.621091926413407
PIGT	-0.106524685552165	7.37923721600876	1.32362339306751	0.251763170902358	0.454432039504956
PIGU	-0.240246471429473	5.47434851475828	7.80294318412893	0.00589285024982259	0.0440920233344732
PIGV	-0.0372740924333669	4.03461892053901	0.151840297813728	0.697332423270677	0.824893232405557
PIGX	-0.138495870214494	5.19944152062403	3.59583950820223	0.0598362009147265	0.186261625565494
PIGZ	-0.156174889677512	3.3005169612127	1.41568025025886	0.235984857142051	0.436663408465261
PIK3C3	0.0403452830414756	5.59811018785386	0.474334981302458	0.492057401095139	0.677097823779497
PIK3CA	0.241624690297254	4.80200125550046	6.71488989254607	0.0104997379841404	0.0630682828658424
PLAA	0.335459836671442	4.83093228577826	10.6874625149552	0.00133615195288579	0.0169723111158231
PLIN3	-0.44983901021903	6.87001191810141	14.9783163998233	0.000161453913439487	0.00420985878223078
POMT1	0.140843291907218	6.07981738162272	3.63606009227847	0.058441548892858	0.183821106620789
POMT2	-0.0102828294247085	5.67885777053332	0.0113758610043599	0.915202257637651	0.953155248991084
PPIA	-0.245459765200843	9.75478814402788	6.64727523998399	0.0108877570449925	0.0644425640126459
PRKCSH	0.0218055660463516	8.22939787599526	0.0803748359171139	0.777178773850987	0.8740654722776
PSD	-0.512859194318977	5.00083091167081	4.84049721255363	0.0293197518513932	0.118951236598618
PSD2	-0.147032520786271	6.45594437308015	0.388628193731227	0.533962740018365	0.709150854834008
PSD3	0.0320746474492372	5.97513326972417	0.0711603100586553	0.790019088703994	0.881956916737411
PSD4	-0.224298575371068	4.05162303885156	2.15894377631887	0.143824373147804	0.319467575252797
QSOX2	0.281988081223252	5.05610617106738	8.10375039550234	0.00503288188735725	0.0395917792975282
RAB10	-0.0571574033247802	7.8833291541411	0.958806631612902	0.329055379018136	0.534401962575877
RAB11A	-0.102629499871988	7.12426512092665	3.0477721012868	0.0828837727498273	0.226901727275863
RAB11B	-0.0968570021372672	7.41407983719916	1.55878306890518	0.213777569072683	0.411808721822519
RAB11FIP1	0.30361631887694	1.25298183686175	2.26237812722171	0.13464102892964	0.307344167995118
RAB11FIP2	0.176505548230765	3.95201550109945	5.77613407029469	0.0174593219174803	0.0863416831447394
RAB11FIP3	-0.0268780197120652	6.52818799790945	0.0965405101029918	0.756450206252785	0.862199242872218
RAB11FIP4	-0.00868661891600907	4.62531403142082	0.00182807243522335	0.965952604940793	0.981634332584968
RAB11FIP5	-0.0592118146466494	5.35451935646382	0.41972570661765	0.51805870533897	0.697299888138015
RAB12	-0.085714595402866	5.79279204360971	1.57353646060991	0.211634229990689	0.409211709842913
RAB13	-0.218831165345916	6.91936244847748	4.0319294591101	0.0464319445283655	0.159790770108239
RAB14	0.0965253934600593	7.35243579002453	2.52512684831241	0.114139324359739	0.277646492354574
RAB15	-0.26640656137489	4.88638672123369	3.99456583825649	0.0474438150759504	0.161827392486611
RAB17	-0.155179560214864	0.259620541166886	0.482768155710201	0.488239861395112	0.674014496964765
RAB18	0.0754644938601656	6.33875762856092	0.941802613606453	0.333368052349632	0.538388831156193
RAB19	0	NA	NA	1	1
RAB1A	-0.139531934722304	7.54526714066866	6.04034979257727	0.0151148997697235	0.0792777266424333
RAB1B	-0.154747485772407	7.60798145504338	5.81839870590286	0.0170602016113411	0.0852066324733238
RAB20	-0.309066048739731	4.51890641455871	4.61084522275528	0.0333680250223811	0.129190338013422
RAB21	-0.14512884092029	6.14115497517836	3.64703223624496	0.0580671782420129	0.183134346641544
RAB22A	-0.0418520453612406	5.96499173554824	0.477604552229569	0.49057141241779	0.675961102083541
RAB23	0.177434249020425	4.09704458865781	2.70106924247347	0.102363488969308	0.259182454974171
RAB24	-0.0963582140367833	3.28617682345489	1.33365496465423	0.249981996667074	0.452295158760821
RAB25	0	NA	NA	1	1
RAB26	-0.492657936408351	2.63080006223372	7.44124739824661	0.00713125066461353	0.050014633433265
RAB27A	0.206625104497883	3.8426429247769	1.57439156051383	0.211510793168832	0.409113740840899
RAB27B	0.52528723612312	3.05328823648016	4.81951255420303	0.0296672045763014	0.119801816656477
RAB28	-0.244964985942069	4.836915717083	11.3823906158862	0.000942449671980455	0.0134572481017719
RAB29	-0.18178973170218	5.8614620819874	2.99071918928971	0.0857884544104954	0.23171075582004
RAB2A	-0.0129537523032902	7.28364099460843	0.0453594536356429	0.831631970538274	0.906954907591473
RAB2B	0.0506857362747588	5.12946477864121	0.425211115527128	0.515340461267144	0.695115898855653
RAB30	-0.149192644582108	5.19644495348907	2.11092532585252	0.148327729446049	0.325527778703867
RAB31	-0.374650140351658	8.83012501075364	13.5673105441123	0.000320120768984368	0.00670340314999023
RAB32	0.0357073459125493	4.97191282534387	0.0451612073604216	0.83199475192753	0.907033476070353
RAB33A	0.690898922434536	3.71262767944666	8.00607720490108	0.00529693219858109	0.0410092963157957
RAB33B	-0.178783607801765	4.02863512883913	4.01366672265947	0.0469236265660944	0.160918219139883
RAB34	-0.33697632363562	6.33361374601052	3.59903715723383	0.059724024401518	0.18610935202459
RAB35	-0.0150533803278917	5.89800273069853	0.0557367260487644	0.813685950556629	0.896103620996663
RAB36	-0.251443008396425	4.46980678350647	2.07251054879264	0.152046281646505	0.330935040831716
RAB37	-0.0223750547826417	2.17532970359323	0.0217960153183897	0.882828171658573	0.936631900907855
RAB38	0.47354417101618	0.648356312494987	5.68796761839293	0.0183236024788785	0.0889062101259187
RAB39A	-0.115717023092836	1.52339654146485	0.65679812624019	0.41896920569734	0.616543478950065
RAB39B	-0.0308665913080665	4.49739937394792	0.0895389002009615	0.765176002740444	0.866857526542794
RAB3A	-0.492847972898293	4.51357501527909	4.51721569690628	0.0351841562309931	0.134055004604177
RAB3B	0.882958800138491	2.50182584691056	13.1641382549559	0.000389962971204995	0.00759037378612441
RAB3C	-0.1272267753628	3.3900827195172	0.143652002593601	0.705209995419253	0.830029052971899
RAB3D	-0.20399139825263	3.8377863799693	3.87570521562962	0.0508222402471102	0.16847920739453
RAB3IL1	-0.0194774123069278	4.42327708267815	0.0210316323042102	0.884886389756989	0.937864507547208
RAB3IP	-0.517508233828599	6.05007481300607	5.98721179025908	0.0155585407244845	0.0806366088112746
RAB40A	0.195106001087637	0.211057312445119	2.8303200011671	0.0945685868536882	0.24690279254849
RAB40B	-0.233742398126383	4.35420904528302	2.75602214591524	0.0989660615647377	0.253478377432695
RAB40C	-0.0425204411448878	4.94228247896396	0.304255811135982	0.582042738783394	0.744043525034112
RAB41	-0.0662576143003994	1.8380446489349	0.261582218652077	0.609783001011471	0.764149378910062
RAB42	-0.199002175523081	3.33475568873663	1.76071158494448	0.186540673916689	0.377481441917304
RAB43	-0.0570417874626243	0.472229643182073	0.194678649601078	0.659682520596502	0.799287059382795
RAB44	0	NA	NA	1	1
RAB4A	-0.261647148960729	5.7737086026206	8.56021436878882	0.00396725912269328	0.0341501432512292
RAB4B	-0.405385961728029	4.48595863871649	18.1619535692603	3.55930322917059e-05	0.00154724229632501
RAB5A	-0.0389257737521799	6.69630510734877	0.366046751866801	0.546076037576488	0.718571046923621
RAB5B	-0.0757752617490091	7.60492221876929	1.46495588797931	0.228036182378107	0.428062482618447
RAB5C	-0.124418583666544	7.23943954377861	4.17167754412469	0.0428463118027078	0.152478480917475
RAB6A	-0.0656404320771612	7.57283234902111	1.1847635794625	0.27812415784339	0.483168314206099
RAB6B	-0.0126954158830232	6.84422709239128	0.00832489424687979	0.927422248110262	0.960017191521819
RAB6C	-0.000806932949735038	-1.00570071670058	3.84975608302859e-05	0.995057642318014	0.997207278547234
RAB7A	-0.0714627619639092	8.53794255120957	1.47489448688846	0.226472606908692	0.426354797864675
RAB8A	-0.0998081369636598	5.20385617371902	2.35563064825882	0.126925961642023	0.295589342955864
RAB8B	-0.128229532952875	5.79878836768121	2.24273903082723	0.136332399280585	0.309893167494186
RAB9A	-0.205085460708052	5.44486311117852	4.07452389548174	0.045306385898663	0.157722393976748
RAB9B	0.298643187776393	3.28741957944247	5.48675526238536	0.0204677203668538	0.0951630080504952
RABEP1	-0.0997022631889768	6.42581593603363	2.95529808724958	0.0876476548292669	0.234694228962489
RABGAP1	0.185764658223731	6.32396212130636	6.19912208199214	0.0138661380477833	0.0752238790232642
RABGAP1L	0.0122622064607466	4.90672762279217	0.0282948733398498	0.866642745138658	0.926632279015683
RABGEF1	-0.0310730798411767	3.20806668952829	0.13731437691581	0.711485400072043	0.833924894308887
RAD23A	-0.0194058601581433	6.77288776729742	0.0875757917524694	0.767688917061654	0.868134195929534
RAD23B	0.238680268702939	7.3677747006763	15.9977442426624	9.90253406286225e-05	0.00300714210338459
RALBP1	-0.092722325638416	6.4184354260283	0.731370386817097	0.393795502582256	0.593550509028887
RASEF	0.661059225751844	2.32013568426376	4.46670236325218	0.0362070922079882	0.13666590810264
RBSN	0.240018536259538	6.00156861483941	9.27571375718987	0.00274134624612349	0.0269699755999592
RBX1	-0.214781327390417	6.30152510545287	2.75562082756621	0.0989904174552206	0.253513098335572
REPIN1	-0.0384428997522393	7.31984569772493	0.21210567188749	0.645785161172139	0.789994111744269
RER1	-0.00196427845987777	6.790542740853	0.000811890378397841	0.977306059336649	0.987110751809947
RFT1	0.0633734224982175	4.91296750993198	1.17828567015657	0.279436797094194	0.484453425036124
RFWD2	0.0631773943393682	5.5392195161359	1.10338297870033	0.295204637063482	0.500153998587381
RNF185	-0.078086434741634	5.78547579062994	1.15015217401675	0.285229865707715	0.490179405846049
RNF5	-0.0632599172528108	6.01899083256976	0.457559017015604	0.499802753177194	0.684143088697969
ROCK1	0.164791313310552	5.42755781801751	4.07789163968647	0.0452186410367919	0.157486999955141
RPN1	-0.0978437993141781	8.36303925235674	1.72429007988678	0.191135574219832	0.38315329124822
RPN2	-0.0712296983166064	8.50188836848079	0.928593505281293	0.336770774501361	0.541450344623576
RRBP1	0.0461301847109875	7.07530181275997	0.127393089908828	0.721649191471036	0.839809593768424
RUFY1	-0.131344667806095	5.8748821815621	3.55504743904734	0.0612872694940225	0.189073119214441
SAR1A	0.254361070420262	6.44660852398721	17.5995095289506	4.63510031285886e-05	0.00181340574573415
SAR1B	-0.255179441339008	6.44109147839251	11.1789867824753	0.00104351785771434	0.0144176210665017
SEC11A	-0.144222478538288	6.85307441611066	2.79342761293183	0.0967246518903175	0.250200999877624
SEC11C	-0.577871663877324	6.74759272377476	19.4726038035854	1.93265139742651e-05	0.00105487583713091
SEC13	0.118369832444894	6.93996467791908	2.680238514203	0.103684822522626	0.261231890511552
SEC16A	0.309748647238291	6.66398047340293	13.7225194517176	0.000296764610134222	0.00634843711636551
SEC16B	0.21414832806832	-1.53445829918252	1.77488467457777	0.184787718606328	0.375299092106328
SEC23A	0.0966859591394717	5.83475758542234	1.07756516968126	0.300903819708702	0.505323813409791
SEC23B	-0.0527220818439725	6.65757921367991	0.67839179372391	0.411441241605424	0.609771557891643
SEC24A	0.015835421881328	5.09912714623322	0.0513112016967045	0.82110382867454	0.900471444723483
SEC24B	-0.0997459323590885	5.53946551235835	3.07293969843781	0.0816366946115324	0.224790588775497
SEC24C	0.333324770300632	5.07582026657036	12.082406204782	0.00066495566703631	0.0108321785759961
SEC24D	0.267523786013201	5.40499353005055	5.02735179063162	0.0264083467410615	0.111160825294946
SEC31A	0.155079638795705	7.17777891084528	5.33988195161663	0.0221975207347444	0.0996489963142839
SEC31B	0.57948090897236	3.37399206371423	10.2707441770149	0.0016496242388042	0.0195124724235473
SEC61A1	0.0788284393712204	8.87728133777743	1.14198484210742	0.286940268235296	0.491759936961039
SEC61A2	0.243477826873664	4.39458583659277	4.97710168222055	0.0271601070460242	0.113041906524534
SEC61B	0.0298151172232932	6.19787584068765	0.13598550854646	0.712822034644879	0.834649482854265
SEC61G	-1.32098825992709	9.38904746463649	11.6130907712427	0.000839859272538742	0.0124935719667772
SEC62	-0.0978415538255234	7.40388978646703	2.42089303750311	0.12182203218713	0.288416579279948
SEC63	0.287436115851518	6.53592038648937	16.8689366438737	6.54424250362352e-05	0.00229211941700222
SEL1L	-0.0496256291554054	6.55040069803564	0.411064068639817	0.522402734450677	0.700433697082655
SELENOS	-0.23359147284426	5.98831277599837	7.28447448452566	0.00774883427236155	0.0526319509574003
SGSM1	-0.401666785707524	2.5210988788394	2.96380365904236	0.0871972249925103	0.234007963813214
SGSM3	0.00112471149321844	5.70621261677844	0.000165622775324955	0.989748950470787	0.993898308664924
SIL1	-0.162889553973452	5.53576441433636	3.05625303578043	0.0824612296610925	0.2261590028116
SKP1	-0.470875123335319	8.87236419665182	25.1653195381754	1.46149131148667e-06	0.000178682536697073
SMCHD1	0.169121145953527	5.69559926905021	4.06802078711648	0.0454763344036128	0.158032786645508
SNAP23	-0.206771970226624	5.2882028830625	5.59843690131533	0.0192470942478804	0.0917371566757874
SNAP25	-0.869147926253571	6.73822734539489	7.91126061669867	0.00556694268071023	0.0424630589699432
SNAP29	0.0151183456417131	5.50652193483487	0.056560350530791	0.812340144768727	0.895537618367046
SNAP47	-0.0893150573643195	5.57284407140013	2.4175697236145	0.122076309017072	0.288872911075277
SPCS1	-0.190160931139171	6.94908372358141	5.735885107873	0.0178484717576151	0.0875030623445034
SPCS2	-0.23916999201596	6.2111013243194	14.2494401723636	0.000229664253718418	0.00534979848354049
SPCS3	-0.0833406172335963	6.93378207356255	1.05318913311509	0.306416437513089	0.511035129959662
SRP14	-0.237342989406023	8.02813315256639	6.00816710708501	0.0153819895829345	0.0801177729123395
SRP19	-0.0911606083732445	4.30917915263664	2.02716993458323	0.156573087152065	0.33743716268975
SRP54	0.0955425052175978	5.67246119896175	2.57133021251955	0.110907783623633	0.272783876024849
SRP68	0.00241860349003631	6.55487449134185	0.00246105959444152	0.960499540487156	0.978792802340046
SRP72	0.523247036522	7.16221609843099	19.0865562166758	2.31194441644521e-05	0.00118494723213176
SRP9	-0.261884380001875	8.05999958386215	8.65550415994313	0.00377583534010605	0.0331589819579684
SRPRA	0.148796327407447	6.77873647967157	4.80415894970782	0.0299241670580388	0.120549150080728
SRPRB	-0.0208678439136493	6.62586410064014	0.0562797202057172	0.812797525943812	0.895678650012624
SSR1	-0.0276495482546582	7.53135438277905	0.201696701711401	0.653999288343465	0.795563004330958
SSR2	0.0137564977322722	7.92019198841943	0.0167982822084421	0.897049071736879	0.943893940111681
SSR3	-0.18044641946282	7.70664667524845	3.1337385841439	0.0787075680067051	0.219950172784452
SSR4	-0.0929687447274481	7.49602562551128	0.768881639448844	0.381957429100956	0.583043626948887
STT3A	0.146171692459083	6.9890746708246	4.98943152164323	0.026973589236851	0.112584998887951
STT3B	0.119456713046335	6.86699195866947	3.01864795013568	0.0843528956104777	0.229249546940449
STUB1	-0.20152338766994	5.60835212181485	7.35580726911791	0.00746124538738621	0.0513021538446584
STX10	-0.120992598092454	5.89376695068119	2.57015822311349	0.110988486388565	0.272868006858523
STX11	-0.0825103243478183	1.58037618464418	0.312866592047507	0.576755890094355	0.740072577846153
STX12	-0.107083041692384	7.04706005102117	2.40444560037096	0.123086296767213	0.29042689048315
STX16	0.0345135243082482	6.27630204607301	0.232230976560174	0.630572878638869	0.778674017210167
STX17	0.119244097693172	3.64132168645788	1.72636250880566	0.190870576920485	0.38288291938399
STX18	-0.0640678273061394	5.19805529138549	1.7281252895165	0.190645513744599	0.382594920889178
STX19	0	NA	NA	1	1
STX1A	-0.17540258290366	4.30402361547371	0.954683527848241	0.330094211890593	0.535422300298493
STX1B	-0.341171265303462	4.87602153135076	2.65472496626936	0.105328951705224	0.264035401735148
STX2	0.0366166901394546	5.03884527137584	0.339828886583037	0.560798383817462	0.72956003445639
STX3	0.108167813298676	3.98238966880657	0.869403465358218	0.352610363207242	0.556131840902496
STX4	0.0462141282908333	5.42538310506486	0.601922016427698	0.439060184922528	0.633211933910572
STX5	-0.0540572020966471	5.75154280982663	0.805624773058762	0.370847147165521	0.572714863984436
STX6	0.00186449038471861	6.06695292393784	0.000917055315283684	0.975881442912031	0.986811449595805
STX7	-0.0606239525967721	6.09581200636481	0.56621603826769	0.452939002526541	0.644879046743357
STX8	-0.303791379899104	5.46686822794746	8.62952615984161	0.00382705918924307	0.0334337132148463
SURF4	0.204549758446278	8.01699992023518	6.16960182229658	0.0140899189475438	0.0759464425659343
SVIP	-0.16870756535447	4.16766656121848	0.717936888561703	0.398163693709494	0.597449152782962
SYTL2	-0.436211909991559	5.76333208547256	6.93328908367161	0.00934150775897532	0.0589310811970402
SYVN1	0.0480804588074707	6.11333699562974	0.580291743305487	0.447387237284044	0.640367258911527
TBC1D1	0.0181662213954361	6.1788275797216	0.0348172385317222	0.852229832288116	0.918399700180883
TBC1D10A	0.189798636382844	4.13976038767118	2.51989585635459	0.114511741751683	0.278006890669046
TBC1D10B	-0.00708648207771865	6.56328860537629	0.0150789763646751	0.902431695682181	0.946756720645521
TBC1D10C	-0.152353759659196	1.6954070179272	1.04769156905293	0.307677856109343	0.51217648570888
TBC1D12	-0.0522514078684401	4.2811561171834	0.35192992057295	0.55391101140472	0.724737031476195
TBC1D13	0.249329625266828	5.74316815315442	12.2743229364331	0.000604609424343434	0.0101755590217703
TBC1D14	-0.006932174005713	5.32134037044396	0.00440652423083918	0.947161864967775	0.971284680365801
TBC1D15	-0.0835386970957031	5.69176620253501	1.14336711615879	0.286649872307305	0.491477547479488
TBC1D16	0.211032966706314	6.42222168899232	3.69252011175878	0.0565423544197991	0.180041515685064
TBC1D17	-0.0628518507673241	6.0140910644814	0.578627402857728	0.448038118379588	0.641021929106019
TBC1D19	0.0491305952762335	2.90809180418555	0.472317167501078	0.492978255156357	0.677924520301132
TBC1D2	0.139426852115302	3.34726282934746	1.3592236265056	0.245511979044107	0.446993075872026
TBC1D20	0.0289839693991977	6.1853660087211	0.19517839798452	0.659273803398782	0.799173454221558
TBC1D21	0	NA	NA	1	1
TBC1D22A	-0.000558674862248691	4.70522933231882	4.55818134204538e-05	0.994622098434514	0.996947453101241
TBC1D22B	0.176357498223766	4.41448740042989	4.93089235426447	0.0278712860609673	0.114995666397934
TBC1D23	0.0446598681840286	5.55760751157467	0.396786363327032	0.52970648830186	0.70581427634659
TBC1D24	0.022502914247782	4.66793089438709	0.0681046398600606	0.794472585302173	0.884681762717192
TBC1D2B	0.0500388470671831	5.13612212097252	0.216688140756317	0.642246354799621	0.787551111767555
TBC1D30	-0.477343933325617	3.08499117004723	4.19018824710793	0.0423939168522622	0.151559084569606
TBC1D4	0.0931343743965041	4.35106151576694	0.882944011482572	0.348898674334347	0.552485663877798
TBC1D5	0.0961034516569299	6.49354370718962	1.45328031513861	0.229889775902789	0.42974458845862
TBC1D7	-0.0674831960046172	4.40977177076342	0.438660950584925	0.50877999242656	0.690552271883265
TBC1D8	0.1793457638804	3.92737122753601	1.39108860937805	0.240078004051655	0.441107628922084
TBC1D9	0.108417921641619	4.538270654686	0.759761747971374	0.384788146716143	0.585842324297233
TBC1D9B	-0.0726016603755453	7.50281408803136	0.858431341328633	0.355657885081313	0.558457986677992
TMED10	-0.25593039766828	8.65344665162693	10.005328716297	0.0018877138564618	0.0212834750559964
TMED2	-0.085077344317068	7.81422481265255	0.941546548796702	0.333433575102565	0.538443986314364
TMED5	-0.0980012707611891	6.86348474875245	1.35149214221887	0.246853159384698	0.448605021552713
TMED7	-0.323492203270881	6.8873923875403	17.3926287798226	5.10956284862351e-05	0.00193143121269869
TMED8	0.198916623744498	4.86700444969263	6.18186365278057	0.0139965141918752	0.0755976693415811
TMX1	0.0192722841984604	6.31012300679434	0.0409974702362527	0.839815613179409	0.911327279205503
TMX2	-0.223924564007409	7.32751235039695	8.10862476268322	0.00502006561647749	0.0395307012013394
TMX3	-0.0391460525255706	5.95746907715191	0.268447690882843	0.605134010733729	0.76080101590507
TMX4	-0.179281783738545	6.96837613271013	4.04222364702436	0.0461572186096199	0.159317751268459
TOR1A	0.0429433030250041	5.8841805573443	0.442087038556362	0.507131983636082	0.689391717852293
TRAM1	-0.229157853347193	7.59473765999759	5.15595171145868	0.0245822935461565	0.10652213829839
TRAPPC1	-0.242029308234938	6.46069864875495	11.2745899291289	0.000994700484439621	0.0139650712749615
TRAPPC2	0.0153865764141578	4.19133050779217	0.0334484502521988	0.855130530918095	0.920372951984015
TRAPPC3	-0.0781489726959897	6.29742642719305	0.666590713528633	0.415530123639405	0.61359590705384
TRAPPC4	-0.111922653757332	5.86864943498096	2.20121683746708	0.139988075171382	0.314460134491464
TRAPPC5	-0.0473998738740129	1.79841926489384	0.160904339952902	0.688892860803037	0.818800396115665
TRAPPC6A	-0.175282705867428	3.86520622197933	3.15707256017019	0.07761393559804	0.217931761271339
TRAPPC6B	0.0594164790765774	4.7498718941737	0.552139581065256	0.45860033522615	0.649528534287826
TRAPPC9	-0.0575036554108187	5.58228109101082	0.488276997360851	0.485772742536857	0.671899176696548
TUSC3	0.234968885344587	4.95843329124347	0.750607391838618	0.387659810226509	0.588230535569299
TXNDC12	-0.101343001109471	6.71785479816286	1.72592739073526	0.190926178730759	0.382928682335017
TXNDC5	0.247235449634702	2.23499909131091	2.78922066901137	0.096973928760228	0.250457883999613
UBA1	0.0992154236688292	8.68580416915406	2.13425492743232	0.146120055634064	0.322850383134625
UBA5	-0.0630299790949219	5.46093377805514	1.33019869833813	0.250593915648193	0.452985087119104
UBA7	0.0153570946461132	5.58099318504689	0.0135475316138195	0.907495198087183	0.949692045824909
UBE2D1	0.0328983915373693	4.10477541185955	0.218515146640892	0.640848153160056	0.786493937746597
UBE2D2	-0.127491246180768	7.06071389491603	4.99568397101314	0.0268795212374738	0.112312189663307
UBE2D3	-0.105348527044776	8.11122680461218	2.7856563703221	0.0971856798805708	0.250739588432381
UBE2D4	-0.22562909107735	5.95736129970954	6.08848404834414	0.0147244057120515	0.0781921213862936
UBE2E1	-0.0301546680527099	7.24851468078774	0.138933627905198	0.709866597926817	0.832918464284237
UBE2E2	0.206262541763804	5.01185991360802	2.78626300548711	0.0971496044340057	0.250685920026805
UBE2E3	-0.139512221846145	6.59141212537444	2.95327603129391	0.0877551109673995	0.234887511385261
UBE2G1	-0.0570033264938876	5.73644338642568	1.09730279101592	0.296534163234038	0.501248862083662
UBE2G2	0.216926793289743	6.56373441717256	10.4736599936341	0.00148852455556698	0.0182978993397532
UBE2J1	0.137853488116256	6.23228013618761	5.09819302979074	0.0253854655742224	0.108599470781844
UBE2J2	-0.0432332008189536	5.95171075586869	0.415312941852918	0.520263797804861	0.699208386992176
UBE4B	0.2698464705248	5.6863035158244	11.5924202746767	0.000848566043417006	0.0125752773378604
UBQLN1	0.0888054247518131	7.16949255810461	2.38711601419885	0.124434288764143	0.291863558598071
UBQLN2	0.118775690828468	6.11085055097092	3.91681395400507	0.0496256226605064	0.165918226225997
UBQLN3	0	NA	NA	1	1
UBQLN4	0.0797571003066177	6.30976815962663	1.01258541884395	0.315895528306473	0.520460394842087
UBQLNL	0.373671464455091	-0.486644535231867	3.02192007094788	0.0841864302163842	0.228964461000974
UBXN2A	-0.0545522222724291	4.99114172188127	0.639084170732758	0.425299532540844	0.622062510241371
UBXN6	-0.142497301784671	7.18561386543198	4.16705724440635	0.0429600284745395	0.152662662625021
UFD1L	0.0370750756937875	5.96991558280393	0.157817896595714	0.691735013165178	0.820936208262738
UGCG	-0.427522128748793	5.93598165951358	11.7063512519091	0.000801698278275672	0.0122050653523106
UGGT1	0.0971860017597975	6.08707621516589	2.02942287541324	0.156344543044622	0.337189238005722
UGGT2	0.0216928015084485	4.25549664974236	0.051948123930698	0.820016037187956	0.899809329276492
USE1	-0.225238401921246	5.21632993791961	6.08090742576137	0.014785168265878	0.0783447042603208
USO1	-0.0167512302646981	6.0728830110104	0.0858455358822015	0.769929297829414	0.869536701334985
USP6	-0.440360959389332	1.25011185037922	3.69112811309411	0.056588373854516	0.180041515685064
USP6NL	0.0176184533023664	4.60941909142141	0.0563907183532097	0.81261647352203	0.895678650012624
VAMP1	-0.0747067378859766	3.90619150652757	0.251311539156922	0.616883822166855	0.769308299745053
VAMP2	-0.282023493879617	7.37016555701385	6.34342423223628	0.0128242504690837	0.0718292664068886
VAMP3	-0.115431355916392	7.17827470422857	1.43956358472285	0.232090848097271	0.432251711221465
VAMP4	-0.11229222797721	5.25713657719796	1.97017713652876	0.162484144292627	0.344984877272533
VAMP5	-0.752584478375466	6.28972584460097	17.0547001154095	5.99349456365428e-05	0.00215784189244203
VAMP7	-0.0884532938299236	5.76140125907613	1.53212535625655	0.217716692417407	0.416566208118547
VAMP8	-0.500352660727746	5.5567728888503	6.21654743105238	0.0137357824034303	0.0747954430878739
VCP	0.256445638381752	8.21430624725954	13.886766703768	0.000273936728704214	0.00603226150994628
VPS45	-0.0532180931793558	6.21115963906042	0.865578162416804	0.353668752563392	0.55705986097863
VTI1A	0.323474464009199	3.62545468034078	25.5254861406163	1.2456573050326e-06	0.000158607850928444
VTI1B	-0.083841526987997	6.10071368063713	1.41052790238237	0.236835331015678	0.437684818159505
WAS	-0.221146972492039	4.45369161057124	2.05393661524589	0.15388234779759	0.333762783443447
WDR38	0.155245817015257	2.05318491286228	0.144841679119604	0.704049744919462	0.82920393920222
WFS1	0.0378449609828159	6.08662071663539	0.0978646304484142	0.754839407408687	0.86123749633088
YKT6	0.133610177573222	7.75125911154788	2.63315523217078	0.106741456347653	0.26640550439142
YOD1	0.367103370790744	3.79510433131723	14.1304154946796	0.000243325813407523	0.00555080194154698
YWHAQ	-0.0422102846610966	9.06704928012924	0.308056361337334	0.57969735362754	0.742128358205999
