pspGenes	logFC	logCPM	F	PValue	FDR
A3GALT2	0	NA	NA	1	1
ABO	0.677259134647175	1.40945079038755	3.10842194996238	0.0823225834151012	0.27863633139257
ACAP1	-0.387317222769608	5.34649026652389	0.998521421869177	0.321165155966665	0.564034508492614
ACAP2	-0.0737147773873192	5.72165079037464	0.151063913053791	0.698719216454135	0.846480752205662
ACAP3	0.245476249901939	4.89962526467894	1.11011358208506	0.295738260134086	0.539233703308515
AGAP1	-0.473753243921741	5.82610688710466	4.55988777210007	0.036286587218001	0.190117495303777
AGAP2	-0.257360377485355	3.71390453584579	0.689507551073869	0.409200049632937	0.639452421310846
AGAP3	0.20223451946901	5.60203051094704	0.765746866893129	0.384576375999943	0.619835506870146
AGR2	1.32483452296214	3.1276116632982	1.45926385281164	0.231177408040085	0.472547237083397
AGR3	0	NA	NA	1	1
AKAP10	-0.181299122602157	4.95628895883296	2.45109787775849	0.122024452058028	0.338845530774179
ALG1	0.0222468774316921	4.27521579068215	0.0202384911279586	0.887288213474931	0.94757414677368
ALG10B	-0.27869506947842	3.77527397084085	1.67527529151929	0.199874895773506	0.437593524571477
ALG11	-0.351088920259935	2.87298406448984	3.00613307526501	0.0874227781695142	0.286861667327726
ALG12	-0.0518847813454413	3.43540833934826	0.0753445617773515	0.784529722307932	0.895342626583937
ALG13	-0.198947617548378	5.22840685756814	2.30357351723338	0.133652105050566	0.354163799312949
ALG14	-0.349927113530482	3.43118057797553	4.70709861391485	0.0334903804327553	0.183571691905775
ALG1L	1.02389763625253	0.149141820981173	7.01664019948708	0.0100051680504396	0.113314238883587
ALG1L2	-0.434090162444376	-0.0886544643358152	1.38493895032502	0.243311373168641	0.48556356349733
ALG2	-0.217905769352525	5.6261591450009	2.03376691404316	0.158354335073897	0.386542916330859
ALG3	0.164493766207886	6.23195996909439	0.950537633428518	0.332993192932837	0.574515175592178
ALG5	0.103085434200431	4.32912413465319	0.564109285206114	0.455166977915488	0.676323292788169
ALG6	0.386288577612295	4.42080457050384	5.1016430634387	0.0270717649640972	0.168357944965183
ALG8	-0.0381859253434338	4.87621353394194	0.0402538598287743	0.84157612457592	0.925987606151031
ALG9	-0.13514779720183	3.04398546426102	0.478036051751795	0.491636441759863	0.704312100974236
AMFR	-0.286589800020591	6.54164404478494	3.94805890668327	0.0509031476868767	0.222193961723343
ANKFY1	-0.277650922155909	5.82997768290991	3.18700352664307	0.0786273134911137	0.272403084856489
AP1B1	-0.00556544811829864	7.31576008874094	0.00237664853437008	0.961258871811761	0.982936480175393
AP1G1	-0.393093743285551	6.76195924440906	8.6285248460988	0.00449721769674262	0.087340772182088
AP1M1	-0.385795399872774	6.30013804531478	5.39363716254433	0.0231712686841202	0.157586229002532
AP1S1	1.37604584834974	5.76303743574779	18.0253157814882	6.68375000869611e-05	0.032123550542397
AP1S2	0.409262078674997	4.78322154308734	2.52163066315973	0.116873326358642	0.331479444909823
AP3B1	0.218691899692241	5.45329438476606	2.36964895810162	0.128295232649099	0.347234243251699
AP3B2	-0.867300721516402	4.99035913676264	4.66955171165856	0.0341809370402218	0.184752070983425
AP3D1	-0.0133009674226172	7.65782622011664	0.0167574286109062	0.897378371558784	0.952200032075829
AP3M1	-0.315583487348267	5.48197205682179	3.5042434282169	0.065456703617907	0.247873555142929
AP3M2	-0.524870714855517	5.85913527444223	6.37383239877842	0.0138884487809637	0.128128323741092
AP3S1	0.293779766507218	5.11530727892127	3.97424235139911	0.0501618693448895	0.220714004853875
AP3S2	-0.0371619633853551	4.21483430497021	0.0727849486960201	0.788130632070122	0.897397239463584
APPL1	0.524537027641842	5.31906107314267	5.24636288245933	0.0250579346891044	0.163126497137495
APPL2	0.0749278874371887	4.89111211619053	0.190063490448067	0.664226727884062	0.824565341927346
ARAP1	0.176596591004402	6.56539883847406	0.516204098292805	0.474894902429104	0.691373048424265
ARAP2	-0.47008992550102	3.50499095846424	1.57732710258138	0.21338836302715	0.453372585931334
ARAP3	1.12122294437495	4.43023808730077	14.663187619655	0.00028003115760802	0.0442395719882275
ARF1	-0.120837214885666	9.15117849616439	0.726851196107113	0.39685972123385	0.630160577557865
ARF3	-0.132876790930583	8.24374980096204	0.855463785146423	0.358239455298005	0.598062408949076
ARF4	0.333987527450794	7.39232610088143	4.0391713376357	0.0483735365477071	0.217120670827503
ARF5	-0.0822800377728029	7.80248915831187	0.264395530626262	0.608761694453588	0.789118774757328
ARF6	0.132655239998489	7.36253950593489	1.11592894083527	0.294486785882726	0.537900857960768
ARFGAP1	0.108689069801876	7.3920991538423	0.728204130087281	0.396422951100929	0.629759116819725
ARFGAP2	0.00222395520764047	6.89710967094922	0.000368552526531793	0.984738862314262	0.993430326282463
ARFGAP3	-0.194005152434043	6.08490781665259	1.41110441420947	0.238952056680685	0.480655273398882
ARFGEF1	-0.333782503200277	8.17132453861427	1.29005643625547	0.259973043945399	0.504270853912391
ARFGEF2	-0.120443054041726	6.26175148131483	0.306223880288471	0.581797972757066	0.77039639752055
ARFIP1	0.378592659846554	4.44781881173801	4.03167033394925	0.0485765717339843	0.217522824953825
ARFIP2	0.377305007828051	5.43365225445121	4.6547402489229	0.0344575241333274	0.185310054440356
ARHGAP1	0.0131218642874138	7.12276287799354	0.00747886987432575	0.931335325478663	0.96892593465759
ARHGAP24	0.0643279329379529	2.44459989703277	0.0286044551157545	0.866191122662424	0.937723732404656
ARHGAP5	-0.27466261246121	5.71480937221726	2.45906287008464	0.121430092803964	0.338093370488297
ARHGDIA	0.366056506492378	7.45370442506331	4.88944719326499	0.0303423309246637	0.176488089779405
ARHGEF1	-0.358700388887512	7.18708011417605	2.17178313259885	0.145117554099182	0.368370759832363
ARHGEF11	-0.318876910084509	7.0027017966307	4.24265177686915	0.0432007015558635	0.205427279523875
ARHGEF2	-0.3312241401618	6.8139281477014	2.30994633500764	0.133124498669498	0.353500243889115
ARHGEF6	-0.108581994151401	4.60203036256005	0.116025878172364	0.734421815053865	0.865855322691369
ARHGEF7	-0.158828892991587	6.12228247195692	1.6730666314039	0.200168089680089	0.4378875576235
ASAP1	-0.182593973198737	6.08983527899464	0.940717044820222	0.335486125801381	0.577090115698153
ASAP2	-0.999595287905364	4.28674262281655	5.51658821299026	0.021711762994505	0.152484240227059
ASAP3	-0.808931128287264	6.53993677147349	8.06762367838657	0.00591982303249413	0.0946764383177951
ATF4	0.393423861671288	8.29763347886479	3.55168405419866	0.0637037193649048	0.244778210907472
ATF6	-0.0699905284359846	5.37983613315261	0.165665497936902	0.685254836412813	0.837883530153353
ATF6B	0.217088332763151	5.80210322321307	1.16810709444607	0.283559156725608	0.527322711122201
ATXN3	-0.221534147340581	5.43127238183502	3.0847609883536	0.0834724283261447	0.280636598796861
ATXN3L	0	NA	NA	1	1
B3GNTL1	-0.311415991960552	2.87745877685025	3.84557468890009	0.0539206534782265	0.227564057890157
B4GALNT1	-0.527330868633894	4.23258044148018	1.41008543552786	0.239120008231977	0.48084987563388
B4GALNT2	1.07669256209665	1.54011909700582	6.61758116857665	0.0122561669900654	0.123472668503083
B4GALT1	0.258437246407413	6.88477364697422	1.63750497981973	0.204960482690808	0.443327361313343
B4GALT3	-0.0387167061213015	5.49433369235437	0.0766847088636831	0.782670608944467	0.894135650759966
BAG1	0.520387070477453	5.12186707470414	7.69323899368377	0.00712583350625689	0.101634300434554
BAG2	-0.621868331942071	4.63343856999875	8.38712716819849	0.00505978928076656	0.0909567907330428
BAK1	0.401074715947008	5.64351704412385	3.81038270535709	0.0550010830979732	0.22935303700051
BAX	0.28524097113234	6.95177491028007	2.21097060236821	0.141594650832748	0.363746465520938
BCAP31	0.203307328180215	8.20878449031196	1.89344783445339	0.173269932682241	0.405404770893969
BCL2	-0.218240283101299	3.23489299482975	0.430088607597497	0.514129540886954	0.721836012827981
BET1	0.275361169058169	4.919646538163	3.41515992148779	0.0688924860762076	0.25465361697416
BET1L	0.0484238286911003	6.02092199469048	0.140656758002008	0.708781006199828	0.852815310167987
BNIP1	0.220445705551901	3.45555978973612	1.8184367087371	0.181915636262666	0.415206913244034
CALR	0.255381943497531	9.86991287957906	2.16718946996445	0.14553707148689	0.368982519072814
CANX	0.45738536698437	8.89742620727855	9.92469790136772	0.00241277075939678	0.0729380670101292
CAPN1	0.492368466104175	6.27674571568518	3.85975047252123	0.0534919613017184	0.226951952816716
CAPN2	0.189105623054422	6.28454691459451	0.685577110410329	0.410531768142426	0.640645491709864
CKAP4	0.540018236370726	6.68783547972968	4.59209657303886	0.0356541004182858	0.18835541058035
CLTA	0.398125215649571	7.31506051215568	6.0887550116135	0.0160928797433975	0.136592238707129
CLTB	0.701677199771087	5.22938540328756	11.5350018637909	0.00113754765005713	0.0568492671924328
CLTC	-0.0685744668278184	8.86980750403146	0.185947491572398	0.667657332535601	0.82696153902025
COG4	-0.162193046107125	6.47438067203347	1.54532422459122	0.218040728629112	0.458582565266503
COG6	-0.514747966620222	4.3446953161371	11.1337463421794	0.00136908418232475	0.0601821714672743
COPA	-0.453702191051174	8.52125856496307	5.78675009014725	0.0188364427772724	0.144715436492711
COPB1	-0.0166107757231627	7.00672133886794	0.0161053325939382	0.899383817850672	0.953260701104378
COPB2	0.0765581662923167	7.33347014662776	0.253228229191387	0.616416101107849	0.793778545027672
COPE	0.0308484881313527	7.67472802331883	0.0329351619573168	0.856523300269692	0.932895529304204
COPZ1	0.0386313747809545	7.3690005753578	0.140550433657709	0.708885966613065	0.852856937810625
COPZ2	0.862679441349261	2.58352534213505	4.62354850866843	0.0350478603382033	0.186223667516807
CRYAA	0	NA	NA	1	1
CRYAB	0.536454670637681	2.51238692730204	1.11600433631908	0.294470605919601	0.537900857960768
CTBP1	0.0696324716716659	6.71033969900335	0.263325833540413	0.609485948318991	0.789486106964484
CTSA	0.16310915807171	7.33358578441632	1.03380832574487	0.312823087927104	0.556226240256425
CUL1	0.175017939749342	7.06542833965676	1.41911623296816	0.237636582231132	0.479819289244445
CYTH1	-0.544247812884391	6.34232083314026	4.74416588878275	0.0328232644943731	0.182264936522504
CYTH2	-0.192969219816366	6.7558025167195	1.46663436166161	0.230015141107124	0.471883006193548
CYTH3	-0.0503291390239176	5.62143445285828	0.0753881433032212	0.784468985226728	0.895324141384987
CYTH4	0.0552385012724256	5.18932771108637	0.0237157523882733	0.878060563694703	0.943488115120206
DAD1	-0.0726196582581491	6.7429213028103	0.247388394440408	0.620503652947867	0.796066420321003
DDIT3	1.05570879035789	5.13805978627758	14.3888569862031	0.0003157668097705	0.0452714692643799
DDOST	-0.112069705134691	8.60386326659518	0.429826631776386	0.514257319389499	0.721892823182849
DERL1	-0.456432050802597	7.04079138015828	6.47905649099854	0.0131573518409672	0.126090685427117
DERL2	0.217359663090995	5.50542224132071	1.91878846152256	0.170458854649893	0.402046638472651
DERL3	0.0944714172042646	4.55021017034527	0.0623469066324986	0.803567244731698	0.905920809555069
DNAJA1	0.0373984165279722	8.14278762357675	0.043850513183352	0.834749915599267	0.922404978909767
DNAJA2	-0.316177697864407	7.4106355184607	4.17491775798465	0.0448531234750291	0.208957930419073
DNAJB1	-0.0903751850333438	7.68213180442216	0.278537403508977	0.599357071670934	0.782701703188237
DNAJB11	0.61124239251048	6.60337291958964	8.46161728383761	0.0048787401795328	0.0902019351565858
DNAJB12	-0.118851032752685	5.73992828164307	1.08826465999591	0.300502577691561	0.544120895152724
DNAJB2	-0.227723929791735	6.50765802850028	1.87444253760881	0.175413915577792	0.40796987539821
DNAJB9	-0.260131217114701	5.29906605330808	2.1967708207759	0.142859731262211	0.365256150344977
DNAJC1	-0.304225315082014	5.19849784130651	2.77151883882361	0.100496618285585	0.307007363607145
DNAJC10	-0.272216082642347	7.14231714417675	4.17166803811314	0.0449340958823454	0.208981882649506
DNAJC3	0.0835389955388022	5.77028340987378	0.252374830444015	0.617009718527261	0.794089458729331
DNAJC5	-0.0661244585755875	6.48491892950668	0.298665707741298	0.586485632187939	0.773467492697264
DNAJC5B	-0.235657819124431	2.38777174131487	0.145060109059975	0.704473361195267	0.850318455699557
DNAJC5G	0.207365805465562	-0.455744471184149	0.169980940482085	0.68140876488857	0.835978710764762
DNAJC6	-0.69929937991462	1.56049218977741	2.54292924753814	0.115366433516691	0.329430537706018
DNMBP	-0.745558580927131	6.39966460036588	12.4079446907816	0.000763627942797417	0.050842750178892
DOCK5	-0.0573754153757677	4.404802194421	0.0722256054978219	0.788926542595104	0.897808902775241
DOLK	0.0149641744885872	4.26232761340606	0.013572623726777	0.907593934901957	0.956370650325994
DOLPP1	0.260151733488765	4.77608969872684	2.81735407863443	0.0977804827572468	0.302777692113357
DPAGT1	-0.0140108175485134	4.95882307151596	0.009168262794547	0.923996254443891	0.965363789641957
DPM1	0.479467790885322	5.15905029091094	6.92696766296076	0.010470022505508	0.115622425736471
DPM2	0.309784067612638	5.6909801801865	3.51122969186681	0.0651952809051872	0.247670171893301
DPM3	0.0240594102185158	4.09518430633334	0.0081094558809286	0.928506759695152	0.967800468491137
DPP6	0.286151980684647	3.1357088462988	0.464468246265746	0.497827572710128	0.708899832697745
EDEM1	-0.165250164895114	5.71983609259674	0.919285561641128	0.341015177894569	0.582225384660416
EDEM2	0.23990124207487	5.23853027028281	2.77991556594089	0.0999928089911296	0.306441618316272
EDEM3	-0.267397127004952	5.35162485402109	2.29786020550312	0.134127138501314	0.354699908756975
EEA1	0.266994309840541	4.8910747015344	1.48129759234012	0.227724087171969	0.46965777619063
EIF2AK1	0.261416773600913	7.32059623186037	2.46787074003847	0.120776645823255	0.337254499617369
EIF2AK2	-0.57215047144334	6.50939367208753	6.16586045051432	0.0154624097407712	0.134277650428176
EIF2AK3	0.0517969389341023	4.52846917027959	0.0848393584909555	0.771718419042005	0.888705169816085
EIF2AK4	0.0852735753722951	5.78831881405956	0.328763389444532	0.568255004902924	0.76129208951032
EIF2S1	0.0504695450797349	6.44158341812645	0.162873030043484	0.687774853228903	0.839801097062791
ERLEC1	-0.00583344627221835	5.91056672304882	0.00154428882821483	0.968766895584361	0.986343964171377
ERN1	-0.562121685357279	4.52423374761288	7.56587887438281	0.00759263706934753	0.103856337645443
ERO1A	0.471858466698213	5.86876022952526	5.93835531015491	0.0174021327248043	0.141084688466319
ERO1B	-0.400755190127695	3.90324621798512	2.20826929651643	0.141834321592423	0.363927970573196
ERP27	0.507723327529083	0.820578798333144	1.45903111554131	0.231214225899583	0.472547237083397
ERP29	-0.145810146165915	8.40104177925532	0.57592889557565	0.450500991335001	0.67327667299855
ERP44	0.225706642567056	6.27759681997333	2.01906744530353	0.159844710096254	0.388498612887544
EVI5	0.218951153177238	3.84122752715164	1.71105431004104	0.195196048664532	0.432310705868951
EVI5L	-0.217966685597992	4.29534025068239	1.12975911458091	0.291538026434221	0.535115641948345
EXOC1	-0.211642337988822	5.48573953746519	1.1253860603188	0.292466255239291	0.536048498522458
EXOC2	-0.380570309484249	5.51522260150952	5.78371814590126	0.018866372518896	0.144784231926417
EXOC3	0.413174664926482	4.98163527465726	6.49562112198174	0.0130460077413308	0.125918651961237
EXOC5	-0.169417313842609	6.09168720692536	1.30975982369151	0.25639845566498	0.500862478999645
EXOC6	-0.631350712379588	4.27920035907842	8.98112643387599	0.00379013745450078	0.0821581702012255
EXOC6B	-0.542057187249389	5.0334001334603	8.97198151067463	0.00380692773573806	0.0822501991546264
EXOC7	0.322047808767225	5.77550518890225	2.43703083608966	0.123082213845382	0.340234633914198
FAM71B	0	NA	NA	1	1
FBXO2	0.0205782969497317	3.87966451183691	0.00698547415947056	0.933633408053468	0.970278334734132
FBXO6	-0.338393534833989	4.32852988890066	1.75185016550743	0.19001943513128	0.426156299495455
FBXO8	-0.324100238362513	3.88030183000528	5.22724765577888	0.0253145374524826	0.163936415779093
FUT8	-0.587365614792408	6.0286596769057	12.4254560608266	0.000757593533683214	0.050842750178892
GALNT1	0.0295286145066555	6.04931102224568	0.0360028122972232	0.850067584204909	0.930051171376549
GALNT10	0.592232788294772	4.66713830361106	9.7924037832974	0.00256916016611338	0.073513018153132
GALNT11	0.147454311513999	4.9240334974869	0.803579846052348	0.373146688007176	0.610363310050165
GALNT12	-0.219938617979229	3.83330783101777	1.50537172859652	0.224022818638159	0.465714355098671
GALNT13	-0.616259978908525	1.46146443041064	2.52717505488244	0.116478931088911	0.331006751580918
GALNT14	-0.242161888988543	3.39855024342631	0.157835447668108	0.692385335594071	0.842353404685359
GALNT15	0.623341673227501	0.497015557133393	1.36244159436006	0.247138611016505	0.490107857123401
GALNT16	-1.19830714471586	3.74546682853805	6.75935375957265	0.0114008722054078	0.119677011656048
GALNT18	0.945649394864681	2.85671602916283	8.57954375216644	0.00460583571627803	0.0882832637332643
GALNT2	-0.0672666902053356	6.38197555724847	0.25047230276168	0.618337650037118	0.794932293260283
GALNT3	0.684197986387951	2.30352231854761	2.82533226602644	0.097316116210359	0.302507760708081
GALNT5	1.33159579230546	0.397212604469979	2.26653030498503	0.136766566738098	0.3583566559596
GALNT6	-0.272137327610204	6.26805377513071	1.38534607350562	0.243242793670005	0.485561811986861
GALNT7	0.215939142484532	4.56685438305673	0.785980012685621	0.378402551060403	0.614975174010765
GALNT8	-0.680448794335761	4.8184081353996	4.53912299871104	0.0367007138564935	0.191156616082026
GALNT9	1.31619919716382	-0.108506431123911	6.34896174060923	0.0140674311228263	0.128844517943738
GALNTL5	-0.9799119338896	-1.8482924320789	1.64172044346864	0.204385261041705	0.442546279320595
GALNTL6	-0.715475956074704	-0.827449911192133	2.23509132605092	0.139475012509115	0.36144384510625
GANAB	0.0480050691133178	8.72067390973077	0.0682113017307443	0.7947382569878	0.901238706477158
GBF1	-0.412831625402654	6.62481001364722	8.27200972368423	0.00535352456935405	0.0921873913179438
GBGT1	0.767474600134865	2.7245566375072	8.13388612130249	0.00572966075302293	0.0938117595164515
GGA1	-0.157610342738367	6.53131388966106	1.238391660775	0.269648868167923	0.513955342900869
GGA2	-0.0695619900183564	7.01341145009747	0.356166228321255	0.552599226678661	0.751226013664611
GGA3	-0.045276633315726	6.17159016374609	0.165363117355697	0.685526512593145	0.838087248218049
GIT1	0.11224972741589	6.62835194799013	0.995355635102911	0.321927992209766	0.564764181442911
GIT2	-0.270772210731107	4.7328010869054	2.74422963221783	0.102153657569913	0.309669661293884
GLT1D1	0.971708619906668	3.01914373632924	3.79042039926911	0.0556243638476265	0.230633750670792
GLT6D1	0	NA	NA	1	1
GLT8D1	-0.0229241565137222	5.74562488865501	0.0333878824159528	0.855551569239832	0.932404688844326
GLT8D2	0.728875583060535	2.55317634155939	2.09008216112862	0.152791622328439	0.379018875538331
GMCL1	-0.155553981307315	5.11426993076237	1.22260282700137	0.272696512045456	0.516312334981943
GOLGA4	0.131706468639439	7.06445002815157	0.388490186609483	0.535152011231784	0.738323490257764
GOSR1	-0.148170105465657	6.06580451975239	2.22729081966693	0.140156489767497	0.362303430505808
GOSR2	-0.0763878105433432	4.55625942930027	0.465634617298605	0.497290151856681	0.708492921510745
GPAA1	0.351346497446391	6.53661175788326	4.45906009116608	0.038345538022371	0.195146731748792
GPLD1	0.392714579587306	1.39119660799173	0.969044358425131	0.328362951198282	0.570556235981288
GXYLT1	-0.355867976811024	5.33025662772256	3.34782454076346	0.0716203623710009	0.260392824375247
GXYLT2	-0.574552937824552	4.3965089316019	2.13021557322503	0.148964998147843	0.37366290949241
HAS1	0.707634068115338	-0.458377464288276	4.6438240969405	0.0346629037585053	0.185642423213435
HAS2	0.240429580947806	4.02191573392267	0.250520297935343	0.618304072626521	0.794932293260283
HAS3	0.348305224043353	3.45287546184645	0.77897427712565	0.380524068976955	0.616871796263753
HERPUD1	0.105228035417179	6.10190661664125	0.216510301735073	0.643179258878564	0.811928703072324
HSP90AA1	-0.0968512943676411	11.4164300420408	0.260773893222944	0.611221328270288	0.790866639109393
HSP90AB1	-0.0805103090662365	11.2819293481177	0.200695986629966	0.655565194933409	0.820173007173693
HSP90B1	0.432436418588177	10.3204886233156	4.81130368267789	0.0316508541936223	0.179395826454391
HSPA1B	0.240229541298997	6.28628055948406	0.825691179700758	0.366689036221651	0.605386855525411
HSPA1L	-0.355664400214309	2.40640127592532	1.84535874622255	0.178755483626515	0.411592300444527
HSPA2	0.585713773265761	4.55944241257833	3.25820605907652	0.0754362523476968	0.267248287036324
HSPA4L	-0.757878386276632	2.90633697148824	4.07872155606582	0.0473180459951028	0.214596726058975
HSPA5	0.248600736440113	9.76953412368053	1.53848483819368	0.219050885089476	0.460043954519414
HSPA6	0.730611238662592	3.60661237040626	1.82666721742266	0.180942588205733	0.414474642035248
HSPA8	0.190933687046566	10.325396601975	0.450269653798805	0.504450337943343	0.713804902357993
HSPBP1	0.302066019167383	5.36670749142953	2.64408006030457	0.108501982221546	0.319088057174721
HSPH1	-0.505363798013926	7.98817877287956	3.45303417774018	0.0674082415281385	0.252023909349174
HYOU1	0.25390580722877	8.2914607526317	0.718879840815967	0.399447478473329	0.632057148872343
IFT27	-0.195686764819361	5.45507862953685	1.86857836788645	0.176081726619694	0.408539809421517
INPP5B	0.104047388453912	4.98404739150465	0.303903695715444	0.583228860556789	0.770976146052871
INPP5E	-0.608857484970345	5.40371624173683	6.16968323695344	0.0154318385813684	0.134277650428176
IQSEC1	-0.0375649205557012	5.8464232716044	0.0537208426955602	0.817397791557103	0.912705056678108
IQSEC2	0.425893085879058	6.0503427151816	2.18675600267416	0.143759766243832	0.366386506591222
IQSEC3	0.11650678504881	1.95840846789872	0.0769535192093069	0.782299815498984	0.894130913017069
JUN	1.04982055898638	5.98064553722727	6.18812257226382	0.0152852713256823	0.13401282324034
KDELR1	0.0520131505368289	7.52165698007769	0.156787527541455	0.693355101402775	0.842715077183958
KDELR2	0.217926967895961	7.7103903292025	2.14501113099251	0.147582237047738	0.371849068010468
KDELR3	0.685808035738595	3.07981924167552	5.43959232420012	0.022613920028501	0.155621723749388
KIF20A	-0.00779084063436343	6.29096443392056	0.00180956595476863	0.96619206682402	0.984894864106369
KIF23	0.16499818618621	5.87441493457541	0.723724316563478	0.397871873158381	0.630811561617702
LARGE1	-0.0603540315501818	4.4334781144997	0.058286739295262	0.809941672080502	0.909288269957299
LARGE2	0.232368847803424	6.29051300013795	0.626926687621856	0.431202462262845	0.656988431200033
LMAN1	0.160329173885955	6.62030126445135	1.17669638514164	0.281810723655397	0.525347717311147
LMAN1L	0	NA	NA	1	1
LMAN2	0.416231572330989	7.57880652730303	5.26876703129626	0.0247606980289065	0.162564973336722
MAN1A1	0.298377101428362	4.87254226324593	1.09795438260677	0.298377398606033	0.54205336685164
MAN1A2	-0.117002101514097	5.29376246471549	0.596730492103688	0.442470085062266	0.66655335398936
MAN1B1	0.149558051199695	6.71883698445014	1.42316390973848	0.236975384391516	0.479030192262655
MAN1C1	-0.106034733517593	7.16174415705294	0.118749615925066	0.731444274253748	0.864568805375966
MAN2A2	-0.427743954985956	5.34106794809732	3.70925426130628	0.0582387157869866	0.234267737214504
MAP2K7	-0.0582833390253558	6.12720400958209	0.179661309055617	0.672984886796519	0.830491275546747
MAP3K5	-0.725590654935003	4.48624599264622	5.36601844890056	0.0235132346715556	0.15899639028315
MARCH6	-0.274680537681562	6.57795562667279	2.81966846936544	0.0976455211510666	0.302584772860912
MCF2L	0.619881774213342	3.34103971859239	2.21133480573112	0.141562372773197	0.363746465520938
MGAT1	0.223741800456038	7.38845879369747	1.03116685293823	0.313437514125704	0.556770798743811
MGAT2	-0.205034934710096	1.64402657639371	0.440575638334057	0.509059800998613	0.71711309389269
MGAT3	-1.05962774196534	5.76471425227972	8.60000672029931	0.00456012845043492	0.0875424659103229
MGAT4B	0.417318536190143	5.94210415968826	9.6300849681841	0.00277558519440239	0.0756918487254494
MGAT4C	-0.772535613813098	-0.353849213456281	2.18598126248979	0.143829663202737	0.366484874010504
MGAT5	-1.28867128219592	7.4215426491583	9.4980333373712	0.0029562437093836	0.0766182996069398
MICAL1	-0.521108009781297	7.32552383322711	3.62095608933901	0.0612353047349016	0.239576309479319
MICALCL	0.00114018084447468	-0.935742383566319	7.87892791618834e-06	0.997768498092638	0.999017118447913
MICALL2	0.376540857505268	4.4799105323334	3.8579224619881	0.0535470344598161	0.227069087999114
MOGS	0.471014033692848	6.1882909850399	7.77418180719487	0.00684487554629989	0.100222288161779
MON1A	-0.286015921542972	4.12157322449449	3.56154245712737	0.0633459047678154	0.243970260241634
MYO5B	0.234489723288207	3.96229014798421	0.539955022298769	0.464945129446769	0.684336342562692
NAPA	-0.0549122112130253	5.7147986524844	0.16200377651994	0.688564429218714	0.840215257478539
NAPB	-0.358978057436735	4.55036823087093	4.88924128498843	0.0303457019871549	0.176488089779405
NAPG	-0.249857162905667	4.89033134183712	4.06873024257401	0.0475823195892456	0.215440721572117
NCKIPSD	0.200417323582992	5.68648218418494	3.06714052527671	0.0843402420120143	0.281964014371747
NDE1	0.14695822650567	5.10179306450359	0.569043430966129	0.453209878839049	0.675133010501197
NET1	0.457611831287091	5.13501808110196	3.09146602436338	0.0831447963104931	0.280136602373305
NGLY1	0.00580357776231607	4.93605007720614	0.00282930335916963	0.957733497389107	0.981815170092135
NPLOC4	0.121447192962672	7.61063323907585	1.23330910661345	0.270625183980992	0.514629796694053
NSF	-0.439376956340869	5.5661108995971	8.76980309366835	0.00419866028310812	0.085640930100272
NSFL1C	0.151826491641208	6.76797309401386	1.59594824387621	0.210736589477987	0.450270601602699
OCRL	-0.422146027815671	5.69751080831404	6.56698055182515	0.0125775737123147	0.12458528785405
OPTN	-0.0319177630462732	6.06846565295832	0.0248092557613353	0.875303983911865	0.941563000997527
OS9	0.0886674970580939	7.79974693628137	0.231985253604753	0.631582042390865	0.80383463656715
OSGIN2	-0.340432886092085	4.67356941799979	5.10782155739203	0.0269823575414623	0.168237914330072
P4HB	0.251793367340831	9.57462383257715	1.79886633392045	0.184254243033407	0.418245544225657
PAK1	0.502029662572591	6.15450082050115	5.73433817359438	0.0193609790181724	0.145702266496088
PARK2	-0.14085107065527	1.38092026848644	0.170384280385672	0.681052229085575	0.835755379650975
PDIA2	-0.610853577922474	2.19921092847761	1.73219874851129	0.192492364231691	0.429119909225114
PDIA3	-0.291592154080034	9.27820481713865	3.20017402830887	0.0780260390837303	0.271423422108004
PDIA4	0.572949485872596	8.65487957167372	5.98404908227859	0.0169928495825493	0.139776366828527
PDIA5	0.264228127630658	6.02990089093801	1.40783017022264	0.239492247531515	0.48133264853125
PDIA6	0.605225726792457	7.60270943529135	2.74310360042239	0.10222268423158	0.309689658848891
PDILT	0	NA	NA	1	1
PGAP1	-0.552831217841899	3.49868501020452	1.75772462779008	0.189287531805546	0.425262559001174
PICK1	0.199289927926843	4.62857366910359	3.25574551257179	0.0755441204795579	0.267360682117005
PIGA	0.353864220869866	3.5846521288492	4.80996346540605	0.0316738152536988	0.179443956084397
PIGB	-0.241888336877754	3.1429011435054	1.04839148766927	0.309459462284558	0.552712828043774
PIGC	-0.315457652101518	5.18756982104281	3.19073175872181	0.0784565923669117	0.272168714887796
PIGF	0.225945628429296	2.64869565539177	1.19029888101705	0.279070008242635	0.522792553960881
PIGG	-0.221046422591536	5.77814124548615	2.80184038007874	0.0986905335660745	0.304610653539809
PIGH	-0.501973813821575	3.91383988319307	8.90602115099651	0.00393035549454809	0.0831070821238501
PIGK	0.244419671729584	4.23948743019814	2.68231025847317	0.106027926334005	0.315741464384961
PIGL	0.00964405775449784	4.52385795309705	0.00289974409456961	0.957211090210631	0.981809005569375
PIGM	-0.0411964607198501	3.61043681249227	0.0564360219726661	0.812925322064948	0.910333954723776
PIGN	-0.075496057311934	3.87427283391937	0.214085851515808	0.645041661158027	0.813244971366977
PIGO	0.172521644835278	5.11365234201884	0.75849282000156	0.386825082177903	0.621762848373956
PIGP	-0.638980698134617	4.1517681718376	10.8350299935469	0.00157293735756164	0.0627983178519861
PIGQ	0.365917522683749	5.02045298866836	4.63942396775486	0.0347460592685574	0.185774198757928
PIGS	0.379704027559513	5.49830161407488	3.31917182797201	0.0728168351477444	0.263035942841064
PIGT	0.0379216710415087	6.59166161077819	0.0433662662359652	0.835651515863102	0.922957889680382
PIGU	0.33301083420974	4.56651744032176	4.39314027088793	0.0397591946466969	0.198497500095456
PIGV	-0.410521549513933	3.88119671581938	5.54766412924329	0.0213585363559293	0.151540441193656
PIGX	0.281394044210991	4.49394811403647	5.17428164265586	0.0260402669414604	0.165694392239365
PIGZ	0.379346430125703	1.54028206828946	1.63164530196199	0.205763298792744	0.444443708086426
PIK3C3	0.0509719577613408	4.90034001887098	0.168131181995444	0.683050255912914	0.836750901240085
PIK3CA	0.0112383680030783	4.41644657532239	0.00647757453955017	0.936086140858593	0.971535046937639
PLAA	0.0011847050019574	6.10848442200685	4.71597922365021e-05	0.994540576864041	0.997395678795035
PLIN3	0.448450073179696	6.19106960846519	6.96616607444138	0.0102640885948363	0.114624128508656
POMT1	0.0881810438807455	5.14764547795526	0.500147630330299	0.481820494609671	0.696137573705578
POMT2	-0.0157440452417985	5.19356427551406	0.00915082537099603	0.924068342284374	0.965363789641957
PPIA	0.499729569544024	8.89108656912367	7.63996561699188	0.00731732272223952	0.102382556373208
PRKCSH	0.0753949885340557	9.16676153488064	0.258687393615431	0.612648187871124	0.791753539925962
PSD	-0.358377437068985	3.77015178139003	1.49842063090758	0.225083920431381	0.46658203309434
PSD2	-0.863026255160808	1.3352695881569	1.96806313823068	0.165143927221905	0.395049028889527
PSD3	-0.547766186499908	4.66349971459093	2.98033853090037	0.0887634199757737	0.288885855617257
PSD4	-0.394910043369791	5.21890133438668	2.0000505134622	0.161797063360622	0.391059497420923
QSOX2	-0.209002634276905	5.13878477531849	1.99143887769444	0.162690276842318	0.392169420850041
RAB10	0.0100534155968555	6.94648508700583	0.0102208701318845	0.919766042230385	0.962972152895741
RAB11A	0.129867002652186	6.99280739273425	1.41366446459121	0.238530742657846	0.480534333269117
RAB11B	0.106910475165832	6.57801801190366	0.636787714248561	0.427618288578491	0.654341193880703
RAB11FIP1	-0.0669355564993143	5.20970084471679	0.043928625021404	0.834604970085354	0.92236809129916
RAB11FIP2	-0.216482208908511	4.51578615161491	1.39818859097333	0.241091721819839	0.483098883203866
RAB11FIP3	0.0962296215750613	5.87769137787928	0.359798978751443	0.550585587419975	0.749515605092077
RAB11FIP4	-0.460920285752137	6.47933912176881	2.55281653170001	0.11467434910008	0.328467369578336
RAB11FIP5	-0.478176320543167	5.60710003339848	3.40535869824506	0.0692823799268776	0.255525779825479
RAB12	0.340673785449726	4.81761983303215	3.18678094548055	0.0786375187283509	0.272403084856489
RAB13	0.49154156545664	6.00077547094891	4.49621568650625	0.0375725847633447	0.193288112057094
RAB14	0.0630084612367897	6.34297874134592	0.273884881643882	0.602416775611763	0.784961559521857
RAB15	-0.102437631354272	8.64208499966967	0.10449958976243	0.747474449700097	0.87347980098523
RAB17	0.471272919384248	3.77934599630348	0.470853511851368	0.494897528775252	0.706634241333981
RAB18	0.25239243103993	5.65683188592934	2.94700174245068	0.0905299116586733	0.292219338738948
RAB19	1.16719520240815	-0.923871663672077	4.96013896383027	0.0292082726280183	0.173646401244664
RAB1A	0.408475908282233	6.80318808146556	5.80280354242572	0.0186788071024424	0.14456134799161
RAB1B	0.102487192523954	6.92425372187932	0.427904831498428	0.515196386005793	0.722801966293437
RAB20	-0.0455361553692668	4.99656043481121	0.0209104837195784	0.885445248520063	0.946461752242852
RAB21	0.319973989180599	6.3411246093352	1.77793041842581	0.186795475493733	0.42197049289051
RAB22A	-0.310241685731443	5.51033341268598	3.68421901689324	0.0590718040400185	0.235859297425077
RAB23	0.244063164557604	3.02745879452022	0.497031449823824	0.483183955992741	0.697173453198835
RAB24	0.179750202500261	3.0498019818159	0.796830493699417	0.375149909215143	0.612039939371387
RAB25	-0.167680593126308	3.56914676971943	0.126716180626667	0.72294908126913	0.860773915785344
RAB26	-0.109223386587005	-0.240354323960849	0.142611631934163	0.706859233607595	0.8516614418314
RAB27A	-0.157663888920001	4.27696862101204	0.557714536076278	0.457723473643012	0.678591857557049
RAB27B	1.35639773649266	0.276759552754915	7.38772536408819	0.00830008838674575	0.106859744598291
RAB28	0.0201135676219159	3.81590476636553	0.0176698368993834	0.894637844125281	0.950715614731763
RAB29	-0.769207512169627	5.2607417194214	7.89627141609395	0.00644284509494992	0.097440174932953
RAB2A	-0.28259973096253	7.05997808139626	3.11179411273787	0.0821601349756053	0.278390413633871
RAB2B	-0.342897263314932	4.89173643679866	6.98537641392984	0.0101647235185027	0.114265484298193
RAB30	-0.341393502286709	3.13583911580117	2.06866806225	0.154879790876311	0.382275196845969
RAB31	0.886611778519656	5.60291551765638	14.1460051485997	0.00035134056971566	0.0469095636316315
RAB32	0.46122904395162	3.59892225426819	2.96483948587989	0.0895799061459976	0.290210346413163
RAB33A	-0.458835887445119	0.74164301703989	1.5782204314506	0.213260229880302	0.453324887654867
RAB33B	-0.197237931529341	2.9898433131518	1.70012717518628	0.196610996599141	0.434087818110067
RAB34	1.13229430137796	6.45021185999229	12.6399721988117	0.000687560258034558	0.050842750178892
RAB35	0.377726398672231	6.04027733830176	5.23515903419192	0.0252079977407723	0.16367381360324
RAB36	-0.443064436735759	3.94435578261366	2.88749148284509	0.0937810730703168	0.296777412096508
RAB37	-0.354677400595354	3.8761628172343	2.20717937732421	0.141931155291632	0.363946398742084
RAB38	0.142407615728579	1.48412507130902	0.160347609374078	0.69007563953864	0.841119764483606
RAB39A	-0.571712539926449	1.87183885310357	3.72194005065235	0.0578214572972069	0.233500163033672
RAB39B	-0.127611177240484	2.73911405831246	0.226878493822036	0.635355166561059	0.806821383362842
RAB3A	-0.599930340905234	2.31695474887628	3.6195493122137	0.0612843841355201	0.239677795602855
RAB3B	0.205113059496462	6.47696658893807	0.480870300623828	0.490359583704949	0.703159864136786
RAB3C	-1.26116930349713	1.12695175909451	4.66412697222224	0.0342819610731313	0.184991499796832
RAB3D	-0.274143269875154	4.721850344606	1.24475594718216	0.268432636219909	0.512573264425828
RAB3IL1	0.30740035945646	3.99302696265295	1.80422568839962	0.183610302365893	0.417384871192488
RAB3IP	-0.0565222536396655	5.67493596234388	0.0435239082763256	0.835357433969172	0.922800672068427
RAB40A	-0.189954855375395	1.72820108759436	0.321098671834557	0.572789517758928	0.764058212809223
RAB40B	0.276326153504367	2.87292764772644	1.17238714310896	0.28268617460241	0.526307250312533
RAB40C	-0.0578834541010469	4.55598358632738	0.230479899717088	0.632688905873616	0.804665312910639
RAB41	0.24528585761018	-0.47393050394388	0.815153966657307	0.369746593741874	0.607415914259434
RAB42	0.0503126310879324	3.26561013935718	0.0410181558198475	0.840099752399872	0.925512754675936
RAB43	0.139086371640556	1.79097149457026	0.203716955672591	0.653154701848996	0.818576047276492
RAB44	0	NA	NA	1	1
RAB4A	-0.247743271218842	4.95525301100205	2.33127740645907	0.131375686302881	0.351473535473018
RAB4B	-0.245933865596646	4.63843143769814	0.569303638389753	0.453107039710927	0.675133010501197
RAB5A	-0.00595331386777063	6.44791372561363	0.00123140408814569	0.972108353309434	0.98752758403341
RAB5B	-0.00362928967545015	6.95083119026475	0.00126613436076052	0.971717929056833	0.987362547906458
RAB5C	0.174095545469764	6.39841234871972	1.24273625570041	0.26881784954306	0.512958237287042
RAB6A	0.128985449912795	6.95618108632078	0.600976021457553	0.440858510979294	0.665562182346811
RAB6B	-0.796287144561237	5.42252882701372	5.69653193712429	0.0197489343235065	0.146656532343093
RAB6C	-1.13028759168917	-0.407453498381248	4.21176538800931	0.0439459179911773	0.206775172643485
RAB7A	0.142253925158441	8.47329050698928	0.852388327739252	0.359099599801836	0.598611961414406
RAB8A	0.162900834051086	5.66513688233184	1.71293219448435	0.194954106588514	0.432101090896684
RAB8B	-0.103553550238544	5.13563996264177	0.552167067686188	0.459959848734584	0.680366419857101
RAB9A	0.555696886751231	4.00402571555694	12.1578506853632	0.000855466809542893	0.0520179115862075
RAB9B	0.216118653873237	0.275063406531507	0.172717089429173	0.678999769516346	0.83421989713265
RABEP1	-0.115727770110228	6.02880059280499	1.28626055081126	0.260668874195981	0.504752134177758
RABGAP1	-0.166894637787364	5.38683860620004	1.54480543954582	0.218117153134591	0.458703649655705
RABGAP1L	-0.378609465089357	5.29326775993376	7.24391666911215	0.00892150491722445	0.109926063157165
RABGEF1	0.133103159226792	2.47371413941021	0.624885534190593	0.431950100771967	0.657723515835662
RAD23A	-0.0753571109406802	6.98679259012616	0.310860204941307	0.578959824932333	0.768404352407783
RAD23B	0.134500879903512	7.77063715475104	0.654451711445454	0.421310402769351	0.649699199197227
RALBP1	0.0907781579976281	5.66115908047015	0.267023571012936	0.606990193512425	0.7882354890896
RASEF	-0.164292368147743	0.868552030050036	0.126412776116145	0.723267020443993	0.860888372592013
RBSN	0.0988079257639091	5.16756903291208	0.332560930365481	0.566034373500376	0.75937638283913
RBX1	-0.257042655551141	6.22158958403854	1.56904546059943	0.214580669658218	0.455034484904995
REPIN1	-0.0875302119213205	5.88577454453109	0.252494551334245	0.61692636571805	0.794025974080978
RER1	0.0169580732095505	6.78399660702958	0.0206774612165126	0.88608085006251	0.946896308664388
RFT1	0.397143890629283	4.85969486265558	6.70223339994111	0.0117376585692055	0.121178287905866
RFWD2	-0.163655683528956	6.30536666850525	1.60959165389233	0.208818891154394	0.447806930425595
RNF185	0.166111504381992	5.0495105540919	1.85937630843734	0.177135687079044	0.409650018333011
RNF5	-0.332556162932717	5.24626233563258	2.23517132910691	0.139468042865965	0.36144384510625
ROCK1	-0.208976691988784	5.50014496976496	0.999575293402752	0.320911748231514	0.563934491696861
RPN1	0.0792133887789086	8.81326791934131	0.309336288520943	0.579889615523739	0.768943139573172
RPN2	0.141802001318674	9.0136130047848	0.64110943469105	0.426061792724815	0.65272477997907
RRBP1	0.362058765058288	8.33712817231587	5.75568842434611	0.0191454633789019	0.145263055425789
RUFY1	0.028807096037205	5.59849049701273	0.0614171807193354	0.805006983370906	0.906459718007381
SAR1A	0.197618344470899	6.57469171937924	2.49361697291419	0.118889231456715	0.3343439762371
SAR1B	0.071909405349588	4.76524753676834	0.340738207850672	0.561309597897085	0.756146098014414
SEC11A	-0.0767863833566161	6.74254551050993	0.331670624725541	0.566553460082678	0.759949460301264
SEC11C	0.249954574301028	5.03037426807835	2.06741258472677	0.155003237789556	0.382313574671277
SEC13	0.261269636090646	7.12496579956104	3.29314858109072	0.0739225197215111	0.264814847502197
SEC16A	-0.28892767021495	7.28572590878573	4.16933158088723	0.0449924101045594	0.209066727114749
SEC16B	-0.492123963795622	-2.31166409182065	1.4432453366836	0.233728346165309	0.47521634313781
SEC23A	-0.336524182126844	6.14152190470103	3.07448255625944	0.083977439664502	0.281368684457328
SEC23B	0.0017871384383355	6.34757964740186	6.88987537755109e-05	0.993401200979822	0.997059322916095
SEC24A	0.226834299614327	4.91126913434677	1.16790320332965	0.283600829903009	0.527322711122201
SEC24B	0.179661485101252	4.61900586019968	1.06001392595539	0.306812839882047	0.550537973527411
SEC24C	-0.294820424308984	5.42984427986079	0.711701630732946	0.4017989838771	0.633635566957256
SEC24D	0.035348001844404	5.57339808433301	0.0270081682999457	0.869943397528214	0.938874166255865
SEC31A	-0.154926645373295	7.36125807256694	1.61787226242307	0.207665231121719	0.446554044855778
SEC31B	-0.456031386474151	3.2719596822261	2.7383713381177	0.102513345901635	0.310130008115191
SEC61A1	0.235232925559642	8.46958673968926	3.91767579479145	0.0517782075392816	0.223620909210657
SEC61A2	-0.326948631532066	3.92580690435362	4.01343260419847	0.0490740759956257	0.218407376084605
SEC61B	0.191959628888334	6.54929034797816	0.881225948712169	0.351145434380121	0.591113085986843
SEC61G	0.088168453022056	7.00066621945598	0.156967176217185	0.693188584788802	0.8426908916924
SEC62	0.0322912530491931	6.6474851822528	0.0755512934248235	0.784241779859018	0.895229605386746
SEC63	-0.166312063730756	7.86016768748021	1.10192778721883	0.297511612127352	0.5410160476159
SEL1L	-0.0464392190433646	6.08611149133685	0.0697238384678051	0.792527511679096	0.899935155844989
SELENOS	-0.344570144864751	6.39661576659285	4.13905535106118	0.0457554781251709	0.211021406459393
SGSM1	0.202099033835696	1.52031287348048	0.312003813149843	0.578264037455956	0.767932907909198
SGSM3	0.165906303799603	5.78494962118771	1.88174244808306	0.174586752996	0.407071150970557
SIL1	0.226117788080454	4.92160490424863	1.43276751615715	0.235415660890504	0.477299859652672
SKP1	0.309690758350381	7.45542087875267	5.51852671412468	0.021689548648334	0.152441449454414
SMCHD1	-1.01542351217451	6.86388684454572	11.0881284953367	0.00139834568143028	0.0601993355994921
SNAP23	-0.211641076951171	6.5017842709983	1.14231327251581	0.288894383850993	0.532052137190719
SNAP25	-0.0967572214015092	1.17921645096903	0.0352904432309093	0.85154052326523	0.930716943486868
SNAP29	-0.374322244344238	5.64757971793789	6.00979155127418	0.016766764905842	0.138946231192649
SNAP47	0.168088190097028	5.38512890352133	2.56861044964494	0.113578491365255	0.326846191128022
SPCS1	0.273373096760009	6.17717911331339	3.22145859302716	0.0770649964865559	0.270107756758751
SPCS2	-0.184600626736821	4.87590151676903	1.39902522211972	0.2409524079192	0.482897751585321
SPCS3	0.0813819586275594	6.16653469572983	0.258421742178158	0.612830374993943	0.791838536264399
SRP14	-0.130104552551194	7.90260651822405	0.714250583393109	0.400961651081915	0.633026074633551
SRP19	-0.00338856554491114	4.6882326685556	0.000307231189824363	0.986066046131811	0.994122272262715
SRP54	-0.32816131539497	6.31723375464746	4.36402020402669	0.0404014091748845	0.199935385427905
SRP68	0.386599072371854	6.63841934878455	4.93050289615965	0.0296780987832443	0.174810009424327
SRP72	-0.0332398175015775	7.10918551359853	0.0197775440436431	0.888570495401389	0.948022686320792
SRP9	0.373184836948239	6.39775899423205	3.12501285980467	0.0815267440384989	0.27753332862845
SRPRA	-0.256917059189965	7.17442421341832	3.24188485091511	0.0761549339125037	0.268534379560965
SRPRB	-0.0106789841985263	6.58701962484983	0.00496797603812192	0.944012723624434	0.976059800499754
SSR1	-0.0860181566441656	7.21429915851554	0.435238760636676	0.511628824224025	0.719342992303638
SSR2	0.193010018579636	7.72489111364758	1.49420867364913	0.22572987060363	0.467296484709775
SSR3	0.39020158005922	6.97986977828695	6.33830390047146	0.01414487365833	0.129036539523306
SSR4	0.473632398535024	7.31059636788439	4.19553155609453	0.0443431425871822	0.207752732449921
STT3A	0.3357334971649	6.27334727321501	2.17651798056398	0.144686596602273	0.367728420486339
STT3B	-0.387804330258773	7.64800340568368	7.19587617511352	0.00913982289390445	0.110194606716809
STUB1	0.240472610643133	4.46359218835897	1.70716638331108	0.195698098080226	0.433035946711021
STX10	0.335865934050728	4.79715968229064	3.35848657224268	0.0711806543339052	0.259478802093452
STX11	-0.142048087947855	3.05988759476804	0.116508820211751	0.73389104223122	0.865500654515054
STX12	0.23564675452026	4.89170657295569	3.13066096533835	0.0812577521566613	0.276921685455025
STX16	-0.0967995060362193	6.93019512222989	0.545168260839245	0.462806371722621	0.682704082183666
STX17	0.263127904116352	3.29501908922582	1.69941887710294	0.196703135107714	0.434154618217411
STX18	0.149043065773895	4.92494593198182	1.56820168624583	0.214702599558245	0.455034484904995
STX19	0	NA	NA	1	1
STX1A	-0.0320854136730987	3.97025359468396	0.0238105204530365	0.877819122961205	0.943367823416435
STX1B	-0.236429560770882	1.72873845946918	0.480855285361006	0.490366333506995	0.703159864136786
STX2	-0.2584823457918	5.09860610857825	2.50815451561174	0.11783823428697	0.332507591014759
STX3	0.0237195220364333	5.92012393096269	0.0125674795903963	0.911066304569965	0.958817279296063
STX4	0.471412990355913	5.09025309896499	6.61976414674806	0.0122424972185543	0.123472668503083
STX5	0.178801378968626	5.03370508815653	1.20529455081768	0.276088008603047	0.519836853972624
STX6	-0.298941998893138	5.9880818323051	5.45229951778141	0.0224623308704686	0.155221058866338
STX7	-0.316267336305874	5.81350416750137	4.1214472206365	0.046205673292726	0.211915553749904
STX8	0.518922106565512	3.99546704242825	5.18226340408249	0.0259295005338442	0.165366972665194
SURF4	0.275823264873107	8.12931133431312	2.90544693730858	0.0927866799314529	0.29504777226479
SVIP	-0.138463883179239	3.92995662970004	0.725379827720898	0.397335524599425	0.630613430543447
SYTL2	0.0972045376517756	3.15937035919732	0.186520960288282	0.667176667468965	0.826579052070087
SYVN1	-0.294624067485323	6.24920563128456	4.68855595219143	0.033829529544941	0.184082255971891
TBC1D1	-0.466300246309898	6.93101884723545	5.56141784826786	0.0212041543703226	0.151248450179679
TBC1D10A	-0.0960679042142086	3.9020043433927	0.328201379496327	0.568585093053019	0.761458003103302
TBC1D10B	-0.0921554479111166	6.46344462338317	0.527838160237857	0.469978310837187	0.687575905966305
TBC1D10C	-0.371392877553998	5.00919297685189	0.713199627257835	0.401306579814073	0.633301972331135
TBC1D12	0.102518236437597	2.69843896121563	0.233074615944427	0.630783813009434	0.80335460406023
TBC1D13	0.398384132698137	5.61043168693941	7.37851328145219	0.00833849987761066	0.106989415547429
TBC1D14	-0.783864103657505	5.4207967107969	5.5804946538986	0.0209919783527548	0.150910677036885
TBC1D15	0.0363869756489688	5.53378613528046	0.0207899331955308	0.885773612915403	0.946644020677614
TBC1D16	0.587859993348389	5.66683617628679	3.23199971968976	0.0765938679971272	0.269305497551594
TBC1D17	-0.272715000094669	5.91711743030763	4.88295477695319	0.0304488152941383	0.176660108945149
TBC1D19	-0.189045764253401	1.51824198779886	0.874374578929891	0.353012924931275	0.593129628578134
TBC1D2	0.195152185687594	4.21217925151083	0.405727806528997	0.526256744104694	0.7309844226477
TBC1D20	-0.412820231432464	6.0220940764784	6.48307929228886	0.0131302196276162	0.126032831820342
TBC1D21	0	NA	NA	1	1
TBC1D22A	0.110568452643976	5.20983787976703	0.555725289373473	0.458523405253443	0.679335524789508
TBC1D22B	0.0289088505284736	4.99309626401072	0.0700706269151738	0.792024267473513	0.899876850235672
TBC1D23	0.684693269571722	6.77137761940717	8.13508372760676	0.00572628322433666	0.0938117595164515
TBC1D24	0.184534790350929	4.25714188588761	1.71723133172803	0.194401560144069	0.431475784899627
TBC1D2B	-0.373449785432551	5.95243342386111	2.16448846297989	0.145784392369599	0.369374445881761
TBC1D30	0.0910951348170771	1.84893566103787	0.106494529576401	0.745160115855946	0.872360835584309
TBC1D4	-0.542757901715609	4.54518110628272	6.17299706478738	0.0154053892490908	0.134277650428176
TBC1D5	-0.708765284578359	6.62263859256753	8.73121545889974	0.00427809173568751	0.085999711976613
TBC1D7	-0.0206085181565409	5.14860688913666	0.0134051752174071	0.908163126027236	0.956787588736645
TBC1D8	-0.199473448086797	5.37289320723304	0.75254573207173	0.388682814599923	0.623534307075773
TBC1D9	-0.101059855672247	4.15787261194324	0.0722875720898057	0.788838205427731	0.897749564523448
TBC1D9B	-0.00952800985455623	6.77447189536536	0.00677251900774965	0.93465049386095	0.970694925016043
TMED10	-0.475284028105423	8.35883360469636	7.15664065111458	0.00932228720406624	0.111217262877564
TMED2	0.0234356790026687	7.92760320711527	0.0145378005512899	0.904380340424092	0.955216351553837
TMED5	0.256251867232081	5.52351609429539	2.06744316468469	0.155000229612006	0.382313574671277
TMED7	0.188924416058565	5.30101805863604	1.03058253885894	0.313573645840686	0.556892964183483
TMED8	-0.412344879351053	5.48108953935099	5.54097218739622	0.0214340824438094	0.151807409153
TMX1	-0.0193289204274065	6.06263474890018	0.0150905226750239	0.902588668518057	0.954572405702737
TMX2	0.284032822049754	6.40978958009572	2.32968207588902	0.131505569215602	0.351656887199628
TMX3	-0.208920649320823	5.31118682978578	2.22461460933449	0.140391169980957	0.36248746003136
TMX4	-0.0908450026375582	6.24971493654691	0.185549948793935	0.667991058598083	0.827209657317302
TOR1A	0.218657237075127	5.27906462094156	3.75128014353516	0.0568687965148836	0.232242376548785
TRAM1	0.171800746096273	7.25369312708822	1.78591590131977	0.185821323865164	0.420684850268772
TRAPPC1	0.0253292199076982	6.3563153245256	0.015487218681236	0.901323215893267	0.953979371873253
TRAPPC2	0.264002787763244	3.94228480214744	4.85445752607785	0.0309209497093406	0.177460221994711
TRAPPC3	-0.0254536916664495	5.78847153649144	0.0462160569917586	0.830418602850107	0.920357914050138
TRAPPC4	-0.294467529246216	5.52960738436186	2.20447903010642	0.14217139396594	0.364322459400475
TRAPPC5	0.0380740290993818	0.97685849079923	0.0246171429378442	0.87578369932169	0.941817424701145
TRAPPC6A	-0.559021773112586	4.80681239664935	6.85328959870314	0.0108689454885104	0.117535109535417
TRAPPC6B	-0.247796116609927	5.13173886118394	4.28540587067943	0.0421915062218368	0.203241861441766
TRAPPC9	-0.686670040053293	5.12474858864339	8.81022635223726	0.00411710014735115	0.0846750747718715
TUSC3	-0.262034866575259	6.58471229948632	1.55194326575021	0.217068494193215	0.45784916431877
TXNDC12	-0.147110118487744	7.58215800737422	0.651014953967303	0.422526578400708	0.65083952656817
TXNDC5	0.152393190675654	2.71839914157979	0.17007258442782	0.681327711933673	0.835920619266466
UBA1	0.348702255361898	8.70967459222264	8.0559699353325	0.00595394461289514	0.0946821587892905
UBA5	0.307027965410982	5.01762957985754	2.582840324011	0.11260123762406	0.325468884371234
UBA7	0.165989990339185	5.29533123357998	0.275254025940644	0.60151293749347	0.784443208825413
UBE2D1	-0.335020124161919	4.73574699653148	2.60359841985386	0.111192560000222	0.323733985336095
UBE2D2	0.290229894651395	6.49919378597064	5.52748235918789	0.0215872335855704	0.152273790801764
UBE2D3	-0.00508039358113874	7.70151529490392	0.00322023836315184	0.954910868479771	0.98083616342019
UBE2D4	-0.148824158737074	4.03237524276821	0.667796789285172	0.416637658193728	0.645382452921499
UBE2E1	-0.0522906859692827	6.06501036668626	0.18408841109084	0.669221641271836	0.828113369011443
UBE2E2	-0.038651520234764	4.84824579181186	0.0530515529707178	0.818518466826456	0.913380732113942
UBE2E3	-0.170070033895264	5.29962924681665	0.623748972403796	0.43236726562469	0.658006751997132
UBE2G1	0.330169385457086	6.50929061099761	2.01658818312856	0.160097683268302	0.388694482978043
UBE2G2	0.0491561917840987	6.81968793134684	0.0809991193845287	0.77680164804504	0.890836474776268
UBE2J1	-0.184771723950865	5.99235195349406	0.73659502274581	0.393729704700848	0.627255856353769
UBE2J2	0.0820590395408132	6.25419861719981	0.446188940613887	0.506381848808974	0.715019044309613
UBE4B	0.122525669498779	6.04051820756418	0.534938332474767	0.467018352571143	0.685507826455377
UBQLN1	0.351456087388805	7.46493275177723	4.33548148057666	0.0410416292935861	0.201061568244697
UBQLN2	0.32894505180216	5.09695833308351	2.3585091892578	0.129180985256548	0.348382731033834
UBQLN3	-0.707272385674746	-0.281698721258181	0.467256076855481	0.496544683671968	0.707804470638841
UBQLN4	-0.548246797615617	6.36589604890543	6.28201542361078	0.0145614072151625	0.131047381406994
UBQLNL	-0.88283349433773	-0.281052358613621	4.53976671059302	0.036687800043674	0.191129490544685
UBXN2A	-0.117537513577451	4.72360697843071	0.756555611099311	0.387428810572685	0.622421711514461
UBXN6	-0.00884649459439735	6.72384198369893	0.00411474895786382	0.94903947651606	0.978155122633458
UFD1L	-0.291004563207467	6.2631902630015	3.79411638818226	0.0555083889139559	0.23040752042078
UGCG	0.138747785980813	6.88278831674568	0.407357431128227	0.525429618626185	0.730596877775881
UGGT1	-0.129190010335781	6.97260346310205	0.664436523601031	0.417806870429666	0.646404311902179
UGGT2	0.447830264280341	3.47597772236248	5.13868684490798	0.0265403983343217	0.167288818268407
USE1	0.2966166310116	3.6616047681095	1.88713543571562	0.17397860546364	0.406135656594321
USO1	0.136225898011662	6.54835566690074	0.454754867402215	0.502341991157504	0.712587269469806
USP6	-1.85479149327515	5.59434806306822	11.440854533222	0.00118794455597677	0.0570786012138713
USP6NL	-0.0855338638523772	4.64733681220149	0.304354301769202	0.582950408408524	0.770754663612485
VAMP1	-0.203328374985574	5.06989444485388	1.07338278766064	0.303805237597218	0.547622188090392
VAMP2	0.289132306292834	5.25094039236779	1.65250479895832	0.202922475002561	0.441277745124145
VAMP3	0.0327274212753356	6.54503188759981	0.0793787815020505	0.77898555026655	0.891815305943283
VAMP4	-0.299030343438734	4.17679242240559	3.62495736603293	0.0610959426709474	0.239318172152165
VAMP5	0.597147627963209	4.74858834122783	3.76139206769668	0.0565444270283478	0.23187073664417
VAMP7	0.320880246150959	5.28122730225873	2.87046498636255	0.0947349673301152	0.298413943953372
VAMP8	0.0123254562675315	6.47287414025697	0.00331329088548084	0.954264775683499	0.980790294572968
VCP	0.0812398671055501	9.05386115981769	0.260559987070278	0.611367276321939	0.791001556236854
VPS45	-0.0885250074320036	5.02311615469015	0.326929652281102	0.569333414316656	0.761816687768444
VTI1A	-0.265553247225756	4.48686332200506	6.08037053966208	0.0161630562003961	0.136683355928546
VTI1B	-0.0652351246632024	6.49366596357389	0.309280330636316	0.579923814411796	0.768943139573172
WAS	-0.217647207010743	5.09736946477525	0.28929897967103	0.592403323108697	0.777427493283863
WDR38	0	NA	NA	1	1
WFS1	0.00442963618461268	5.55550177405014	0.000804498421507053	0.97745408827561	0.989922478753479
YKT6	0.0876767543973925	7.47303308573089	0.458558808125243	0.500565736404421	0.710859597688293
YOD1	-0.15032141366162	3.88118036127179	1.09753792214783	0.298468333613276	0.542139148927871
YWHAQ	0.0409670302996752	8.05736234617219	0.0668770285611919	0.796710307543543	0.902706685866944
