pspGenes	logFC	logCPM	F	PValue	FDR
A3GALT2	0	NA	NA	1	1
ABO	2.04727862419877	1.96505510298867	25.1976160453954	3.70848294611799e-06	0.000793817106165508
ACAP1	-1.45594143277812	5.21076661635456	15.2632938665468	0.00021140358338063	0.00785123515916971
ACAP2	-0.165394738278967	5.7024930635317	1.00764883091873	0.31888344009116	0.489674639614097
ACAP3	0.280418890591232	4.91123281069148	1.63863022838771	0.204689653991212	0.364632713566449
AGAP1	-0.257273733392544	5.84941114918205	1.70551716510832	0.195793058453342	0.353716736962773
AGAP2	-1.14687720925178	3.58924095210734	14.1661495014662	0.000342083275945961	0.009632048874205
AGAP3	0.280505244621754	5.62351086965751	2.03131421622321	0.158478705123498	0.307776925676772
AGR2	3.26170536954792	4.24369521891472	12.3727106900472	0.000764946335068078	0.013974602070681
AGR3	0	NA	NA	1	1
AKAP10	-0.0836335055700646	4.96963531677331	0.608208614051071	0.438061086252035	0.604317341034303
ALG1	0.2973230350393	4.3350325807417	4.17626721016293	0.0447140336454447	0.135780514976476
ALG10B	-0.00766747655818402	3.820137095426	0.00152133558020028	0.968996675509412	0.984158469770792
ALG11	-0.14562953300413	2.90070596139189	0.611604328294951	0.436790677833862	0.603175416389425
ALG12	0.16972422390685	3.47921652104148	1.03775204305746	0.311811498128241	0.481801211168545
ALG13	-0.118421330326316	5.23877778445065	0.834604580599049	0.364043431384991	0.535584050204598
ALG14	-0.294903533458369	3.43099954314097	3.45314653428409	0.0672866674089064	0.176538330303121
ALG1L	1.45148347518205	0.328344122456192	15.0606084244003	0.000230922318807615	0.00804554351663803
ALG1L2	0.373582440320952	0.0578390690561914	1.1484820378041	0.287504728124698	0.457886888607401
ALG2	-0.385948827580551	5.59151917847782	6.15601574648106	0.0154724956526315	0.0706476328072362
ALG3	-0.00985643154464804	6.19730301870601	0.00360882014471466	0.952266288926088	0.974914860525989
ALG5	0.0709264262886884	4.32372149076558	0.333334505822509	0.565532701103025	0.707218624077445
ALG6	0.385140693744253	4.4282193185464	6.17971606263496	0.015283377403766	0.0702786867609886
ALG8	0.421589135193017	4.97617979884089	6.06146506050088	0.0162519059391642	0.0726739838482148
ALG9	0.144663330305506	3.09650312462415	0.60982817823291	0.437454461394041	0.603743453819533
AMFR	-0.186855505214067	6.55172476823806	1.97361755131582	0.164434450037593	0.315220647950142
ANKFY1	0.0447131604640668	5.88437162602919	0.0901134370615894	0.764912169951609	0.854797908514255
AP1B1	0.0204112269273073	7.32032330257169	0.0327797882066506	0.856843863018797	0.915424779682687
AP1G1	-0.177513435611955	6.78955058318306	1.91374867508629	0.170891805144888	0.323204117248347
AP1M1	-0.477606860083346	6.27559279245499	9.72926805881727	0.00262235127896693	0.0257284128682003
AP1S1	1.064562396569	5.68606261591344	11.7340494182035	0.00102472102849283	0.0161117675556873
AP1S2	0.439938237274352	4.80102825362802	3.5228150558547	0.0646480309651146	0.172446373954105
AP3B1	0.42288265059176	5.50711697343137	10.9512289725458	0.00147290641018726	0.0192172863618032
AP3B2	-1.19090690580541	4.93503535800847	11.6899415096947	0.00104574628678348	0.0162444996340882
AP3D1	0.0250087183633309	7.66260089268299	0.0734425560894813	0.787176946376727	0.869959274611533
AP3M1	-0.036640142294648	5.52527555930281	0.0501627936723841	0.823424943469658	0.893536418609584
AP3M2	-0.407295522991661	5.86489270803884	3.71090287961983	0.0580709054331489	0.160890451650771
AP3S1	0.357919619732162	5.13855189628959	6.65018561302969	0.0119929046027067	0.0610875939618323
AP3S2	-0.114163362511588	4.19778301098409	0.705691833422223	0.40370412320044	0.572637909661138
APPL1	0.517830925039354	5.32824211446368	5.75608795023336	0.0190654544132475	0.0804005344684589
APPL2	0.291468026151315	4.93952351152512	3.28329456692132	0.0742265527460214	0.188295468585625
ARAP1	-0.0304116468020917	6.5272042044304	0.0178476619381319	0.894101534916023	0.939729705113988
ARAP2	-1.36213567172748	3.3936377659099	12.9192712305242	0.000597094758411076	0.0123703125500909
ARAP3	1.44292661673495	4.58311052815213	29.3775735367441	7.79499375135098e-07	0.000265549453796024
ARF1	-0.0779978528205372	9.15572462999986	0.319743361406866	0.573548609525385	0.71378559513109
ARF3	0.194326032874014	8.30569594300643	1.75692230211873	0.189267870065088	0.345877091115815
ARF4	0.242069187050519	7.37714398988158	2.59335865081671	0.111760014180506	0.243926822194291
ARF5	-0.169625181452079	7.78164304885148	1.21355253764217	0.274358660682538	0.443329403914375
ARF6	-0.085292171573039	7.31958277672255	0.511763878850024	0.476727602786974	0.635291461542916
ARFGAP1	0.00495807393421432	7.37046122252777	0.00171126795680638	0.967119317380242	0.983070974583613
ARFGAP2	-0.0869177086986218	6.87765391659691	0.679776289521834	0.412431379017406	0.580404540601082
ARFGAP3	-0.502951608389211	6.02695467149625	10.2356556413504	0.00206145738604467	0.0227800305275667
ARFGEF1	-0.23730363925182	8.17876996692507	0.7177115864364	0.399748756913975	0.569199901868454
ARFGEF2	-0.135013925816683	6.2536436270738	0.493638780547659	0.484611077550659	0.641949612192572
ARFIP1	0.565103621718852	4.50487398453379	10.8304598554292	0.0015584074165394	0.0197215927626534
ARFIP2	0.317227305603266	5.42696170879584	3.32745145301415	0.0723499677109364	0.185317461154328
ARHGAP1	-0.151035737370405	7.09027416626637	1.1533603609286	0.286491481406296	0.456694675728934
ARHGAP24	0.376066747423214	2.51085495662333	1.05361706937412	0.308167866701217	0.478219754172305
ARHGAP5	-0.0668786851861814	5.74521283159933	0.158638848536845	0.691610730943092	0.802652302688556
ARHGDIA	0.370166609201047	7.462971919464	5.18584728362612	0.0257933492359	0.0959592401119604
ARHGEF1	-0.916752644723047	7.10043165830832	17.73180151174	7.36119890821271e-05	0.00472319701497236
ARHGEF11	-0.212197314887489	7.01344593744128	2.10372746827103	0.151354163119928	0.298510447795917
ARHGEF2	-0.290739007654024	6.81188819891505	2.09262941936156	0.152421666938173	0.299877934931499
ARHGEF6	-0.0792280315214764	4.60595438153078	0.0647403032168175	0.799891926332447	0.878391348902322
ARHGEF7	-0.226286761625454	6.10548772702717	4.11536045511582	0.0462558079627891	0.138597905901697
ASAP1	-0.0344093518642554	6.11290532963901	0.0389409076089815	0.844130907585953	0.90743055183715
ASAP2	-0.422102992090565	4.34466975830016	1.09694948631164	0.298497038816387	0.468953247660575
ASAP3	-0.849210685503835	6.5160583041975	10.2154008369381	0.00208130351382018	0.0229312769546514
ATF4	0.169019967123247	8.25185837675467	0.754106550177967	0.388111733829078	0.557876500665708
ATF6	0.224895863446797	5.43954916452365	2.12661996453615	0.149179287828532	0.295661616042913
ATF6B	0.346776035374778	5.83844448691238	3.82538901470881	0.0544259718778165	0.154598753702268
ATXN3	-0.288507150520535	5.41336545401605	6.26336443095345	0.0146351565750547	0.0685713697178492
ATXN3L	0	NA	NA	1	1
B3GNTL1	-0.156520315594328	2.89702807905576	1.11798589697641	0.293945036926439	0.463864036934229
B4GALNT1	-1.46133393310556	4.11456957150762	11.8192363472756	0.000985346656149164	0.015799762474472
B4GALNT2	0.024449532246193	1.28416346458253	0.00344078885027299	0.953389483017994	0.975626060931825
B4GALT1	-0.0870683643887171	6.81789007002051	0.201136881989265	0.655173595488686	0.774951111157844
B4GALT3	0.154441569476184	5.53148621840615	1.41336956400937	0.238467918904981	0.404113660004241
BAG1	0.217080698930618	5.05942942479652	1.3369490073945	0.251457422111026	0.417897394778727
BAG2	-0.199434274494538	4.68900706688291	0.759938083168047	0.38629293036119	0.556436046270805
BAK1	0.377032683781081	5.6471182520137	3.1900616258123	0.0783667040003062	0.194650988933621
BAX	0.376808142351101	6.97978514527976	4.27740733164141	0.0422746790906155	0.130807787149567
BCAP31	0.153969710078004	8.20046320139296	1.22826029783522	0.2714943577636	0.440249478198175
BCL2	-0.322726377255929	3.21567037033526	0.913228066965531	0.342509282417567	0.513983951002636
BET1	0.024928356588433	4.8711477972745	0.0314800020698299	0.85968010685566	0.917430980723792
BET1L	-0.096066448600616	5.99115541950489	0.58858259157354	0.445517276265429	0.610244471560755
BNIP1	0.542084892081332	3.54009762271885	12.2921440596011	0.000793547635973389	0.0141970360431475
CALR	0.517918511493107	9.9393241337439	11.4399671686011	0.00117366564370408	0.0171048773034596
CANX	0.689686329480771	8.97199627201658	25.1191602701223	3.82140481204609e-06	0.000805551981133885
CAPN1	0.68995078412604	6.34321670166096	8.59788947980808	0.00452956620492825	0.0350255989516015
CAPN2	0.144217241674018	6.27902551671044	0.414651796349532	0.521697324067754	0.672598789210717
CKAP4	0.798304126494052	6.77357465308706	12.3689515599505	0.000766256766489367	0.013984185988431
CLTA	0.310572721262408	7.30213263695228	3.84243851505937	0.0539047189035442	0.153562711413024
CLTB	0.576608089838163	5.21135976221454	8.71930412557851	0.00426889513595784	0.0341288982707868
CLTC	0.108318764425544	8.90301993863069	0.563694163186927	0.455262453214338	0.618361393902537
COG4	0.138093122173848	6.52936549468413	1.54303814346168	0.218262883753637	0.380385960829133
COG6	-0.264054484042781	4.37359743659091	3.40294573087412	0.0692608306297006	0.179922649193529
COPA	-0.323805117658963	8.53180224533023	3.17755644201565	0.0789410575829461	0.195410978646557
COPB1	-0.0465821756732841	6.99853868597191	0.18468607438736	0.668681086714611	0.785508127152106
COPB2	0.151838263479443	7.35010554573042	1.24106205588408	0.269032115447308	0.43767458563982
COPE	-0.150452798064673	7.63835240505629	0.851168068768366	0.359353833802649	0.530977761175384
COPZ1	0.279509355471265	7.42193202593484	8.79752946243656	0.00410928428932436	0.0332968743431503
COPZ2	0.377515808262898	2.47432554906068	0.887619466865214	0.349325215928851	0.5207808705362
CRYAA	0	NA	NA	1	1
CRYAB	0.584494116028806	2.54269264800249	1.44461941925626	0.23339595011944	0.39827020067689
CTBP1	0.179515163134966	6.73450503601821	1.83964063128916	0.179300447246282	0.334363367296953
CTSA	0.217972367532991	7.34879245071464	1.49668315769573	0.225236444221782	0.388427160505651
CUL1	0.0510407832581604	7.04174264306378	0.130066245535727	0.719436589927299	0.82309735259251
CYTH1	-0.816192535524401	6.29466543407486	11.9861929222585	0.000912663677351997	0.0151174043913502
CYTH2	-0.177800252828037	6.75198180887275	1.38265121459582	0.243586810878618	0.409674800962063
CYTH3	-0.0971287559958801	5.60840450368982	0.319086023522559	0.573941985348593	0.714028037440541
CYTH4	-0.914512908515366	5.03761945715164	6.91050378224687	0.0105010932740053	0.0565186661958887
DAD1	-0.00893373897616605	6.7519174799681	0.00494619405247872	0.944129822931658	0.969831280202804
DDIT3	0.520056279004608	5.00321602322383	3.93151818891676	0.051267744946464	0.149123763473297
DDOST	0.0718537104927653	8.6361792004589	0.221368410410672	0.63944470729744	0.763486335033422
DERL1	-0.312144263788826	7.05347113770434	3.23452344767108	0.0763615103883119	0.191649758507512
DERL2	0.135661400437277	5.49046686290428	0.80845338341141	0.371624178029944	0.542520144909925
DERL3	-0.718032615757635	4.41101460000637	3.51445071120008	0.0649587765340545	0.172893150204635
DNAJA1	0.0466204769956015	8.14441643768647	0.0724519772062107	0.788582051959233	0.870941435721076
DNAJA2	-0.274557225584739	7.40915885073113	2.93952512820529	0.090808416591413	0.213511200359871
DNAJB1	0.359313868468539	7.77697066300724	3.23420156037112	0.076375823065688	0.191649758507512
DNAJB11	0.53975368895554	6.59740792248554	6.86593591330858	0.0107419593823141	0.0572779955933478
DNAJB12	-0.291612579115405	5.7046411294654	8.15342561267995	0.00563467855242529	0.039600972932346
DNAJB2	-0.196266574388761	6.50527636405691	1.70723366557395	0.195570894775314	0.353367433300103
DNAJB9	-0.396439313705383	5.26914801393272	6.58228484456317	0.012417596186236	0.0624059564445758
DNAJC1	-0.377945079465082	5.17607032536167	5.55274330550692	0.0212216686448099	0.0855544115798395
DNAJC10	-0.0145008024461537	7.18307161484208	0.0136392194031462	0.907359268226532	0.94723295089537
DNAJC3	-0.00575079299037275	5.75342026403932	0.0014542781716475	0.969687314156042	0.984495343005103
DNAJC5	-0.00513269520389097	6.49367427809619	0.0019169088581929	0.965200944463251	0.98206421510984
DNAJC5B	-1.58299153890061	2.22489544316085	5.95944593624057	0.0171395773571787	0.0751412958697992
DNAJC5G	-0.553559780351526	-0.587171958742159	1.34382552886248	0.250253163957073	0.416488641982568
DNAJC6	0.346451982725252	1.73559943316696	0.75175638970293	0.388848224720152	0.558411548942383
DNMBP	-0.369346769730435	6.43848725896899	3.2955387722017	0.0737009061642821	0.187485565898933
DOCK5	-0.0349015916261829	4.40618374061383	0.0263720583478717	0.871457343114662	0.92460877722625
DOLK	-0.0957249600221616	4.23863565201215	0.574601160000809	0.4509507895025	0.614823984652736
DOLPP1	0.489677155855885	4.83745505534608	11.6159329037821	0.00108203606052414	0.0164687663094998
DPAGT1	0.313652180874695	5.02910624852802	5.59625670003124	0.0207394529602238	0.0843331071300349
DPM1	0.498671096705084	5.17525721366653	10.006442922229	0.00229803518188642	0.0240881226244915
DPM2	0.38821997140411	5.71709678654462	5.23662773498798	0.02510265129109	0.0945183060759438
DPM3	-0.264682933385836	4.03990359822157	1.20544228513928	0.275954585286449	0.445040046545204
DPP6	0.0129625274782277	3.08288046817152	0.000892847039664014	0.976246346787244	0.987560126778469
EDEM1	-0.277367467824279	5.69683047086854	2.91681552142451	0.0920399446378697	0.21555960680585
EDEM2	0.158708263673438	5.22449432963493	1.32671266375435	0.253263501003227	0.420272454678788
EDEM3	-0.227846904902336	5.35110016522317	1.78887124559771	0.185342346025374	0.341419592151789
EEA1	0.222556358978311	4.88530541313018	1.1742006993763	0.282214281121627	0.452309976957088
EIF2AK1	0.36293424857365	7.34957971437994	5.24276109043488	0.0250205679267566	0.0943606929610318
EIF2AK2	-0.260814357464314	6.54713688890009	1.43946947367682	0.234222604186035	0.399014587822966
EIF2AK3	0.0738141596081657	4.53209361116961	0.220733033533008	0.639925060419155	0.763873207282109
EIF2AK4	0.252975424479887	5.82551034747311	3.35360650897407	0.0712629848861001	0.183437392038629
EIF2S1	0.153474913948809	6.46393722458725	1.82583033601587	0.180920667623372	0.336251347494827
ERLEC1	0.0504799828335454	5.91977875832985	0.148496799268358	0.701130751605693	0.809934303931825
ERN1	-0.612259456975352	4.50477127161954	9.84602563766011	0.00248028529718432	0.0250768498637004
ERO1A	0.289590775337011	5.83378447132016	2.6414909012699	0.108547074593742	0.239514451748408
ERO1B	-0.117928309183894	3.94374440164711	0.193321098257232	0.661505247712458	0.779879870987319
ERP27	2.30517692717756	1.5523588194735	29.2057325280954	8.29931832976551e-07	0.000278857095880121
ERP29	0.0756608771722337	8.43827101006445	0.181235623685489	0.671604170691221	0.787768967654777
ERP44	0.283208008692226	6.29541190217937	3.1892667734186	0.0784030738553845	0.194683459807507
EVI5	0.0522455049454717	3.80925185721691	0.104468330485735	0.747484159573252	0.843460066523104
EVI5L	-0.291845124322594	4.27661220034392	2.09384611066441	0.152304212229468	0.299744661603498
EXOC1	-0.475549736814224	5.43422388471877	6.86053891500666	0.0107715190193013	0.0573560589237139
EXOC2	-0.283473872554061	5.52213322383025	3.85909108880055	0.0534008170755303	0.153105229833852
EXOC3	0.389743602815049	4.9858788308632	6.31063027673997	0.0142817556045364	0.0676129900536707
EXOC5	-0.0754018634870987	6.10364102232257	0.322129221532824	0.572125300149761	0.712505195520282
EXOC6	-0.571530422685396	4.27261091561553	7.79124122718412	0.00674265056676376	0.0438916489123093
EXOC6B	-0.0528919723242206	5.10432857216292	0.0965489133479567	0.756923501624682	0.850010102386382
EXOC7	0.404865148736327	5.8028053680238	4.88706701992836	0.0302890717432071	0.10645226418074
FAM71B	0	NA	NA	1	1
FBXO2	0.828690501198384	4.08259877271067	15.1307172978712	0.000223968158503906	0.0079898105533115
FBXO6	-0.722867797344139	4.26182533441963	9.28085056625047	0.00325172033731224	0.0292154565690823
FBXO8	-0.341004620577215	3.87051336466867	6.15989904407339	0.015441340256365	0.0706021623396715
FUT8	-0.429576517118801	6.03785690943699	7.6914340270227	0.00708645896676299	0.0451589154421311
GALNT1	-0.00774114249745992	6.04164413489291	0.00275533734364935	0.958284967081714	0.97794107229375
GALNT10	0.531406152818382	4.66553906216803	8.38043388213115	0.0050388141970738	0.0372476964631721
GALNT11	0.351291515944104	4.97357293011624	5.06156834185406	0.0275704574387384	0.100133416651725
GALNT12	0.0114750025704356	3.87046181477031	0.00383852153414092	0.950772506952478	0.973880733756384
GALNT13	-0.111255668954718	1.5265552680955	0.10027205029524	0.752434700716348	0.846987354995842
GALNT14	-0.599215755914877	3.33548299095676	1.07599768269668	0.303122563449923	0.47338534549215
GALNT15	-0.0125072551225544	0.363649366848499	0.000510213615421219	0.982042495402568	0.990533129511814
GALNT16	-1.21348365721661	3.72064366847362	7.57785367270166	0.00750015575462492	0.0467536084935817
GALNT18	0.510227982456117	2.75112112927802	2.74727229250048	0.101843084864216	0.230128963922984
GALNT2	0.180938446454171	6.4306917328637	2.23741367771108	0.139148198773201	0.282418454241544
GALNT3	1.70526990186262	2.6935287372682	21.2013328464215	1.77257892711568e-05	0.00212086906947773
GALNT5	1.63247295114738	0.559951616111478	4.0483918989382	0.048017435919776	0.14213190053705
GALNT6	-0.490240296567696	6.22451714087338	4.56348658278396	0.0361169452260362	0.118564977519261
GALNT7	0.793292041299306	4.72354752789774	14.0264574024664	0.000363913125004757	0.00993993444333706
GALNT8	-0.19758070868053	4.87800614565417	0.460815722430905	0.499454863309003	0.653785296576114
GALNT9	1.94784198828819	0.194038598845877	14.4232694921544	0.0003053750218057	0.00911896816147399
GALNTL5	-0.91107192519707	-1.85767102620541	1.54575419503149	0.217862482935059	0.379985136985787
GALNTL6	-1.08733410061434	-0.880585552972893	5.59463888919498	0.0207571721682615	0.0843771824565991
GANAB	0.313228460842073	8.77866888739599	4.08501674687901	0.0470452163274845	0.140192572722699
GBF1	-0.198346083076892	6.65163990215085	2.18394748104745	0.143888958941288	0.288626677769762
GBGT1	0.693128521040362	2.72371748103715	6.98265685850874	0.0101230985218644	0.0553498538054322
GGA1	-0.277960589921929	6.50439207519133	4.68224735020346	0.0338496125661954	0.114004827762817
GGA2	0.0749658853554064	7.03970111370327	0.529963623126806	0.469021701928776	0.629194390789528
GGA3	0.0296000822114003	6.18385228092105	0.0820385200854188	0.77538967271541	0.862059554544628
GIT1	-0.0231504914043693	6.60002852234166	0.0443432263904658	0.833820889559166	0.900174242038171
GIT2	-0.256856599422344	4.7297646863274	2.89374135638088	0.0933102463383289	0.217579021027335
GLT1D1	1.03532091918066	3.05928032158536	4.63500899572071	0.0347326783276041	0.116077037722174
GLT6D1	0	NA	NA	1	1
GLT8D1	-0.0932578098532832	5.72981959570429	0.659166896950814	0.419574094240148	0.587169132397008
GLT8D2	0.587774362171606	2.53375529413247	1.55647347048517	0.216290912190433	0.377996686441535
GMCL1	-0.0819540359551566	5.12298818624827	0.385164957996097	0.536843602131243	0.684925871161256
GOLGA4	0.154596811901131	7.06977637125993	0.732179230557504	0.395062772960137	0.564625317280402
GOSR1	-0.0817606717429564	6.07345831456069	0.730051498000995	0.395746883085375	0.565273675070933
GOSR2	0.0738181275170205	4.58348609815791	0.442697649507289	0.507983909741894	0.660508340656763
GPAA1	0.478822949283465	6.57649873719088	9.69295433174459	0.0026682434217115	0.026012191831375
GPLD1	0.438984688568952	1.40887004138095	1.5022141665774	0.224390259701388	0.387430965082053
GXYLT1	-0.0748956119768843	5.37161431730742	0.170422388509097	0.680983547943598	0.795161594970988
GXYLT2	-1.12251407040875	4.3128828478341	8.48562892736981	0.00478538503710446	0.0361936244804497
HAS1	0.427696668757047	-0.514927659469239	1.69286356685969	0.197440108628602	0.355775123746867
HAS2	1.20387581576561	4.3035783023359	8.07166955249632	0.00586693501471029	0.0404907659090641
HAS3	1.52642443609231	3.84633290170373	20.7461086970285	2.12887138714652e-05	0.00233111416892544
HERPUD1	-0.232192245760947	6.03920482440427	1.08977546987987	0.300070390947772	0.470395798648964
HSP90AA1	0.253003316992246	11.486434327566	1.97857562765343	0.16391255345422	0.31450035100879
HSP90AB1	0.426374813113902	11.3916068439661	6.52096823656737	0.0128147155668855	0.0635735269649291
HSP90B1	0.824037198483096	10.4395301200137	20.9212409535322	1.98377784869231e-05	0.0022457394530058
HSPA1B	1.07404830788585	6.53364231097072	15.0194480577471	0.000235108740823311	0.00812329999102709
HSPA1L	-0.978024567420139	2.31192049960982	16.7369531457413	0.000112113593796487	0.00577714753916015
HSPA2	0.408453241083643	4.52702820124697	1.54331800485615	0.218221585310878	0.380368038978483
HSPA4L	-0.176098135748363	2.97951678679393	0.266967854141586	0.606982441233758	0.739779643159335
HSPA5	0.529438346498989	9.84404157915703	8.04595360586476	0.00594204263435701	0.0407226660339504
HSPA6	2.429493438902	4.36666970735296	20.941651445407	1.96754508167179e-05	0.0022457394530058
HSPA8	0.688696305950844	10.4560320913057	7.33645366342645	0.00846573266063729	0.0500799898795248
HSPBP1	0.44988925779497	5.40894348807147	6.49826666981985	0.0129651154576919	0.0639598455241887
HSPH1	-0.427657651989717	7.98848224361608	2.56549243175629	0.113668886388	0.246819267468561
HYOU1	0.504205458912139	8.35747103244721	3.5720011753789	0.0628531739883362	0.169655843687236
IFT27	-0.194897840346461	5.44985852708951	2.00637167878999	0.161022118108342	0.31081077854369
INPP5B	0.0463041445991267	4.97349580129562	0.0715523190058161	0.789867151389385	0.871793254253649
INPP5E	-0.936401273540395	5.3461366108678	18.2083748489119	6.02990920545372e-05	0.00423786856708793
IQSEC1	-0.198472953747339	5.81381991996714	1.59765985782624	0.210378670635274	0.371052294825483
IQSEC2	0.124160038008158	5.98846626559989	0.193754759811728	0.661149956888029	0.779648372237961
IQSEC3	0.241821439345147	1.98730267623497	0.413441294773254	0.522303928392617	0.673165914653679
JUN	0.755478087259673	5.91664768885738	3.35478244222895	0.071214535968994	0.183393942977325
KDELR1	0.271971271334023	7.56891583285366	5.11383997301777	0.0268076262251784	0.0984158486577292
KDELR2	0.429507349541104	7.76528937692673	11.1952750640068	0.00131467200405664	0.0180888287927526
KDELR3	0.581627057205476	3.06761353144464	4.27219394200738	0.0423968548823333	0.131053567303575
KIF20A	0.386611947318919	6.3782734535735	4.95396040382438	0.0292145848584755	0.103896670640668
KIF23	0.233696986253563	5.89183233026247	1.79391935084444	0.184730942336502	0.340810872781475
LARGE1	0.269492659976911	4.50225167804809	1.18204882708989	0.280624837989857	0.450439501748263
LARGE2	-0.27102795628608	6.19161451141248	0.954417416143568	0.33192198901609	0.502951818000064
LMAN1	0.346178067526402	6.66620973965787	7.36686143952775	0.00833724572584963	0.0497381371485796
LMAN1L	0	NA	NA	1	1
LMAN2	0.469681383507063	7.60053975923183	7.33316043523596	0.00847977216374613	0.0501260804500457
MAN1A1	0.487556526200414	4.92944954714121	3.30023651825386	0.0735003155080009	0.187169408095956
MAN1A2	-0.0289581194082911	5.30692300327823	0.0432153904450352	0.835916740557808	0.901286465884299
MAN1B1	-0.075995537647076	6.67368571660206	0.363323071126074	0.548591332002288	0.694244566677955
MAN1C1	-0.194782174211913	7.14096832104501	0.379968932557415	0.539595794832273	0.686808884295388
MAN2A2	-0.354904462363784	5.34206011555782	3.08320709816185	0.0834268730404369	0.202523192986524
MAP2K7	-0.253413068303865	6.0867035102527	4.2642289635602	0.0425842478585737	0.131483689762726
MAP3K5	-0.863568077673959	4.45771530380889	6.76184137965224	0.0113274388381829	0.0591509376780919
MARCH6	0.00291703077178915	6.62408762327849	0.000320608753517038	0.985764537909751	0.992318500609471
MCF2L	1.07473273693688	3.49522017614841	7.21143424986575	0.00901622342495177	0.0518887677539223
MGAT1	-0.122411264399024	7.32259696585406	0.360314041536525	0.550247427753714	0.695529406960714
MGAT2	-0.360064575967871	1.61299625178891	1.6797824302014	0.199160219789069	0.35795426621135
MGAT3	-1.02155840177247	5.7463576579987	10.1177942392732	0.00217976539586946	0.0234504273181297
MGAT4B	0.575574362363268	5.99244333334218	18.2323983304504	5.96978071087379e-05	0.00423786856708793
MGAT4C	-0.281344551422037	-0.295863416803436	0.383054482813608	0.537958341254745	0.685599199537379
MGAT5	-1.13977029419105	7.41279917594002	8.75584350574925	0.00419354995762144	0.0337420536613976
MICAL1	-0.941976471133386	7.25732971344333	16.5544583987819	0.000121186145222079	0.00599285034275635
MICALCL	0.0354347919429297	-0.930355399682088	0.00825264910493942	0.927872864536311	0.95975042672645
MICALL2	0.199488554552636	4.44469586776997	1.1135743967177	0.294892104560942	0.464882932108156
MOGS	0.432710086527538	6.18767725868193	7.15278821514442	0.00928727727442591	0.0527066952769826
MON1A	-0.381587381901363	4.09832504453929	7.41012071698784	0.00815796793445968	0.0491052919370078
MYO5B	0.525662489546181	4.03362091307961	3.22882426647308	0.0766153600520109	0.192051257164611
NAPA	-0.136713262606969	5.69760752213187	1.04994262652804	0.309006735921615	0.479036608436695
NAPB	-0.493473800324301	4.5200416774283	9.8269242687045	0.00250296736965309	0.0251506692514752
NAPG	-0.124661198104584	4.90532000543393	1.29095645055308	0.259701038570942	0.427570618476846
NCKIPSD	0.141016450068648	5.67518907364868	1.66635758091243	0.200944178535526	0.360141918143958
NDE1	0.45683232513485	5.17779132231343	7.00093440986887	0.0100296336530928	0.0550929418981186
NET1	0.839975255070172	5.25539803699317	11.7926408772613	0.000997467981557682	0.0159179535794709
NGLY1	-0.0308800295756733	4.92618238373708	0.0785317987166838	0.78011376753427	0.865244633043468
NPLOC4	0.0482885512797145	7.59606475765208	0.170495972154556	0.680918556475216	0.795123558829997
NSF	-0.137390910397483	5.60735098313821	0.9036528648301	0.345036262320331	0.516669685115572
NSFL1C	0.0347809618530348	6.74406758941992	0.0941752817416293	0.759835063328242	0.851229294210491
OCRL	-0.382571445770665	5.692257072752	6.22150204226782	0.0149558591837139	0.0693717051002491
OPTN	-0.486820778036271	5.98823356461163	5.92324083379019	0.0174667929547866	0.0760864982480487
OS9	0.273158750421512	7.84208520888315	2.84257423631182	0.0961971859117369	0.221955370340376
OSGIN2	-0.297347162017852	4.67305743397991	4.45157579217731	0.0384028168229401	0.123049548142792
P4HB	0.398773042526957	9.61416439004899	5.33478589609933	0.0238226424410466	0.0917590725179005
PAK1	0.768811348411361	6.24024553559019	14.639690737124	0.000277644446745029	0.00884423764904165
PARK2	-0.109725295186957	1.38125050730658	0.107704231815923	0.74374122190022	0.84071758212283
PDIA2	-0.901524225329056	2.14661266753242	3.8520082286223	0.0536145161079543	0.153305506416374
PDIA3	0.101612190142602	9.34466709774425	0.436357280192774	0.511028384297789	0.663376777457326
PDIA4	0.896924411913039	8.7637950963465	17.3434244812787	8.66910897777038e-05	0.00516852020248039
PDIA5	0.0696029066299088	5.99034009506163	0.104296556393738	0.747684630767067	0.843608658330862
PDIA6	1.02952688370037	7.74697663727456	10.5728455733843	0.00175847430691039	0.0209008586186789
PDILT	0	NA	NA	1	1
PGAP1	0.878033537761128	3.80791487670305	5.40475054358769	0.0229526958233211	0.0898168919149927
PICK1	0.034100267515194	4.59604704511974	0.0991420732957189	0.753787223572784	0.84792147782719
PIGA	0.239353162621571	3.56528761490568	3.00312306873375	0.0874556048892407	0.208295977431808
PIGB	-0.577824863280966	3.08313325659306	7.70258045383039	0.0070471683142496	0.0449802470143365
PIGC	-0.210908859647563	5.19656494230801	1.65783510581568	0.202086608189258	0.361413075148824
PIGF	0.62447310796066	2.75300143610532	11.2582049923751	0.00127680606288063	0.0178142770821024
PIGG	-0.226020620318174	5.77182923112623	3.34948523875871	0.0714330679430119	0.18371713227495
PIGH	-0.577575073563183	3.8892502452992	12.9993648000274	0.000575914955095495	0.0121986545929035
PIGK	0.269408562651996	4.25045888979749	4.13638034296575	0.0457173410463753	0.13764022845041
PIGL	-0.545242740252084	4.42529823922249	10.382547287332	0.00192329193053241	0.0218883127319347
PIGM	0.0781411299908636	3.63185220865128	0.203738712799915	0.653098694078189	0.773538305487943
PIGN	0.361860779721013	3.96652572746908	4.69625643661257	0.0335923684686161	0.113515251592157
PIGO	0.159310176856466	5.11344451234389	0.752590511901287	0.388586597311305	0.558330036837426
PIGP	-0.399007102364739	4.17323811023123	4.95825373495516	0.0291470246441916	0.103761715598364
PIGQ	0.662206765665787	5.1059083970999	16.4026302219279	0.000129311116184938	0.00630565220235418
PIGS	0.573222614647744	5.55677791612087	10.0140984348694	0.00228969417512273	0.0240417888387887
PIGT	0.173335594625096	6.61914149468351	1.18290012240157	0.280453120147684	0.450222798022278
PIGU	0.530367860968132	4.62293599137481	14.4412037491167	0.000302971792953161	0.00908470921461508
PIGV	-0.26486208788519	3.89553810768956	2.48689692135452	0.119253506625595	0.254728730341601
PIGX	0.168065156336491	4.47326254136978	1.7515185004953	0.189941527733907	0.346325660586022
PIGZ	1.15606280417051	1.77901791752573	13.7416049400627	0.000413012318766901	0.0104221874019697
PIK3C3	-0.00683633355204454	4.8887036921144	0.00328285542710897	0.954470553053931	0.976201056013127
PIK3CA	-0.139119843721928	4.3862370000482	1.13230553040603	0.290897945055355	0.461373734000501
PLAA	-0.353059783441214	6.04241236843405	4.16729484254231	0.0449376375576119	0.136173977666687
PLIN3	0.210864968816198	6.14389822364221	1.90422044697374	0.171946608731567	0.324664160611268
POMT1	0.0849443036150212	5.14692752091997	0.475310665415024	0.492806337014273	0.648516513028148
POMT2	-0.10991759006711	5.17174276098515	0.527652125472665	0.469989098668487	0.629657975601607
PPIA	0.532064583774826	8.91102675859387	9.22115454289114	0.00334667703230304	0.0297633409167256
PRKCSH	0.18333271365285	9.19119966668584	1.66340540108086	0.201339038195007	0.360654635861179
PSD	-0.460595222831321	3.74582924175534	2.72411368664953	0.103270231678102	0.232124988671844
PSD2	-1.58935209055561	1.24567960049558	7.5645517300058	0.0075502348021111	0.0468966157157531
PSD3	-0.314494318808662	4.68845393895719	1.06782876274159	0.304951434908099	0.474880883463009
PSD4	-0.68634373325641	5.16863916332838	6.74824539305867	0.0114063512270199	0.059362398238138
QSOX2	0.0122560497436918	5.17463158489862	0.00798383443997595	0.92905407344355	0.960608094186817
RAB10	0.114015003179456	6.96717138826509	1.38523939141023	0.243150306519058	0.409141322217875
RAB11A	0.144876941959259	6.99707336883073	1.97528521887969	0.16425869257186	0.314982191494221
RAB11B	0.182312392405356	6.59523478833463	2.1192003762336	0.14988020795347	0.296592314698082
RAB11FIP1	0.260838980823792	5.27865984016265	0.769799559626614	0.383245043802445	0.553769333395367
RAB11FIP2	-0.158749028196694	4.51998495680044	0.906201100691088	0.344361274065605	0.515879394752407
RAB11FIP3	0.192323145551485	5.89742375024298	1.81487099133619	0.182218701051055	0.337827687027988
RAB11FIP4	-0.494870922701217	6.46082478837278	3.29856697837741	0.073571535109372	0.18727299846022
RAB11FIP5	-0.701692066149763	5.56176918190281	8.55982533073838	0.00461466755320732	0.0354237392642947
RAB12	-0.00339694899096305	4.74762372762009	0.000368381941536955	0.984740878152554	0.991735752795148
RAB13	0.558211047709343	6.03078815972383	7.50857322169782	0.00776485310927713	0.0476498166285588
RAB14	0.0691386347436634	6.34525188308413	0.380233961207119	0.539454787688952	0.68676454641568
RAB15	-0.595815343382978	8.55587807049071	3.42673722997846	0.0683174425775555	0.178424945990322
RAB17	1.67152856908432	4.19748869064591	7.61938861582259	0.00734601274975098	0.046141613502149
RAB18	0.107198931786562	5.62910862101836	0.601095580535837	0.440740843136325	0.60613913094745
RAB19	0.841297175190863	-0.996776128314	2.6988749638086	0.104851062858086	0.23407544095596
RAB1A	0.392757247751783	6.80792117018036	6.08937524347741	0.0160176120412365	0.0720087954815705
RAB1B	0.271939872290483	6.96309839988196	3.50729464430583	0.065225926314139	0.173300102458965
RAB20	-0.389424282712328	4.93560492300302	1.6551793232981	0.202444201443256	0.361868309511768
RAB21	0.408820853078654	6.36998891992355	2.77808264325767	0.099978401940768	0.227440011069018
RAB22A	-0.325152109424858	5.4994505738442	4.22849833698662	0.0434359165243321	0.133041478585017
RAB23	0.34018521525214	3.0562812368295	1.25556447362762	0.266276871747865	0.434807210587287
RAB24	0.133495335453434	3.04472064646096	0.541237165781077	0.464349475961303	0.625551299783615
RAB25	1.10393122184513	3.88844595873588	6.76846203070872	0.0112892199873811	0.0590283495737548
RAB26	0.780212683115329	-0.0363450693625137	7.2334166889799	0.00891677381694296	0.0515826953259379
RAB27A	-0.564638775367316	4.20770878818666	8.18575538336467	0.00554550550535138	0.0391632804755023
RAB27B	1.07876077732356	0.218843159444517	5.12168453066947	0.0266950982996623	0.0981639674549332
RAB28	0.404144121319029	3.90272011932391	8.46556928003845	0.00483266353189611	0.0364276493885518
RAB29	-0.969473626905781	5.2213674680637	12.9808814390908	0.000580732560814204	0.0122163021026165
RAB2A	-0.113683337987964	7.08410656706638	0.520384865018033	0.473051822510111	0.632075695734298
RAB2B	-0.334302003817298	4.8843770895025	7.07390693389129	0.00966541478221672	0.0539009177359712
RAB30	-0.489155030424399	3.10592106035648	4.54553588032216	0.0364735630606824	0.119346792256192
RAB31	0.295268526384535	5.46461440427497	1.80574933730266	0.183307458716684	0.339307625643562
RAB32	0.0157334013956489	3.50941001915629	0.00363822144510037	0.952072476530162	0.974855029695628
RAB33A	-0.797251074488752	0.688364757280007	5.36311899070059	0.0234662015415695	0.0908569836482425
RAB33B	-0.124908210904052	2.99866314430431	0.763571837565369	0.385165802138754	0.55563783649857
RAB34	1.11181848511313	6.4728141262679	14.6095834603135	0.000281340612463352	0.00885871483503725
RAB35	0.352041625975519	6.04236053319369	4.67750931693591	0.0339370914417014	0.114123846466994
RAB36	-0.558243874867978	3.91677596167787	5.38087609888972	0.0232457001261966	0.0903527534059781
RAB37	-0.295105741267627	3.87900589249472	1.66981146250221	0.200483390758812	0.359620930856526
RAB38	0.605275303702179	1.59845042913714	3.60747356973611	0.0615924546103234	0.16750634512496
RAB39A	-0.412850454629693	1.88458967698705	2.06102151983131	0.155509954453309	0.304004794997272
RAB39B	-0.392386359133733	2.68938192987823	2.48225322684494	0.119593019975962	0.255209465283661
RAB3A	0.235388094979798	2.45707579175476	0.602644560442885	0.440155119895112	0.605707453042012
RAB3B	0.22009128316161	6.48280216612171	0.604979570723939	0.439274452170741	0.605284535614324
RAB3C	0.0883193044261932	1.30401290795735	0.0284588948314765	0.866515237409364	0.921597682038716
RAB3D	-0.129840397595126	4.73827369266991	0.325380791905827	0.570196747362899	0.711165759143557
RAB3IL1	0.147022409530874	3.95973772150664	0.463512739478448	0.498206273620058	0.65291747592182
RAB3IP	0.219007163269148	5.72950096981173	0.73750592938755	0.393357666299452	0.562942811073747
RAB40A	-0.205012982247485	1.72015958473236	0.400875871018705	0.528676066785694	0.678567171197339
RAB40B	0.317472222752909	2.88784241264713	1.52497066877608	0.220949250834028	0.383342076945498
RAB40C	0.178995180272412	4.60150021936993	2.57165220020761	0.11324379952474	0.246201375176638
RAB41	-0.537995459503903	-0.607490987224073	3.72204227927832	0.0577048838849516	0.160492730687163
RAB42	-0.498133688889373	3.16976845533961	4.44279774116878	0.0385885624223943	0.123423810848125
RAB43	-0.0249288375730329	1.7598048845611	0.00727455736465475	0.932270636056777	0.962453156097664
RAB44	0	NA	NA	1	1
RAB4A	0.0830637111636529	5.01178881945365	0.314568755783381	0.576659873001603	0.716349119523085
RAB4B	-1.05816341608864	4.5156205313713	13.5585907227015	0.000448133876340084	0.0109154197804067
RAB5A	-0.0760044462171189	6.43200531760529	0.219727292366985	0.64068714529393	0.764486004075185
RAB5B	0.131367445680685	6.9777182471164	1.70238407988337	0.196199344257514	0.354120098709688
RAB5C	0.218313231495646	6.41151766596372	2.27695839154525	0.135756685679664	0.277506067041987
RAB6A	0.0497969818612595	6.9398473629555	0.112146750366293	0.738702816008582	0.836710360357654
RAB6B	-0.959096285867253	5.38481571007252	9.76958951311624	0.00257235576464468	0.0255408807191299
RAB6C	-1.04147208155312	-0.41779996015878	3.53279717817099	0.064279302710425	0.171790077499559
RAB7A	0.120087314980085	8.47065160863562	0.656205974585066	0.420615530675387	0.588022669501618
RAB8A	-0.134854811510155	5.60700255048532	1.51728994067742	0.222103424756824	0.384864203633725
RAB8B	-0.176987219489894	5.12051094341748	1.76553214378004	0.188200378613415	0.344490961688793
RAB9A	0.360792554420127	3.96724852972143	5.65314041795183	0.0201265055872498	0.0829499441041247
RAB9B	0.088949735324201	0.259523570585574	0.0309357126957768	0.860885721915641	0.918278103376683
RABEP1	0.0497234572136302	6.0582422285532	0.24405689848359	0.622819674641943	0.751612348320668
RABGAP1	0.0235366035487788	5.41951750632459	0.0307931106637629	0.861203394089015	0.918390425672154
RABGAP1L	-0.25620585995818	5.30519756014364	3.62436620608292	0.0610017735992046	0.16646507838828
RABGEF1	0.213043968775695	2.4927488362386	1.78729584342647	0.18553364115235	0.341572404877644
RAD23A	-0.112628281682239	6.97587247992238	0.75703378576831	0.387197214200181	0.557356353750393
RAD23B	0.302761885989764	7.81177224373731	4.28478008195076	0.0421025444131404	0.13037384286902
RALBP1	0.250692121599244	5.69779289553821	2.60106455077022	0.111238526280772	0.243197588017174
RASEF	0.627855793586217	1.03960128382288	2.28637924174353	0.134962701036842	0.276498672946778
RBSN	0.114889572045662	5.17139997064399	0.498546231085918	0.482455375079333	0.639968927583466
RBX1	-0.338056595232582	6.20057872006206	3.23014080481248	0.0765566373295009	0.191923764253422
REPIN1	0.283183947874252	5.96168181584755	2.73929645804688	0.102332093668927	0.230793646855171
RER1	-0.0721862875895543	6.7642995487833	0.391914271539551	0.533306910367671	0.681938895709427
RFT1	0.268458888274118	4.83569101568375	3.15036453599046	0.0802060132839805	0.197516087146122
RFWD2	-0.210126542197263	6.289647200183	3.02459004903945	0.0863549978459574	0.206705902914574
RNF185	0.191089615727446	5.05754711171695	2.80245102819168	0.0985305386565047	0.225308659383274
RNF5	0.252187883440732	5.35419194426809	1.54074063203877	0.218602280437714	0.380598859637723
ROCK1	-0.16769473154013	5.50233359609344	0.741211980320027	0.392177646385154	0.561811313546027
RPN1	0.0864354744080196	8.81406424655649	0.398394332163485	0.529951066211768	0.679241247428659
RPN2	0.329910931254263	9.05754839438271	4.58917795601069	0.0356130282482879	0.11779173878835
RRBP1	0.287162747439809	8.3249377656863	3.48715610495772	0.0659841906018654	0.174409681998506
RUFY1	0.182892027232897	5.63219492431624	2.32872521290796	0.131458555279646	0.271193504678887
SAR1A	0.230478474214622	6.58555343942759	3.47938828774483	0.066279233641981	0.174870280294911
SAR1B	0.16787239978608	4.78706025827973	1.80237080343572	0.183712666740476	0.33969877797289
SEC11A	0.23374101248082	6.80455779882229	3.79945576553072	0.0552293272373458	0.156211981245598
SEC11C	0.124692830634929	5.00769492997885	0.578303678370293	0.449501799603095	0.613714452583619
SEC13	0.354309218147833	7.15186933571818	7.08200146789267	0.00962587793316702	0.0537821261833077
SEC16A	-0.463542827475202	7.24893371910616	11.3652679558105	0.00121496495179208	0.0173562378203588
SEC16B	0.741923225113077	-2.09759794924389	3.53047151235087	0.0643650048318446	0.171957830140016
SEC23A	-0.163596866085292	6.16365265088207	0.807140990848006	0.372010464539183	0.542872746558553
SEC23B	0.115153135756899	6.36984423230729	0.366925319910396	0.546621024236368	0.692572988401759
SEC24A	0.455444432163921	4.97096727748316	5.69583993521193	0.019679018060038	0.0819363359322037
SEC24B	0.390325906788569	4.6721212587054	6.30995884796663	0.0142867123073822	0.0676234039898631
SEC24C	-0.025104765503082	5.47296353248376	0.00668006794814636	0.935090577539966	0.964442506958825
SEC24D	0.082659486986188	5.58477102320492	0.178675530252808	0.673794328705976	0.789548408871592
SEC31A	-0.0599621014609854	7.37512101570675	0.259948709126038	0.61174026182451	0.743325331518457
SEC31B	-0.622849540828361	3.238169701255	6.2340613073436	0.0148588731338095	0.069166348239095
SEC61A1	0.245738029873375	8.47605751983413	4.48072601688391	0.0377928381418857	0.121715169898132
SEC61A2	-0.0877066842914739	3.96025018147068	0.2540831014912	0.615778790408332	0.746678968317954
SEC61B	0.0212693248792102	6.51623928320248	0.0109663059370197	0.916893832595715	0.95302872810864
SEC61G	0.332681987803527	7.05649066273805	2.41843079318868	0.124371678744146	0.261773457962382
SEC62	-0.0264022033450168	6.63550988441317	0.0555107948787872	0.814417242278279	0.887626132797228
SEC63	-0.326508434671099	7.82708303155246	3.89103658507966	0.052448372851275	0.151436573195535
SEL1L	-0.158025012655285	6.06188745602713	0.869219965675097	0.354338171672461	0.525629227396524
SELENOS	-0.367932431916728	6.3829121919448	4.90324003982372	0.0300254831537811	0.105848497527005
SGSM1	0.741923179315308	1.6602689371393	5.17361861283096	0.0259626800421409	0.0963991244434805
SGSM3	0.189272013288556	5.79248860153842	2.60538398375286	0.110947409058878	0.242779734980477
SIL1	0.038225691369228	4.88510067515079	0.0492288624142505	0.825048986420419	0.894760646368662
SKP1	0.526663823712687	7.51687629781101	19.4256415651555	3.64364789008879e-05	0.003180476706338
SMCHD1	-0.574883031721779	6.89950929222581	3.61365797817402	0.0613754867478413	0.167083012092236
SNAP23	-0.282486404388803	6.48461306898116	2.0392173705573	0.157682555612026	0.306760606285832
SNAP25	0.19386664086555	1.24170889307821	0.173556709624212	0.678229657954838	0.793229880331693
SNAP29	-0.519625667263894	5.61553914927502	13.4857193627165	0.000462966525904214	0.0110356102501249
SNAP47	0.14976887000952	5.38255077271195	1.88465419120682	0.174136647567907	0.327673470774502
SPCS1	0.332567424497278	6.19652484059602	5.74251689165232	0.0192018726224874	0.0807308076250208
SPCS2	0.0134976811159171	4.90795275913597	0.00968850099323026	0.92186870423749	0.956295012794974
SPCS3	0.376011252958799	6.23594495622196	6.13627557321778	0.0156318984343834	0.0709772685669299
SRP14	-0.0127776250479177	7.92083266660039	0.00729527412412239	0.932174500745131	0.962426912248035
SRP19	0.0124583579384591	4.69101479529417	0.00464545996490303	0.945852190407781	0.970746162028622
SRP54	-0.267204865953429	6.31891261181659	3.55449306113948	0.0634857625804706	0.170665219835019
SRP68	0.496363640237272	6.67433815858217	9.80246283904857	0.00253232999032921	0.0253418971859628
SRP72	-0.191239405461812	7.07337442885555	0.811798959206319	0.37064201234729	0.541717749901939
SRP9	0.62166928731937	6.47105147194688	9.75808295907916	0.00258652100300279	0.0256125099562585
SRPRA	-0.27475518217932	7.16453323078316	3.49254371803864	0.0657803961718035	0.174164675874568
SRPRB	-0.275325594121402	6.5346621982534	3.72897293337537	0.0574784189758134	0.160080692703389
SSR1	0.0440936196629381	7.23819680282545	0.123503933881331	0.726307988513245	0.828136962730238
SSR2	0.364202029293288	7.76802091788933	6.10731898194925	0.0158688673944712	0.071525224300343
SSR3	0.313385234441144	6.96948325598933	4.59306506684884	0.0355374433949592	0.117649131001695
SSR4	0.177386665623342	7.24850840718684	0.648388053851953	0.423384144312014	0.590849242813216
STT3A	0.661386547021573	6.3642004278803	10.6567967251119	0.00169049815787482	0.0205377774875083
STT3B	-0.208061333771519	7.66926090048757	2.38101182439921	0.127273751900585	0.26547530372296
STUB1	0.522164051262583	4.53791296601341	9.85835048515435	0.0024657637071849	0.0250055678627272
STX10	0.0789049231084317	4.74623494651119	0.242520875902161	0.623914213104312	0.75213683938204
STX11	-1.25169263775765	2.90982101271729	8.99193207284641	0.00373900870584036	0.0314689656275123
STX12	0.0517165389768438	4.85733851650373	0.164744297347859	0.686049037982637	0.798605230109541
STX16	-0.278282428906357	6.89281795588885	5.25925720567322	0.0248012107296451	0.09380479518531
STX17	0.465036947739338	3.35072198165548	6.20049320142481	0.015119590790924	0.0697354875742352
STX18	0.229187313699649	4.94538642587562	3.71947732594443	0.057788941308466	0.160564294070564
STX19	0	NA	NA	1	1
STX1A	-0.384037672051872	3.90324621107083	4.4144322209579	0.0391954015072233	0.124660893175463
STX1B	0.138998932223279	1.79785894471155	0.188224760801256	0.66571672182337	0.782954390781252
STX2	-0.520076123997723	5.05000800861459	12.0630153077169	0.000881110182510556	0.0149770412727782
STX3	0.264892363866628	5.97027718949003	1.72887992797405	0.192794855562926	0.350053461932598
STX4	0.318202327852662	5.06344120309852	3.33542598728314	0.0720166405240841	0.184786696656014
STX5	0.161285941108159	5.03269367059321	1.1899361422777	0.279039000541135	0.448569183724798
STX6	-0.179900346187554	6.00150733432624	2.19815708272491	0.142611198677686	0.286930315902411
STX7	-0.356940240898785	5.80035422877808	5.48328710092738	0.0220161695171842	0.0873524111804422
STX8	0.550055686688702	4.01601731972059	7.08516871977328	0.00961045409318462	0.0537780722244786
SURF4	0.19199838753278	8.11506051561243	1.8123639281367	0.182517181143315	0.338253223957932
SVIP	-0.38987765251722	3.88074827575459	4.82750192027107	0.031281358953489	0.108817071679362
SYTL2	-0.061060308913437	3.1296116400076	0.0684291731448912	0.794396883205793	0.874810780031552
SYVN1	-0.499259091562451	6.20790179681949	15.6176989632463	0.000181270075025063	0.00740925174607322
TBC1D1	-0.49558752704168	6.91620512835238	7.18260037376647	0.00914843689204171	0.0522938382866463
TBC1D10A	-0.169909117297749	3.88494800890679	1.13108966729389	0.291155074950857	0.461691988517883
TBC1D10B	-0.192498869869357	6.43999584025034	2.93741803164848	0.0909219107945524	0.213757560430248
TBC1D10C	-1.73916614500573	4.84890157468379	15.3848056622028	0.000200527744030847	0.00771434831082211
TBC1D12	0.356463732140593	2.75706416866527	2.86150530202335	0.0951176514278351	0.220389736843183
TBC1D13	0.240938550852037	5.58092441381502	2.60093265790322	0.111247428960889	0.243197588017174
TBC1D14	-0.64829442476173	5.42218119158075	4.59226758098142	0.0355529364911493	0.117668658245164
TBC1D15	0.556383925802491	5.65875861672397	3.63876410347428	0.0605031889530019	0.165461279812602
TBC1D16	1.12071032821457	5.84393621491626	14.9299318194689	0.000244486696323777	0.0082942872578556
TBC1D17	-0.341171072369897	5.89862203897512	9.25561314860104	0.00329151745132571	0.0294758452158149
TBC1D19	0.212924667401799	1.59520577580968	1.13915243988576	0.289455439181861	0.460007970212044
TBC1D2	-0.218722108683449	4.13576970006789	0.539410832397067	0.465101264839132	0.626047993231173
TBC1D20	-0.610941174452083	5.98111572556649	15.5643317194133	0.000185507136624582	0.00746141890229199
TBC1D21	0	NA	NA	1	1
TBC1D22A	-0.0382600896361344	5.18076600788266	0.0723197318537989	0.788770416387193	0.870995700630158
TBC1D22B	-0.00599353686295269	4.98481622845044	0.00342877661608788	0.953470821371362	0.975626060931825
TBC1D23	0.25481727757014	6.67572735930575	1.15334109689026	0.286495473558427	0.456694675728934
TBC1D24	0.324650396120121	4.29280821439805	6.26036429767908	0.014657897190151	0.0686123859313021
TBC1D2B	-0.551169581892778	5.91726843198481	5.15339162960935	0.0262453640815825	0.0970280884350925
TBC1D30	0.185014991675553	1.87308886946667	0.452928365040498	0.503137266015815	0.65667806421731
TBC1D4	-0.322029699565141	4.56942794346717	2.07679839456247	0.1539595076985	0.301958014602872
TBC1D5	-0.490820134956769	6.6389961825426	4.41930105105506	0.0390905163676564	0.124448036738852
TBC1D7	-0.0298732666724024	5.14334324331612	0.0276672966185406	0.868367262296001	0.922607303543113
TBC1D8	-0.405146604881169	5.33296156629048	3.51707651403617	0.064861049719024	0.172847992844198
TBC1D9	-0.312640985582569	4.12138665774491	0.755232244147767	0.387759678680938	0.557664579225216
TBC1D9B	0.196364106931344	6.81636732684498	3.76594006939576	0.0562866674913822	0.157999471301055
TMED10	-0.259493959059277	8.38343312284908	2.56507487255231	0.113697767111189	0.246820796268384
TMED2	0.331978455141151	7.99614838778838	4.02604595578623	0.0486212497427066	0.143459883759065
TMED5	0.227903628728841	5.52243482835522	2.06273367225976	0.155340824919444	0.303771008022334
TMED7	0.595887160673619	5.40656918818294	12.6514537648371	0.000673969513519214	0.0131341849181163
TMED8	-0.5577171835082	5.44843859744078	11.7897085665746	0.000998813867201708	0.0159203815567995
TMX1	0.02923663853657	6.07133060103928	0.0424967614938123	0.83726708717365	0.90214926728809
TMX2	0.241468531764606	6.40508961426265	2.26571860092847	0.136710953004128	0.278958864096896
TMX3	-0.28960592228212	5.29160603410901	5.07035779598026	0.0274405886476718	0.0998017138716034
TMX4	-0.363916193726567	6.19745014736172	2.74937949651175	0.101714325419894	0.230005783383446
TOR1A	0.214777868575105	5.28247580380041	3.17175299492944	0.0792091773353365	0.195795501833088
TRAM1	0.237337781525393	7.2718400340819	3.23808681178541	0.0762032625240259	0.191459404682997
TRAPPC1	-0.0590211641058993	6.33796214306726	0.106121161187167	0.745564447848852	0.842107422031527
TRAPPC2	0.142015154049204	3.92048632412555	1.46013725805741	0.230926641134136	0.395294064745488
TRAPPC3	-0.143966235141918	5.76319537003515	1.62093946939624	0.207123150058774	0.367415030240413
TRAPPC4	-0.00290940511087666	5.57600990511079	0.000248446964860702	0.987468414375271	0.993086111514848
TRAPPC5	0.116844469858278	0.99370353201327	0.262915215771444	0.609719659484972	0.741715211419303
TRAPPC6A	-0.510187394259393	4.79936908675062	6.8807895301846	0.0106610447024303	0.0570325200569709
TRAPPC6B	-0.44397189768433	5.0918887350132	15.6355577460989	0.000179874637106292	0.00738227000719088
TRAPPC9	-0.116403325265804	5.20357887605832	0.312098723445907	0.578156899995769	0.717627268007501
TUSC3	-0.0858166765531168	6.60927632099181	0.209955343952157	0.648204985830022	0.770047556179531
TXNDC12	-0.0683097668680581	7.59294676451803	0.140228791673774	0.709172336945082	0.81622538034766
TXNDC5	-0.0663477319372248	2.67807536916883	0.0386307638902321	0.844744762772148	0.907785817009077
UBA1	0.41006309252456	8.73148864166547	13.9409923971977	0.000377975246696073	0.0100552894262053
UBA5	0.350971416211587	5.03342620034184	3.56496932726218	0.0631064139524537	0.169983979950119
UBA7	-0.394787626797555	5.1928900703458	1.64772408880673	0.20345208522628	0.363096536032543
UBE2D1	-0.384442920128093	4.72072443719819	3.86576846672427	0.0532001963311932	0.152767385828537
UBE2D2	0.383242702127327	6.52760561956924	11.5138824834115	0.00113423245922802	0.0168147834757869
UBE2D3	0.0986212991253566	7.72197035386683	1.40199052851726	0.240348465402891	0.406177977084341
UBE2D4	-0.122632240440894	4.03213558087883	0.573939626686644	0.451210457961203	0.61502028968449
UBE2E1	0.106735377798667	6.09576824513253	0.726504952057118	0.396891018982202	0.56638020209422
UBE2E2	-0.0260926497757188	4.85006266974871	0.0257769232681253	0.87290328677757	0.925708775888311
UBE2E3	0.474822914813262	5.43658485479995	5.79238448631813	0.0187056113538883	0.0794340781316088
UBE2G1	0.400861536379387	6.53356231906688	3.60018534953396	0.0618492196592081	0.167795338989167
UBE2G2	0.249495873473452	6.86298672729154	2.34507272293466	0.13013359321187	0.269293835578122
UBE2J1	-0.389857938142177	5.9537669041335	3.70456975978297	0.0582801243834691	0.161196988145888
UBE2J2	0.0390967926066288	6.24486762811024	0.0912415951358201	0.763489696277275	0.853821878917111
UBE4B	0.443186041254456	6.11665449441643	9.07635455122706	0.00358921178344512	0.030738891977773
UBQLN1	0.159867849679933	7.4287308917831	1.04107317286784	0.311044064551645	0.48110031626452
UBQLN2	0.42175737249547	5.12918345670331	4.83165778770511	0.0312110133911144	0.108693502799062
UBQLN3	0	NA	NA	1	1
UBQLN4	-0.253301998735162	6.39929829078532	1.67845987595397	0.199335124113811	0.358127045379908
UBQLNL	-0.908641956058171	-0.300675972906179	4.81808016668748	0.0314414666868137	0.109203666793283
UBXN2A	0.121209882234792	4.76724230348508	0.934714167141654	0.336930168085768	0.508411145051228
UBXN6	-0.178358599557166	6.68910553942916	1.85488637773333	0.17753161125426	0.332125342143581
UFD1L	-0.0292929977521102	6.30393197376309	0.0380832154940564	0.845834786880352	0.908269602513681
UGCG	-0.328207846287162	6.79436566665767	2.44023004758266	0.122715603293809	0.259636704700296
UGGT1	0.0382950707880586	7.00013730982934	0.0718444511128029	0.789448915445091	0.871488500744282
UGGT2	0.473192376182199	3.49084640796264	6.1747919262582	0.0153224681830994	0.0703682470659559
USE1	0.11110570991353	3.62515105858021	0.303456551525923	0.583456771617765	0.721576548895303
USO1	0.350003034981911	6.59781695391379	3.76071967898017	0.0564533251640404	0.158268048876853
USP6	-2.48486076881879	5.52851501570053	22.8688672031214	9.14280898069822e-06	0.00139288707253768
USP6NL	-0.076762223391359	4.6455833224754	0.284107190233955	0.595690059024089	0.730538548237431
VAMP1	-0.226525911973953	5.06093547131203	1.39519201576302	0.241480762048794	0.407277737161028
VAMP2	0.235898218346893	5.24451979898564	1.06293817410855	0.306053283743524	0.475992324117757
VAMP3	-0.10916686373988	6.51634565237487	0.916421418178343	0.341672159490365	0.513135851578477
VAMP4	-0.446712968750683	4.1460231112961	8.5248617553939	0.00469430826347254	0.0357739270748879
VAMP5	-0.28280256476242	4.56983882211657	0.927727207895808	0.338730739715594	0.510255184258571
VAMP7	0.127371632079951	5.242191420084	0.527292034133166	0.470140094400487	0.629694546794908
VAMP8	-0.0439027760546249	6.46159667976065	0.0434026938090368	0.835566715057776	0.901027890043837
VCP	0.000103977194656607	9.0381872093512	4.31498333224107e-07	0.999477727757966	0.99984459832976
VPS45	0.082582291752511	5.05527450378631	0.3368318364019	0.563505372766654	0.705690788482614
VTI1A	-0.309287341777076	4.47209399010323	9.40950111192012	0.003056501274123	0.0280470868880243
VTI1B	-0.035134249901067	6.49558661090867	0.10619145573828	0.745483171025407	0.842054396449974
WAS	-1.32951385671486	4.94750994485198	11.2439677284711	0.00128527256421188	0.0178814395976412
WDR38	0	NA	NA	1	1
WFS1	-0.127706687826649	5.52743037637104	0.886491911166476	0.349629593109493	0.520971669995118
YKT6	0.0640162680896371	7.46810763863801	0.237896893940721	0.627235431334439	0.754084435828405
YOD1	-0.318158407798385	3.84708457778706	5.07452043678263	0.0273793108474692	0.0996823120775903
YWHAQ	0.314254993348757	8.11705463798108	5.27620557395728	0.0245779667143558	0.093291297983553
