pspGenes	logFC	logCPM	F	PValue	FDR
A3GALT2	0	NA	NA	1	1
ABO	-0.249758068992165	5.6062638869648	0.202114544696803	0.654228940384907	0.878872618643251
ACAP1	-0.815442554722338	3.20061818089171	5.65893523308603	0.0197372904537086	0.208525890195377
ACAP2	0.0952474848063073	5.16975244801468	0.318133222175736	0.574301484465991	0.836246700169502
ACAP3	0.453188963676922	6.07268992480818	7.13796082254501	0.00913293963868972	0.148391788198608
AGAP1	0.451964890320848	5.3941640429323	4.72127554130942	0.0327353348719805	0.262260611612121
AGAP2	0.274263388792234	2.36746626180664	0.439237364710179	0.509386053686801	0.801350345643934
AGAP3	0.215728207266578	6.45070761158445	1.53567300618268	0.218867845853149	0.579127729692438
AGR2	0	NA	NA	1	1
AGR3	0	NA	NA	1	1
AKAP10	-0.234008086317894	4.88247001615095	2.65981106606155	0.106823828511762	0.433200543134657
ALG1	0.264661338292251	5.06076403219281	3.07473871703773	0.0833279936335978	0.393514154209326
ALG10B	0.127073281361877	4.17237894333646	0.53369873989778	0.467179184335327	0.777162945041833
ALG11	0.278997419473315	2.64241571201325	2.37406491008888	0.127291695555951	0.465125037583971
ALG12	0.158911281348207	3.33009847333574	0.640095264371664	0.426033603762159	0.751138250939087
ALG13	-0.0248640256916882	5.25932953216105	0.0227015892863821	0.880612994376404	0.960048164748957
ALG14	0.252936709168847	4.3892400632957	2.6452465472249	0.107772874979529	0.434606230763783
ALG1L	-0.049958931605257	0.174940156963652	0.0116724725384988	0.914233709984825	0.973208583386353
ALG1L2	-0.0669374427551392	-0.716033909817634	0.0213087756569724	0.884306242439522	0.96100959733898
ALG2	0.152040309625963	6.23577557816116	0.757299966758745	0.386765254500869	0.725156116552067
ALG3	-0.0770659483442339	6.12787298621226	0.291390939893924	0.590822344775599	0.845931020295033
ALG5	0.222770472715976	5.14228875049564	1.82472323991955	0.180541092187979	0.537378001567871
ALG6	0.179493941492841	3.95640283563108	1.37101165384651	0.245096343426804	0.606299022721914
ALG8	-0.180518502458801	5.53550029797857	1.35816801533402	0.247300615004496	0.608112269953131
ALG9	0.0300602793619899	2.888713821989	0.0264690280454698	0.871168280434549	0.957334955766149
AMFR	-0.108918834931182	8.10868394417968	0.386293427535801	0.536012292835866	0.816655947407381
ANKFY1	-0.13869881140311	5.53270615634804	0.707443282519866	0.402788166372885	0.735889914089001
AP1B1	0.237142988229904	6.98836926056222	2.44555685923358	0.121785250956213	0.455863727134112
AP1G1	0.066977320008307	6.93412805700443	0.243758303344379	0.62285062932294	0.861867709537668
AP1M1	0.0979805445349524	7.11759240597369	0.385377501593612	0.536494903691251	0.816721530973984
AP1S1	0.299007742435754	7.08012948844215	0.844009690723083	0.361000081886308	0.705544592682915
AP1S2	-0.0411002729174515	4.57254855875673	0.0252790424923358	0.874072378455929	0.957980554057058
AP3B1	-0.252932589810477	6.12632895558744	3.5822889570766	0.0619969070198657	0.344998413282675
AP3B2	-0.833853627228831	2.03819431024125	2.67756817411383	0.105679353123935	0.431810843140193
AP3D1	0.144194730101957	7.84709990617919	0.89642206305179	0.346579470381158	0.695565422363475
AP3M1	0.0545581547835979	6.05489719630378	0.12513431330937	0.724457097084879	0.905099986462103
AP3M2	-0.180876193463396	5.05924585871227	0.908870015550494	0.343271475680536	0.694128690553809
AP3S1	-0.107461681183604	6.38492962695262	0.441395882671658	0.508350208325751	0.800804804882707
AP3S2	0.296976229568678	5.30644892119015	3.32009688255422	0.0721557070306559	0.367875817812032
APPL1	0.0770759910244203	5.53865122242154	0.212325371683802	0.646194699963481	0.874524266170308
APPL2	-0.235069224508991	5.9899795819857	0.841776231476526	0.361632942815092	0.706110707688032
ARAP1	-0.181412494216743	6.99439291662895	0.784088940656409	0.37853384036409	0.717926868928436
ARAP2	-0.180155265743954	3.12298447003738	0.126112811496542	0.723426737661331	0.90447799073098
ARAP3	-1.12171956838299	4.74197208543446	7.75695003077973	0.00667016812510615	0.128559232569631
ARF1	0.125541569931453	9.26642270331646	1.2100022348214	0.274613922138365	0.632761141055747
ARF3	-0.157512381527195	8.45018473136984	0.967671499929296	0.328212191122191	0.682784120909447
ARF4	0.462931072935215	8.08014748820322	10.5643602707076	0.00168465157184968	0.065261037470198
ARF5	0.216350745654158	7.43595854846249	2.18711840752371	0.143076303497596	0.488219418564427
ARF6	0.216617948610397	6.97408813069725	1.63846211656156	0.204217099424903	0.563799776299545
ARFGAP1	0.128000832264475	6.85011629892577	0.764544302890969	0.384514179137784	0.723022872310433
ARFGAP2	-0.132203871778005	6.62920334550313	0.583149679416076	0.447315208577833	0.766076686195168
ARFGAP3	0.342044136057089	6.46588280268596	2.85286345834058	0.0950856483795068	0.41531042616976
ARFGEF1	-0.153224499056519	5.76181137192474	0.744497469737448	0.390790137360875	0.727881655256473
ARFGEF2	0.0943137979040515	6.66252153484041	0.193314696618284	0.661351445027355	0.881299329433006
ARFIP1	0.0325311837782792	5.31731289840101	0.0520416129649514	0.82012715259471	0.940637733758297
ARFIP2	0.377048580800679	5.71579131059622	5.57407002920498	0.0206493846584694	0.21220316105202
ARHGAP1	-0.126579877991735	6.67942949939837	0.547549780232496	0.46147556792562	0.773716174287442
ARHGAP24	-0.168351480395042	4.33336669048481	0.147486193084543	0.701962960211814	0.896267151869843
ARHGAP5	0.304057601620633	6.45853961037043	2.96746473017099	0.0887989567889365	0.404224320615535
ARHGDIA	-0.0161250701629141	7.86986940408916	0.0109124892855328	0.917062161455431	0.973340045703884
ARHGEF1	0.065777639566939	6.00944274822766	0.156053878701853	0.693861868102773	0.893449752257481
ARHGEF11	0.17345062075361	6.11962254218953	1.69678328599963	0.196427511450435	0.55589627576459
ARHGEF2	1.00389284258572	4.73873214228586	8.72953815498271	0.00410564119000334	0.101633030399623
ARHGEF6	0.315581238478898	5.77783691357136	3.07662411502347	0.0832352205560978	0.393514154209326
ARHGEF7	0.25360434150405	5.39630464839809	2.81477362581926	0.0972830753287127	0.418360852681467
ASAP1	0.146170067492384	6.23839708506006	0.368162782759004	0.545716792502785	0.820638810085921
ASAP2	0.33181190408196	2.35629728275347	1.05071387479565	0.308416512963549	0.663886237351152
ASAP3	-0.329801872677593	6.12677792228437	1.88109734307625	0.174024521734934	0.529215736734481
ATF4	0.190238765331222	8.35060957758956	0.950671551706242	0.332472526406559	0.686373712044208
ATF6	0.303637075535708	6.01701354973411	1.98678905860727	0.162532904533706	0.514536066667923
ATF6B	-0.0472339827478052	6.26659150484998	0.103932923759705	0.747996764880783	0.915081724782463
ATXN3	0.108880496591158	4.45962520224184	0.560571199771556	0.456214674473184	0.770862482289972
ATXN3L	0	NA	NA	1	1
B3GNTL1	-0.610436559759759	2.07251695642572	4.94770272722433	0.0289288440128785	0.247684298041244
B4GALNT1	0.290193965860284	3.45633380195613	0.273816610245943	0.60222202684165	0.850508861829458
B4GALNT2	0	NA	NA	1	1
B4GALT1	0.455036752088684	6.82452643523711	2.86883785038238	0.0941805050212353	0.413603765189717
B4GALT3	0.0976967348209775	5.28714762642995	0.167907741837452	0.683067579388124	0.889951265126078
BAG1	0.198454779713104	6.13907832263057	1.11084735894516	0.295054497296693	0.651770543698307
BAG2	-0.16416616338506	3.79384619603966	0.150006684244512	0.699552196022481	0.895000407924701
BAK1	0.103267484168116	5.34206618899587	0.178937949251009	0.673416702922513	0.886187976006293
BAX	-0.500095381048048	6.2057331500339	7.54901460203655	0.00740914653062383	0.134698498462739
BCAP31	-0.170804852843694	9.16712964847164	0.92967342827332	0.337838566406715	0.689637920387046
BCL2	-0.249900430533757	2.20059559402484	0.358061836021958	0.551266438941048	0.823984967558409
BET1	-0.0789392336661637	5.84606802721955	0.166128407664303	0.684658897222627	0.890312596872726
BET1L	0.0326979940573416	6.35869075174352	0.0699004371555333	0.792158262130276	0.930951438932281
BNIP1	-0.0109600829474007	4.44031004605001	0.00356523627460499	0.952535071970073	0.984872023046038
CALR	-0.104525270509244	9.66424061731196	0.573550155062257	0.451065163515255	0.767746078438321
CANX	-0.121592588875134	9.82115347091193	0.482312309346908	0.489378536883679	0.789171880183081
CAPN1	-0.291960690223541	6.69900495312493	1.45244277746946	0.231671142782104	0.59240270920499
CAPN2	0.198837775887185	7.90376501901066	0.887277722367691	0.349037444262472	0.697406981063141
CKAP4	0.651811150002243	8.05844880021	10.7807848840344	0.00151954014247812	0.0631882596724283
CLTA	0.319919111520632	7.36199129802605	4.43377615975949	0.0383546821720797	0.281458869073344
CLTB	-0.224192597231899	7.84545356674687	0.865603498056162	0.354960101425434	0.701423055768111
CLTC	0.097239324168695	8.56161418914011	0.374663859255055	0.542199929535321	0.819180064595923
COG4	-0.102140627073789	6.44600922990578	0.581742731721571	0.447861748774328	0.766547963311832
COG6	0.3066012235973	4.53688183506329	2.70459946847892	0.103963318952054	0.429485463806492
COPA	0.121715678524193	7.62713897590471	0.573366701033759	0.45113730915251	0.767809690411329
COPB1	0.177128191054323	6.81473906729969	2.12668440473649	0.148648503499306	0.496191625966466
COPB2	0.135204274889943	7.3343276428636	0.937025083575989	0.335946607991182	0.688448914250885
COPE	0.178042164265161	8.19166936814558	1.43102427514341	0.235112744528556	0.595646092814016
COPZ1	0.0407339107078768	7.71097801502924	0.0912510655112081	0.763372599707744	0.919364758307154
COPZ2	-0.413808204241218	3.82219626881651	0.640250962140977	0.425977562197852	0.751138250939087
CRYAA	0	NA	NA	1	1
CRYAB	-1.50356081497764	4.80801588549612	9.08705758927081	0.0034431065382475	0.0956191279758231
CTBP1	0.164564141596906	7.55640771352297	1.17208424950662	0.282209220432463	0.640174830118063
CTSA	-1.01066423616112	10.6779922918246	6.04996231127701	0.0160513500391774	0.190015598247674
CUL1	0.242220596390658	6.74539990011012	3.51770887385873	0.0643457568690703	0.35105041585934
CYTH1	0.210516227596104	6.17478988154248	0.819073080434055	0.36815498174504	0.710104536827955
CYTH2	-0.12050710680385	6.89801342895188	0.361389016678377	0.549426752745324	0.822766528877377
CYTH3	0.618482516528403	5.47272116103834	15.7477511951959	0.000156390490096989	0.0170111251814365
CYTH4	-0.21052883338723	3.55050355896789	0.284340869068732	0.595340847507227	0.847839212123671
DAD1	0.566760788148135	7.46434797691069	11.6734613791561	0.000996888357889862	0.0506118655335594
DDIT3	-0.158241668315937	6.67732006747198	0.324337585002295	0.570600054568439	0.834840962425504
DDOST	0.22777648843343	7.67942598189462	3.24957396339091	0.0751887025972154	0.376020981588712
DERL1	0.0201611680238785	6.97305689090295	0.0158366642427403	0.900169675404198	0.968081365799732
DERL2	-0.212496214369816	5.84421067202015	2.00646511362716	0.160492287778776	0.511902365077563
DERL3	0.601315020815213	1.93712942519856	2.81964253624842	0.0969990687883268	0.418360852681467
DNAJA1	0.198237718878428	7.77770744713919	1.1028972217766	0.296777173052594	0.653430484252104
DNAJA2	-0.123383260470217	7.11734601448022	0.639930109016953	0.426093061712324	0.751182506640306
DNAJB1	0.309187975076317	8.3544621069321	1.76421073818619	0.187857800181608	0.547096819547625
DNAJB11	-0.0174699958137378	6.0417791134767	0.0111931014320611	0.916006537282037	0.973340045703884
DNAJB12	-0.0769052056700229	6.54696434335682	0.375183958178964	0.541920392274441	0.819137202121702
DNAJB2	-0.00967177565953418	7.31683599886631	0.00313797164554242	0.955466741667635	0.985968065540341
DNAJB9	-0.297421265945827	6.51052965141077	1.30736120176786	0.256265621566804	0.617211300013352
DNAJC1	-0.118086497575583	6.4232269127344	0.384258803964588	0.537085438331023	0.816787893626629
DNAJC10	0.241611091303257	5.84551688369407	3.05080405402749	0.0845156710273283	0.395650811725208
DNAJC3	0.0449087625023794	6.0269092896273	0.0812258729216088	0.776375723657395	0.92429978575457
DNAJC5	0.0553249151504225	7.37498368477284	0.169207170170238	0.6819116775677	0.889306296065667
DNAJC5B	0.282098393951214	-1.67946425675759	0.433588375276149	0.512114403240034	0.803542528898176
DNAJC5G	-0.080158425264475	-1.83092431856286	0.0139715779191073	0.906202827777823	0.971058315644414
DNAJC6	0.135749204266563	4.92753254350348	0.145527415254781	0.70385286082515	0.897320288939184
DNMBP	-0.452215079370974	4.94299136377612	3.86742135409908	0.0526820752062672	0.324212068737343
DOCK5	0.09684469191418	5.65976701305855	0.0707378653625813	0.790946213840386	0.930132388807844
DOLK	0.0736118416065592	5.20367423669873	0.169018139032954	0.682079505870664	0.889393974792141
DOLPP1	0.443937531125636	5.11074763876849	4.30999941711909	0.0410839118307563	0.288934664422571
DPAGT1	-0.0394995071107106	5.37420437653521	0.0840239343181406	0.772662744298778	0.922861794324617
DPM1	0.0429189171333235	5.67093342991906	0.0725521138441047	0.788346479930774	0.928993415698123
DPM2	0.468002357427884	6.03915629471017	7.80407111458384	0.00651366207404367	0.12728156836899
DPM3	-0.325861620681617	5.41540180069595	1.25482071757444	0.265968353559588	0.626515887895953
DPP6	-0.971508023711083	0.809703387143326	0.872617806960741	0.353028301773387	0.69991465325183
EDEM1	0.320901035367526	5.46910505049098	2.03446148139154	0.157639691650978	0.508688455814092
EDEM2	-0.033583103970905	5.54172905739933	0.047215931187837	0.828530981946275	0.94374068767335
EDEM3	-0.0305022141699501	5.20484659906465	0.024599059428746	0.87576338905629	0.958388167258413
EEA1	-0.0964329151705199	5.37062426121464	0.295682857443824	0.588106108473253	0.844697581799314
EIF2AK1	0.0460605640426168	8.12987917527563	0.0990514507319107	0.75378610912491	0.916411315899437
EIF2AK2	0.0238902978560548	5.75656667148227	0.0251161000601377	0.874475444809752	0.958218782537402
EIF2AK3	0.0739226307112094	4.53504652578877	0.187684599348675	0.666010639463619	0.88306101998378
EIF2AK4	0.051340168754008	5.59870703371269	0.101740807817237	0.750577607934735	0.915839631471687
EIF2S1	0.625056936961946	6.35205681573131	10.8049894760323	0.00150214668143904	0.0627011358655114
ERLEC1	0.0850298132920028	6.33172343388713	0.363120695700511	0.54847382817534	0.822412780112704
ERN1	-0.287095847436656	6.60915843232468	0.627656753542315	0.430547218582363	0.754936324427632
ERO1A	0.0213997960040802	6.2899523860248	0.00662295521534203	0.935340750025794	0.979639285393128
ERO1B	-0.452072991625902	4.0228211523205	2.81352953321028	0.0973557920035892	0.418416611950431
ERP27	-0.132804250248551	1.57007452304404	0.0414826862257299	0.839123608369418	0.94721577120838
ERP29	-0.0524953665049937	7.86098728794411	0.103260564210388	0.748785131392476	0.915326392294309
ERP44	0.140318336754791	6.92790126817437	0.975769053176791	0.326208665313886	0.680733804603301
EVI5	-0.117443807338827	4.54046731957331	0.520271263971537	0.472818020208981	0.77953679954395
EVI5L	0.262492481127722	5.60588277810676	1.75469609732833	0.189039817920515	0.548657757558213
EXOC1	0.0249456507233151	5.63867491563065	0.0292299094886311	0.864678744472172	0.955460596501562
EXOC2	0.0389303457520107	5.08459645469596	0.063034354950293	0.802403205491944	0.935298790171109
EXOC3	-0.242217326740738	6.12052719500368	2.5322850282803	0.115462509148384	0.446405601614827
EXOC5	0.455456861073653	5.78954382419136	9.09164593408815	0.00343536609874608	0.0956191279758231
EXOC6	-0.0105335449435834	4.87741112440501	0.00212980504137208	0.963305266058225	0.988284684741668
EXOC6B	-0.443741899315162	5.45518645315603	3.80928434452437	0.0544506927215201	0.327519952597082
EXOC7	-0.0379159336029354	5.55499854095627	0.0619581345209563	0.804062043692749	0.935651494430145
FAM71B	0	NA	NA	1	1
FBXO2	-1.48523727128395	6.31988176181943	4.50930335163559	0.0367851275158307	0.277598223061196
FBXO6	-0.736751919103754	3.54272421719301	5.73493970206397	0.0189565057831536	0.203687885254411
FBXO8	-0.0365276618052854	5.09388894944606	0.0565437653716473	0.812649346546962	0.939098820028178
FUT8	0.247059776455439	4.95519733917459	1.06519659754566	0.305127167344597	0.660846338171095
GALNT1	-0.0574543313847878	6.69339639559431	0.088166772736555	0.767286442838006	0.921521743982507
GALNT10	0.163098957663024	6.96985921427205	0.324377726472058	0.570576260142931	0.834840962425504
GALNT11	0.0406359709342171	5.93975110986602	0.0737763443759408	0.786611877291306	0.928321131171429
GALNT12	-0.0322885494139117	2.45221786887606	0.00411889489494845	0.948987281027004	0.984338037972439
GALNT13	0.985099093120661	2.00782973336749	1.8315581374875	0.17973594400333	0.536199027573224
GALNT14	0.157788539186719	1.39229448339309	0.104033789999073	0.747878738777314	0.915081724782463
GALNT15	-0.320200159159278	3.28806369997323	0.899123204241055	0.34585795657314	0.695441206055187
GALNT16	-0.423060340888894	5.41790108755299	0.673038153078377	0.414419710650966	0.743886730373736
GALNT18	0.498997274819202	4.29606277357783	2.65549534044042	0.107104070755991	0.433484959905179
GALNT2	0.584698004817803	7.66760240885675	7.83301288340677	0.00641943992849053	0.127088558099572
GALNT3	0.440515088358484	0.351974984980733	0.983241038200027	0.324374437922576	0.679813208406263
GALNT5	1.73800956276876	0.0676549426347931	5.59696701359691	0.0203989946418439	0.211432728385372
GALNT6	-0.10111949248885	1.31599592120106	0.0527479640019399	0.818931998643839	0.940345161833314
GALNT7	-0.576294211331064	4.8524971305847	2.38117310354154	0.126731791928047	0.464690252003189
GALNT8	0.357590774267103	-1.20245777741345	0.427582660153032	0.515043190219567	0.804832948905769
GALNT9	1.87411715653346	2.86750555434765	5.38899255446039	0.0227965772450071	0.223784056566802
GALNTL5	0	NA	NA	1	1
GALNTL6	0.973701125463898	-0.400827393243941	2.26648145213439	0.136117933780147	0.477841032718509
GANAB	0.244634891591334	8.34904508468479	2.69566955040791	0.10452675675479	0.429938349482168
GBF1	0.242604930853807	6.77695486208136	3.12001523092472	0.0811311968726506	0.389676444889594
GBGT1	-0.690558875660433	4.60814958390649	1.58924355467758	0.21107996776884	0.570833651966167
GGA1	0.267333014979443	6.13791207048431	2.86588673709572	0.0943469998022718	0.414166185510096
GGA2	-0.0221286590572678	7.87084703087944	0.0181132959925593	0.893275793070413	0.964618084876748
GGA3	-0.00231972454829534	5.10064926425233	0.000258392451308904	0.987214702224585	0.995617972209104
GIT1	-0.00780769990626827	6.01710516799938	0.00394681902961464	0.950062784004609	0.984594570107933
GIT2	0.108798426278321	4.76821639244243	0.439452449977721	0.509282672457331	0.801350345643934
GLT1D1	1.31948616304519	-1.51985729787915	4.65449983777557	0.033957194990916	0.267311523206566
GLT6D1	0	NA	NA	1	1
GLT8D1	0.0892177784391189	6.48556852000097	0.375408243248476	0.541799928301389	0.819137202121702
GLT8D2	0.594811989996144	3.56311807313589	1.47058675617564	0.228803857825561	0.589592482745504
GMCL1	0.128004581406181	4.00345336061884	0.834832586438535	0.363610381165615	0.706892131230669
GOLGA4	0.19206400097858	6.61335756141098	0.835197114810351	0.363506193901299	0.706892131230669
GOSR1	-0.0757688977348116	5.23933316375207	0.396742052975896	0.530562366491168	0.812275978364011
GOSR2	0.123999805024908	4.11289879748635	0.888918477507754	0.34859465481069	0.697157736878438
GPAA1	0.0905147559940461	7.75333397116653	0.14110604499455	0.708173050024257	0.899170996938078
GPLD1	-0.522270736797177	-1.40932003509512	2.21701619394883	0.140408311252339	0.484662754778137
GXYLT1	0.0751813357160736	4.84277158313866	0.102006767997515	0.750262860046493	0.915785196942322
GXYLT2	-0.200202737564542	2.66504799908292	0.24096407367707	0.624847684951277	0.862951169649542
HAS1	-4.39620250100739	3.19484805598626	7.11953330844257	0.00921941708312393	0.148695362722613
HAS2	0.372215677246559	2.23116447454234	0.212957840250297	0.645704822143594	0.874406843079264
HAS3	-0.515006158674614	1.89382828383327	0.91058080439785	0.342820219600684	0.693952308164069
HERPUD1	-0.507664418540087	7.74063916431446	4.95159688288881	0.0288676521470509	0.247448224789997
HSP90AA1	0.157429574043207	10.5819475995416	0.521507084671704	0.472294424816163	0.779365448815804
HSP90AB1	-0.364755805471615	10.9620133050223	3.83613337350264	0.0536260619050245	0.325388870001376
HSP90B1	-0.0145292191615948	9.87375103180835	0.0101883278198198	0.919851528997587	0.973492662252315
HSPA1B	0.418023744725804	7.26135869703192	1.78977973764259	0.184724331604862	0.542334650369418
HSPA1L	0.14865004498315	1.85456870560109	0.432774228279948	0.512509723983899	0.803568729856688
HSPA2	-0.580502227348229	5.48178547857574	1.17978859925226	0.280644450594665	0.639143659036019
HSPA4L	-0.695477409553213	5.69122395728215	6.20535374419853	0.0147947664916163	0.184046895155707
HSPA5	0.160657051276886	9.07025903891501	0.75956204696928	0.386060314492525	0.724264894163929
HSPA6	1.93338756981168	3.01301203093655	13.1316920423418	0.00050717749905341	0.0350061290150492
HSPA8	0.304763253727544	9.80165548994601	1.36804342961484	0.245603590009816	0.606754628664886
HSPBP1	-0.111256931359555	6.16866111642892	0.412593814572906	0.522483071206399	0.808172712352168
HSPH1	0.072755478487073	7.32207823823059	0.067913585863653	0.795065381057918	0.932474670366179
HYOU1	0.203202122104846	6.58828380674845	0.776659395462989	0.380791385680011	0.720008099606125
IFT27	0.0637930836049898	5.2853834530382	0.0974543565429984	0.755714229110692	0.917018208290774
INPP5B	0.0777254426948033	3.6478733079882	0.127754491302427	0.721708123623022	0.904069726993814
INPP5E	0.292388366671815	4.8280861590016	1.93933114890993	0.16757997752663	0.521422028020458
IQSEC1	-0.321925098001386	7.3289454418027	2.38522751476923	0.126413679543078	0.464228688479277
IQSEC2	-0.673773280012148	5.62415888587124	6.13539979915015	0.015347137269871	0.187745228839902
IQSEC3	-2.10953528632513	1.40985780167753	6.29108670854216	0.014146175152204	0.179825715838678
JUN	0.318180648719893	7.50521144547522	1.32988053721151	0.252242893064085	0.612486695192717
KDELR1	0.377120351242135	8.50610437178183	5.05587289143158	0.0272791868526429	0.241695541516852
KDELR2	0.689620654796184	8.03591272088888	25.0397742156242	3.24350641889878e-06	0.00105323331228976
KDELR3	1.31999917004436	4.17145495567063	13.9379797641776	0.00035127274510097	0.0279009118150162
KIF20A	1.11400118623895	4.19628769837388	6.44006473371778	0.0130891973475619	0.17351308638644
KIF23	1.17943677005687	3.77682668700908	12.1922740158448	0.000782464702648495	0.0434110630632699
LARGE1	0.390891051797313	4.65245635493192	2.24174424638808	0.138244538129246	0.481327285782385
LARGE2	0.332893743524603	3.4211860964124	0.141258599679458	0.708022706789328	0.899168884144197
LMAN1	0.219628670433573	7.0232646732265	1.75955276830798	0.188435371191553	0.547896877200206
LMAN1L	0.479852992424006	-0.877299531292279	0.374696482161485	0.542182387866128	0.819180064595923
LMAN2	-0.0772309942924853	7.92211119495696	0.39565119541778	0.53112663217546	0.81262521930892
MAN1A1	0.236846450835662	6.51432458124376	0.276355301387209	0.600546840465121	0.84997735878912
MAN1A2	-0.0575668691582947	5.14243162641609	0.137858857359631	0.711395433654223	0.900100015101384
MAN1B1	0.200322624094705	6.86724485227527	1.05173090652995	0.308184006034844	0.663587774675875
MAN1C1	-0.586669686005692	6.0554663457449	1.94848455322587	0.16659250282208	0.520595677160253
MAN2A2	0.240484113636155	5.75880867296654	0.930592141296256	0.337601345270493	0.689533066839716
MAP2K7	-0.0111712755304899	5.83784799297376	0.00847509103733927	0.926879128981821	0.975967501228478
MAP3K5	-0.130019098015844	6.517141055344	0.17227956584375	0.679199161588851	0.888366111067611
MARCH6	0.246774928157137	7.76206394175219	2.1512579524369	0.146353253198815	0.493378043340921
MCF2L	0.416056774170202	3.81943341111488	2.17483528793775	0.144189185781655	0.489774849672169
MGAT1	-0.0958007423157772	7.61135198706511	0.503886731821104	0.479850733812673	0.784335187898262
MGAT2	0.538301595249797	1.92733003387496	3.48095250499698	0.0657256968943457	0.353886640605717
MGAT3	0.89439975730741	1.98504228066222	3.89748992303249	0.0517917620978408	0.321420432513329
MGAT4B	-0.241305310031013	7.60233940798251	1.1018401417419	0.297007209856071	0.653430484252104
MGAT4C	0	NA	NA	1	1
MGAT5	0.246409175423073	6.05979967975565	1.47321516788573	0.228392096035441	0.589219052758334
MICAL1	-0.2878223589342	4.05385600169282	0.583577169495156	0.447149353717405	0.76607368629365
MICALCL	0	NA	NA	1	1
MICALL2	-0.192743118599796	5.73811536481493	0.416494670233046	0.520528581263879	0.807553155163197
MOGS	0.228274766829404	5.89824505971555	2.81023224668939	0.0975488090613249	0.418540885819361
MON1A	-0.0831303880959381	3.61980106081441	0.20125423604333	0.654916949153588	0.879155033999658
MYO5B	0.639316240778671	4.2036372678867	1.75360130495977	0.189176389106591	0.548744948907365
NAPA	-0.073881022050972	7.84730132957682	0.135522957123632	0.713740326711009	0.901246649174002
NAPB	-0.267302840825687	5.50672775347853	0.844753984112552	0.360789526136744	0.705427885251761
NAPG	0.0996272138697495	5.18849079782622	0.483012398111184	0.489064416367452	0.788999150859189
NCKIPSD	-0.0735781077576285	5.87865983295042	0.129505543718641	0.719888698498159	0.90358739570469
NDE1	0.555451171439994	4.06212074550542	8.27388319831828	0.00514738446892818	0.112685651416025
NET1	0.0571243069726722	4.14616184132969	0.0328150079184386	0.856706340634403	0.952226553284419
NGLY1	0.0991680844365209	4.58952339038197	0.466114427036783	0.49674238498106	0.794193738750103
NPLOC4	-0.0615974322290544	7.01348098412711	0.181275790126342	0.671416562563735	0.885900753986845
NSF	-0.251364263634695	5.56936301415484	1.84433524467075	0.17824208887894	0.534299188359363
NSFL1C	-0.231899859926551	7.32206103861455	1.51196238604902	0.222425570691924	0.583175310602839
OCRL	0.180078578142081	6.39169664978602	0.673853703498486	0.414138248262765	0.743591040568271
OPTN	-0.152838988116601	7.79921136237492	0.502441779427931	0.480479202783506	0.784697663982977
OS9	0.0858105246952166	8.34069279176759	0.174324281389458	0.677409651370089	0.887156398578596
OSGIN2	-0.204082375270946	4.90202566636246	0.499177276941057	0.481904091788682	0.785366023380758
P4HB	-0.0223830899359753	10.1081637658941	0.00764765185641724	0.930530560953316	0.977592792673431
PAK1	-0.017406119984727	4.73572495775333	0.00423911321959657	0.948249229480753	0.984080990560911
PARK2	-0.0999049171790814	3.29489633727047	0.12273671970473	0.727001097200095	0.906383220033114
PDIA2	1.88245712593569	-0.239909043282255	6.63723891972577	0.0118161707146867	0.167844653884157
PDIA3	-0.0519304578964872	8.69189719582111	0.0955576271512148	0.758026772093594	0.917880890166425
PDIA4	0.335824717879415	6.74663909046025	2.67501763771458	0.105842894320759	0.432079302920445
PDIA5	-0.241348231094416	5.27968915160558	1.10756136801866	0.295764943617162	0.652686959825159
PDIA6	0.282808303249159	7.08584123127165	0.797301118075508	0.374566010944392	0.715596698221275
PDILT	0	NA	NA	1	1
PGAP1	0.224923928753784	3.25097110732689	1.15509000299875	0.285700543602874	0.642905488864443
PICK1	0.126832781974057	5.01828053571179	0.519049174833427	0.473336730194777	0.77953679954395
PIGA	0.427225029919849	3.29798307113926	3.88549521694583	0.052144956607022	0.322614958486874
PIGB	-0.437126357312789	3.28540133549463	5.70469882755283	0.0192631886476866	0.205543050461956
PIGC	-0.269758049524946	5.04734892560098	3.27730060436391	0.0739799338056556	0.372616541597327
PIGF	0.0698137370820871	3.78317653740063	0.116933771053159	0.733276259897119	0.909633319931926
PIGG	0.0104601892574663	5.83143353731514	0.00326718297015505	0.954560114514754	0.985804174149611
PIGH	0.487041849460078	5.14210209151642	5.04384030985652	0.0274576494081954	0.242129535376343
PIGK	0.211699074093961	5.17895660465156	1.77786039742825	0.186177300773802	0.544284519844608
PIGL	-0.339207273475476	3.41826281704679	2.51642086300112	0.116590912678425	0.44796310124453
PIGM	0.0203696190622346	4.27167404701377	0.00825847207558525	0.927817008298421	0.976414419990345
PIGN	-0.154350269570398	4.40397088868805	0.844985415126106	0.360724090713323	0.705427885251761
PIGO	0.375430808221506	5.0211552951599	2.77653629646539	0.0995458631282337	0.421975850208203
PIGP	-0.0870148853812759	5.1947236294902	0.168160179199535	0.682842616085929	0.88985117372276
PIGQ	-0.0129843154275096	6.79103757368317	0.00487217800306757	0.944525356083891	0.982659928137365
PIGS	-0.0132065125429653	5.46109219781486	0.00317861435511201	0.95517958147006	0.985852123887089
PIGT	0.0647143477517985	7.69519183316118	0.117422590930314	0.732741026735832	0.909471653179561
PIGU	-0.0263356060131468	5.77053083777262	0.0198117913374397	0.888415998234326	0.962525287450582
PIGV	0.0454356557830279	4.20495528590822	0.0608380710575696	0.805804799988289	0.936285879527696
PIGX	-0.155157887765803	4.94327339897832	0.834117832878547	0.363814788953962	0.707050816892092
PIGZ	0.253345915699025	1.17190807310719	0.348534880102311	0.556599225070181	0.826550495037204
PIK3C3	0.125064047454288	5.39703422943236	0.597260713709759	0.4418908599981	0.762058113059829
PIK3CA	0.04479450519926	4.48877226768784	0.0644394899734696	0.800259908203512	0.934434035781815
PLAA	0.277589192719671	5.40722097568758	1.97807418004265	0.163446335575745	0.515874576307609
PLIN3	0.187741559272914	7.92405943497149	0.439063067566557	0.50946985679275	0.80142508426592
POMT1	0.456712535663546	5.41746140244065	8.20061067426063	0.00533906071389337	0.114875516207686
POMT2	0.4914346397208	5.89879290602866	6.11115945162136	0.0155435704852396	0.188956764581461
PPIA	0.103261078682174	8.85653979518038	0.471147368133351	0.494434362279355	0.793035354187231
PRKCSH	0.244138648829398	8.99968089878931	2.53729183231961	0.115108930978019	0.445759436149709
PSD	0.285839503505833	3.31075673322165	0.624940206942549	0.431542692585455	0.755321208247861
PSD2	1.29352945492359	-1.11288893042654	11.0815972025339	0.00131740628146924	0.0588859273302071
PSD3	0.297043265189305	6.52217770226256	0.725136333404094	0.396993152148852	0.731899136884544
PSD4	-0.467784178503842	6.11596471907466	2.92654596473595	0.0909892620525383	0.408708907519532
QSOX2	0.776175054332646	5.55936724780385	8.59933680178064	0.00437874980678677	0.104980645476285
RAB10	0.0476566427474911	7.18497867507564	0.146259380312684	0.703144935385945	0.896861500109773
RAB11A	-0.0321291446815175	8.39196761527227	0.0294481496499365	0.86417948823156	0.955292468538851
RAB11B	0.0459406789730034	7.0342371776646	0.173641943475963	0.678005447395187	0.887382981680583
RAB11FIP1	-0.40285521526096	3.34902409464456	1.11919961472523	0.293258639289096	0.649951354627199
RAB11FIP2	0.175661782454154	4.51835848177396	0.654342647986982	0.420951310264029	0.747188575718651
RAB11FIP3	-0.019775665414061	6.06777884553759	0.00941515536557626	0.92294264229232	0.974349611993532
RAB11FIP4	-1.01227652767807	3.73062465394583	5.10120564668856	0.026617807579285	0.23979918774304
RAB11FIP5	0.0940044642876298	5.27979530259566	0.0974004969210491	0.755779553647021	0.917018208290774
RAB12	0.298419472815475	5.08872103882156	3.60185798974403	0.0613036713898897	0.3429693213117
RAB13	-0.30538232777361	6.96163067268558	2.41966412961765	0.123747863304387	0.459780678045459
RAB14	0.299147897167324	7.00648946099193	4.63919448531148	0.0342440451684332	0.268421285539288
RAB15	0.885252099529265	3.08462841982654	4.84704731540922	0.0305593363193081	0.2546138645155
RAB17	-1.84971652439362	3.81836419682178	2.69128423352953	0.104804696815215	0.429938349482168
RAB18	-0.0785799600972222	7.3561262474033	0.182049755185578	0.670757759749617	0.885554297332399
RAB19	0	NA	NA	1	1
RAB1A	0.0442713144376038	7.52302676079123	0.117986096108089	0.732125561152881	0.908971859196894
RAB1B	0.0238488392852853	7.41270030318156	0.0403495774042008	0.841305845221432	0.947771406685647
RAB20	0.131229091822748	5.6470984273712	0.193171405297792	0.661469014550025	0.881299329433006
RAB21	-0.255002212314335	7.27696589213324	2.07787264605952	0.153331508936653	0.502928260372882
RAB22A	0.120559990864881	6.49953918667543	0.417132676841687	0.520210150313537	0.807470441991751
RAB23	0.425186136449774	3.17996595663336	1.50983349219865	0.222748428330209	0.583452911738949
RAB24	-0.282477421767159	4.29709970245633	3.45321261135892	0.0667884527886506	0.356221214015989
RAB25	0	NA	NA	1	1
RAB26	-0.402530476701726	1.91271870007483	0.490393102699703	0.485773231808135	0.787145838431651
RAB27A	-0.0816403376234482	5.37894275227131	0.0605253444535225	0.806294421489492	0.936423475531281
RAB27B	-0.522081448374762	0.911034450671004	0.268248197509671	0.605931412183091	0.852364879430136
RAB28	0.254169508870464	4.2981481789861	2.53411944905514	0.115332821807593	0.446156979385678
RAB29	-0.0277049924283803	5.2211321727131	0.0114202428179313	0.915161825218586	0.973340045703884
RAB2A	-0.111044255154529	7.58469564926482	0.420570394096771	0.518500305664569	0.806909945711903
RAB2B	0.0733488258267024	4.87189938923018	0.256814003521051	0.613704312960826	0.857345624097684
RAB30	-0.322432276258012	5.15582534934395	1.64514965452827	0.203305394917886	0.563418736980687
RAB31	-0.25870789973588	7.19203340102015	0.486941527647988	0.487307722459386	0.787949752462338
RAB32	0.437987833981902	4.24618699176476	2.54151423345052	0.114811691953242	0.445247385985237
RAB33A	-0.777413179566731	1.29929995161959	2.28143946264922	0.134850112698569	0.476028017168349
RAB33B	0.109717372631192	3.14098187122369	0.441704162530609	0.508202567359429	0.800804804882707
RAB34	-1.04537013907123	5.71770360572481	2.27033387883946	0.135790114606461	0.477531442097594
RAB35	0.150015717934549	6.04003739592985	0.835409762177503	0.363445435620347	0.706892131230669
RAB36	0.0331666640020255	3.90071538984554	0.00930284794643439	0.923402155599423	0.974557667258995
RAB37	-2.26981968556986	3.11083337468967	5.96085720496229	0.0168221453318334	0.194171349227504
RAB38	-0.247870524255033	5.93973368149607	0.25637781336153	0.614005120502614	0.857408525061623
RAB39A	-0.810242320614332	-1.63556182019327	2.38423093209007	0.126491788392264	0.464262523821981
RAB39B	-0.00561514442369815	2.13170254918549	0.000121043552478126	0.991249117913265	0.997359917791766
RAB3A	-0.473339566146748	5.27349551948025	2.20948587390668	0.141074897570579	0.485564128363228
RAB3B	1.21689264598419	5.25991022443694	5.00087470156898	0.0281050830528726	0.245098080130521
RAB3C	0.468835022473307	4.3115799769148	0.621334465611862	0.432869463811304	0.755894084334008
RAB3D	0.0886606912716996	2.96242820995375	0.0985819556970822	0.754351130322056	0.916411315899437
RAB3IL1	0.247001385241701	4.76845583095827	0.541118424801186	0.464109866690633	0.775134135029841
RAB3IP	-0.776185839756121	4.70509725766894	4.21816379575643	0.0432430472565931	0.295656145767402
RAB40A	0.392447601933656	0.789722869391246	1.10616955934975	0.296066528670999	0.653117618951384
RAB40B	-0.334051262525878	3.92350071804923	3.08796883371934	0.0826793847228388	0.39304961581781
RAB40C	0.129665220827211	5.28997281198647	0.850636468191349	0.359131415193615	0.704226320361014
RAB41	0.0280412023163941	-0.181360887521559	0.0128949279043767	0.909872935720261	0.971882412823523
RAB42	1.27863444160937	0.482210165231992	7.93013421939292	0.00611351211821838	0.123168303907281
RAB43	0.533541814271238	0.657470029300474	2.39547120151469	0.125613968312866	0.46336151592322
RAB44	-1.77474453390535	-2.20661575167704	6.47343534006433	0.0128640151474063	0.172361576079866
RAB4A	0.140566635003991	5.07109303124973	0.383561636790776	0.537454060197736	0.816928691624301
RAB4B	-0.407816957831547	5.41916371278094	3.43160964324409	0.0676290558946501	0.358195534471041
RAB5A	0.000851973323315087	6.04208530116317	5.59155891649032e-05	0.994052256559134	0.99797055161284
RAB5B	-0.0882581638889833	8.32797815682808	0.45815034761438	0.500432245343054	0.796007047031816
RAB5C	0.16094115261879	6.19725602667447	0.819896993091611	0.367915418323948	0.709974657330168
RAB6A	0.0744070359707637	7.17660302134945	0.31931463128711	0.573593015428886	0.836246700169502
RAB6B	0.193901912613211	3.97338885312746	0.238256402178902	0.62679665777388	0.86396419162963
RAB6C	0.0407765759746312	-1.32186944963959	0.00552493578497757	0.940932475937731	0.981150903877527
RAB7A	-0.0697651284365805	8.35843015090373	0.227916828078813	0.634367877252936	0.868066962806193
RAB8A	-0.0551005976822792	5.64260878321789	0.147320282579822	0.7021224759994	0.896399695494342
RAB8B	-0.0335299001128933	4.67192691366999	0.0438624657482361	0.834639391024999	0.945596325973474
RAB9A	-0.291150752800856	5.86965765020958	1.90752741166262	0.171064390268078	0.525409159288616
RAB9B	-0.23829782009514	3.29530953363009	0.258371998156225	0.612632500784863	0.856505216047175
RABEP1	-0.0504857107231015	6.07734933266853	0.116481142053317	0.73377298248278	0.909989776575021
RABGAP1	0.205812998091211	5.8274380014922	2.49305404135716	0.118275623849961	0.450912474338004
RABGAP1L	-0.353438525137054	4.60973076302328	3.1986960700977	0.0774634175868388	0.380757294029911
RABGEF1	0.14201858954596	3.11055255429518	0.83502029185788	0.36355672713692	0.706892131230669
RAD23A	0.178833373804958	7.44799655979492	1.73601832717685	0.191385882329044	0.551407900370163
RAD23B	0.270883388331061	7.41662565098584	3.44145926251928	0.0672443719826849	0.357100283249078
RALBP1	0.213291714180228	6.22194874354492	0.609552689117787	0.437248671248153	0.758637958823496
RASEF	1.72612166745403	-0.69087594327014	10.0740298811725	0.00213122470406464	0.0744613491937522
RBSN	0.146409504658885	4.92511250871324	0.825469938894211	0.366300750072312	0.70862860192279
RBX1	0.0621484855376088	5.98920601631062	0.1053405164108	0.746355388198272	0.914584282891804
REPIN1	-0.253042741453602	7.34081548985669	2.2533537949225	0.137241810280787	0.479271929908281
RER1	0.308736645821263	7.15306936126096	6.10946252970511	0.0155574203165208	0.188956764581461
RFT1	0.102976022016893	4.77623048664377	0.536541313760153	0.465999430466676	0.776318726422621
RFWD2	0.13803354940149	4.96519531396883	0.953720976892836	0.331702852987385	0.685956906901079
RNF185	0.324230523653083	4.91299417250073	3.9488945999267	0.0503070656465191	0.316552808443779
RNF5	-0.242936363451169	6.55018439886215	1.67969841222867	0.198672144689664	0.557964712400093
ROCK1	-0.0741581314655653	4.95639109773621	0.151263651571478	0.698358658953357	0.894486512482133
RPN1	0.184454547209267	8.35894796536905	1.90293877916144	0.171574065357934	0.525819144645182
RPN2	0.302905868079873	8.63949964113	3.57664774884834	0.062198324492526	0.345944887435634
RRBP1	0.0568055320046088	9.07698491499098	0.0742317269230444	0.785970598373887	0.928049011102927
RUFY1	-0.242694220095418	6.57874702464766	4.05695493288824	0.0473333954104577	0.308218432338047
SAR1A	0.281479127097763	7.23990141460515	3.60875569468359	0.061061328497638	0.342665765153464
SAR1B	0.117974335783378	7.34678059784881	0.382434014801245	0.538051266131518	0.817162748432763
SEC11A	0.447482385653042	6.81108781814875	8.16751405250568	0.00542806373534053	0.116001164711223
SEC11C	-0.240470529690777	5.41678720210252	1.62502329571346	0.206064046142911	0.565472025238241
SEC13	0.226791784066953	6.81979738012083	2.97728462661214	0.0882820239184851	0.403600455684628
SEC16A	0.437121372345417	7.23268072826611	7.12004714656543	0.00921699414430716	0.148695362722613
SEC16B	0.703631694850402	-1.32563552244362	2.2530126553395	0.137271156336943	0.479298608962056
SEC23A	0.491163235194982	6.13356948937733	7.06827370424101	0.00946450714048162	0.151001287694346
SEC23B	-0.0515506932011837	6.24987127833893	0.0582006961972536	0.809976854003245	0.938210088299096
SEC24A	0.30099475675859	5.9592921455308	1.87024807298909	0.175256936706425	0.530956422938497
SEC24B	-0.105703447753272	5.70725909298963	0.342272497936184	0.560158553476089	0.828234968481688
SEC24C	0.400452690279705	5.37865149341405	1.70395417522033	0.195494391477852	0.555132672096509
SEC24D	0.396262969831525	5.36013268173694	1.93303544996297	0.168263117260052	0.522195065666788
SEC31A	0.0495392703298486	7.99336909675739	0.0963131743373619	0.757102596881873	0.917852462773996
SEC31B	-0.344639158697547	3.30338776385173	1.14322145743422	0.288171813135108	0.645412496788347
SEC61A1	0.191169991341906	8.76949029672923	2.16228330626478	0.145336681010237	0.491903625595807
SEC61A2	0.196830981279447	3.08570742451626	1.01795173330022	0.316031766685176	0.671430614534405
SEC61B	0.348193559277442	7.0359459051852	4.9650045576075	0.0286580169427052	0.24646736994822
SEC61G	0.379112297030057	6.26568432451045	4.037728462649	0.0478483244580011	0.310049999326893
SEC62	-0.208837916682879	7.50551123006338	2.38443353570638	0.126475904570587	0.464262523821981
SEC63	0.403158985754243	7.23531278514693	8.96513560304607	0.00365556778352001	0.0975802586409127
SEL1L	0.299631120391486	6.83672402845762	2.66395290080232	0.106555647908315	0.433200543134657
SELENOS	0.38784538309586	6.65278464218466	3.2766777705537	0.0740068521871538	0.37266711588245
SGSM1	0.378923173620017	2.63955643285425	0.711399469991988	0.401481680798294	0.7354588158737
SGSM3	0.396187206108329	5.68392273942838	6.33563449485011	0.013821025936682	0.177225362199695
SIL1	-0.551660347538152	7.35914738290157	9.69445802035011	0.00256033128397861	0.0821894845215013
SKP1	-0.180950070966955	8.83162370582666	1.3029509001729	0.257062818291035	0.61778608557002
SMCHD1	0.18017820775564	4.80259736889923	1.52987990949785	0.219730677084515	0.579951360351802
SNAP23	-0.170438491052609	5.31470318316239	1.28248212459889	0.260803647287814	0.621983011980549
SNAP25	-1.17095930772423	4.96338119562297	4.29161642910516	0.0415066771527497	0.289951206081976
SNAP29	0.11622135593186	5.19007353386562	0.734787337918074	0.393883370563212	0.730067908816696
SNAP47	-0.3462336561657	5.36206422396171	4.01953529201351	0.0483411335633848	0.310929382526391
SPCS1	0.0675681900337226	6.88745624650058	0.223393204270672	0.637746891205976	0.869460355898322
SPCS2	-0.113325673959709	5.37695969457428	0.835769568077496	0.363342663083526	0.706892131230669
SPCS3	-0.0776274932812876	6.55040299213278	0.236984273830194	0.6277170781262	0.864162670619648
SRP14	-0.110991937640964	8.27615839351172	0.520748189171212	0.472615843253424	0.779394279729843
SRP19	-0.144858320868238	5.07165244272975	0.537486977280579	0.465608017804668	0.776137296139203
SRP54	0.434333846568062	6.11293111368346	6.17535584754274	0.0150290304160332	0.185809642002479
SRP68	0.0519418453533661	6.32940567865084	0.142351120417032	0.706948725089358	0.898622500460844
SRP72	0.192192845269697	6.43354822371665	2.14316267151852	0.147104856513138	0.494176530757128
SRP9	0.167277993523807	7.48001898216336	1.19406485840459	0.277774127404235	0.635952115832859
SRPRA	0.0496043012363854	7.44884380578231	0.110889103235585	0.740000830205425	0.912787002520436
SRPRB	0.121802421617432	6.87808956545307	0.51078837994145	0.476867542071165	0.782238481277275
SSR1	0.227128384906937	7.17850559264892	2.13149411831984	0.148196026478564	0.495280227133823
SSR2	0.217398296306711	8.05278953587874	1.19246861488244	0.278093193608512	0.636395046955078
SSR3	0.210549447703656	7.38878260157203	1.26262731347577	0.26449782477791	0.625441900719751
SSR4	-0.103517599589218	8.41861862638159	0.224531365704031	0.63689279349825	0.869000514315078
STT3A	0.290795922147138	6.97924048604446	3.84549266532405	0.0533417833551603	0.324934823955056
STT3B	0.113506951946034	7.52806143787142	0.246504484070211	0.620901763455631	0.860727910823162
STUB1	-0.152611874993094	6.44076928387125	0.713284161347768	0.400861470539089	0.735167951077543
STX10	0.152504257652334	5.50987309394578	1.1238442084324	0.292266108804626	0.649509656654081
STX11	-0.660587170251252	1.43402828671351	1.55443328049635	0.216101676533608	0.576738352780945
STX12	0.465837736907206	5.92461010939057	12.232819777352	0.00076785811604274	0.0432527425008667
STX16	0.0122057276495603	6.43226220600352	0.00856082871667483	0.926511260454579	0.975815925984813
STX17	-0.0204596759820521	3.84584806488727	0.0109023619007478	0.917100514359989	0.973340045703884
STX18	0.281308274061391	5.67029406939509	2.42613268485939	0.123254236514927	0.458718489210534
STX19	0	NA	NA	1	1
STX1A	-0.414658344078697	2.8071608948208	1.24972975257657	0.266932898681375	0.627502835574912
STX1B	0.147822421664384	0.101211146357737	0.163199786710465	0.68729987280769	0.891464712178405
STX2	0.611272478676743	5.31268024766025	7.53931437998987	0.00744564078967695	0.134698498462739
STX3	-0.457768914044166	5.73292933003623	1.96989822761355	0.164308702018758	0.517404775169386
STX4	0.0128933840711425	6.26957786537632	0.0061447210853284	0.937713940665072	0.980338365633622
STX5	0.198301917671535	5.25131563639371	1.54863046919144	0.216952749582398	0.577938673365777
STX6	0.0656717647203458	5.26226004878996	0.191185127583643	0.663104135282866	0.882314095280564
STX7	-0.040610716366327	5.80494979827458	0.0603017716414214	0.806645282457858	0.936459900581782
STX8	-0.321583374051831	5.10408087182548	3.51502273183788	0.0644455275056702	0.351055177648094
SURF4	0.668265544255939	8.49348334922502	21.0936581264283	1.59688604233282e-05	0.00367300423966156
SVIP	-0.457851636684729	4.92080514636162	3.60875243759044	0.0610614426862056	0.342665765153464
SYTL2	0.218999548055004	5.99600851112725	0.132995413342474	0.716303629304955	0.902007438761489
SYVN1	-0.163221395928557	7.28169380532486	1.56825929133006	0.21409007568277	0.573750467663421
TBC1D1	-0.00454356012081316	5.45560868790461	0.00027564921998441	0.986794706575753	0.995586855336709
TBC1D10A	0.283461112201834	4.70878669302264	1.94776867272076	0.166669487888268	0.52066624039531
TBC1D10B	-0.0116464751562643	6.72544707389766	0.0107476108868357	0.917688819720478	0.973340045703884
TBC1D10C	-0.712566289557772	1.57903884617339	2.82324491605473	0.0967895321034071	0.418158806177917
TBC1D12	-0.0686081379445783	3.54348146264048	0.190517389560611	0.663656098533912	0.882380916512755
TBC1D13	0.371640145790229	6.35608695451645	4.40631901040418	0.0389428983011635	0.283233905595517
TBC1D14	0.573481868361844	4.67353395786493	3.28554070347235	0.0736248096308263	0.371732943598391
TBC1D15	0.0328475141899852	6.23457210813904	0.0328342281406705	0.856664844895613	0.952226553284419
TBC1D16	0.76621432716211	5.55228914966893	11.2025157027645	0.00124419476087828	0.0573507571978192
TBC1D17	-0.377113817076065	6.61491795173705	5.79448676481373	0.0183675785324286	0.200878901225635
TBC1D19	-0.0555835578368329	3.61869109410368	0.0611001467055927	0.805395508188831	0.936285879527696
TBC1D2	-0.00239584469011603	3.36862625546893	6.09098762558298e-05	0.993792320781432	0.99797055161284
TBC1D20	-0.132592910925242	6.5763518476778	0.875346121935691	0.352280825936437	0.699683466587639
TBC1D21	0	NA	NA	1	1
TBC1D22A	0.170664421637667	5.04244312206176	1.09208959698667	0.299140056667229	0.655699281389052
TBC1D22B	0.0253999719489998	4.58183000578976	0.0299706874057716	0.862991794623819	0.954920116981873
TBC1D23	-0.146705607657909	5.30128598076867	1.03253694950179	0.312611248739034	0.66822545821942
TBC1D24	-0.164351104667467	4.49039411899644	0.756548588887103	0.386999819040356	0.725196704727381
TBC1D2B	-0.166272856961321	5.66355491297603	0.462882450190039	0.498234189109387	0.794734459995981
TBC1D30	0.0951574078156107	2.16477247191481	0.103112393598603	0.748959247847884	0.915326392294309
TBC1D4	-0.372172172731332	6.89270362182973	1.72396833868714	0.192917762829514	0.552266003094634
TBC1D5	0.0758759790793513	5.73976441993403	0.158632754855521	0.691473988036485	0.892466074412079
TBC1D7	0.0835408797745848	3.96784398560335	0.237520154589609	0.627328980997325	0.864030727620333
TBC1D8	0.5546990633833	5.22791384233291	2.25854634431628	0.136796009953264	0.478763334218364
TBC1D9	-0.167373213857725	4.96710406338899	0.49332865150423	0.484474487603426	0.786482380876748
TBC1D9B	-0.0614187904944901	7.91548801497164	0.163501984316994	0.68702608486751	0.891326094371259
TMED10	0.236301199341089	8.14806590080395	2.32719020778153	0.13105491330548	0.470596467992252
TMED2	0.250154105613837	8.16812132263848	3.59979991847924	0.0613761813803292	0.343100623052924
TMED5	0.240986023468949	6.36351463000573	1.84579547271835	0.178072293815951	0.534193065227942
TMED7	-0.101111035411205	7.0436489184068	0.418255734782281	0.51965046808485	0.807461159030153
TMED8	-0.00930292201487761	5.65173738353451	0.00309557917829482	0.955768259587478	0.985968065540341
TMX1	0.450349276525651	5.52800203096913	7.03218580582869	0.00964113988104261	0.152459693411551
TMX2	0.144103127669377	6.45319720853001	0.691953210924989	0.407964319965196	0.739443948276201
TMX3	0.11030294460692	5.04862709614345	0.687546015892707	0.409454998929726	0.740351771320609
TMX4	-0.348038700838137	7.24077429879603	1.84848148552367	0.177760460059088	0.534031118172071
TOR1A	0.263105799779275	6.069674870955	2.81521854853806	0.0972570844278541	0.418360852681467
TRAM1	-0.0282282438425786	7.65354958052994	0.0385484399166766	0.844841314869123	0.949362348706699
TRAPPC1	-0.343123749968033	6.74062534405057	3.72979990048593	0.0569733527961121	0.333517657235141
TRAPPC2	-0.0409139808295558	4.28694810137797	0.057564453700221	0.810998239205939	0.938556190770772
TRAPPC3	0.0781903671632041	5.91023680710903	0.476309430835384	0.492085929250574	0.791560384918913
TRAPPC4	-0.212881788797278	5.83514825334623	1.60045677213345	0.209492372582946	0.569502813521768
TRAPPC5	0.567931139935942	0.994302055138248	4.47474732015356	0.0374945540180431	0.279284979496562
TRAPPC6A	0.0157818538981135	4.63697695154984	0.00476420614728335	0.945142485131553	0.982659928137365
TRAPPC6B	0.213099227774648	5.40019886110416	1.51682656090928	0.221690024255459	0.58240189210258
TRAPPC9	-0.262016181898686	5.68122709544947	1.8855175261318	0.173525323335367	0.528338086741214
TUSC3	-0.484214619742599	7.28599272439999	3.21400004967097	0.0767713575643512	0.379064443674828
TXNDC12	0.281076493109259	6.58809540123158	3.22218615735069	0.0764039581008056	0.378588255864935
TXNDC5	0.725385613261033	1.75256658485068	3.66968394216609	0.05896525969966	0.338184908942387
UBA1	-0.269400063253163	9.3635279870561	1.65022209687177	0.202617120581622	0.56212949360005
UBA5	-0.303400820447784	5.58462043455238	4.00632698999019	0.0487023366988527	0.311791581497884
UBA7	-0.66948583157774	5.88634335947927	10.6928541064186	0.00158450280598045	0.0634959533580079
UBE2D1	-0.439464660214952	4.48524691493903	6.46080552016519	0.0129487579576759	0.172403095059297
UBE2D2	-0.00382152457463283	6.56152583433869	0.00100180101999319	0.974828610081427	0.991627498571006
UBE2D3	0.129258577979712	8.38375364919986	0.814825356731409	0.369393553236797	0.711184850381178
UBE2D4	0.12795673147491	5.01871788393839	0.512538808402043	0.476115779801205	0.781585944077794
UBE2E1	-0.0925464244691871	5.73777925348604	0.386888644210056	0.535699092930034	0.816565764944642
UBE2E2	-0.255462874568728	4.35288012948462	0.667083960065872	0.416483314433268	0.745309726187192
UBE2E3	-0.0166134062871861	5.2939450698593	0.0103095826681909	0.919377649370599	0.973340045703884
UBE2G1	0.10561362808722	5.05298947654274	0.584145776146093	0.446928898648142	0.765901203806723
UBE2G2	-0.0273482861833279	6.50703568839666	0.0245201574599414	0.875961149118713	0.958388167258413
UBE2J1	0.353620488411899	5.96499459284221	8.83047041856753	0.00390615276483752	0.099392883064572
UBE2J2	0.16948438203641	5.55399732797808	1.44550869697704	0.232778534145368	0.593531502593981
UBE4B	0.130281671301064	5.80205624751517	0.596412003961787	0.442214202601559	0.762318042598565
UBQLN1	0.181597677673404	7.3914538899695	1.53689660202002	0.21868612731451	0.57903138411405
UBQLN2	-0.177234395948419	6.54735708906843	0.799005139836915	0.374058570563499	0.715105157653925
UBQLN3	0	NA	NA	1	1
UBQLN4	0.434811222045721	4.90954957716561	4.34766492900561	0.0402320345452479	0.287069880145341
UBQLNL	-0.315815630836733	-0.721007036232551	0.69862611345328	0.405722539641367	0.737803981022147
UBXN2A	0.0797943524935082	4.34236870719607	0.217457295949193	0.642245043711001	0.872058345233219
UBXN6	-0.201519511493184	8.59308008320022	1.53952940369655	0.21829574408853	0.578839885523205
UFD1L	0.14123649153443	5.91584520286984	0.666999382535188	0.416512738027828	0.745309726187192
UGCG	-0.0175460148509306	8.09043954960714	0.00132837553832235	0.971016357185758	0.9906066388694
UGGT1	0.0233846221716107	6.12223070040605	0.0108149565411212	0.917432274063345	0.973340045703884
UGGT2	0.177919172140834	4.71730469467248	0.808925429106504	0.371123645430069	0.712465763757725
USE1	-0.123570396730767	5.25926511866862	0.51874563922977	0.473465708562116	0.77953679954395
USO1	0.270518902129332	6.55390950039222	2.32368475042705	0.131341372761399	0.470956292943235
USP6	-0.278826599192325	0.112505543177683	0.900243959262557	0.345559190916246	0.695289146503189
USP6NL	0.270999084204101	4.502779057747	1.76686024109755	0.18753020535569	0.54646368722666
VAMP1	-0.421212130923797	3.36634029840195	1.8828363028697	0.173827930174488	0.52879552313089
VAMP2	-0.11884732969912	6.25819380664052	0.312515714373369	0.577694159829865	0.838305914376748
VAMP3	0.0127649371507506	6.9693073898302	0.00893602123838094	0.924922892883274	0.975199927026952
VAMP4	-0.0816924743862736	4.37125053069298	0.276477187905267	0.600466660012183	0.849951533849814
VAMP5	-0.646922424106996	5.56124834836365	2.98669430798433	0.0877898002548101	0.40292799406079
VAMP7	0.0914906343425738	5.97692553356993	0.323723848179662	0.570964099315812	0.835120723714524
VAMP8	-0.902846092535357	4.45786992237221	2.72998714098742	0.102379878146495	0.427299920941679
VCP	0.065087776838269	8.74263568245068	0.190839952231832	0.663389319111506	0.882380916512755
VPS45	-0.0758267434044129	5.52124933091797	0.205399945920326	0.651617639457874	0.877714213192785
VTI1A	-0.0677197342598341	4.25044432146436	0.224777203854344	0.636708660781709	0.869000514315078
VTI1B	0.389298948407178	6.26794150368592	7.90892324337614	0.00617900242571952	0.123809938804276
WAS	-0.573515372187491	2.77863305258887	1.690398441736	0.197262809050474	0.556868124747722
WDR38	0	NA	NA	1	1
WFS1	-0.238326740049166	6.18246446333484	0.657299065677111	0.419908182341018	0.746532455145177
YKT6	0.49530982565248	7.0099126226335	11.2503291712904	0.00121641934955283	0.0564335341109191
YOD1	-0.261872870705164	4.03605304555199	0.950804121828223	0.332439015697204	0.686373712044208
YWHAQ	0.332479995494503	7.88461800672356	3.85686029038774	0.0529986905241207	0.32447680213134
