pspGenes	logFC	logCPM	F	PValue	FDR
A3GALT2	0	NA	NA	1	1
ABO	-0.88517002407755	5.6956927518515	2.71749700846325	0.105017460274612	0.413294610315613
ACAP1	-0.0146700029824987	3.27209228803256	0.00196230234696209	0.964829158662971	0.987929275409623
ACAP2	-0.165221415361476	5.10356621766281	0.964069814297543	0.330510182999239	0.653384496866044
ACAP3	0.543692754772529	6.04373401491586	9.15220234928788	0.00378806589934028	0.101185453401161
AGAP1	0.43089184827978	5.35999584657366	4.15698145177841	0.0463344492826439	0.292582197877959
AGAP2	1.61690649729814	2.48566612700977	16.445121811366	0.000160887103469718	0.0170997587761446
AGAP3	0.196951726647092	6.47129668025608	1.06983376529536	0.305559096508287	0.633393446360797
AGR2	0	NA	NA	1	1
AGR3	0	NA	NA	1	1
AKAP10	-0.0765383204941468	4.93858311062316	0.256083719919954	0.614868119462177	0.837491353326534
ALG1	-0.326459310289614	5.0930295653221	4.02458060464619	0.0498241970799997	0.301418666075821
ALG10B	-0.0214474422974135	4.17618405838232	0.0177847433756849	0.894401203588927	0.962824930313956
ALG11	0.0337937632659504	2.58246879170762	0.0401738140425487	0.841888542288714	0.943300073404999
ALG12	-0.271769433349697	3.33163591783504	1.61367144896678	0.209382551240232	0.54567699634287
ALG13	-0.0258516146308792	5.31262951791878	0.0215440370623531	0.883849147688635	0.959748867474555
ALG14	-0.252747222563617	4.32790358451198	2.64541135231392	0.109628564647354	0.420150248859979
ALG1L	0.0622151175701043	0.118620010449859	0.0158411072565015	0.900305579819507	0.965265244431915
ALG1L2	1.23279051019382	-0.763671663175094	8.14734664268683	0.00609017681696602	0.124144825559627
ALG2	-0.178676712405221	6.20246404771755	1.11925113778466	0.294754862233148	0.623916326683135
ALG3	0.279565702004396	6.06160496761435	4.20987351683109	0.0450153243033635	0.288950876980967
ALG5	0.132100439565919	5.08904570196096	0.650549947213284	0.423428178314517	0.724283400092007
ALG6	0.125305367716095	3.88408364617075	0.61024290745287	0.438082698096838	0.734269709117596
ALG8	0.197503630985033	5.56918427456304	1.81515284048395	0.183476288797534	0.518851726085618
ALG9	0.343060859322257	2.8620462545557	5.02151637345185	0.0291371521798847	0.234943733452278
AMFR	0.176144546435492	8.1335233030333	1.04190900372462	0.311895767044046	0.639239127137671
ANKFY1	-0.0855593956036547	5.58476457926104	0.231914029434104	0.632039796854207	0.846829329728892
AP1B1	-0.177092278731552	6.98138750009141	1.09004827455869	0.301077731094326	0.630002944827094
AP1G1	-0.070542885384931	6.94449935724444	0.256954907109912	0.614268503727452	0.837126343924427
AP1M1	0.150070798318913	7.13605848145902	0.811957310822023	0.371514132484622	0.689238069948962
AP1S1	0.483432033772285	6.96063352916586	2.38331622113875	0.128434542162653	0.44709655997804
AP1S2	-0.0307686357929151	4.53933026805309	0.0124108536294034	0.911705989960605	0.969863138831546
AP3B1	-0.288165031682428	6.13486092699199	4.8767607886694	0.0314541567197973	0.242067546036427
AP3B2	-1.02947311704609	2.20949115323609	3.30804118441161	0.0744475264838244	0.357289911388311
AP3D1	0.0716273251388071	7.87845728606451	0.221016859751522	0.64014544312081	0.851250959988255
AP3M1	-0.0350260518883645	6.01771523468174	0.0510508865858853	0.822091365523132	0.935443344530013
AP3M2	-0.265772376203649	5.16624921883365	1.97618644614034	0.165478485336452	0.497280331691352
AP3S1	-0.0678964580841503	6.39752158607603	0.155580333645505	0.694800691268103	0.878417232963809
AP3S2	0.110531944220302	5.23106250143705	0.596612070101483	0.443216374237359	0.736608803723041
APPL1	-0.253290212831716	5.54712257318127	2.14861854926426	0.148454611842699	0.477143471518617
APPL2	-0.349231876146464	6.13098460277398	1.77572832645819	0.188229490319814	0.523136020853059
ARAP1	0.252559264932656	7.08154449069618	1.46571149557878	0.231257097084876	0.567556963694673
ARAP2	-1.02744437367959	3.06971384189552	3.65645706904915	0.0611238782124414	0.328709125454552
ARAP3	-0.889995413354892	4.63631666557462	5.60112504982266	0.0215371492947555	0.206535355821887
ARF1	-0.0591485206062657	9.25241749105772	0.251270121550977	0.618204551059068	0.83986081364633
ARF3	-0.175721523503353	8.47175874113579	1.23073799603643	0.27214357769768	0.605649923741123
ARF4	-0.0155846517901042	7.97700474609045	0.00874476973631544	0.925839197235414	0.975752661602837
ARF5	0.04354847449823	7.43225075774906	0.0670275947399976	0.796691902384745	0.92233398630149
ARF6	0.00722085157163519	6.9313434324454	0.00157859987647694	0.968452561349118	0.988920012591841
ARFGAP1	-0.0216976476539522	6.87787663916396	0.0186667111019305	0.891830647218725	0.962457115698455
ARFGAP2	0.368528133223241	6.65651104996266	4.35760178155354	0.0415418504030094	0.27559005487463
ARFGAP3	-0.190006543650107	6.46313677712271	0.683790163824016	0.411896986225326	0.716854298302996
ARFGEF1	-0.360113507913009	5.84474707819488	3.94981167776791	0.0519203984831005	0.306662921020103
ARFGEF2	-0.444034057276745	6.72197300271493	4.57380671686383	0.0369704232828037	0.259499731586005
ARFIP1	-0.252710225000114	5.33184184790536	3.2304553968612	0.0778317160751429	0.364164428735273
ARFIP2	0.342380253524095	5.73404856543218	3.75519515770617	0.0578411540860176	0.32089699362437
ARHGAP1	0.116564930808156	6.61186471716077	0.530959989001039	0.469328786816539	0.754948663451744
ARHGAP24	-0.710400189540844	4.48302726420565	2.56518978361747	0.115030843448638	0.427717336144687
ARHGAP5	-0.030195530642403	6.47352016145799	0.0280572044110756	0.867595515150376	0.954124389548331
ARHGDIA	0.393271369557885	7.83760310799965	7.08145559207595	0.0102165230002931	0.154991925189423
ARHGEF1	0.259928849660882	5.9112989368044	3.60048383046504	0.0630750121733095	0.333264467772844
ARHGEF11	0.0308624917559269	6.10218525980393	0.0607767128577294	0.806200376348792	0.926919289454994
ARHGEF2	0.608004528740066	4.58321972344738	2.37239813352843	0.129294150437241	0.448003787565142
ARHGEF6	0.12583773850224	5.72254999570795	0.469922349012148	0.495933746850187	0.772586050123762
ARHGEF7	0.318819511502086	5.37674417485445	4.31343366739554	0.0425489043525748	0.278596127996451
ASAP1	-0.13408052125712	6.22480878242633	0.347208062552875	0.558136956839476	0.808132050363259
ASAP2	-0.810429544432827	2.23389318218804	6.26775299809004	0.0153272287346977	0.179931350915282
ASAP3	-0.162093456494827	6.31176438403465	0.578342327040045	0.450246348368328	0.742420811345759
ATF4	0.130522390336178	8.30822280554284	0.459535402419563	0.500714307361423	0.775484339640138
ATF6	-0.235658890916868	6.00841802870251	1.02256410699517	0.316388101710938	0.643094245188795
ATF6B	-0.035022427366088	6.24286951883316	0.0646734703577656	0.800215035370057	0.923442140257011
ATXN3	0.141484302385158	4.44342263784837	0.925260361953988	0.340353656707374	0.661699047257407
ATXN3L	0	NA	NA	1	1
B3GNTL1	0.0528783687791626	2.00745728893941	0.0469003655165224	0.829357482334358	0.938476129007062
B4GALNT1	1.42820312128335	3.60965717356209	6.85497063782766	0.0114263301087384	0.162647298022667
B4GALNT2	0	NA	NA	1	1
B4GALT1	0.167173563139141	6.67702003446282	0.464650761078693	0.498350168683551	0.773950881057881
B4GALT3	-0.0761909377330964	5.30479541798488	0.0832390746775906	0.774051428695562	0.912454721741618
BAG1	-0.00817542088838154	6.05086065744778	0.00187875176570729	0.965585564227924	0.987929275409623
BAG2	0.30610935204418	3.80104136161966	0.555467010191668	0.459300413945345	0.747872323755224
BAK1	0.305708571069234	5.25951024290646	1.46540002233118	0.231306022145546	0.567556963694673
BAX	0.353509698732064	6.16274965948808	4.31830964480877	0.0424364430590267	0.278226353786948
BCAP31	0.0378309600069487	9.15598482297079	0.0412183987011703	0.839874378830836	0.942245733672773
BCL2	-0.503654748432266	2.23321390040222	1.26272127468237	0.266070850759947	0.599585462263994
BET1	-0.41798635224454	5.91091129704966	5.73216540266795	0.020132069750338	0.200403828842413
BET1L	0.0659980130077514	6.4238629666592	0.273071046864539	0.603400745436565	0.831348478770963
BNIP1	-0.216371676286094	4.47741568273087	1.31607269907468	0.256318386669712	0.589733792914227
CALR	0.226419902868659	9.65271417607647	3.19127902294223	0.0796049143912936	0.369208489760972
CANX	-0.546968005875475	9.89770975653346	9.57804807134057	0.00310829702046127	0.0921629220207456
CAPN1	-0.167050609347178	6.71652435021849	0.509377192774936	0.47845941916997	0.760899830177497
CAPN2	0.00345944386720755	7.71101187488142	0.000308117191214366	0.98605945748212	0.994644207535665
CKAP4	0.504821963907441	8.11944082646797	6.04059540122802	0.0171963762547482	0.189244480702117
CLTA	0.474246209340177	7.29534263554976	9.71331525444334	0.00292021917289362	0.0898946737460574
CLTB	0.371072155333408	7.81034839257853	2.75957277912341	0.102427116958478	0.409041553447553
CLTC	-0.0666257010130217	8.55393993904439	0.155992277012784	0.694417790487383	0.878143456766373
COG4	0.117628345458453	6.42121347659941	0.963504996919217	0.330650647643288	0.653406319454795
COG6	0.0354205071059366	4.51818993774072	0.0350758942048219	0.852133464329764	0.947568893183406
COPA	-0.170967232623297	7.59508899348189	0.946562412787975	0.334902032922318	0.657209596272758
COPB1	0.0285810934459645	6.81778563517527	0.0508551022589142	0.822426983559764	0.935500133151101
COPB2	-0.028215140123481	7.25783664717037	0.0396240355064672	0.842959578845776	0.943610074013947
COPE	0.240606945943724	8.20405496993941	2.88975903807734	0.0948555676166376	0.399291153589209
COPZ1	0.00451696720897624	7.72292205614207	0.00103504787079302	0.974452503431205	0.990292076608613
COPZ2	-0.163546422052141	3.81154902919443	0.099133711359725	0.754076173039167	0.90555508077741
CRYAA	0	NA	NA	1	1
CRYAB	0.0364202130872658	4.95871554944759	0.00507423956335453	0.943472990809476	0.979728440968045
CTBP1	0.0953950906483621	7.60364252271019	0.305810238847557	0.58252804086861	0.818875093919989
CTSA	-1.03672802457959	10.7853543121994	7.15231042507967	0.00986648972302018	0.152677170131481
CUL1	-0.213551288951264	6.73352869163712	2.62872680849525	0.110728091006185	0.421697367730684
CYTH1	0.308960725542313	6.12525441476834	1.77996505853596	0.187711722415365	0.522623506339476
CYTH2	0.543874000758064	6.89037928090005	8.51495103945246	0.00511205573033167	0.116122444790009
CYTH3	0.175099857548678	5.43700530322579	0.995318541078588	0.322862881959517	0.647036681854658
CYTH4	-0.208063676758865	3.39646615790218	0.275254713969814	0.601959885397943	0.830260326930034
DAD1	0.264751891669679	7.32279135121664	2.67235212283306	0.107879051850125	0.416355670765442
DDIT3	0.0487681778279227	6.72729769462353	0.0309425559898938	0.861021755317853	0.951821954221369
DDOST	0.0342739210630061	7.67434001753081	0.0692476757332467	0.793429433544535	0.920997337650046
DERL1	-0.273171366116752	6.9110796002366	4.08438824523348	0.0482136859683002	0.298567057480483
DERL2	0.294227238026858	5.87659792545017	3.89824983761261	0.0534218399032009	0.31125234708749
DERL3	0.0625185498767058	1.69192574380456	0.029000907793558	0.865408689527224	0.953149149793546
DNAJA1	-0.350237133532697	7.71905959113784	3.40853619814427	0.0703031966447683	0.348821315244337
DNAJA2	-0.1916252020809	7.19927701265538	1.6868601978099	0.199493605714155	0.535018080800542
DNAJB1	-0.178016714493618	8.44985442056316	0.462974027280089	0.499122983568099	0.774332202309104
DNAJB11	0.341971773060675	5.96886568187158	5.18067057303411	0.0267993586594065	0.22651002645835
DNAJB12	0.234980449337838	6.53142900764978	3.47753903044158	0.0676049461735101	0.342674267828279
DNAJB2	0.187436419696754	7.34070110955497	1.24245959822709	0.269897671600352	0.603529450071902
DNAJB9	-0.625274999828744	6.62524437701312	5.5625186377407	0.0219707983212897	0.209047794372497
DNAJC1	0.0385210578047649	6.40698382742539	0.0389455943966281	0.844291977313995	0.944316377174125
DNAJC10	0.0600676181030537	5.80182809358478	0.2179343800318	0.642482599157125	0.851947477929302
DNAJC3	-0.187840674775652	6.01910378314348	1.37450345161492	0.246148035564002	0.580622455610057
DNAJC5	-0.0462899784415947	7.43295907908613	0.108361888010472	0.743280853804144	0.901065335953656
DNAJC5B	0.406614628865466	-1.88100013512346	0.810597784391548	0.371911907097343	0.689599316558393
DNAJC5G	0	NA	NA	1	1
DNAJC6	-0.0248937369851751	4.97951692648022	0.00466612052513252	0.945790105440232	0.980449603838822
DNMBP	-0.215323309219463	4.92935365415466	0.948176646702645	0.334493784625386	0.65669526411871
DOCK5	-0.646537375079471	5.72517638877235	2.52430486847978	0.117899606269383	0.432309495609335
DOLK	0.144385696061878	5.12124954599865	0.652554925665112	0.422718891071884	0.72406119807531
DOLPP1	0.516479556527256	4.99864088652859	6.305281100539	0.015039815304487	0.179931350915282
DPAGT1	0.349746076046045	5.36476260364603	7.07238496229097	0.0102622730753419	0.155001004101312
DPM1	-0.251516324668662	5.62985986246714	2.20272525534401	0.143538196860262	0.470390688713258
DPM2	0.541518687517273	5.92932586110569	11.4243083691668	0.00134721494759797	0.0611363115770639
DPM3	0.193824282987975	5.42186810410552	0.506521025831432	0.479689638230846	0.762144182095492
DPP6	-1.78641673858322	1.2799270174192	2.70181218271039	0.106001867490309	0.414033764479952
EDEM1	-0.263269852504721	5.4170847518548	1.39053317964949	0.243446556671851	0.578515270143862
EDEM2	-0.131592799785936	5.4659374691819	0.729803866470797	0.396693069005477	0.706234667680209
EDEM3	-0.436092519972733	5.15355800199631	5.92932889644716	0.0181990944877677	0.194315168823701
EEA1	-0.234943699762974	5.4508182321398	1.7725518914213	0.188618796185529	0.523389890098473
EIF2AK1	0.0141673036777763	8.14616698364407	0.00912419096563639	0.924252294036028	0.975047060169447
EIF2AK2	-0.201598377329508	5.67886880428296	1.96039055764564	0.167148966036943	0.498582898101925
EIF2AK3	-0.101175379197525	4.55503655622735	0.288143950669601	0.593600979559856	0.825445014846452
EIF2AK4	-0.35927760600665	5.57473929950083	5.64326083892889	0.021074264735527	0.204308066283837
EIF2S1	0.155692344242552	6.18926076603166	0.626955930423844	0.431913117680502	0.730918754583093
ERLEC1	-0.157376998706852	6.29950022969295	1.26319251064966	0.26598267231427	0.599568177497969
ERN1	0.044843067387289	6.62547617136498	0.0141825524032348	0.905642316392642	0.967424687409861
ERO1A	0.508714228221165	6.29707923109518	4.11988611049029	0.0472846074796564	0.29516097872926
ERO1B	-0.17796487897878	4.10198510484705	0.343320070803914	0.560342198880292	0.809294118451481
ERP27	-0.986224840064809	1.47721122713921	2.59405953401028	0.113052761145318	0.424617652723716
ERP29	0.0774280020846203	7.87493680048923	0.197396558573264	0.658592941077405	0.860501595439014
ERP44	0.22355975085525	6.88743215977545	2.61770245227041	0.111461437694672	0.422774656800566
EVI5	-0.283533955091735	4.58348302049013	2.8087870870687	0.0994879336273911	0.405541769622058
EVI5L	0.586061966328208	5.56988835554281	10.0577965795176	0.0024932017844581	0.0839494521585578
EXOC1	-0.0829867216465273	5.611736941269	0.312328633897434	0.578548062043552	0.817710096256458
EXOC2	-0.228136345768262	5.0580517401	2.28260387802465	0.136619193808946	0.459475737064121
EXOC3	-0.26367420306211	6.16509615930447	3.15999667397593	0.0810529597970883	0.371405371032993
EXOC5	-0.151702560929581	5.71988629601559	0.865130856330797	0.356415916266431	0.675660170535623
EXOC6	-0.223451929571148	4.83551520479167	0.95507470287016	0.332756833770602	0.655515705898305
EXOC6B	-0.400999288910319	5.50954724373801	4.41202401895421	0.0403363154622642	0.272119882688019
EXOC7	0.0253071497522227	5.5678907375353	0.026246028204335	0.871901138683534	0.955302023469984
FAM71B	0	NA	NA	1	1
FBXO2	-0.832058621927195	6.46806195307006	1.89067495286919	0.174762455757779	0.508382634935968
FBXO6	-0.171094396573944	3.53158499457891	0.370888837595852	0.545055045413055	0.801780418638639
FBXO8	-0.205445736582535	5.09350077969128	2.22719306876497	0.141376828682005	0.467654911908857
FUT8	-0.201410298023321	4.81001157036006	0.76527520317212	0.385528493405619	0.699229860407172
GALNT1	-0.0329349742643701	6.70296619282389	0.0298259269183222	0.863526714284748	0.953050724301942
GALNT10	0.0433386932795085	6.97460686091729	0.0216758687438791	0.883496914745769	0.959470607137541
GALNT11	-0.126141285479138	5.95925639776826	0.657394728574531	0.421014160975553	0.722771399025786
GALNT12	0.0925865593100569	1.85871708171882	0.0527450440824203	0.819215047854806	0.934006380462482
GALNT13	-0.63504569940866	2.33947515281854	0.606986894580971	0.439300534024729	0.734694680260768
GALNT14	-0.73842231382109	1.24470331715386	2.17051777062592	0.146441647377402	0.473537650462651
GALNT15	0.0580390897676788	3.15420529798759	0.0372586932824633	0.847658129468279	0.946203289609662
GALNT16	0.822884453861071	5.34404982709066	3.07425392154754	0.0851739833753988	0.378436638921043
GALNT18	0.766412157920644	4.21525673017768	5.86858440544847	0.0187726314084698	0.196727824941691
GALNT2	0.349011169657355	7.63403948740856	2.81569226354817	0.0990831630549175	0.405124015032882
GALNT3	0.509810952724732	0.552102163242848	1.09841186807551	0.299248875465124	0.628304407480008
GALNT5	-1.11991721940484	0.120660203500559	1.45760880293592	0.232534000295808	0.568291371411539
GALNT6	0.133073940978575	0.83577575877912	0.120740576778034	0.72957343092159	0.895351313523585
GALNT7	-0.638348145309834	4.86152442294532	2.70430753705226	0.105844562169295	0.413701699994553
GALNT8	0.387062291084466	-1.44452015062859	0.529346067348093	0.470001649767952	0.755505111513317
GALNT9	2.3882712843981	2.03066930681554	9.126851441873	0.0038331699832472	0.101649321896499
GALNTL5	0	NA	NA	1	1
GALNTL6	-1.174453107455	-0.712192310094565	2.93496977160278	0.0923743652798378	0.39487890187575
GANAB	0.110919873335293	8.28670812414632	0.571814734195603	0.452800824492124	0.744432129756082
GBF1	0.16196597680302	6.7228680652346	1.54744774398402	0.218845999842627	0.554973650649599
GBGT1	-1.42859217645579	4.39110630611189	7.07545237095754	0.0102467775919692	0.154991925189423
GGA1	0.053663701529783	6.0615902382236	0.122357815176264	0.727841758323206	0.894694209129463
GGA2	0.0942434451347413	7.95995106312882	0.396890346185568	0.531336858711762	0.795201507985544
GGA3	0.204363223753616	5.10662183567271	2.15180676444843	0.148159570791284	0.476517257577711
GIT1	0.274140344102395	5.98553900210392	4.51005434627504	0.0382591226293788	0.2654086988587
GIT2	-0.297393965207845	4.78981993703653	2.95185297796738	0.0914664568304177	0.392910791157936
GLT1D1	0	NA	NA	1	1
GLT6D1	0	NA	NA	1	1
GLT8D1	-0.128153864401454	6.49601406728176	0.621582317314261	0.433882057419537	0.73238106846807
GLT8D2	1.41917472157997	3.62763070466398	8.6473473244684	0.0048015618586226	0.112358196294219
GMCL1	0.0482503274700138	4.00683529213719	0.104965223415908	0.747192949998454	0.902277072138919
GOLGA4	-0.225622848139168	6.63401885970352	1.10838793984337	0.297086421076878	0.625915045469932
GOSR1	0.0867072054884903	5.23161458910206	0.432405495867	0.51358373468696	0.783028695750846
GOSR2	-0.0505699257688079	4.10149825541887	0.125265785424185	0.724760110221514	0.892917190275959
GPAA1	0.166797553331687	7.73955480428883	0.464121534843437	0.498593870206675	0.774116821721944
GPLD1	-0.362296650257438	-1.30664510751597	0.9894228721127	0.324287299870977	0.648490951346435
GXYLT1	-0.150194821532201	4.78342441254183	0.580570625068305	0.449379556277293	0.741689385544703
GXYLT2	-0.0548658996261659	2.7568852378843	0.0183468723551593	0.892755541650669	0.962571786508689
HAS1	0	NA	NA	1	1
HAS2	-0.783698418777339	2.08908945635084	0.755802814397403	0.388464769652393	0.701499621900797
HAS3	0.881098672563695	1.07455438016013	9.77899130510545	0.00283324661681016	0.0884305752393576
HERPUD1	-0.541830547003981	7.79163275361723	6.53727177840297	0.0133854950194809	0.172176048574499
HSP90AA1	-0.477198593917838	10.5868568607062	4.61356604685067	0.0361904879779894	0.256467640944418
HSP90AB1	-0.387285493788054	11.0026986297382	3.92987813937971	0.0524953260067731	0.308110414863215
HSP90B1	-0.0775573383155823	9.90706229505762	0.257768429111042	0.61370973316389	0.836996982991442
HSPA1B	-0.429445454880656	7.39472440960354	1.39251839434005	0.243114566113963	0.578436021001648
HSPA1L	-0.651359014573823	1.81540167739629	7.51163778177216	0.00827643428133795	0.142363129367409
HSPA2	0.11587044252017	5.53792101645658	0.0503927409814545	0.823222280763948	0.935623071687707
HSPA4L	-0.714074842834694	5.75339500134924	7.94206479150072	0.00672051491071626	0.130251786234429
HSPA5	-0.0608975282907719	9.04530990752886	0.0900239021020085	0.765290272778282	0.909037582734304
HSPA6	-0.447441469572146	3.32725801980679	0.378708633922193	0.540861125028078	0.799210150085646
HSPA8	-0.129323487345353	9.76299926586322	0.193053174729805	0.66212793166402	0.861799340039503
HSPBP1	0.187324890124511	6.19218656654712	1.10480286526945	0.29786117353462	0.626432882561769
HSPH1	-0.368881639176811	7.38519300867699	1.5000552579731	0.225939746407688	0.562523392794581
HYOU1	0.109325458197428	6.52660717417099	0.256232256313483	0.614765794912013	0.837444917560982
IFT27	-0.0708284031239989	5.27153381216192	0.118795461237036	0.731673516764947	0.89646781454489
INPP5B	-0.0300347193819566	3.61420123784156	0.0153320824995714	0.901911951473263	0.966166778847333
INPP5E	0.667340980307602	4.80692522983734	10.7562794845042	0.00181610683543063	0.0715780913657588
IQSEC1	-0.349840846653117	7.32904384545273	3.05785721587888	0.0859882697111045	0.38029941273457
IQSEC2	-0.157265095568419	5.7441465528064	0.342905205465982	0.560578500129104	0.809327894081201
IQSEC3	-1.37717039301891	1.76914610244811	2.5941960664848	0.113043498180657	0.424617652723716
JUN	0.187392958764398	7.34481685120197	0.496360516302998	0.48410888219677	0.764759287976826
KDELR1	0.43585764852888	8.47585990304941	6.85288870549833	0.0114381302653065	0.162647298022667
KDELR2	0.152781858345093	7.96205038337934	0.794848253044307	0.376564468695188	0.692943045415826
KDELR3	0.549195253466228	3.99660872339058	1.95136716193189	0.16811210162045	0.499537342572597
KIF20A	0.511447539060386	3.85997974486109	1.14360976185861	0.289612884352669	0.619144885307834
KIF23	0.294490089202582	3.4272156729324	0.640939715239716	0.426853207089984	0.726373444339357
LARGE1	-0.44558191329318	4.65678323287166	2.59144994526572	0.113229972264891	0.424617652723716
LARGE2	-0.0839689534705534	3.61967820366035	0.00775719859288993	0.930140512266402	0.975764547230453
LMAN1	-0.175191204484225	7.0132546811051	1.09600736281787	0.299773168775462	0.62872378242186
LMAN1L	1.09170249724185	-0.912328116831461	2.02029433463228	0.160916387821781	0.492315249516661
LMAN2	-0.0382079082741135	7.93247303252801	0.0909760864043859	0.764089899443311	0.908236590108789
MAN1A1	-0.284193553422591	6.71442784875292	0.354200542443405	0.55421252663034	0.806117399615239
MAN1A2	-0.233885079617091	5.14262642779211	2.16070992343975	0.147339249427172	0.475146726753803
MAN1B1	0.490858278631785	6.77882250915028	6.35851819333061	0.014641875137194	0.177052710491314
MAN1C1	-0.226720809408506	6.0442420389446	0.376083940173716	0.542262086884067	0.799812055613442
MAN2A2	-0.377847283869764	5.73088690276678	2.00687148881302	0.162288968807036	0.493712479073407
MAP2K7	0.0326628327394828	5.84890034185624	0.0778614221429803	0.781274768991766	0.915249024539954
MAP3K5	-0.23530549246391	6.63908914531355	0.562654965269253	0.456424377454427	0.746852033197438
MARCH6	-0.0970298980750956	7.75688242913504	0.323634414529252	0.571772861344106	0.814674462850693
MCF2L	-0.218837086203798	3.76022330444753	0.547381970187047	0.462570283453819	0.750303426600018
MGAT1	-0.0285686679445684	7.65308150885403	0.0390734509511805	0.844039960898968	0.944191389895511
MGAT2	-0.333130752108824	1.83093734924393	1.07616354660125	0.304146452794741	0.632276453339201
MGAT3	0.263662528699828	1.8377205088732	0.290797514849465	0.591910150910843	0.824347143965073
MGAT4B	-0.405638627981946	7.57257022777716	3.01529588682382	0.0881426372944382	0.383881685218388
MGAT4C	0	NA	NA	1	1
MGAT5	0.290372171247121	6.02216951685991	1.92961243068121	0.170461068527166	0.502706599977606
MICAL1	0.607289562667267	3.85080410035141	3.04106021785821	0.086831421701213	0.381590242114593
MICALCL	0	NA	NA	1	1
MICALL2	0.533098822043385	5.79840350285654	2.95695531805401	0.0911940369371133	0.392008434908957
MOGS	0.232011365854761	5.86252390359082	2.77807330422645	0.101310942262045	0.407382152138538
MON1A	0.119204461508951	3.52054436752539	0.4146988570023	0.522299951465275	0.788854273332915
MYO5B	-0.344552307997493	4.04641823465362	0.622058338399463	0.433707080998213	0.732236501436161
NAPA	-0.154599816706671	7.86501744238639	0.72174118507064	0.399296590605678	0.707915163170752
NAPB	-0.723377325281696	5.62510661139296	6.26832982487559	0.0153227671393752	0.179931350915282
NAPG	-0.134759290636616	5.25224012035214	0.803383054800625	0.374032982016522	0.691326982316323
NCKIPSD	0.438047469539108	5.9743776816478	5.0493463213206	0.0287130762634476	0.23360038876002
NDE1	0.0524129608250264	3.94395793513847	0.0617443132325061	0.804695557510898	0.926033606026387
NET1	0.035336144311055	3.77993526296244	0.0208905422246011	0.885611666042774	0.960884567674524
NGLY1	-0.0604856375363015	4.57442505326317	0.15452909573642	0.695780483095797	0.87883751319944
NPLOC4	0.0404308639183912	7.00289487586049	0.0757496245980335	0.784184873585595	0.916743622622873
NSF	-0.116795183703148	5.64434534286152	0.389456189265986	0.535193661197585	0.797204454836913
NSFL1C	0.0285912783437339	7.30644766846951	0.0289781010847861	0.865461103570252	0.953149149793546
OCRL	0.0500102572047622	6.45081159073492	0.047373603122181	0.828512408042739	0.937899511954529
OPTN	-0.228367959722057	7.79220232603693	1.22848065064371	0.272578831025844	0.60595078310611
OS9	0.295871426034447	8.23807004543375	2.39521474773678	0.12750516674231	0.445859625488174
OSGIN2	-0.679946211256764	4.95433928972507	5.24796348820001	0.0258721225447622	0.223417961374948
P4HB	0.27561529659974	10.0843675387831	1.2550659434823	0.267508546964143	0.601028862637473
PAK1	0.115291333382107	4.74649570641248	0.180855825650109	0.672316325607823	0.86727646386461
PARK2	-0.322354033525187	3.3341131840511	1.68985854068121	0.199100618729453	0.534375052448509
PDIA2	0	NA	NA	1	1
PDIA3	0.0342997821705305	8.60284100241817	0.0572122384102085	0.811856474929405	0.929905673030634
PDIA4	0.132579156520421	6.57160140012806	0.623141307177951	0.433309407305918	0.731949212848435
PDIA5	0.0547725688613698	5.29639174666592	0.0546070157463081	0.816109414037676	0.932419434629523
PDIA6	-0.0989910946011952	7.00742369870503	0.0798000277573468	0.778640592390909	0.914390543224076
PDILT	0	NA	NA	1	1
PGAP1	0.488697168075809	3.23622365458632	5.92797397243331	0.0182116818581713	0.194315168823701
PICK1	-0.0744879097965049	5.04563639024667	0.169980149867672	0.681749617246459	0.871234765895139
PIGA	-0.0825144823422921	3.262264419463	0.131636572107017	0.718147043784015	0.89068911188726
PIGB	-0.0565115952261312	3.30772286381539	0.102125062704924	0.750518223433794	0.90332369793909
PIGC	0.227777441106519	5.04561054537033	2.23547546437523	0.140653717399813	0.466523990520757
PIGF	-0.130226505510436	3.72051569473046	0.354470878979142	0.554061862995088	0.806104125455534
PIGG	0.0278155712705941	5.86449925799615	0.0228477145299975	0.880412867056809	0.957918611047664
PIGH	-0.14025684935816	5.10099595194928	0.386545636003171	0.536717633587137	0.797885445572633
PIGK	-0.0183389868201256	5.08505694466147	0.0182198717954883	0.893125071983115	0.962571786508689
PIGL	0.189120232527318	3.50810629989189	0.802225108974851	0.374375011853328	0.691433051890078
PIGM	-0.365583550082599	4.30474877982869	2.21352527234228	0.142579512096036	0.469468558171751
PIGN	-0.100043585149136	4.46167385958864	0.367642733796849	0.546813882327795	0.803255949641921
PIGO	-0.106976405940834	4.97032781118883	0.193457409828713	0.661796935995441	0.861714315912821
PIGP	-0.0313469827223961	5.11391106021323	0.0271327918409087	0.869774628540097	0.954621870481829
PIGQ	0.289319519544193	6.86710675959904	2.44481227869518	0.123712944804031	0.441076837459852
PIGS	0.30557889308829	5.38528244327279	1.69436924927397	0.198511158909728	0.533871379048633
PIGT	-0.154320777808749	7.64676581257987	0.586401168644529	0.447123935709061	0.740282098688921
PIGU	0.0373330350061227	5.83028386506184	0.0388965683118641	0.84438872605662	0.944318598377309
PIGV	-0.197573865773162	4.21090810908961	0.942363812496245	0.335967062900531	0.657797059163596
PIGX	-0.187560172854469	4.91381810631787	1.16565445519753	0.285059381176973	0.615070950519257
PIGZ	0.314803307287084	0.900519177860767	0.575652841112688	0.451296066097027	0.742986528514868
PIK3C3	-0.133278775188476	5.44255328327668	0.55768929111408	0.458408146639514	0.747564734978466
PIK3CA	-0.221891810892028	4.42097919080133	1.61585336233344	0.209079296175062	0.54544495243143
PLAA	-0.126309533561859	5.2982838275281	0.384063729741087	0.538023482465131	0.79845161274723
PLIN3	0.183346674250945	7.92425345181447	0.445433917093845	0.50733262258775	0.779330220922378
POMT1	0.369955901091207	5.3443398555374	4.69303746415659	0.034684189710795	0.25206663813973
POMT2	0.304627130745182	5.83108425971202	2.5624878684477	0.115217968124964	0.427958060725875
PPIA	0.349169019943162	8.78541563486121	5.20369764701398	0.0264781213385537	0.225135796282702
PRKCSH	0.375325903531797	8.94058924486308	6.9019019434938	0.0111637218412016	0.161226158817698
PSD	1.07437136170461	3.41605925260953	9.13097652446758	0.00382579240270196	0.101649321896499
PSD2	0.756253663238723	-1.29350982868884	3.81150395731932	0.0560557331195604	0.317496605170812
PSD3	-0.0325882275805658	6.4853068263041	0.00780985147032224	0.929904449288414	0.975764547230453
PSD4	0.124836789834786	6.23646762548258	0.198751144851277	0.657500027059048	0.859938134081731
QSOX2	0.505069650001855	5.48744735850966	3.17269748762069	0.0804615546525786	0.370859934656405
RAB10	-0.0816533919680254	7.15526814435297	0.54304158481895	0.464341183572817	0.751577235362863
RAB11A	0.108974405895834	8.39172709762164	0.376419801722589	0.542082440727797	0.799734540038593
RAB11B	0.0663197878084306	7.02007021377322	0.391903462047579	0.533918393661837	0.796421040154169
RAB11FIP1	-0.270494011979719	3.45178552899309	0.526443366996402	0.471215788580262	0.756735874285892
RAB11FIP2	-0.208984436925959	4.46274951369356	0.885136620678901	0.350957588941374	0.671245677966865
RAB11FIP3	0.0471210339160834	6.15688215912169	0.0469423752595224	0.829282284132215	0.938443622626279
RAB11FIP4	-0.386068769428513	3.86406878099388	0.828846186283018	0.366622612159669	0.684751200918669
RAB11FIP5	0.259100388511157	5.17237024278097	0.667875433531045	0.417358010371053	0.719860579213619
RAB12	0.00510383867008578	5.08298644993485	0.00103532373432813	0.974449100362999	0.990292076608613
RAB13	0.285808783258893	6.9224392242465	2.31781021833337	0.133691941593417	0.454881596388904
RAB14	-0.12767179699443	6.9691621120993	0.699805918627098	0.406508519424242	0.713891037590498
RAB15	0.345953800745753	3.03085886397072	0.531566650194857	0.469076268562969	0.754948663451744
RAB17	-0.141027570622851	4.01837314256303	0.0196193929623124	0.889122587304594	0.961350630069542
RAB18	-0.112908310748975	7.31457412600594	0.39117730695308	0.534296210178152	0.796704448854053
RAB19	0	NA	NA	1	1
RAB1A	-0.0371940270205556	7.53348312936765	0.0695808713469019	0.792944648473062	0.920782787315727
RAB1B	0.297414417185425	7.4217524057011	6.76741089992195	0.0119339299191285	0.164339272751589
RAB20	0.25703012838594	5.63529989234026	0.713531942289487	0.401973345109045	0.709789873318999
RAB21	0.0400107403175172	7.27279364065557	0.0830433291986837	0.774309848855218	0.912489092424269
RAB22A	-0.118642599235547	6.48511444229966	0.386254920082338	0.536870291207785	0.797912196818876
RAB23	-0.363131955281212	2.93962164922154	1.27394068581781	0.263981491266627	0.59798248834397
RAB24	-0.0487836202112431	4.35782227566957	0.0997325667689451	0.753359199866582	0.905340138187679
RAB25	0	NA	NA	1	1
RAB26	0.761070093703304	2.24605644008607	1.74264778230583	0.192331334153885	0.527572177841579
RAB27A	-0.790279593413813	5.25909383084089	5.96494455956703	0.01787152245412	0.192478679700533
RAB27B	-0.131295885378427	0.49097737128963	0.0196974099200643	0.888903819652737	0.961347314131693
RAB28	-0.125073809425329	4.32972912042954	0.498974287751567	0.482965583372873	0.76397195603211
RAB29	-0.081367587636248	5.19885034705878	0.0839784218554074	0.773078315932959	0.912368856989666
RAB2A	-0.277794872832976	7.66006919866355	2.51973609278167	0.118225191787413	0.432663922246289
RAB2B	0.18601557961234	4.88490573219811	1.54887869978294	0.218636079605838	0.5548767424511
RAB30	-0.0431345764675172	5.20098188432926	0.0323858182489836	0.857852157307308	0.950258332973055
RAB31	-0.115593362240231	7.23097027757789	0.109734897616168	0.741718821544629	0.900677683840784
RAB32	0.761061595349682	4.17633733475006	7.77036547862708	0.00730054092764785	0.1347295463436
RAB33A	0.648500970333628	1.45622573207097	1.50557359781045	0.225099420913024	0.561885995787096
RAB33B	-0.147286481018809	3.1546085207876	0.68461146882785	0.411618074118328	0.716708821793113
RAB34	0.528862417049435	5.57005407292791	0.681769682737039	0.412584338836269	0.717570382016304
RAB35	0.0543960694688558	5.9765947706935	0.114168337107492	0.736747960529827	0.898799329668519
RAB36	-0.304543567944366	3.96576737755388	0.891065954866482	0.349362141775852	0.669674332322881
RAB37	-3.01320439511482	3.53264439423281	9.88816327205135	0.00269463606026861	0.0863751606452489
RAB38	0.733137548203357	6.00018057317372	2.46481460260188	0.12222005869961	0.43877544273421
RAB39A	-1.492908397735	-1.50338591566118	7.53485744044504	0.00818347159470062	0.141377646906049
RAB39B	-0.620640876094196	2.06872007970137	1.40844901199852	0.240470754113684	0.575412898757272
RAB3A	0.269348586248683	5.40873553498813	0.815029219444262	0.370617565069111	0.688333588614516
RAB3B	0.315076035090264	4.99352681675022	0.296353759362889	0.588401862111784	0.821997878638387
RAB3C	-1.10388135587457	4.35550626295576	2.91702018846607	0.0933506687735773	0.396450768709489
RAB3D	0.243091871946648	2.93897826494554	0.695219436088204	0.40804084996854	0.715275774675756
RAB3IL1	0.520476010855508	4.84618621340443	2.12022030094115	0.151112866834271	0.480335783543407
RAB3IP	-0.191158864664503	4.43754067180709	0.333272416757663	0.566120057846856	0.812063393106933
RAB40A	0.0712778649566812	0.733156799992231	0.0361990483217933	0.849813208312151	0.946864325999923
RAB40B	0.00809792000100754	3.94535717812255	0.00160465515975055	0.96819341733508	0.988857873238145
RAB40C	0.324451430728148	5.31510946155872	6.68381804727906	0.0124408723247978	0.167916299285838
RAB41	-0.0199223417545379	-0.179451926447932	0.00596369255456264	0.938727918203032	0.977997238594414
RAB42	1.37909063660115	0.426531600447534	7.27809974696092	0.0092759517822455	0.148484961624707
RAB43	-0.0760335455349925	0.544139592279554	0.0490349488717941	0.825580210546242	0.936247021887464
RAB44	0	NA	NA	1	1
RAB4A	-0.080496066709553	5.02629973717737	0.0925777353613461	0.762086160606631	0.90793911075459
RAB4B	0.362606861567308	5.50791396041919	2.58504305689002	0.113666383503742	0.42518789758451
RAB5A	-0.105565737373134	6.03890756085138	0.943156504277316	0.335765633336342	0.657657730319504
RAB5B	0.106752202076657	8.34727082008111	1.01453597778143	0.318277750179958	0.643444174520849
RAB5C	0.0688891201324509	6.14656653574217	0.114980177095382	0.735849431912863	0.898354971542462
RAB6A	0.302860732769154	7.17478797629829	5.70381585831363	0.0204275360754814	0.20186126919516
RAB6B	0.140354948759931	3.58204597837333	0.17352411157722	0.678637630996632	0.870921879732015
RAB6C	0.774387662007819	-1.20331731267588	2.28109811395892	0.136746022568851	0.459475737064121
RAB7A	-0.149044740831603	8.31417412677089	1.04812137877093	0.310471111233216	0.637678358446253
RAB8A	0.285925340231713	5.64335602203532	3.98954502415241	0.0507947467157383	0.304376592040837
RAB8B	0.122630830509153	4.66254169850322	0.525316970943388	0.471688317326038	0.756891459637822
RAB9A	-0.406337803759947	5.92120738632312	3.64149319970592	0.0616389341930022	0.329550475204912
RAB9B	-0.597537686976486	3.3960483603593	1.55755500269476	0.217368516148875	0.5542348251402
RABEP1	-0.160646384644792	6.13179166603609	1.19655698944564	0.27883076139949	0.610653267104224
RABGAP1	-0.0942451420061286	5.79042754601679	0.45454839012708	0.503037748135898	0.777047677339274
RABGAP1L	-0.426500763401351	4.52866023627147	5.42921875991743	0.0235412592437719	0.215134569820434
RABGEF1	-0.0864584488464041	3.06774780764307	0.263852367098441	0.609565843862092	0.834464479444548
RAD23A	0.200261509226101	7.42861130420169	2.20958923031054	0.142928044701023	0.469874686712829
RAD23B	-0.0225887301297369	7.33036345463345	0.0232112033676734	0.879472764044772	0.957918611047664
RALBP1	-0.580965248878546	6.20008235186106	3.92295427504432	0.0526966453447296	0.308988401884864
RASEF	-0.375745173166203	-1.11900352541142	0.35198918352332	0.555447899322166	0.806794595665364
RBSN	-0.0461895794444497	4.86797143216897	0.0762044750165267	0.783554420787771	0.916304772408845
RBX1	0.428602950267886	5.94668575397072	5.92443687358293	0.0182445855555302	0.194315168823701
REPIN1	-0.378738245541736	7.40914399779112	5.34753874204853	0.0245625395790526	0.218509217735413
RER1	0.159646719670315	7.12152818824713	1.46162925485171	0.231899333680609	0.567990778662654
RFT1	0.112239944656322	4.75269854458156	0.54326035802125	0.464251661076672	0.751577235362863
RFWD2	0.277529635072815	4.90682755853063	3.60128333546655	0.0630466668467944	0.333201881785963
RNF185	-0.228452702751994	4.89458156708518	1.65395658552196	0.203868103826201	0.539634470185087
RNF5	0.234129003435491	6.52701564529651	1.90505714114657	0.173158943465002	0.506191619040568
ROCK1	-0.316840670838241	4.97297177852934	2.65285381201724	0.109142078547398	0.419253401975682
RPN1	0.152881907870804	8.25891991862048	1.33853804055028	0.252346869380391	0.586322877056641
RPN2	-0.0569352828221384	8.60695375333097	0.1016827566278	0.751040653737556	0.90379922031831
RRBP1	0.0983834548417879	9.12073325992556	0.237380426958125	0.628062036711766	0.844413100489841
RUFY1	-0.241242264342406	6.59560024194417	4.34189205934903	0.0418970522075796	0.276855062918803
SAR1A	0.15277003623132	7.17156405315198	0.932819940078678	0.338405229413899	0.659797550070599
SAR1B	-0.231150475413803	7.31565698045719	1.55407667046079	0.217875604038031	0.554537473614109
SEC11A	0.208677944397445	6.6955141291875	1.73959711040881	0.192714951939081	0.528115855537765
SEC11C	-0.396641570047391	5.41762555253267	3.98421878630073	0.0509440860051433	0.304728931512993
SEC13	0.0833220103097333	6.76461619076661	0.334605748210581	0.565346668733653	0.81190645348371
SEC16A	0.160999873245644	7.11189673603575	1.08709311404223	0.301727440263144	0.630272226823526
SEC16B	-0.83226442866504	-1.37596769222016	2.44297616295987	0.123851021651868	0.441335368137959
SEC23A	-0.182404335319023	6.05257748784514	0.744093317010624	0.392139562144893	0.70338572182767
SEC23B	-0.374325036291325	6.29139716000524	2.72487577824342	0.104557917271021	0.412794248557378
SEC24A	-0.254088341453167	5.93220191485918	1.25640940460815	0.267255527299297	0.600930335259774
SEC24B	-0.318441644097319	5.70734505586955	3.65171535701226	0.0612865757770788	0.32897956173374
SEC24C	-0.476096542370803	5.31287882192213	2.31830360215287	0.133651433153183	0.454881596388904
SEC24D	-0.291939418676029	5.34643719341792	0.853156969730811	0.359739571875451	0.678679083936179
SEC31A	-0.193536704905737	8.02296813482848	1.40482389752509	0.241069216779332	0.576044463808049
SEC31B	0.477266222614151	3.33179261376735	2.50277351244558	0.11944295883317	0.434443643853934
SEC61A1	0.143647025614895	8.72819141847102	1.06337534838914	0.307009385820785	0.634490508098176
SEC61A2	0.566520988720658	3.02230827274205	9.92522918567484	0.00264920862173303	0.0862612039020899
SEC61B	0.247958199264047	6.96805288542302	2.50320630158486	0.119411711801993	0.434443643853934
SEC61G	0.225604177263572	6.22818385028731	1.13753590528902	0.290884046866668	0.620417452727661
SEC62	-0.0590009119721852	7.49882127549093	0.17663314046807	0.675938195519725	0.869198670423161
SEC63	-0.0542029454934823	7.24220500461879	0.151489727050854	0.698635152880832	0.880708183930413
SEL1L	-0.267610457780855	6.8262031921514	2.50850322998947	0.11903002886735	0.433749502529733
SELENOS	0.154928785051606	6.50816483765942	0.505198875029252	0.480260895916385	0.762216355417218
SGSM1	-0.265531218763559	2.55702012108871	0.309033647646909	0.580553015436904	0.818664952816249
SGSM3	0.127550617338805	5.66188934443136	0.540255800464445	0.465483578960143	0.752298951062115
SIL1	-0.220194874425018	7.36402617085432	1.38881894556525	0.243733685006035	0.578515270143862
SKP1	-0.146284043619623	8.82064273090933	0.914899245508311	0.343049208114491	0.664174458117816
SMCHD1	-0.138728609525398	4.81106287525033	0.760731827263764	0.386932836739613	0.700342538775634
SNAP23	-0.280876479042227	5.32707039883912	3.48427178884608	0.0673478340396824	0.342313268977908
SNAP25	-0.119274840794555	5.13271708670401	0.0467594682095774	0.829609949031	0.938561638590578
SNAP29	0.00500233335419311	5.11391954443651	0.00144356283669871	0.969831350425377	0.989196021839644
SNAP47	-0.25859839599693	5.45205671360867	1.93063413041199	0.170349890927504	0.502706599977606
SPCS1	0.00521828537369319	6.85223392919007	0.00106712886285145	0.974059747438419	0.990292076608613
SPCS2	0.0128970389737523	5.38322172328682	0.0118930206950674	0.913560030501771	0.970485503969018
SPCS3	-0.292984778754298	6.60479444795582	3.70184365184661	0.0595902791952721	0.324870620079774
SRP14	-0.181494828762531	8.26722811177042	1.33865145602328	0.252327016197196	0.586322877056641
SRP19	-0.24217162796626	5.11033510861567	1.21233233498662	0.275718604590774	0.607717225447329
SRP54	-0.190804278080362	6.03722180099473	1.07677334808898	0.304010815873441	0.632124630946073
SRP68	-0.00489713150432114	6.33571843801127	0.000961985665011764	0.975370374041343	0.990516997561676
SRP72	-0.173149823489223	6.40994889003659	1.43958785921792	0.235405263939287	0.570658432470325
SRP9	-0.0972925556072863	7.45488675142692	0.332082535534812	0.566811988712416	0.812395939077096
SRPRA	0.310622265347525	7.43935230745303	4.46517588953963	0.0391953533275743	0.268735685189624
SRPRB	0.247142455629225	6.81641713615282	2.19153102500987	0.144539734208864	0.471692855949223
SSR1	-0.0971472349838735	7.10475456153822	0.3834003527967	0.538373508764233	0.79853373861387
SSR2	0.058128146707396	7.96121657807078	0.0889821623589388	0.766611508830766	0.909257087463966
SSR3	-0.0173008176730857	7.26819443293288	0.00920957038302301	0.923899816838273	0.974818371243034
SSR4	-0.0506399252315632	8.46954709906052	0.0465336080974417	0.830015488985386	0.938601698807357
STT3A	0.283304760257334	6.93313882016684	3.49396198073618	0.0669796676829189	0.341678121471759
STT3B	-0.410310202967287	7.4929626106895	3.33040876404371	0.0735023111875116	0.355625305691929
STUB1	0.123603029445472	6.48361137352706	0.425127651015564	0.51713486691296	0.785436067255648
STX10	0.368016909285265	5.51092717716113	6.37224956596437	0.0145410598036921	0.176436888894665
STX11	-0.764340175198703	1.60661783313955	1.82801388764038	0.181956641103606	0.517513922089245
STX12	-0.0146551925606133	5.87459147562192	0.0100889760817875	0.920361177370111	0.973221231324497
STX16	-0.0356305176400736	6.47387945301402	0.0719428113440026	0.789543218124103	0.918805725050316
STX17	-0.248776883574974	3.83950654318454	1.63504819331918	0.206434254417642	0.542853420316975
STX18	-0.0872959807985662	5.65036229546631	0.205992581454793	0.651732164846379	0.856806219189605
STX19	0	NA	NA	1	1
STX1A	-0.423842376825806	2.65464453467102	1.70046468880431	0.197717931072463	0.533474460783337
STX1B	0.0461051621025416	0.186836789174498	0.0130863131749816	0.909345498845038	0.968785175609427
STX2	0.238929263036151	5.28624219660264	0.96641087372424	0.329928844955174	0.652938366819363
STX3	-0.0253133592932321	5.81644537068987	0.00645069990187327	0.936280469634101	0.977997238594414
STX4	0.261438735032265	6.27141219446301	2.80099474017218	0.0999469371762231	0.405651905225751
STX5	0.35680793929534	5.19580215670574	5.08494915288028	0.0281801862797027	0.232558513172177
STX6	0.235478337861017	5.15776946316818	2.55321494334362	0.115862803891922	0.429072705261962
STX7	-0.106397225940948	5.78331975893867	0.462141854407103	0.499507299067176	0.774497112819606
STX8	0.15273097915447	5.15743713489278	0.759131513209742	0.3874292519136	0.700782821697699
SURF4	0.0458349608105623	8.43330210199928	0.0743677760950938	0.786112807908051	0.917854018659096
SVIP	-0.54806004118014	4.97906703595869	5.32515541303877	0.0248506091427598	0.219428596864404
SYTL2	0.698531890480162	5.88390392411755	1.40797765827055	0.240548464460181	0.575412898757272
SYVN1	0.0678660584753028	7.32778648869075	0.283552612663488	0.596550446532264	0.826973006934116
TBC1D1	0.0960200533810168	5.48600388605152	0.109218129447732	0.742305452336834	0.900912375502064
TBC1D10A	0.0519572336542466	4.66731925226231	0.0583300732085319	0.810063091521861	0.929138593104195
TBC1D10B	0.296413827835511	6.73526177909319	7.79900853132674	0.00720022453533605	0.133671438710833
TBC1D10C	-0.558169381178319	1.32329415255932	2.14117265906087	0.149146316587493	0.478024693850457
TBC1D12	0.0754074517247679	3.51216255222657	0.227669093408464	0.635168866127955	0.848598887249856
TBC1D13	0.418516721406612	6.31349582686485	6.41375768443865	0.0142407654245057	0.174501223897128
TBC1D14	-0.141421980447482	4.72479046860222	0.168393787452215	0.683154949417446	0.871767614144447
TBC1D15	-0.111770876465246	6.17569163671206	0.533830201465311	0.4681360319605	0.754316496088966
TBC1D16	0.683771010131403	5.65528089193301	6.65792849905933	0.0126024692187298	0.168986894689926
TBC1D17	0.313806818448891	6.63565776694363	5.54477097690886	0.0221732701273428	0.209666696457722
TBC1D19	0.00559252662659331	3.59710654428452	0.000664528075525589	0.979528384920238	0.992491043940488
TBC1D2	-0.312588054875561	3.0368641195807	1.42785443205372	0.237298321777554	0.572466215270981
TBC1D20	-0.138339119256232	6.65509473345166	1.28257818235828	0.262387112914606	0.596425636897518
TBC1D21	0	NA	NA	1	1
TBC1D22A	0.0561846628070657	5.02853906150098	0.101676904536971	0.751047574337009	0.90379922031831
TBC1D22B	-0.196936154901662	4.55626711126101	1.82311513896625	0.182533705033804	0.517678168997736
TBC1D23	-0.407296928603175	5.31675367134198	8.39294537570927	0.00541692200079306	0.118161203298117
TBC1D24	0.138039838416634	4.51878136843775	0.545741199321143	0.463238442973453	0.751006131651794
TBC1D2B	-0.21605509450375	5.64680685735574	0.828928524439884	0.366598988288164	0.684751200918669
TBC1D30	-0.0872578323852242	2.19217768862375	0.0850191499944117	0.771716378326343	0.911827309339545
TBC1D4	-0.506727718522796	7.04011893453078	3.14663272436384	0.081680451369285	0.3726346993052
TBC1D5	-0.257152492064136	5.77504397077657	1.75243579830186	0.191106648777979	0.5266386006308
TBC1D7	-0.0503422534500428	3.92441984574676	0.0794400492839084	0.779127095763119	0.914689901610723
TBC1D8	-0.0144974705746328	5.17046220571463	0.00131028215221882	0.971257121490567	0.989338042788141
TBC1D9	-0.210511480936624	4.91633657456096	0.656264324684243	0.421411390200262	0.723084511318217
TBC1D9B	-0.132077395226166	7.95304806263308	0.740440878235011	0.393296163020314	0.703996133533185
TMED10	-0.0359460727386744	8.12349267353323	0.0465714571126921	0.829947457931767	0.938601698807357
TMED2	-0.122968864899934	8.16247730746925	0.762186322452475	0.386482452714538	0.699929166458502
TMED5	-0.222190393068796	6.3348877837379	1.38688482373908	0.244058150374482	0.578550610754634
TMED7	-0.325393878507574	7.06531120156937	4.51904267140904	0.0380745316414531	0.264905038952537
TMED8	-0.192855447518295	5.63601139496379	1.31314693157467	0.256841386659369	0.590435625767194
TMX1	-0.138625873014268	5.41270347217933	0.670391194597167	0.416487529750465	0.719680378559959
TMX2	-0.112360043310046	6.37947166960179	0.423231668995782	0.518067123224802	0.786090895693386
TMX3	0.044527815759391	5.04172627688305	0.117515569603467	0.733065910067798	0.897112131565879
TMX4	-0.542304737005743	7.31997302873807	4.56799998118102	0.0370858397543201	0.260038697221785
TOR1A	0.0457349364379094	5.987331683936	0.0824883492415833	0.775044325489773	0.912821947331184
TRAM1	-0.218692868709299	7.68600788055967	2.24778569450904	0.139586803067239	0.465097502957958
TRAPPC1	0.273098328531105	6.80647449097038	2.20741942085345	0.143120599298396	0.470023968487852
TRAPPC2	-0.129450692370681	4.33161149365949	0.549403976406664	0.461749010617319	0.749924362265252
TRAPPC3	-0.11658576805095	5.89221339574621	0.899142497347379	0.347205024687347	0.667758287005169
TRAPPC4	0.523509788893108	5.77196473549716	11.8927000226255	0.00109536259546462	0.055161476939682
TRAPPC5	0.391729772337259	0.90019675502819	2.04165131845407	0.15876032414124	0.490065115516385
TRAPPC6A	0.263780634225194	4.58310797500821	1.27073147217859	0.264577001611356	0.598514403546327
TRAPPC6B	0.150801085187285	5.35817647602934	0.657975915331567	0.42081015002444	0.722621945479763
TRAPPC9	-0.303817057671964	5.72781436140436	2.54863749090539	0.1161826249189	0.429452421649219
TUSC3	-0.630287214061426	7.30338462739916	5.90049136503102	0.018469009624023	0.195265237340984
TXNDC12	0.288536397209971	6.56506963173094	3.46546975240483	0.0680685563376102	0.34373003918022
TXNDC5	-0.501069871583379	1.65040814586813	1.41875983057097	0.23877861849704	0.573488989287491
UBA1	0.638778736249042	9.44223210228115	8.73298229695433	0.00461135177939945	0.110847837612115
UBA5	0.0804172720405422	5.59200895540722	0.263964296769624	0.609490175584693	0.83444370208524
UBA7	0.00807108527186041	5.97557774302806	0.00163225560825338	0.96792119343399	0.988729858880368
UBE2D1	-0.285371814242176	4.37118892219947	4.16872352810079	0.0460380220783674	0.2918296419664
UBE2D2	-0.0509283325520073	6.51408896339265	0.173476264042152	0.678679396474976	0.870921879732015
UBE2D3	-0.242357307872404	8.40074640342176	3.18906884746222	0.0797062758520122	0.369510682863989
UBE2D4	-0.128968156539609	5.00287157450809	0.499865305043809	0.482576869065182	0.763667212123053
UBE2E1	0.222527153297815	5.71265330041499	2.4943587997243	0.120052343903218	0.435718373972246
UBE2E2	-0.103582030733327	4.3023397331611	0.0899286535542566	0.765410728653758	0.909037582734304
UBE2E3	0.22131642405662	5.23204642258605	1.83254997351294	0.181424226087237	0.517219866753353
UBE2G1	-0.127131147670259	5.03945025466771	0.674757056888501	0.414983366476322	0.718689104983417
UBE2G2	0.0819442810750845	6.48024525224742	0.200896038513446	0.655778591273975	0.858864294279762
UBE2J1	-0.162646940677733	5.91737271374106	1.65342583660393	0.203939607623645	0.539634470185087
UBE2J2	0.166508245315532	5.52514375171976	1.25068273188607	0.268336177669112	0.601559415964907
UBE4B	0.0142209743791205	5.82638219133144	0.00536855323512979	0.941859671917944	0.97911559709119
UBQLN1	-0.110471262263785	7.35965338283028	0.549496903220979	0.461711323239935	0.749923466702103
UBQLN2	-0.253212364883756	6.5689491267098	1.50159509074767	0.225704876217366	0.562280487697423
UBQLN3	0	NA	NA	1	1
UBQLN4	0.117915929131442	4.76932911728555	0.308377310801573	0.580954062496404	0.818664952816249
UBQLNL	1.00457006603309	-0.654810936268836	8.03277146111752	0.00643390596492909	0.127880213637577
UBXN2A	0.0629695129951294	4.27855931148182	0.146765742070886	0.703138402533748	0.882210431858745
UBXN6	-0.0104259586242249	8.6754360483544	0.00495711749896204	0.944128059155947	0.979789404727642
UFD1L	0.0137315350575913	5.82362586569898	0.00657277022573726	0.935681725816981	0.977997238594414
UGCG	0.135220343899172	7.95507588942305	0.0817627202201076	0.776008695380912	0.913487825944494
UGGT1	0.233676438429096	6.07868604100613	1.05398340799841	0.309134702072233	0.636162862900914
UGGT2	0.448738195211594	4.72977235031417	4.64150541703731	0.0356530405206958	0.255116266865714
USE1	0.385384095878015	5.28405217862494	5.55599802923239	0.0220449573844973	0.20909131040033
USO1	-0.455052785960052	6.5799262437729	6.19928705571632	0.0158667294957504	0.182571359223466
USP6	0.697942501260475	0.14854892938979	5.74214888379459	0.0200291074108375	0.200330755351389
USP6NL	-0.189444920354601	4.3938993240116	1.06417876314913	0.306828478135466	0.634260854485372
VAMP1	-0.0735932395142962	3.39677306076899	0.0507392862755148	0.822625837934272	0.935512252825041
VAMP2	0.043384584131711	6.29964772841659	0.0387784274390355	0.84462212758615	0.944424099915543
VAMP3	-0.0585964621389889	6.94955619212188	0.177229583644073	0.675423537941185	0.868942811571804
VAMP4	-0.310043157744298	4.35538371061925	3.93673289507137	0.0522968411454054	0.307603579416426
VAMP5	0.0148600019665436	5.53908399668375	0.00218139241547832	0.962919075766999	0.987165591229504
VAMP7	-0.294702750012969	5.96279163106857	3.60729094620809	0.0628341216598483	0.332368067295214
VAMP8	-0.550365910564381	4.2225218763902	1.19337623933009	0.279463717066199	0.611289364974362
VCP	0.214827701032898	8.71507594340849	2.22691949217712	0.141400786807777	0.467654911908857
VPS45	-0.0611366570916167	5.55182931717549	0.104294931256164	0.747973202821941	0.902526472177976
VTI1A	0.172112069478759	4.2040212395163	1.43290203233897	0.236481646922417	0.571780457130183
VTI1B	0.0421875812717748	6.24607678161566	0.0716110931802914	0.7900172737153	0.91914552200304
WAS	-0.150421396219019	2.63901172001854	0.119544192657547	0.7308628662408	0.89606245649121
WDR38	0	NA	NA	1	1
WFS1	-0.497928435197966	6.2005104197183	2.79154417661825	0.100506807454803	0.406296862330702
YKT6	0.14574234827943	6.94396269593069	0.757164131116701	0.38804079628344	0.701338312669962
YOD1	-0.113574760124069	3.81600041776147	0.357486118146995	0.552386683473299	0.805931412908013
YWHAQ	0.182350956192708	7.7939488874183	1.09074233880205	0.300925403651529	0.629925116755362
