pspGenes	logFC	logCPM	F	PValue	FDR
A3GALT2	0	NA	NA	1	1
ABO	0.141257415834663	2.60312851540467	0.0316145828419603	0.859943051073338	0.961727362262041
ACAP1	-0.906165404861691	3.41896481951942	3.29198639367254	0.0785498671140226	0.513834895723274
ACAP2	0.215946767731549	5.89286849378318	1.46058283649984	0.23526805796677	0.669519046011072
ACAP3	-0.36576245830371	5.3843563600679	1.38677347321707	0.247218840786969	0.677859126389504
AGAP1	0.414381715207012	6.12257364028563	3.47128777110643	0.0711970272122839	0.504950418668724
AGAP2	-0.922552180282664	2.93847316735226	3.72986975864695	0.0619128138291664	0.494598407035287
AGAP3	-0.199641424256542	6.34659775343903	0.842571582308402	0.365199958802862	0.758668156976827
AGR2	0.0502629239540082	8.78772470284547	0.00576800435059808	0.939911048961652	0.985319701482263
AGR3	0.69976759375388	7.11516039949105	0.686239378149736	0.413288040773648	0.785821379475968
AKAP10	0.208570922998841	5.00950353695828	0.888686860045555	0.352557781651333	0.749421048127125
ALG1	-0.026089353094366	4.97415232620883	0.0123050213447589	0.912332935559406	0.976459610182229
ALG10B	0.299792041258915	3.94905986914429	1.25503387152793	0.270531389381754	0.695024511911169
ALG11	0.206906089555188	3.17783688237021	0.587612513202873	0.448692502479211	0.805611340242962
ALG12	0.0251426729153007	4.52745850760398	0.0117797141172278	0.914216900374795	0.977234945928355
ALG13	0.148240044736066	4.78370956649243	0.909730780014126	0.346992774488077	0.746693960251948
ALG14	0.0419989126283077	3.64199480672628	0.0669389907706799	0.7974241580812	0.94225181665954
ALG1L	0.0781706528692724	1.503333375826	0.00823925588372081	0.928213656360679	0.981129418000997
ALG1L2	-0.832269883215518	-0.693271599888621	2.97516819373507	0.0937335871539267	0.537693979692812
ALG2	0.363347944522693	5.48350092223479	4.52094789807024	0.0409074423903645	0.459060102039612
ALG3	-0.487048058977325	6.06643407868171	2.75253020401031	0.106401152300628	0.552986640251462
ALG5	-0.205817777318583	5.12292779698595	0.994950835332784	0.325659799429741	0.732230377556152
ALG6	0.0787359669065573	4.3493626642138	0.167482205932378	0.684954457576431	0.900852855489761
ALG8	-0.157100228455612	5.67487650410908	0.66085859608693	0.421975897936159	0.790955979941039
ALG9	0.178228981547805	2.96560629587699	1.13187686818802	0.294956266930451	0.712517774457736
AMFR	0.0924476370429935	7.67171996108611	0.118147906579006	0.733192143033318	0.919543618935739
ANKFY1	0.219549969377254	6.23953183013679	1.42286449629037	0.24128202165624	0.6740654298237
AP1B1	-0.28174716628423	7.35265066250358	3.10631337830833	0.0870782062780355	0.528619183052508
AP1G1	0.0268044336174645	7.20057859943738	0.0149228460761133	0.9035002028882	0.97333797690928
AP1M1	-0.183518502143228	5.74339446611936	1.57836420442851	0.217655196373461	0.655766601223126
AP1S1	-0.449766702519896	6.14822519908615	3.47191142367471	0.0711728389950156	0.504950418668724
AP1S2	-0.179513148677556	4.71171319274183	0.52445992929717	0.473954403851069	0.815098816491513
AP3B1	0.165588357865409	6.35596713449337	0.99801960005002	0.324925575436185	0.73212614047805
AP3B2	0.0873022922882269	2.78501443466837	0.0116041413620994	0.914856023880576	0.977397260451887
AP3D1	-0.0971287211430534	7.70433581110181	0.258252607100692	0.614641110884413	0.877198108690448
AP3M1	0.201364193081471	6.37842730284237	1.53455058166294	0.224009025956029	0.660924000896302
AP3M2	1.7413705745118	5.77245245846951	19.6754259201256	9.3166355543741e-05	0.059454250951383
AP3S1	-0.410371179411217	5.61236417857048	3.06019249734878	0.0893557239054431	0.532483586742504
AP3S2	0.0915695217448184	4.9363608391075	0.236336969890485	0.630017741228681	0.882448133475538
APPL1	0.397948927146014	6.40026345848099	4.90067694907953	0.0337345557532909	0.439892994614626
APPL2	0.313721589963598	5.82922709172087	1.60068458634324	0.214503991389011	0.654012916908711
ARAP1	-0.0781152020688089	6.83292508848109	0.184425500545112	0.670336693490783	0.894709552927037
ARAP2	-0.095956464314779	3.74189570916916	0.093100556723672	0.762152654125546	0.928507042880358
ARAP3	-0.0451567239497012	3.8971826590995	0.028608015117023	0.86670070666529	0.963530835515867
ARF1	-0.13521500536002	9.86074722857023	0.351816812899996	0.557055318312487	0.851888245837232
ARF3	0.11944029485607	8.35373974928687	0.403646063449915	0.529512523714504	0.839052237539785
ARF4	-0.100004687431311	8.19512004554268	0.217563753028303	0.643910455375338	0.886397586596238
ARF5	-0.434923336754353	7.22268683530714	4.03434060141658	0.0526689198527353	0.477858829183145
ARF6	0.163262680076116	7.61961675627409	0.967828842808523	0.332248512698148	0.738251564373244
ARFGAP1	-0.460388525757872	6.9563180633691	3.79337688968822	0.0598448785819025	0.492102029697885
ARFGAP2	-0.213345386385765	7.04748977782634	2.22511225559344	0.145106057031464	0.598313016859189
ARFGAP3	-0.387155672754431	5.7471902352416	2.75811244598301	0.10606055315155	0.552708549089538
ARFGEF1	0.168179831544462	7.57764330855665	0.239738019953438	0.627574669170089	0.882243816616607
ARFGEF2	0.332990833651758	7.25119397067077	1.37789999985156	0.24870668246421	0.678563630647938
ARFIP1	0.117873350488326	5.85231412870331	0.356641610592688	0.554377824096974	0.8505847371939
ARFIP2	-0.225802858277873	6.88286783828787	0.766447839745398	0.387529359869832	0.770776425151001
ARHGAP1	-0.236823039958293	7.83823945089617	2.55539350775648	0.1192744218761	0.570840010960053
ARHGAP24	-0.244023831625112	3.35337284212811	0.620305166057278	0.436450866755283	0.798889074576229
ARHGAP5	0.524395841491469	6.35218124271323	3.94676944545675	0.0551599060717363	0.483649465311372
ARHGDIA	-0.0739149997401306	8.09956114990538	0.101271626756703	0.752277106465257	0.92579626876772
ARHGEF1	-0.23325092234659	6.34916032562046	1.15905404563008	0.289325780214272	0.708807771699902
ARHGEF11	0.0951020519096201	6.76278152930533	0.207693544638997	0.65151084405038	0.888209158079688
ARHGEF2	-0.158886517482404	6.86805985217907	0.356443044358631	0.554487529097083	0.8505847371939
ARHGEF6	0.844234359136606	5.81693868698534	5.04812362908307	0.031331617441629	0.435614667805149
ARHGEF7	-0.00390074003447058	6.05742647935703	0.000470043012975822	0.98283098711224	0.995451989111036
ASAP1	0.147665461613139	6.01159881063268	0.329333358736618	0.569871016389415	0.855997777083811
ASAP2	0.515927433512781	4.6825730228712	2.63473626157264	0.113889139759571	0.561947374460355
ASAP3	-0.127230987984314	5.98217608123851	0.230183470386346	0.634494012679226	0.883272305122483
ATF4	-0.397303062458657	8.19153512054427	2.82096759983805	0.10231028044946	0.547666984384768
ATF6	0.0252040730822073	6.94057459787148	0.0133179883280607	0.908811674258246	0.975505676811509
ATF6B	-0.215606258361226	7.2174277176924	2.03103374272145	0.163332673756931	0.609670391192593
ATXN3	0.023464189062474	4.51636363955136	0.0189343851545501	0.891375458085443	0.970704094105975
ATXN3L	0	NA	NA	1	1
B3GNTL1	-0.282097576052446	2.65949080847611	1.27684715411962	0.266482524304445	0.693637355379661
B4GALNT1	-0.0939587790196439	2.29565003252402	0.0597298930348252	0.808408596709316	0.945736156747174
B4GALNT2	-3.47367091517051	3.20899840749096	6.35356159259336	0.0166304851051559	0.388181164610745
B4GALT1	-0.222084248654047	8.11569593713681	0.616543065779311	0.437832659542435	0.799247753884159
B4GALT3	-0.206533286541254	6.49558274514307	0.795435463656501	0.378799810806766	0.765894347659885
BAG1	0.0646796792412797	6.61768823975851	0.0623536360189359	0.804333118316521	0.943961833405462
BAG2	-0.0298717600155374	3.11825511685102	0.00672039201967101	0.935150262987928	0.983901286888435
BAK1	-0.022427620551653	4.90965208125827	0.0086827608146401	0.926312513364929	0.980732179267385
BAX	-0.589350210397663	5.57551119200411	7.96774976572523	0.00794021261288851	0.339291597276001
BCAP31	-0.164797807131509	8.53426897651538	0.391845090781979	0.535557526185949	0.842104528033294
BCL2	0.526324399131611	6.76712636553164	1.10954499989504	0.299691708156361	0.715692519922239
BET1	-0.377036161453337	4.62910617207723	3.54963669511132	0.0682291129229768	0.502567265907277
BET1L	-0.215230504939763	6.54716236221774	1.34070129233258	0.255068974977695	0.685104239631917
BNIP1	-0.449399471277581	3.60952818430248	5.13192546002513	0.030049896240657	0.430599458354257
CALR	-0.272720704392865	10.137214536962	1.16049615705314	0.289030975827311	0.708497651024019
CANX	0.132866971777481	9.93119324911414	0.469463637193673	0.497930619891831	0.826553795772244
CAPN1	-0.0319159065321133	8.13741525533912	0.0268072099427285	0.87092461206612	0.964827196358682
CAPN2	0.018313274570016	8.29510296126462	0.00411595720992869	0.949226126148085	0.987296639983237
CKAP4	-0.416656383781358	7.47606511632744	2.940605696517	0.0955824188777736	0.538885017756903
CLTA	-0.376383496225745	7.04207972843871	3.45562472009351	0.0718075474121677	0.50524394953319
CLTB	-0.421267077531669	6.08754166549053	3.44017836084746	0.0724153760513308	0.506138534439089
CLTC	-0.197057665495287	10.0027558391798	0.304149282078434	0.584939488812714	0.863563255588181
COG4	-0.57484258032056	5.96941683951095	6.76883399520287	0.013691789114892	0.373738568271051
COG6	0.0905874949195047	4.8711128592855	0.196662862965529	0.660268555204688	0.892125684215478
COPA	0.0263201273822598	9.10263852354133	0.0121906376821385	0.912739640089884	0.976745976962898
COPB1	0.0502607098938275	7.83308060731509	0.0797529093481596	0.779363653223687	0.934393348889133
COPB2	0.0353802085155732	8.26267237483797	0.032439374463742	0.858147825478178	0.961109134539432
COPE	-0.339390597715679	7.1838067435453	1.99064277312859	0.167459297493007	0.613664180029535
COPZ1	-0.245129904095652	7.98826402948293	1.66393958647439	0.205873716694331	0.645258907555576
COPZ2	-0.600511988970417	4.27791425307121	3.17727287023657	0.0837011870355723	0.52439104744553
CRYAA	0	NA	NA	1	1
CRYAB	-0.0529913898565143	5.77992465996284	0.00595478593302922	0.938947844626703	0.985160883207257
CTBP1	0.141061762623764	7.03980828391099	0.420385616505675	0.521148225449712	0.836948239662271
CTSA	-0.150854593396672	7.57494588180097	0.290723742857529	0.593309661121818	0.867214896058934
CUL1	0.0365063360755844	6.38544886848208	0.0579441236732924	0.811237055786974	0.94657807833654
CYTH1	-0.0830989422000609	5.90037459078647	0.18756235136481	0.667718776680208	0.893803281913167
CYTH2	0.175902696483201	6.81587724824426	0.820152783168471	0.371579370042073	0.762492265314072
CYTH3	-0.103133004226612	5.48757177458517	0.150846575748978	0.700175969257393	0.907728048649377
CYTH4	-0.735990810404968	3.91180818279064	4.77314263847192	0.0359764710626295	0.447512273770753
DAD1	-0.132870415608595	7.13925164033796	0.459569158704581	0.502464031585296	0.82890322782098
DDIT3	-0.705336871764324	4.17837284769276	7.07206258079161	0.0119025105891267	0.367346979305795
DDOST	-0.267965706282543	7.94607055494101	1.9162117526979	0.175393935211274	0.620880968501297
DERL1	0.0361993420088433	7.37878286566564	0.0257816117209364	0.87339560133598	0.965401950899349
DERL2	-0.0755698008659338	5.5016694925889	0.191136206579194	0.664767761132165	0.893284728636394
DERL3	-0.924109747701382	4.30618476552555	5.06033804354187	0.031141133277663	0.435614667805149
DNAJA1	-0.239535319228415	8.01488058816818	1.32658465541107	0.257537566994882	0.686535167903658
DNAJA2	-0.0153459181149353	6.52413802195113	0.00527838935651987	0.942513084552172	0.985957547263803
DNAJB1	0.0253617798271789	7.52928337915766	0.0238305611875428	0.878239685544522	0.966728242355039
DNAJB11	-0.264336747014418	6.32389763254567	1.37616308233093	0.248999242754063	0.678594837489671
DNAJB12	0.00483518821663237	6.1766141748248	0.000834851982508914	0.977120102263568	0.994402562874811
DNAJB2	-0.0447356945915104	7.02391791850014	0.0650589519254869	0.800225383662973	0.942970515958105
DNAJB9	-0.244124537628167	5.26712376170731	2.20205441265214	0.147141225613655	0.60051299810038
DNAJC1	0.133584866430978	6.82249338531783	0.143105654781714	0.707590771120511	0.910105298297614
DNAJC10	0.367153382463819	7.37583146999431	3.36748026368428	0.0753547494738471	0.508806289271323
DNAJC3	-0.00475580161314423	6.94257928576203	0.000685738452142541	0.979263297271267	0.994613246603279
DNAJC5	-0.0480420993042957	7.2840093571433	0.0493171300750327	0.825599138006827	0.951469859857578
DNAJC5B	-0.413462043101153	-0.236576503670705	0.61130403717366	0.439768360995319	0.799748006407636
DNAJC5G	0	NA	NA	1	1
DNAJC6	0.616895799627951	2.61582707363843	2.01582025079559	0.164872641203925	0.610438838202133
DNMBP	0.175536377898793	4.95088906220229	0.26545355306712	0.609768859065988	0.875033894587437
DOCK5	-0.163065695647022	4.94601247288406	0.44008750581501	0.511603100723809	0.832407455624098
DOLK	0.0277704314236581	4.75937569615868	0.0212047815503116	0.885091922738553	0.969013096026845
DOLPP1	-0.0906789212626925	4.73602647451958	0.257677153411814	0.615034162498029	0.877269332704281
DPAGT1	-0.143633588798875	5.90446775043493	0.429591534494018	0.516649033306047	0.835132943843417
DPM1	-0.355742597752249	5.35802168904316	2.9911154996483	0.0928942499678337	0.537693979692812
DPM2	-0.218034571129011	6.04923762546579	1.31839014962232	0.258984545307845	0.687584947295058
DPM3	-0.376675068442845	4.68049547849212	1.37287183423559	0.24955480640709	0.679287094799025
DPP6	-1.12583815064165	-1.56930503206702	2.77924981103852	0.104782118101941	0.552211855474166
EDEM1	0.497010836347323	6.4367973491589	7.26504235385962	0.0108964329614258	0.363575425988743
EDEM2	-0.585462448389808	5.5176758439442	3.79998748632041	0.0596340816655639	0.491712656928391
EDEM3	0.784638780208361	6.83553324699116	7.36944262470263	0.0103907465908014	0.356850855095405
EEA1	0.253379288031221	5.18805007806338	1.24012457609976	0.273344550959826	0.697278484094782
EIF2AK1	0.101680861881098	8.3576575296529	0.304048722679267	0.585001276830536	0.863563255588181
EIF2AK2	0.142798500612125	6.70062426262373	0.409441482498772	0.526589338751947	0.838457952878969
EIF2AK3	0.193040181472653	5.50698761616102	0.840863681013511	0.365680428413789	0.759098102299768
EIF2AK4	0.167399919404195	6.27603877404239	0.897392053386424	0.350240682892097	0.748498595664245
EIF2S1	0.110545586002812	6.31575840745581	0.652438303020661	0.424919852972464	0.79259408181994
ERLEC1	0.204533988498023	6.67805139577912	1.48434591773986	0.231575509925652	0.666858234228937
ERN1	0.472856350469834	5.41873392665661	3.74541780995847	0.061399272412374	0.494598407035287
ERO1A	-0.309292994156972	6.00829586296001	1.62452947709619	0.211199429804851	0.650601658986034
ERO1B	0.398554436991308	4.5488433028261	1.30177472854055	0.261950540660121	0.690174556701539
ERP27	0.382421515946414	3.78839186743111	0.472468238846321	0.496567937138407	0.825842585891749
ERP29	-0.344213818369276	7.4436134359956	3.29155725165467	0.0785684600581895	0.513834895723274
ERP44	-0.158127995829507	6.20041814536368	0.626262378604792	0.434276713484281	0.797543673957048
EVI5	0.113706992667969	4.34149591448053	0.376880923190634	0.543408659108071	0.845423812902911
EVI5L	-0.204886262280926	4.54010657698133	1.1017741561946	0.301363133739518	0.717052577267642
EXOC1	0.197558175566168	5.46710733595619	1.22221000125404	0.276775079822601	0.69971265377961
EXOC2	1.37121571038071	6.64286650659851	15.3939155006091	0.000408407203054528	0.132382511595464
EXOC3	-0.0126221671834017	6.19904005978837	0.00488621022134102	0.944686189532118	0.986607213765451
EXOC5	0.218058808685522	6.13584168341109	1.2923570117128	0.263651020001858	0.691952496288526
EXOC6	0.371789998104273	5.08164112892499	1.5424469253716	0.222847090976375	0.660326000966861
EXOC6B	0.161733115742894	5.21455765051562	0.849732573078504	0.363195165275515	0.757104885793718
EXOC7	0.389254761965734	6.24464326089878	4.38199830120406	0.0439387783097538	0.463116482695248
FAM71B	0	NA	NA	1	1
FBXO2	-0.150010255443174	4.48198451300894	0.0647043476909483	0.800758560247048	0.942970515958105
FBXO6	-0.370763970645786	4.38066871197738	1.57084595447344	0.218729479655422	0.657093311278677
FBXO8	0.183523776355276	4.46307802013808	1.12956675551264	0.295441510577861	0.712758966799565
FUT8	0.380579292447135	6.59215074979785	0.928458291598357	0.342142831791726	0.744491206313489
GALNT1	-0.111027561283141	7.37421131383596	0.22206268734093	0.640515926299511	0.88601056830934
GALNT10	0.144876905990238	7.21837205753901	0.27143554013255	0.605784847083534	0.873244102589646
GALNT11	0.196900641614077	5.85678251434822	1.55338339273487	0.2212501252684	0.659519026815655
GALNT12	1.45156925696041	1.64504511774271	6.49551314466274	0.0155555650558114	0.386493891584888
GALNT13	-1.5385281472977	1.80155178150037	2.73147609571357	0.107697079794744	0.555970879498912
GALNT14	-0.38567338458311	3.34952059153645	0.376021850619711	0.543865903396974	0.845523765069799
GALNT15	-0.205945347744221	3.05785519513836	0.140492569874282	0.71014560736954	0.911612051097201
GALNT16	0.599524222245266	4.13382926392012	2.65459964496078	0.112585085254052	0.560947581644849
GALNT18	-0.637852415096582	4.4953748347451	4.03547613773247	0.0526374498202975	0.477858829183145
GALNT2	0.10200008874702	6.75511044212621	0.192145797970798	0.663940098884689	0.893284728636394
GALNT3	0.0188442986522784	5.35703660838282	0.00114648619171227	0.973189153405866	0.993522900018137
GALNT5	1.48807213358417	4.27047279210951	5.15847522062187	0.0296558800958907	0.428510903643062
GALNT6	0.0494807305730426	8.03964213578157	0.0155089623751478	0.901633241887469	0.972904634814806
GALNT7	0.862446311029722	7.04867665709147	6.83721906514632	0.0132642607986978	0.373738568271051
GALNT8	-0.415440226322809	-0.403123909547441	0.485309345821049	0.490815474864312	0.823372453934171
GALNT9	0	NA	NA	1	1
GALNTL5	0	NA	NA	1	1
GALNTL6	0.273923889300897	-0.0241952753151515	0.210261916964292	0.649512326255999	0.887875861237372
GANAB	0.250315117181736	9.2752468417965	2.02390890895286	0.164051739540628	0.609670391192593
GBF1	0.0594161906538656	7.08354713328319	0.173627776455097	0.679555737218759	0.898596778554643
GBGT1	-0.328010301353033	2.6322822357727	1.18455469609258	0.284170402378652	0.703602196527116
GGA1	-0.131004514774263	6.04743139788217	0.471065229570084	0.497203447009348	0.825953095414519
GGA2	-0.127509299761712	7.09985746670988	0.347050108420498	0.559725180546591	0.852665840359568
GGA3	-0.303124778013943	5.64803155237539	1.17524767686879	0.286037911295827	0.705017834033103
GIT1	0.00237598469508515	6.44990272820556	0.000147924406889111	0.990367911767078	0.99742505279306
GIT2	0.113253836796392	4.79671625030602	0.29874020229823	0.58828222606705	0.86467155267238
GLT1D1	-0.90109903317867	-2.00667145224804	2.79095171407107	0.104081944013175	0.551394879752605
GLT6D1	0	NA	NA	1	1
GLT8D1	-0.144631096038986	5.96652060016798	0.834669504280371	0.367430563739935	0.76009039703333
GLT8D2	-0.411275460930759	4.33343677592088	0.906432005101789	0.347856973837344	0.747146237720201
GMCL1	0.318775757010355	5.29055380707216	3.66735180128346	0.0640266433762153	0.496991184246118
GOLGA4	0.360858996385775	7.24500578470688	2.63537705343921	0.113846800912577	0.561870114932728
GOSR1	0.346568156991131	6.06410975140466	5.10998043831789	0.0303798990535468	0.432734651125355
GOSR2	-0.132653300130759	4.84095145492247	0.243170261295818	0.625130969497952	0.881464695228257
GPAA1	-0.111006088767591	7.43043375578517	0.186232880046272	0.668825104611545	0.894101941091508
GPLD1	1.0362816479746	0.12034710435883	7.59313719981052	0.00939043274153979	0.349463056271225
GXYLT1	0.193598164307928	4.89508711426845	1.07494545951026	0.307229986783658	0.720294381552377
GXYLT2	-0.257468506078854	4.50826059988194	0.218380998052867	0.643290656355486	0.886181587766742
HAS1	-0.865921597649613	-0.784090001657098	1.64147639720172	0.208888828315622	0.647822142299681
HAS2	-0.194536506219524	2.2020116314254	0.165613514511589	0.686619029275609	0.901587932856393
HAS3	-0.604270996293597	1.54484078946963	1.64623950913694	0.208245003186043	0.647755034624534
HERPUD1	-0.421520139211184	7.09913702669482	3.76008444466162	0.060919191624363	0.494598407035287
HSP90AA1	-0.0856057664539928	10.5547414196311	0.107697928716055	0.744815294457684	0.923563513761976
HSP90AB1	0.0754108606885608	11.0563530857862	0.0967661258471085	0.75766584561498	0.927025268467688
HSP90B1	-0.272687320286949	9.8723499169995	2.70454191996632	0.109381386048082	0.556558385987195
HSPA1B	-0.172790030129741	7.23057839049297	0.34367077253821	0.561633046211613	0.85341152465332
HSPA1L	-0.10343418756892	2.30301781386735	0.128687896319615	0.722039076804672	0.916258208206758
HSPA2	0.147872851174199	6.37561880096207	0.0666918132073209	0.797790028304295	0.942374927420919
HSPA4L	-0.318568082592456	3.88369562964438	0.581339729918923	0.451103472474717	0.807212204900399
HSPA5	0.0772950075740898	9.67622306281156	0.171785248878203	0.681162396220564	0.899122408299414
HSPA6	-0.444521184817702	2.78209462861847	0.988803186076879	0.327137485554612	0.733829176426775
HSPA8	-0.0917662681254878	10.4440557078656	0.212044782343297	0.648133736984226	0.887380008027567
HSPBP1	0.0362486310188162	5.53646308820066	0.0215365939824172	0.884202944337444	0.968894452505118
HSPH1	-0.143207618195494	7.5924476602808	0.185541880946808	0.669401981834467	0.894305419999495
HYOU1	0.0866310821303525	7.77767334182384	0.117087110157904	0.734345131133958	0.919699382696051
IFT27	-0.119173073502097	4.73677874781965	0.280951554537411	0.599561221843444	0.870298213299985
INPP5B	-0.0756627017765715	4.28661506085714	0.171007686420512	0.681843461021317	0.899344948368277
INPP5E	-0.0337568056097014	3.79220068296659	0.0424181635082517	0.838066676497136	0.955851719039925
IQSEC1	0.190387876497694	6.48093195200103	0.957682505650783	0.334760300566218	0.739534271226691
IQSEC2	0.270554947563137	5.46091145396451	0.683552899422732	0.414194702864992	0.785936109790727
IQSEC3	0.0922609107430337	0.213759793687057	0.0355158815068714	0.851651568375014	0.959805757166296
JUN	-0.516829094302128	7.08807636095246	3.0331271576056	0.0907236334304237	0.534296023893079
KDELR1	0.0169410001634232	8.24511052999521	0.00365772757307088	0.952132065754953	0.988476928514059
KDELR2	-0.171813856585847	8.80402428736448	0.415425873039498	0.523601432564605	0.837612796144409
KDELR3	-0.102534278198262	5.6208475857433	0.0587822789648105	0.809903840102388	0.946140327907895
KIF20A	-0.190786281242826	4.93299852602651	0.268151301560549	0.607965148529379	0.874292410740248
KIF23	-0.105566040616855	4.67819791992965	0.143266456100581	0.70743443056252	0.910050550000021
LARGE1	0.202754590852661	5.48594064154101	0.444302296048948	0.50960130484185	0.831270080148122
LARGE2	-0.86599604303252	4.84420402897551	2.37264967763073	0.132836489593921	0.58632467201279
LMAN1	0.333795981834914	7.7622115293457	1.94171901410085	0.172625189073769	0.61754021063982
LMAN1L	0	NA	NA	1	1
LMAN2	-0.128311279322817	7.61757416775274	0.34710665146815	0.559693365228205	0.852665840359568
MAN1A1	1.16976736612288	6.61734823610223	10.8914386923416	0.0022930089348611	0.247106143353278
MAN1A2	0.286402611989462	6.25993474624237	2.00146236462089	0.166341853540308	0.612376653294526
MAN1B1	-0.234496945260544	6.75054513284826	2.81690375144234	0.102548117827229	0.547833793334253
MAN1C1	0.176727865192339	4.57642300637566	0.262888977951058	0.611494365194075	0.87612086072982
MAN2A2	0.466353034202086	5.63558523284794	3.60686774609308	0.0661486418807544	0.501133643814646
MAP2K7	-0.136034687080276	5.28750974224281	0.876848758972118	0.355743446501925	0.75244884399571
MAP3K5	-0.364679765417706	4.32574160155656	2.09342172212158	0.157193306927197	0.606532383394575
MARCH6	0.296700405545394	7.66780108013618	2.25929414424821	0.142149452009487	0.5946761674455
MCF2L	0.173460645836609	6.14293726069026	0.404215511144151	0.529223988290448	0.838910648807569
MGAT1	-0.23063831648435	7.27506164708403	2.38787575033993	0.131640536053232	0.58545651993333
MGAT2	-0.0725348193848255	1.25864072268969	0.0700226822253107	0.792919107022043	0.940113234736276
MGAT3	-0.406692625409077	2.66902745150629	0.539995371027641	0.467529057602235	0.814038326604236
MGAT4B	-0.153841150691564	6.8710491136595	0.489156719776496	0.489114050048782	0.822764293030935
MGAT4C	0	NA	NA	1	1
MGAT5	0.241981450237513	6.32439432885176	1.18230908006316	0.284619534662278	0.703602196527116
MICAL1	-0.0206264416554071	5.17878636566373	0.00530909857465708	0.942346403704821	0.985934806166235
MICALCL	0.866625971858174	1.95817172670114	3.60183225630885	0.0663288177525237	0.501255778051406
MICALL2	-0.150110043964908	5.04272259669261	0.248208671817956	0.621582419486328	0.88026701185296
MOGS	-0.211581559491897	6.36049408732018	1.05008869092608	0.312802691786301	0.723581508398689
MON1A	-0.195024210406164	3.57843629181952	0.788475675906251	0.380869460556596	0.767135645866444
MYO5B	-0.0579147903051553	6.82924283870774	0.0372140444113403	0.848190400276958	0.958992000925551
NAPA	0.079802749242683	7.0558483411834	0.196291854655393	0.660568197766298	0.892182252229378
NAPB	0.339527902586696	4.08557928333229	1.50360202457649	0.228636284369117	0.665388818986468
NAPG	0.195173136041428	5.24176007421771	1.3919276164706	0.246359800834781	0.677517455769755
NCKIPSD	-0.100857505818435	4.86216487321603	0.271609395941706	0.60566990002067	0.873192678479304
NDE1	0.033245517036929	5.57568818773697	0.0181104652035174	0.893750133696875	0.971513917718221
NET1	0.466331637733134	7.98864541995745	3.05824652517409	0.0894532916609673	0.532483586742504
NGLY1	-0.0958347513379119	5.11236750166262	0.267837755888067	0.608174189786458	0.874300809383734
NPLOC4	0.0202771656815326	7.25032370976654	0.0106087185043979	0.918575902971424	0.978168352654579
NSF	-0.0252811562558865	6.35930313051716	0.00786792659882628	0.92984548436456	0.981502146855636
NSFL1C	-0.275565026307402	6.69092290195913	2.57041197109346	0.118232931939044	0.569816210302486
OCRL	0.396899180260674	6.2376950882981	5.16286247664899	0.0295913159699357	0.428510903643062
OPTN	0.21897189837032	6.60010560972234	0.542353588647578	0.466566224055852	0.814038326604236
OS9	-0.0730141115510283	8.29343855089698	0.242042443861523	0.625931570919228	0.881823183836501
OSGIN2	0.336741724244074	5.88915087710256	1.11875314313348	0.297727023145787	0.714891468697366
P4HB	0.0948672813831361	10.226995304572	0.131785299141438	0.718860330902955	0.915015137990103
PAK1	-1.0299268793597	6.91176357547568	5.70143066510156	0.0227188125081231	0.409269009930337
PARK2	0.658924650394743	1.38146755519923	2.01279999199956	0.165180412278952	0.610927724491881
PDIA2	0	NA	NA	1	1
PDIA3	0.0766642651930675	9.45421675006535	0.112074022009954	0.739874585959402	0.922008338109891
PDIA4	0.112906383771421	8.27262537323684	0.150665329158402	0.700347041569878	0.90783013347409
PDIA5	-0.508499307888276	5.12467079394523	2.72385005353916	0.10817093256775	0.556318414864719
PDIA6	-0.00319492300573106	7.75890681852743	0.000268322273636493	0.987027612204439	0.99631323036232
PDILT	0	NA	NA	1	1
PGAP1	-0.301457679262748	3.86177308850015	0.490953141531666	0.488323044087748	0.822406646687895
PICK1	-0.281541084300096	4.73799398403407	1.52674233517511	0.22516540333737	0.661930001682606
PIGA	-0.225562414426782	3.41875842345108	1.25893841904679	0.269800847861964	0.694695740957958
PIGB	0.227813625531145	3.50174600510362	1.44252485872053	0.23812351252008	0.671102536699073
PIGC	0.0129485997897767	5.68404635978634	0.00309889558190471	0.955935980592212	0.989671387764222
PIGF	0.05073731373886	3.75158840113714	0.0882940412253743	0.768185222579303	0.93009275245223
PIGG	0.0809620257570028	5.48539112040967	0.23798511777494	0.628831118837247	0.882448133475538
PIGH	0.455585563073818	4.05417536773365	3.36215581925584	0.0755752417233185	0.508806289271323
PIGK	0.0960988529830686	5.36507610934343	0.337556907794741	0.565117157075392	0.854893381635921
PIGL	0.129959856684779	2.65244498285131	0.264384033259671	0.610487164574479	0.875348893495878
PIGM	0.206627985478756	5.45628956999819	0.73527204865726	0.397250349262061	0.77593248696012
PIGN	0.0641782288475659	5.62580211677656	0.0751569368064367	0.785648367127159	0.937338902233916
PIGO	0.805637315967561	6.09856815849777	8.3972753142214	0.00656801963687885	0.328120190999718
PIGP	-0.0251441352774469	4.54667246687198	0.0111915915019958	0.916377327709591	0.977606360696482
PIGQ	0.0344614557496303	6.4884579676731	0.0163022706099425	0.899162503994852	0.9722585345409
PIGS	-0.0557361066405383	6.46143980556137	0.0657379419296482	0.79920877565169	0.942898389761437
PIGT	0.0680615393982124	8.1655958231013	0.0546786991776415	0.816531123336911	0.94865546322145
PIGU	-0.721787587132114	5.58147885037363	4.40430091909002	0.0434359727789195	0.46233994437642
PIGV	0.0407977121962321	4.53916852805954	0.0451105027443596	0.833083289934613	0.954282341098508
PIGX	0.102512771910799	5.68159240757752	0.306725306455672	0.583361213862036	0.862832125489579
PIGZ	0.0380749059977903	2.83705782149785	0.0132220813298341	0.909139112864178	0.975505676811509
PIK3C3	0.153707766207607	5.45572469846517	0.795798653346817	0.378692255694647	0.765894347659885
PIK3CA	0.216884439598468	5.20809070856147	1.1303737891855	0.295271871774438	0.712598022885387
PLAA	0.131033338482042	5.69767587041008	0.476938726105393	0.494552250438203	0.825455801060325
PLIN3	-0.0440741540988856	6.36427303894999	0.0894757338647279	0.766685794005934	0.929765115987442
POMT1	-0.136123907382195	5.29399106416356	0.701485651036524	0.4081988686336	0.782732845840213
POMT2	-0.0340168681027513	4.71933503622178	0.0246029409909978	0.876298551479737	0.966245870092458
PPIA	-0.393796112843383	8.92141427829122	2.01782852744602	0.164668370617134	0.610398683470738
PRKCSH	-0.0721524387650565	8.41879153628884	0.127659813791768	0.723103722053532	0.91634272206762
PSD	0.272062581937107	2.15165231554296	0.418901881796624	0.521879943648755	0.8371039426588
PSD2	-0.83833848581713	-0.727435376096408	1.66159033426855	0.206186536079894	0.64544548056989
PSD3	1.48183993160564	6.25958715517885	8.69736188228845	0.00576180210436008	0.322450320016519
PSD4	0.171722494620601	6.78634615383263	0.846348732724459	0.364140550880728	0.757526016101675
QSOX2	-0.0340377656007088	4.30321913397135	0.0194840079155564	0.889820535101717	0.970704094105975
RAB10	0.151131308206385	7.71438073084416	0.964443825351099	0.333083607771011	0.738669723678362
RAB11A	0.249363075684856	7.79435464010142	2.35808504539894	0.133992335711598	0.58755576891442
RAB11B	-0.229753786028814	6.65941352767642	1.59559764121041	0.215217191181026	0.654585629379148
RAB11FIP1	0.590338795245996	7.39924440551404	1.34942133824014	0.253559145715498	0.684734892456846
RAB11FIP2	0.277767713544044	4.2035755071559	1.84304643661463	0.183636322594591	0.627478923097189
RAB11FIP3	0.111571694512107	6.40758698448178	0.216595002622545	0.644647002315791	0.886715951781073
RAB11FIP4	0.434397438464663	6.06693556434321	1.79859033420239	0.188872364105884	0.631644134620584
RAB11FIP5	0.175568053645445	6.01076533210026	1.26679177035474	0.268339176161033	0.694638451543987
RAB12	0.253608729215926	5.37056715786037	0.995532754521366	0.325520397567971	0.732151452780508
RAB13	-0.364632683378264	7.2235525752384	3.41734598875037	0.073324450934767	0.507214647451528
RAB14	0.219884473812001	7.39661337583295	1.92620235304943	0.174303198670462	0.619601616920844
RAB15	0.418575464666712	5.8827082922001	1.38768695389902	0.247066315186238	0.677859126389504
RAB17	0.0434543116736296	5.22311146689935	0.0084341270672744	0.927372114190023	0.981129418000997
RAB18	0.353333005708297	7.2043226168365	2.50727717395136	0.122683176098378	0.575793404380597
RAB19	0.33371751078183	0.942239357531113	0.601284287706327	0.44350808604256	0.802253632019437
RAB1A	0.0203095436551345	7.72235554330251	0.0193598488047839	0.890169814487777	0.970704094105975
RAB1B	-0.263382744950209	8.25671266468245	1.06278250942605	0.309940050668245	0.721537422841319
RAB20	-0.549522706664474	4.74361035953707	3.45102337193336	0.0719880143057512	0.505668977072987
RAB21	0.13597019102281	6.34550008403435	0.683798768398099	0.414111599212015	0.785936109790727
RAB22A	-0.387689780477565	6.522383573448	2.62851402127473	0.114301202860055	0.562785586795512
RAB23	0.1864326414258	3.65615873605601	0.475600284788119	0.495154262923132	0.825755069026755
RAB24	-0.572287754627169	2.9256882034573	3.88226217002586	0.0570785164031174	0.488029426282277
RAB25	-0.199064910021082	7.18394716198204	0.585101935014278	0.44965498333296	0.806376930427387
RAB26	-0.729996946269241	4.02907263071176	1.26452339983855	0.268760315911505	0.694638451543987
RAB27A	0.062946005404725	4.68886141843776	0.0985594990472868	0.755504688879396	0.926849787002471
RAB27B	0.428797340885662	6.70741031381334	0.875271087417065	0.356171056830936	0.752785670834262
RAB28	-0.165124974630357	4.02338295290109	1.34148204185302	0.254933326563472	0.685104239631917
RAB29	-0.168346421489736	5.54302028887553	0.220830958214354	0.641441067921823	0.886109889154118
RAB2A	0.089881895910317	7.79831895383141	0.203274464647356	0.654984799180033	0.889595647378371
RAB2B	0.392563768736747	4.5897169658925	5.2561890839079	0.0282536630709111	0.42833556569314
RAB30	0.976568438603888	6.4714962974881	4.51875157705685	0.0409535260970451	0.459060102039612
RAB31	0.205082402248014	7.74499342498904	0.255683977925804	0.616399859761929	0.87780575620189
RAB32	-0.278604240464023	4.47152879809951	1.25902915953195	0.269783900598614	0.694695740957958
RAB33A	-0.686528001355933	-0.117236498821262	2.37625316094228	0.132552311194521	0.585817234301242
RAB33B	0.319212482202906	3.90892725145517	1.86472405620861	0.181146640622515	0.62582381912172
RAB34	-0.305655504856368	6.15754658581672	0.60735820250942	0.441235140562374	0.800962919153782
RAB35	-0.120643731914759	5.96584021921786	0.896829395434249	0.350389802144599	0.748498595664245
RAB36	-0.0744120224532545	3.72569047606203	0.0261704333114909	0.872452968476763	0.964866456420132
RAB37	0.0620146193518541	2.31065918861769	0.0283502994267009	0.867296635772055	0.963530835515867
RAB38	1.8750647140016	3.76079059170773	9.67823358508551	0.00378783164142307	0.289147647555247
RAB39A	0.241854833584624	-0.579755362223952	0.139212982369586	0.711406593492635	0.911881288522705
RAB39B	0.207479072813051	1.92951430770135	0.105127379825636	0.747769648055627	0.923816617772964
RAB3A	0.326080900425042	3.20724822113762	0.845822051229224	0.364288010971188	0.757757924046053
RAB3B	-0.643000730728194	2.77179443007626	1.20067655648375	0.280972999048497	0.702003194270509
RAB3C	0.514843163156406	0.106363649322714	0.608380373877239	0.440854433003243	0.800685942614514
RAB3D	0.116890308719376	6.33978315012814	0.237732957769046	0.629012335729473	0.882448133475538
RAB3IL1	-0.367966342842691	4.22907959235452	1.7057113350278	0.200407193607752	0.640719417947196
RAB3IP	0.695805722431081	5.25316228533829	3.82704111961729	0.0587799742997207	0.491003559111285
RAB40A	-0.193530953247025	-1.36305382846624	0.328339272771812	0.570451037076886	0.855997777083811
RAB40B	0.0218510247331465	4.30729920898904	0.00971055437194165	0.922086925973035	0.979333698510498
RAB40C	-0.333219900799054	5.62523280324174	1.69732809180482	0.20148992582568	0.641933274671337
RAB41	-0.56319332924338	-0.463809626726284	2.45964489870667	0.126169057757415	0.580129735221266
RAB42	-0.497508786899784	2.29404791290698	2.8282782423334	0.101884007675867	0.546922079440755
RAB43	-0.398497905569451	0.963504909958373	2.64962138872577	0.1129102948152	0.560989693237722
RAB44	0.362954482641901	-1.65854107179664	0.592667615627036	0.446764437272931	0.803783995444861
RAB4A	-0.0299372449630817	5.80220668142941	0.0216412312538982	0.883924058111313	0.968894452505118
RAB4B	-0.13982993880768	3.88109744402372	0.317660970241859	0.576756562566975	0.859974493620866
RAB5A	0.223473065618718	6.04989952856394	1.68509341508453	0.203082929260126	0.643384422944063
RAB5B	0.0402047688637402	8.03815822587969	0.0607649118919225	0.806789751736229	0.945001689850006
RAB5C	0.17576536149311	7.03449601254795	0.799361134914178	0.377639598786925	0.765344813500553
RAB6A	-0.0358639114277414	7.67859410001158	0.0311315791235007	0.86100558994371	0.9617910800358
RAB6B	-0.714404827294709	3.61555853037852	1.72708292884547	0.197678873776876	0.637995310784251
RAB6C	1.30682123598021	1.07006856208807	3.41096172945593	0.0735809272978023	0.507214647451528
RAB7A	-0.222291295442889	8.4067514844965	1.87574477653608	0.179896476319798	0.624330898948356
RAB8A	0.212264284403901	5.78433216797971	1.90017259062694	0.17716217610032	0.621202681855531
RAB8B	0.0990903566987886	4.77489901452526	0.287922963269458	0.595087338112341	0.868003007100793
RAB9A	-0.152438775614711	4.95794915132308	0.782069340844035	0.382789059853495	0.768627436694307
RAB9B	-0.100675081683702	1.58985552738402	0.0460912976011625	0.831306689250714	0.95325341332696
RABEP1	0.534289429473149	7.71628010123345	2.34490164981843	0.13504867583706	0.588047957522616
RABGAP1	0.176580644247437	6.31072698186701	1.30720764063291	0.260975956873192	0.689270086221405
RABGAP1L	0.373956368024178	5.87208977007632	2.33377361747286	0.135947884791197	0.589129729633739
RABGEF1	-0.000573594800780538	2.72698805381693	5.72995573996977e-06	0.998104225113145	0.999304483368549
RAD23A	-0.190614696247721	6.66484619253463	1.2090209862891	0.279336493411492	0.700780027701609
RAD23B	0.188125622231301	8.12033696347823	1.31261237739004	0.260011029668588	0.688212231386065
RALBP1	0.181988012373738	6.82932174097071	0.90703386861307	0.347699076346501	0.747146237720201
RASEF	1.00058743422815	6.55530473056493	7.99670598884039	0.00783862345360765	0.339291597276001
RBSN	-0.165647969118269	5.55754587778385	0.408138760926959	0.527243864503742	0.838812949457677
RBX1	-0.479259798810941	5.897877330488	4.8605430490825	0.0344230852131316	0.44269653862543
REPIN1	0.183276512704611	7.23801269843195	0.951739263259145	0.336243727868284	0.740741708455615
RER1	-0.169707069299034	6.78957260799412	0.910856563879059	0.346698531620724	0.746518657900073
RFT1	0.0305447930999011	4.64729235494409	0.0290928922075675	0.865586944474575	0.963179828708081
RFWD2	-0.085948108892116	6.20272151275428	0.140773835306323	0.709869312186516	0.911477217568187
RNF185	0.163722747073019	5.56442454883675	0.96775599031944	0.332266455374244	0.738251564373244
RNF5	-0.242642496382075	5.81331848995417	1.43623798516588	0.239127837323626	0.672425307277105
ROCK1	0.128161645562555	6.25856466458276	0.269586718699965	0.607010137537647	0.873873836915868
RPN1	-0.4054811186001	8.69519410103314	3.51834528338315	0.0693975115296379	0.502757250626482
RPN2	0.0367689341357072	8.98387322607967	0.0368603509675914	0.84890442562743	0.958992000925551
RRBP1	-0.458831770976638	8.7795921160883	2.64574677596407	0.113164154927007	0.561154374758237
RUFY1	-0.146665199039266	6.09775678834962	0.747400331692437	0.393426385652058	0.773722622676394
SAR1A	0.024374073916094	7.29016616514619	0.0285538629956571	0.866825695353174	0.963530835515867
SAR1B	0.268191127492829	6.38655409339279	2.13381484387495	0.153363840440783	0.604923977494373
SEC11A	-0.262956798131598	6.95449591213207	2.19116512334592	0.148113995051775	0.601325427016797
SEC11C	-0.00109691781668674	5.98654681626853	1.50848771984925e-05	0.996924035460501	0.998931951086672
SEC13	0.19541556288452	7.23301526889777	0.500589919358391	0.484116435155172	0.820833157393117
SEC16A	0.200054804763985	8.30366648709006	0.684494468003755	0.413876589661881	0.785936109790727
SEC16B	-0.204945054487489	-1.81620131058493	0.192703487775921	0.663484020433534	0.893271182742504
SEC23A	-0.0820740258208728	5.8727682932598	0.111026444848125	0.741047406892984	0.922342283939383
SEC23B	0.0933560320396677	6.97458909961385	0.18555127926397	0.669394127126252	0.894305419999495
SEC24A	0.120620797633144	5.60054478732848	0.289961112075123	0.593792605787113	0.867537011604746
SEC24B	0.415544436585676	5.80843063814064	4.28002732318198	0.046320978050878	0.465587048425976
SEC24C	0.274232288468461	6.10142001305601	1.50687661368264	0.228141093623963	0.664604134821833
SEC24D	-0.096085972945346	6.64896891585317	0.216079519822606	0.645039747605268	0.886788477930079
SEC31A	0.0494509187987888	8.09138504864521	0.06927587553221	0.794000230397395	0.940941704037524
SEC31B	-0.36275039469531	2.3105354190466	0.841187685091819	0.365589209884712	0.75904004446043
SEC61A1	-0.285468122724701	8.96822383315784	2.50845859520345	0.12259814278002	0.575718724259635
SEC61A2	0.341037062400015	3.52818169534105	2.3503668390394	0.134609596107098	0.588047957522616
SEC61B	-0.153691199987117	6.3923548981918	0.552123138146043	0.462611702462833	0.812928892036449
SEC61G	-0.397842062145063	6.09830669168606	1.69594267619991	0.20166954468684	0.641933274671337
SEC62	0.415902710319814	7.6106194548751	5.62201401525752	0.0236123541218688	0.412892012130867
SEC63	0.0536186950017853	7.28077293341859	0.0585427464873715	0.810283819509955	0.946147322154707
SEL1L	0.233168704978123	7.40461362109998	1.00578020058196	0.323078821006801	0.730715699071787
SELENOS	-0.0955680784035288	6.32263412380793	0.208963280172141	0.650520966288597	0.88804905680142
SGSM1	0.556067696930213	1.95885637931327	1.86045602065831	0.181633599851114	0.625927964748213
SGSM3	-0.51884125454377	6.1734349253697	5.23281184493119	0.0285824102574137	0.42833556569314
SIL1	-0.228041662777789	6.18158745024755	0.848239151861625	0.363611970423852	0.757104885793718
SKP1	0.0952035078852102	8.38606920808834	0.312019330235153	0.580144808928168	0.861949310795703
SMCHD1	0.14996208238621	6.04279797154219	0.458662753051717	0.502882899303128	0.82890322782098
SNAP23	0.115926971270574	5.86891944115467	0.395753860181458	0.533541287921917	0.840902560021835
SNAP25	0.914089704056896	1.51663595877636	0.976469073441769	0.330129916684494	0.736462491044361
SNAP29	0.322141676174758	6.02609252074533	2.85940130600056	0.100091804010649	0.543725366120547
SNAP47	-0.166877616697296	5.86824953092323	0.698378859645908	0.409228221513255	0.783566569923574
SPCS1	-0.063462955474827	6.82837261428916	0.0979465008166975	0.756240947843264	0.926849787002471
SPCS2	-0.00664962214251576	5.60973348349326	0.00134964129343046	0.970911578613745	0.993220023203947
SPCS3	0.256979184882488	6.93777558189166	2.03861217658524	0.162571931998219	0.60944071143263
SRP14	0.0100729466825842	7.98397172913577	0.00328109334512903	0.954660538462299	0.989087684713055
SRP19	-0.152799253678676	4.56928399163727	0.882695494742095	0.354165039661012	0.751245121899804
SRP54	-0.265207740682033	6.61102240201138	0.995366490965953	0.325560218596671	0.732162819673997
SRP68	0.0800641043022101	6.92087930757042	0.203496098927654	0.654809484720091	0.889595647378371
SRP72	0.318416793977014	7.2297516955031	4.22892939736091	0.0475680778266087	0.469003604899334
SRP9	0.0395799921171002	8.11961091377514	0.0285785990684695	0.866768586819857	0.963530835515867
SRPRA	-0.152096841633639	7.78411584263376	0.478410717765614	0.493891614823731	0.825262733771368
SRPRB	-0.289902633657195	6.80338688156205	1.86908128920653	0.180651122540368	0.625167279085773
SSR1	0.294965458754364	7.83536199438781	3.90810818880707	0.0563010266867148	0.484925693658702
SSR2	-0.118755599023539	8.75574068349386	0.228180661933228	0.635966865790008	0.883658729414159
SSR3	0.0431433311492896	7.75822522504239	0.0751679916408203	0.785633005212847	0.937338902233916
SSR4	-0.441249492514533	7.69283629324118	2.77226639776507	0.105202530621215	0.552480168215145
STT3A	0.00745700098088902	7.74590303841579	0.0013369910109227	0.971048160626307	0.993220023203947
STT3B	0.123495036710447	7.82363190276721	0.517765232288864	0.476768378568101	0.817468563764034
STUB1	-0.516589745929089	5.80596104120753	2.78434614578937	0.104476523139261	0.551992783078113
STX10	-0.519503434696489	5.38555110855432	3.65500728755337	0.0644534827224551	0.498650217726738
STX11	-0.415127576031171	1.3075325818513	1.72116593189307	0.198429691425496	0.63906289470412
STX12	0.0114092273230305	5.95152044729999	0.00576452965998476	0.939929114923083	0.985319701482263
STX16	-0.630247931485661	6.50152739652663	2.9360091895756	0.0958314062252468	0.539419887119288
STX17	0.185684775879932	4.23121268897386	0.814228971829132	0.373291667786882	0.763861235901252
STX18	-0.013467730332066	5.12100225999446	0.00810268710034967	0.928809418800713	0.981129418000997
STX19	-1.94078375604425	-0.230659722224815	6.31080651639525	0.0169698227934875	0.389713738503875
STX1A	-0.327008761751431	3.21662568109135	0.677029276117704	0.416408953652456	0.78821779950493
STX1B	-0.270082800722663	1.05398074521211	0.397504789130344	0.532642641922841	0.840419440724645
STX2	-0.0281180109885868	3.56616762130948	0.0205851991324775	0.886771116805249	0.969471757592225
STX3	0.0960697024060014	5.85489486982953	0.190159311791722	0.665571110542122	0.893284728636394
STX4	-0.492003880009308	5.59105792564519	9.18308357008649	0.00467361193017572	0.311105960885851
STX5	-0.0765921786140165	6.0337362246652	0.250118306823815	0.620249260823339	0.879347595508193
STX6	-0.0394556488574474	6.39876238828467	0.0275223061922916	0.869230348398637	0.964341055048303
STX7	-0.0187026882539079	5.88808558186122	0.0193327975803709	0.890246065322814	0.970704094105975
STX8	-0.40392588291856	4.77845654848779	3.33166566408589	0.0768519314084845	0.511096593719047
SURF4	-0.157660857966141	8.29608460307099	0.822025607213608	0.371040369095331	0.762444809104707
SVIP	0.224194653929819	5.55735038948786	1.10945373206301	0.299711267358099	0.715692519922239
SYTL2	0.014408696474706	6.92303575749063	0.000868944475017815	0.976657744956984	0.994226794832096
SYVN1	-0.0579132423815245	6.79045308885101	0.0886939116855164	0.767676615260021	0.929911450260023
TBC1D1	-0.303434665446627	5.8120357808843	1.41231116543371	0.242999209602414	0.67419083105002
TBC1D10A	-0.239268962208089	4.47801742570077	1.40414091809057	0.244339226985112	0.675942333778675
TBC1D10B	-0.241782818129195	6.47861648673746	2.39566135613003	0.131033844992123	0.58545651993333
TBC1D10C	-0.366815597055726	3.19699706809414	0.407921514515359	0.527353159313456	0.838812949457677
TBC1D12	0.495311048154325	4.42119398703195	6.3409354029087	0.0167299243863451	0.388319937824914
TBC1D13	0.165101708040389	5.51729304121231	1.26488344682205	0.268693413664936	0.694638451543987
TBC1D14	0.319361133524643	5.13177400389548	1.04663922277268	0.313586732329213	0.723905141300498
TBC1D15	0.215807466169151	5.78409791918519	2.00620379989044	0.165854957025238	0.611805773519515
TBC1D16	0.622237024405062	7.37737605942821	6.22738544037533	0.0176537374044126	0.392870407971645
TBC1D17	0.036849022777839	5.7291124694731	0.0649889513034632	0.800330512327338	0.942970515958105
TBC1D19	0.219841987863444	2.8443996469085	0.774425959028319	0.385097792147525	0.769974578911771
TBC1D2	0.296718879859347	4.86793584505752	1.13316570003979	0.294686002869534	0.712163476523929
TBC1D20	-0.0655596553173907	6.27134970240935	0.108113595104904	0.744341254757231	0.923563513761976
TBC1D21	0	NA	NA	1	1
TBC1D22A	-0.204452428864928	5.28363702849749	1.1310390824331	0.295132123653828	0.712517774457736
TBC1D22B	0.131362827900077	4.40595276711178	0.563938032177546	0.457901527898765	0.810965462817286
TBC1D23	0.0721711029925022	5.49976116344497	0.184993238602368	0.669860924309481	0.894709552927037
TBC1D24	-0.0650626314583627	5.29191592295113	0.0484822913847971	0.827056974415313	0.952008353332171
TBC1D2B	0.22565270008753	5.78358934561056	1.21965493423087	0.27726890250639	0.700288536565372
TBC1D30	0.280247676462238	4.61052701554	0.745054984979598	0.394161605792811	0.774097664496019
TBC1D4	0.0745156329689764	5.68151112763821	0.0489275057531301	0.826277893083105	0.95178788701658
TBC1D5	0.186429676423589	6.05972068335642	0.768169987878819	0.38700258971063	0.770649860959983
TBC1D7	-0.433766459922709	4.38540892501092	2.55507548590028	0.119296589972705	0.570840010960053
TBC1D8	0.616200852872596	5.36024669178075	8.03498156113003	0.00770648013973413	0.339291597276001
TBC1D9	0.641087637494325	9.37851530638012	1.41621170760374	0.242362743273941	0.6740654298237
TBC1D9B	0.0665040753162723	7.69593536679952	0.176935592353469	0.676696382737794	0.897470105489574
TMED10	0.00416464793651156	8.50956761289116	0.00045371446014278	0.983131787897955	0.995534451770324
TMED2	0.177751442424979	8.7518175210667	1.23950974854257	0.273461370442035	0.697278484094782
TMED5	0.482754052265956	6.19832493533959	4.75024315990178	0.0363960779105664	0.449539592210333
TMED7	0.497912163823157	6.72777950559099	7.88440545116168	0.00824060945956457	0.339291597276001
TMED8	0.285932186778086	5.32879465300685	1.64608105730529	0.208266381789977	0.647755034624534
TMX1	0.223811885772317	5.70317549475918	1.33102163710603	0.256758396035467	0.685915902842941
TMX2	-0.320846677287683	7.05787737953425	1.06730027065006	0.308929711655776	0.721170197428229
TMX3	0.291291029318337	5.7664396580246	2.73013243786145	0.107780396639096	0.555979778761407
TMX4	0.0353727053555841	6.25357553352699	0.0169923426980464	0.897062567674211	0.971931648053024
TOR1A	0.143229121490752	5.69964427530211	0.954261961595873	0.335612961506567	0.740225529573397
TRAM1	0.191067925174119	8.26866794950692	0.545997834932232	0.465084681207809	0.813811242339448
TRAPPC1	-0.508676925488276	6.31782548315095	4.35848847024247	0.0444757615352722	0.464671198178821
TRAPPC2	-0.270413221079981	4.47270515703641	2.21220350800448	0.146241329142434	0.599624949300304
TRAPPC3	-0.234361087540733	6.00087900221083	2.13588566836179	0.153170501543009	0.604875606462831
TRAPPC4	0.00280959573322083	5.56138738217865	0.00019250600295545	0.989011982321934	0.996840022622619
TRAPPC5	0.137895751872951	0.750406696434503	0.127496757916377	0.723273021864548	0.91634272206762
TRAPPC6A	-0.289028402811242	5.04866173017074	1.08275261232256	0.305507133263017	0.719775117427912
TRAPPC6B	0.060332530602605	4.97108844458585	0.128566926864063	0.722164098001604	0.916258208206758
TRAPPC9	0.0971371036377081	6.42782958208998	0.101960919212096	0.751464432277628	0.925173310688954
TUSC3	-0.356747713716119	5.66789307275011	0.920449606619775	0.344205265281232	0.745659595960978
TXNDC12	-0.214450439742448	6.19020067900488	1.53812076855286	0.223482749458288	0.660536592398889
TXNDC5	0.0653746787426236	3.04878065227579	0.0405064268270865	0.841706222316409	0.957058360377182
UBA1	-0.193250263382574	9.06903137563862	1.16799764049362	0.287503827123932	0.706316273378778
UBA5	0.196938777049128	5.45843037616685	1.32997531785963	0.256941867043513	0.686231931270683
UBA7	-0.536752404172182	5.54792760839532	2.77637419745046	0.104955001466063	0.552211855474166
UBE2D1	-0.0242432718757106	4.40234447697136	0.0174507441453609	0.895691523655146	0.97170849247055
UBE2D2	-0.0601676694405312	6.55282359169473	0.220110494222869	0.641983669513289	0.886109889154118
UBE2D3	-0.0360571392012657	8.13297569998642	0.0455917777077317	0.832209014276096	0.953871966017543
UBE2D4	0.104104787297831	4.89920478901184	0.334481300101896	0.566885918604853	0.855411398298976
UBE2E1	0.0648916325817372	6.23891731652314	0.198873118707613	0.658490457468294	0.891334021274545
UBE2E2	-0.489598522609693	4.31321934857546	2.52130621913594	0.121677814417728	0.574944014702426
UBE2E3	-0.496561828332115	5.25935323686605	2.00598702150642	0.165877180917139	0.611805773519515
UBE2G1	0.076169295786397	5.9567798471959	0.21353868830665	0.646984004475894	0.887045624208183
UBE2G2	0.152076666787238	6.53730237060434	0.740707151056405	0.395529939353941	0.774861671269312
UBE2J1	0.0922854475071893	6.48749803811688	0.216096997407377	0.64502642210461	0.886788477930079
UBE2J2	-0.149520345944096	5.61128857419578	0.53041201328228	0.471475576636809	0.815058920766443
UBE4B	-0.108335060513091	6.26434094071671	0.229943652749146	0.634669955100793	0.883272305122483
UBQLN1	0.286797895812715	7.53672046311704	3.20434455081428	0.0824520103947519	0.522149023904765
UBQLN2	0.110321842528802	6.20073968767756	0.58888743572996	0.448204989615655	0.805217717953586
UBQLN3	0	NA	NA	1	1
UBQLN4	-0.0367018708808402	6.45989089152506	0.0386165586900695	0.845393175404154	0.957930313738826
UBQLNL	-1.28784085449401	-0.304263400104179	4.94886754753002	0.0329276860427239	0.438979134317257
UBXN2A	0.164042117012664	4.5877356771287	0.902154441434314	0.348982072335295	0.747842932723554
UBXN6	-0.0221688771384884	6.81938244463268	0.0175965365464237	0.895259320551747	0.97170849247055
UFD1L	-0.0269587600417545	5.93834222312874	0.0174722906102015	0.895627533502409	0.97170849247055
UGCG	0.405028617951503	7.1163182819108	1.04688389496699	0.313531032953167	0.723905141300498
UGGT1	0.318332316004442	6.85249569767637	2.7704268678584	0.105313594024559	0.55251224866822
UGGT2	0.0614133446357335	4.72118192184519	0.102434178084197	0.750908216690029	0.924822739659349
USE1	-0.407101451303797	4.38541988830954	2.41292816134736	0.129699890872335	0.583697582277537
USO1	0.244289734236783	6.95189563394191	1.3918312146051	0.246375833433914	0.677517455769755
USP6	0.306312264553848	0.324129444517285	0.559345996204622	0.459722945983254	0.811855889289471
USP6NL	0.375177694984881	5.25969755315836	1.22815018160439	0.275631416020056	0.698445568874571
VAMP1	-0.30044340000574	3.30661941526365	0.977467906364182	0.329886196005832	0.736152739396717
VAMP2	-0.111833913188944	6.35720116852554	0.220461056761865	0.641719515334322	0.886109889154118
VAMP3	-0.159967283047695	6.56341647010823	0.975302337314826	0.330414918922269	0.737020207349229
VAMP4	0.120816447543988	4.7852306156945	0.293140889765854	0.591784383748984	0.866430639420514
VAMP5	-0.25542724295526	4.61647049741116	0.468671342770921	0.498291023782362	0.826846636973663
VAMP7	-0.026635328978616	5.96919942062085	0.0232481123790435	0.87972489936795	0.966866377317972
VAMP8	-0.225425977494804	7.4248836749398	0.836885771150787	0.366802998313772	0.759889499420312
VCP	0.361671571870163	8.98867964750799	2.33579251473367	0.135784229287547	0.589129729633739
VPS45	0.329605527811531	5.96425703546776	2.65123338026415	0.112804871830029	0.560947581644849
VTI1A	0.2869320493141	4.45071297910587	3.07381340420951	0.0886761598969644	0.531739110494318
VTI1B	0.0200890500641165	6.25583699998976	0.0154779774819232	0.901731031708917	0.972904634814806
WAS	-0.643293625818554	3.30699894352819	3.11666967816088	0.0865758749719934	0.528050819662341
WDR38	0	NA	NA	1	1
WFS1	0.0934767670976359	6.95991716800241	0.139553707454892	0.711070176518787	0.911881288522705
YKT6	-0.275180207970529	7.26951940956078	1.4664389772404	0.234351270608401	0.668908024904081
YOD1	0.13992006060721	4.07746857475908	0.158876798659523	0.692712693673369	0.904995307397042
YWHAQ	0.101073091987172	8.46326478239476	0.269624745121638	0.606984881941634	0.873873836915868
