pspGenes	logFC	logCPM	F	PValue	FDR
A3GALT2	0	NA	NA	1	1
ABO	-0.235915526148826	2.48532672549445	2.55558272730788	0.110265101226861	0.300238682462942
ACAP1	-0.102428895085735	3.56284742640187	1.11944222009205	0.290329622239147	0.533325126751061
ACAP2	-0.0177013100526526	6.07625247452738	0.141302280400507	0.707080600442348	0.85090842313009
ACAP3	0.0942243358679883	5.31526328814393	2.52208157264586	0.112622368150221	0.304067486372598
AGAP1	-0.00980176447104856	5.84314561301542	0.0393497307679772	0.84280333939677	0.925599854586327
AGAP2	-0.00153393762422237	2.67486651829689	0.000367483479387849	0.984709958314183	0.992783620332594
AGAP3	0.0218070440838888	6.25672610312766	0.208056632387485	0.648407690385071	0.813977126965715
AGR2	-0.0282994221174031	9.38968040862858	0.0255457298305657	0.873051507531883	0.939910035472644
AGR3	0.188541301912532	6.90113275311585	1.00698754640903	0.31590211501697	0.557248372513509
AKAP10	0.102330561979955	5.02624461424939	4.62896582711351	0.0317086999023768	0.137758943770674
ALG1	0.115278469718671	4.84829977865112	6.90003081745126	0.00876965745894118	0.058787118111516
ALG10B	0.108907677774533	4.05552938672118	3.29675630544035	0.0697578622690186	0.226453702434672
ALG11	-0.00489621359270707	3.29194817649448	0.00681411529182528	0.93423004132024	0.967764037042678
ALG12	0.0404946938745165	4.0641271214286	0.819431341019663	0.365594834195138	0.604074599766259
ALG13	0.00274372034133428	4.89005715713366	0.00531161423312141	0.941917555874452	0.971576062204538
ALG14	0.0592301715521382	3.69700836298576	2.04034977869125	0.153530081606059	0.367134003022118
ALG1L	0.384999017855605	1.36921956970904	5.37032115103036	0.0207113942672862	0.104758603793976
ALG1L2	-0.0505081254666582	-0.760546283716017	0.340266725881275	0.559825119886622	0.755767337976542
ALG2	-0.00848927525943575	5.45486051713195	0.0506043735749015	0.822067285483758	0.915555292153544
ALG3	-0.00831095603475518	5.91179757242829	0.0216578814303835	0.883034651888332	0.944827216310436
ALG5	0.0524081671745341	5.17097635120303	1.27381765795036	0.259360029957923	0.50014008101566
ALG6	-0.0842713326887588	4.54400389895016	3.50543674950532	0.0614999506962921	0.208242149668497
ALG8	0.0276132208838704	6.2606635205084	0.104488653278593	0.746585132025614	0.873224127966709
ALG9	-0.0337188327200421	3.0890174652011	0.68868056247864	0.40683913078497	0.63979880129437
AMFR	0.213225444930681	7.63196347706091	10.9548471370327	0.000971626508705571	0.0125610325374493
ANKFY1	-0.0038477079708533	6.26543383174677	0.00802828191695337	0.928624980360106	0.965841103721378
AP1B1	0.0355574326774447	7.3081295027804	0.643647354592003	0.422610231399421	0.651701661739125
AP1G1	0.0982964888434383	7.07285393997819	4.57227144167644	0.0327689371014778	0.140825034752386
AP1M1	0.0112544188590395	5.7810455888546	0.100546536444307	0.751250143594887	0.875175879459349
AP1S1	0.0324019071822986	5.92576792565854	0.419203849810095	0.517503841403347	0.723256226970837
AP1S2	0.068281048688706	4.89181311895007	1.72108349922212	0.189896572483468	0.415877372416054
AP3B1	0.0389872563080717	6.33592226306635	1.12901419408789	0.288277902543358	0.531548482535326
AP3B2	-0.0252044186599602	2.69953541289377	0.0275603707212321	0.86818481399378	0.937254968880323
AP3D1	0.00309548467640806	7.47095981480421	0.00789383079937571	0.929223583057146	0.966119529466537
AP3M1	0.0515880699326761	6.32835803762053	1.10645679016134	0.293142902595587	0.536336714951657
AP3M2	0.0297827586627327	5.28267065930873	0.207868804424636	0.64855572023394	0.814119200166827
AP3S1	0.021786085218515	5.86529031036826	0.185446179468047	0.666839762553391	0.826558807038719
AP3S2	0.0675874963815093	4.96895596276958	2.04143899694315	0.153420477562346	0.36704313166278
APPL1	0.0105554313318887	6.44890921656928	0.0556076978126663	0.813632900199036	0.911044475343468
APPL2	0.0597651337761039	5.77248376922176	1.71192175867558	0.191078659104439	0.417495251702748
ARAP1	0.0462240648944203	6.75072878748156	0.946320487347233	0.330925606021498	0.571787940512215
ARAP2	-0.126420713931159	4.21989651394681	2.869220990306	0.0906432704399049	0.267621649306644
ARAP3	0.168984519501123	3.96458560731805	8.67539704678476	0.00331052720879741	0.030181102270055
ARF1	0.0246913618227921	9.57780734221082	0.340632461521419	0.5596142911849	0.755767337976542
ARF3	0.0639036000758386	8.19958817777089	2.37213406463014	0.123878437401442	0.321992951522978
ARF4	0.0104014239027367	8.13031236593783	0.0655624113051718	0.797970993818157	0.903354999787748
ARF5	0.0158792906173662	7.27842027814317	0.101634365969169	0.749952908771169	0.874613791033422
ARF6	0.147525626429349	7.72759139465086	13.6349462247284	0.000235726107133291	0.00434215669109801
ARFGAP1	0.100944353413787	6.70870167467795	3.44616488245738	0.0637335644007051	0.213135770194882
ARFGAP2	0.077892651530268	6.86740677596089	4.91876341991071	0.0268218243497995	0.123809753228906
ARFGAP3	-0.0902260767025944	5.90878700854753	2.71160828443541	0.0999783950136823	0.28291681273741
ARFGEF1	0.151494417988529	7.32318266509774	5.67958586687886	0.0173752208934374	0.0932092407919192
ARFGEF2	0.0691062566155205	7.15869914568226	1.17814848285799	0.278031209180031	0.520249111913314
ARFIP1	0.0942226314243542	5.89030574922033	4.79065688436915	0.0288772858155395	0.130184667977911
ARFIP2	0.126655816328307	6.74378257253393	5.43007147485658	0.0200186578644725	0.102449600795044
ARHGAP1	0.104010068860433	7.60585726264204	8.50582358757043	0.00363028538278933	0.0322160241967364
ARHGAP24	0.174585960128605	3.33272111960128	7.47911377935027	0.00636766399346703	0.0473208806539642
ARHGAP5	-0.0465361148742134	6.50898921400797	0.591897528554523	0.441893230217932	0.666328417578617
ARHGDIA	0.0240884029049641	7.87927862182293	0.236522632258285	0.626850387879199	0.800992642359782
ARHGEF1	-0.0422470226461121	6.46700996314509	0.693154831564842	0.405319795714922	0.638501009544307
ARHGEF11	-0.110630967239558	6.64780115845284	6.85234843558843	0.00900487059819588	0.0598198983396078
ARHGEF2	-0.118181955314316	6.98244683841755	4.32182252661577	0.0379164613904089	0.154180847614168
ARHGEF6	-0.0520647671880673	5.89764166299171	0.418306342863548	0.517952412054757	0.723553498107832
ARHGEF7	-0.0506228962110233	6.01653382198118	1.60155341098048	0.206018968705803	0.436448109904957
ASAP1	-0.00322238927482939	6.11850480785891	0.00358225951752265	0.952287147048576	0.976750873599754
ASAP2	-0.0597030397645457	4.54058279969891	0.605902750283758	0.436544419950336	0.662116473109797
ASAP3	0.0463188638744611	5.73320274323272	0.78338556621735	0.376350057690891	0.613683907950722
ATF4	0.00107670283075978	8.23077623879336	0.000482767223309667	0.982475312014072	0.991602967017227
ATF6	0.0351534494488283	6.90652190141092	0.647119263535821	0.421362287164362	0.650909982890079
ATF6B	0.0605723124039444	7.15157684579336	2.73495279329982	0.0985318894724334	0.280996007445225
ATXN3	0.0296448056482668	4.84244326240024	0.765265489511222	0.381924961908112	0.618586869804845
ATXN3L	0	NA	NA	1	1
B3GNTL1	-0.0622777426909945	2.7544067049871	1.16623483397542	0.280472822404315	0.522783793224611
B4GALNT1	-0.475839704765907	2.76286427930766	14.4002070944385	0.000157927063120022	0.00325282399761407
B4GALNT2	-0.803265858528486	2.61659701388252	10.2495378553134	0.00141635970609083	0.0165990535148838
B4GALT1	-0.128164546536469	8.4012167808764	4.2850077830186	0.0387418487466729	0.156312551593719
B4GALT3	0.0484368562727047	6.47891885570767	0.871787465904258	0.350717662441099	0.590266064392329
BAG1	0.122618649303122	6.68913790160318	3.01481868559777	0.0828574894796433	0.252189520690126
BAG2	-0.334988224673389	3.42013048266682	15.089741744832	0.000110221558866234	0.00245887769860423
BAK1	-0.0272614218775375	4.71068676581097	0.276547102842735	0.599106158011179	0.782892506973451
BAX	0.0237230453784427	5.54718662336763	0.191020726663791	0.662175912511883	0.82347304189773
BCAP31	0.0482534640458885	8.28101520848867	0.868056522123704	0.351750049860094	0.591151670354167
BCL2	-0.0319510151611508	6.58058745748225	0.0922313848992811	0.761431309375565	0.880712182503985
BET1	-0.0146627185375843	4.7009088561848	0.171349170013086	0.6790166370281	0.833278599856319
BET1L	0.0218086720853889	6.39255249059111	0.328794150368385	0.566516849253875	0.760817275070305
BNIP1	0.105245527696261	3.55580133879467	6.34358467655474	0.0119573704762677	0.0723732319808717
CALR	-0.134199998442038	10.0436457278661	6.00735496039346	0.0144404173779518	0.0827286800826148
CANX	0.0268131216814853	9.91055288693911	0.328087846911293	0.566933873378496	0.761199190901557
CAPN1	0.0765273431319729	7.9065152738216	2.65366792230435	0.103670019928384	0.289193915617732
CAPN2	-0.0414608090380504	8.22799663214233	0.427748143604021	0.513267251846484	0.720023015097798
CKAP4	0.0143528702695675	7.43301807261124	0.0765490724254028	0.782094771324189	0.89335815599663
CLTA	0.0408947428082347	6.97448687598653	0.859511600751262	0.354130201547336	0.593421503595016
CLTB	0.050518030744614	5.99491092687468	0.553582736748948	0.457056563530353	0.678423730205773
CLTC	0.180445450800172	9.81978407629815	5.68809092849834	0.0172917585612796	0.0929108821522449
COG4	0.118334623499999	5.91182314471178	7.94978555120575	0.00491757328494138	0.0399053647253447
COG6	0.0312596933539762	4.98728854112087	0.444797197739306	0.504991337235792	0.714636938128833
COPA	-0.0632325637264208	8.97499388238661	1.98711709433782	0.158996783043886	0.375575228717237
COPB1	0.0233404488674758	7.7284834527606	0.298101233575382	0.585213942920798	0.773031147796437
COPB2	0.00175874902501555	8.19874282996564	0.00177439304321277	0.966409788700092	0.982691921404791
COPE	0.0774278463664372	7.08879022793669	1.85863519012417	0.173131915510458	0.395022189174346
COPZ1	0.121339668806626	7.80407967583455	10.2938722340015	0.00138311934785909	0.0163002710516676
COPZ2	0.200667893174914	4.16047231303255	5.6278648355147	0.017891821694216	0.0950567393348193
CRYAA	0	NA	NA	1	1
CRYAB	-0.530251252648418	6.45080699250755	9.55314645184898	0.00205904813426051	0.0216538438865029
CTBP1	0.0466594427057951	6.88640170578618	1.70097704449306	0.192502079085587	0.41942827063452
CTSA	0.118894706196409	7.31941474168993	5.91538261658277	0.0152081951509463	0.0856979044971419
CUL1	-0.0418655934830914	6.42101674126159	1.60595129475166	0.205397909833774	0.435540533816384
CYTH1	-0.0827762876158007	5.99574495862812	3.67452958169431	0.055574182020739	0.195540955689365
CYTH2	0.0355047373469556	6.62072566775364	0.689195799771611	0.406663746420864	0.639669009707867
CYTH3	0.0652104847080273	5.45183178196032	1.19095230862785	0.275436959995968	0.517319160069623
CYTH4	0.0564282158190588	4.16039909655999	0.572777937843208	0.449360199926663	0.672413747817737
DAD1	0.0553102595160991	7.14597139325454	1.64787691352614	0.199586850691281	0.428221295831277
DDIT3	0.0184045483135385	4.21118725625934	0.0848923426752962	0.770842607329081	0.886487975351321
DDOST	-0.0430797714936977	7.94727363033532	1.08847751030074	0.297095988727642	0.540123377481302
DERL1	0.0926482245337671	7.21534024859722	3.18413072788147	0.0747017906979364	0.236328013725003
DERL2	-0.00766333567395697	5.49766368197477	0.0445257567849331	0.832927444990575	0.920626837622793
DERL3	-0.0893455735923558	4.40208884100314	0.666418552140631	0.414524504082263	0.645642094015031
DNAJA1	-0.0546959970062332	7.98577022652055	1.43085330512031	0.231948188355197	0.469016867406487
DNAJA2	-0.0117580500830683	6.4188245505719	0.0685704689643704	0.793491085062905	0.900684096878437
DNAJB1	-0.0435436371941911	7.55613829027862	0.932453783243612	0.33449204273543	0.575415008088589
DNAJB11	-0.140539719004488	6.41539201128191	8.36670912012752	0.00391601240455183	0.0339392585280583
DNAJB12	0.0505387047099124	6.14086114858415	1.92880851302691	0.165241074974036	0.383957002404354
DNAJB2	0.0707382815380252	6.82331754061136	1.94703808531364	0.163259232623234	0.381210226570116
DNAJB9	0.047425484188021	5.39868153006029	0.847237212815837	0.3575879440799	0.596584400705302
DNAJC1	0.285594182709408	6.68199721006967	11.3028854103199	0.000807308156450472	0.0110464537845423
DNAJC10	0.015044176718826	7.46233801278327	0.0976809969249193	0.754704700550915	0.876858400957597
DNAJC3	0.0187851587522402	6.96382785103242	0.12767743228843	0.720938293776487	0.859130394272317
DNAJC5	0.113618866563767	6.97320095043774	6.11997916158445	0.0135543761293178	0.0791869843052716
DNAJC5B	-0.133375470961369	0.495048420697217	1.15332323165591	0.283149643559308	0.525819314172579
DNAJC5G	0	NA	NA	1	1
DNAJC6	-0.185767950786446	2.74878700868703	2.3406823568169	0.126394560717419	0.325996291510969
DNMBP	0.0323122580259437	5.15179795678828	0.175130818342389	0.67569392265122	0.831186787400421
DOCK5	-0.105144161133256	5.17887646741485	2.56923103410977	0.109320385824892	0.299027550264903
DOLK	0.0463251655640432	4.66571214020387	1.1449719880483	0.284898266238958	0.527831268703366
DOLPP1	0.0637674703839413	4.66767834981809	2.32124584447268	0.127977898654353	0.328473772358117
DPAGT1	0.0217146982184527	5.74843207074098	0.220416133794141	0.63883960772435	0.808002204885344
DPM1	0.0457732334570563	5.43885777989113	0.969503264564041	0.325075372377804	0.566287699330875
DPM2	0.110392823117296	5.97490189621245	4.96134986662305	0.0261727820365811	0.121970804075903
DPM3	0.0498389029388292	4.6215668309264	0.395575968367724	0.529546512776263	0.731564138523572
DPP6	-0.932024644898705	-0.794577077665	22.3257122768248	2.67858880819495e-06	0.000121483104452446
EDEM1	-0.0272010173699495	6.53804478526914	0.280705669071552	0.596373027941498	0.780986667710293
EDEM2	-0.0289502450579575	5.28441566101921	0.440854638103794	0.506884578345598	0.715971401573423
EDEM3	0.101933939319446	6.77893205783875	2.62468335447401	0.105572611436561	0.292158218174257
EEA1	0.110011675069495	5.37592419830193	4.16312828293077	0.0416117969577349	0.163513920178636
EIF2AK1	-0.00670170657649017	8.11324574884509	0.0314068556702274	0.859376625727477	0.933578720764452
EIF2AK2	-0.0564844229355036	6.94180248042693	1.02870025034726	0.310743576966999	0.552698578070225
EIF2AK3	0.012141305659631	5.45193802938439	0.0673824309792094	0.795247651900497	0.901767132995432
EIF2AK4	0.078167183958692	6.33753764395995	3.96948326418214	0.046641282319643	0.17503739907805
EIF2S1	0.0803730335360271	6.49882698853926	4.33719218774378	0.0375773558002857	0.153340320787052
ERLEC1	0.0269824276678203	6.63471684238965	0.542485371197735	0.461601294761361	0.681776997707165
ERN1	-0.129036226955924	5.46116457020134	3.9703219015909	0.0466181680150987	0.175001695649094
ERO1A	-0.181060281617203	6.31342478323891	7.10433956931722	0.00783099424269344	0.0543723342825775
ERO1B	-0.0122239058421657	4.44313620258728	0.0162096508926649	0.898718560363344	0.952119082614715
ERP27	-0.297668591918546	4.55077318837959	5.28705003821677	0.0217185369233685	0.108000823274243
ERP29	0.097572779321908	7.32695613643432	4.40180169945599	0.0361862869964002	0.14985112711549
ERP44	-0.0451181302920172	6.26584449343404	1.39606630047998	0.237703273210822	0.475875148057355
EVI5	-0.0220253755209066	4.34671713615507	0.26590156777416	0.606224210311539	0.787518291448643
EVI5L	-0.0175252065332737	4.47706094592409	0.127087236308047	0.721557076436836	0.859385479288929
EXOC1	0.0380058907347795	5.55029671807704	1.39252987176294	0.23829797781718	0.476575551663317
EXOC2	0.188958556904373	6.45417421359795	4.76934117097911	0.0292349276676569	0.131154647695829
EXOC3	0.021634605613517	6.02116080092461	0.412544884566382	0.520848326627878	0.725472858551335
EXOC5	0.0335738936767547	6.19054091046836	0.602358137783348	0.437888734778524	0.663451425676051
EXOC6	0.0728362078376971	5.14728035457002	1.47393095417201	0.225052985508489	0.460027705353548
EXOC6B	-0.0726522654906658	5.21809409143314	3.26827977112992	0.0709737850338931	0.228465650838139
EXOC7	0.01799188782779	6.24584078298388	0.200703474114375	0.654264152225008	0.817987785222113
FAM71B	0	NA	NA	1	1
FBXO2	-0.0275383872730791	4.26795097079735	0.0415066186432062	0.838610358007509	0.923516908567762
FBXO6	-0.0687036636338255	4.3069146323335	1.43528196762919	0.231227680320954	0.467843462340308
FBXO8	0.0760518073275245	4.43026921906049	4.49823634301266	0.0342095944420515	0.144708203904765
FUT8	0.100754525209927	6.34462556887717	1.82062666367974	0.177586571084416	0.40081055191545
GALNT1	-0.0938187746221656	7.24306140572346	3.70358540022302	0.0546186006556296	0.193791076335036
GALNT10	0.116068504324193	7.03612825372157	2.65415523342397	0.103638355344964	0.289193915617732
GALNT11	-0.0387642430503049	5.78606256693449	1.09731445787362	0.295144530602747	0.538407743000453
GALNT12	-0.104980897519636	1.84562020071464	0.786859479594102	0.37529437838482	0.612867367581814
GALNT13	-0.935153618401113	1.7959206618427	25.1236893829177	6.50374871183492e-07	3.81678539352583e-05
GALNT14	-0.189614324030708	3.32212921448955	1.84452450600962	0.174770490592198	0.397293817780224
GALNT15	0.15426142165601	3.469351258576	1.99210389030741	0.158475368542854	0.37483637296764
GALNT16	0.318013896323339	4.538708152954	7.43335872573838	0.00653017297775435	0.0481607989395037
GALNT18	-0.0568332855082924	4.2143441463271	0.719347166237588	0.396589313722869	0.630316861773615
GALNT2	-0.0868650412265698	6.73907944160207	2.72146010075849	0.099365130220461	0.282066073045287
GALNT3	-0.193667242364577	5.59532454250071	2.64301065674206	0.104365169907473	0.29027653137732
GALNT5	-0.374963654514774	4.44835236545459	6.39913431120426	0.011591545268706	0.0708049408423306
GALNT6	0.203195661502509	7.88099972852878	3.53886386144712	0.0602772338406697	0.205488262999495
GALNT7	0.121199534165551	7.05908896663873	1.73078904124024	0.188653620657278	0.414679335374745
GALNT8	-0.281569175553941	0.0195199604182552	4.48417677744864	0.0344905923968953	0.145440831668944
GALNT9	0	NA	NA	1	1
GALNTL5	0	NA	NA	1	1
GALNTL6	0.0458399203217652	0.137796064568964	0.109629530960217	0.740645317357933	0.870139966678198
GANAB	-0.00594633021507025	9.09564360153496	0.0212869814374623	0.884033360467283	0.945315805185371
GBF1	0.0071543332816131	6.97128115957983	0.0428673467546578	0.83602326499436	0.922128607880302
GBGT1	-0.0621556608647572	2.80268075626755	0.746411121804625	0.387850854404977	0.623416406045725
GGA1	-0.0177503523962886	5.95521721430772	0.199922805485123	0.654893450604064	0.818466560640149
GGA2	-0.116344308490099	7.05423204325986	7.33564741408648	0.00689157477991994	0.0498348334782012
GGA3	-0.028654385533712	5.50143449627852	0.549866171514545	0.458570695414339	0.679362915945244
GIT1	-0.0491879947069647	6.6227987071798	0.764047809400763	0.382303776382356	0.618958327067097
GIT2	0.0292703080206127	4.87739740136488	0.553644114246995	0.457031624610635	0.678423730205773
GLT1D1	-0.206518390551474	-1.24471491928521	2.78566613402979	0.0954676732831903	0.2760042635073
GLT6D1	0	NA	NA	1	1
GLT8D1	0.0465915530936933	5.93904423387732	2.18690229345674	0.139547697435204	0.346186214808308
GLT8D2	0.195966836599682	4.36212190724347	5.47944140097602	0.0194644003968271	0.10069324475497
GMCL1	-0.0560152096557053	5.29420153132497	2.25364427377764	0.133659711919158	0.336918831350721
GOLGA4	0.000764675085411864	7.43579058837035	0.000202027957866096	0.988662756203398	0.994795847009984
GOSR1	0.00518244332177471	6.13184278265048	0.0145425381032977	0.904041445250115	0.953950577669163
GOSR2	0.00636005038862335	4.5041529923213	0.0346955791747791	0.852278028784505	0.93071268472109
GPAA1	0.157596944390164	7.36810083343224	6.66023388979557	0.0100200891190925	0.0644004329725452
GPLD1	-0.0839391292962918	0.494784411812736	0.684164251809682	0.408381218994666	0.640532530607215
GXYLT1	0.0308073876399822	5.00111111830913	0.453302887285217	0.500947821707921	0.712064159666012
GXYLT2	0.0349184247367183	4.41134540207253	0.122824830731667	0.726074771458744	0.861515287628239
HAS1	-0.417132612695423	0.106555303286328	5.92390795891439	0.0151352878025658	0.0854313478019644
HAS2	-0.0124936877542994	2.70069539598613	0.0128161666720998	0.909891131072575	0.956674914932037
HAS3	0.221942417539286	2.84049263746704	2.81829625706303	0.0935511370145575	0.272911686016532
HERPUD1	0.0686159752770712	7.07116417064255	1.98190585884294	0.159543755494832	0.37642920662499
HSP90AA1	0.137555136445445	10.7545992191117	5.14935171211799	0.0234969451355491	0.113815459877856
HSP90AB1	0.0333836469241379	10.9119097670209	0.424518279201974	0.514861597428382	0.721133505105224
HSP90B1	-0.0815289406126906	9.96070355494284	3.17371759698944	0.075177559401068	0.237094552380603
HSPA1B	-0.0188999784203958	6.96237915893367	0.0925281806053183	0.761059454158451	0.880700835849135
HSPA1L	0.0335679217712256	1.96294933493927	0.450510790751436	0.502269045090667	0.713225196390043
HSPA2	-0.102874796366426	5.71940963297762	0.766059547321178	0.381678220805481	0.618357370004412
HSPA4L	-0.139911159788149	3.99684825616034	1.76263365478274	0.184641464587155	0.409872779194901
HSPA5	-0.0575978072724504	9.74423765239493	1.31774539712849	0.25130978749839	0.491650861922429
HSPA6	-0.403094672098537	3.38227376300945	9.5847163981489	0.00202432208594348	0.021423693231256
HSPA8	0.0740516376182279	10.3893111160378	1.83030289121954	0.17644007424839	0.399526012042623
HSPBP1	0.0787084201613602	5.48858302223395	1.5241926166196	0.217316469755428	0.450267079222704
HSPH1	0.00157895109541639	7.55536449089878	0.000605312164744957	0.980377143521401	0.990350478050449
HYOU1	-0.0865252088623747	7.66439488867974	2.08493764640503	0.149115054260967	0.361895295342209
IFT27	0.00254829323398077	4.71319566602715	0.00242872331569729	0.960705710436167	0.980075274657548
INPP5B	-0.0472250493272683	4.43769658864456	1.42229280151921	0.233348621648496	0.471033078890668
INPP5E	-0.0566809823211687	3.93059774058256	1.70969809874752	0.191366859818494	0.417851336335473
IQSEC1	0.0610367494048455	6.22273708011239	2.16618988207711	0.141433752277564	0.349035217840106
IQSEC2	-0.0194006510460906	5.00445696479373	0.0986272492767424	0.753557858900982	0.876405462846699
IQSEC3	0.0959590953122798	0.854747126582005	0.681322631962576	0.409355887508349	0.641355343743796
JUN	0.026579645540589	7.8038348095809	0.109816636590372	0.740432075442481	0.870059349090378
KDELR1	0.0218639067285343	7.95332926626423	0.309651880987139	0.578035692146903	0.767897830819884
KDELR2	0.0289910271446135	8.50900581818192	0.407204842389095	0.523558048507631	0.727008505358955
KDELR3	-0.110857061880421	5.5375307314583	1.8179075764066	0.177910292780262	0.401144001203646
KIF20A	-0.0634151870478573	5.11377376116109	0.493560523143687	0.482529552995562	0.698422431016753
KIF23	-0.142291009216392	5.03546662971324	3.16298341542856	0.0756714120526394	0.238073433635978
LARGE1	0.115980764438867	5.42938233172659	2.56699171696611	0.109474774911249	0.29916957032901
LARGE2	-0.312945519652138	4.53945729859602	7.29227201491517	0.00705850550554365	0.0507053345896531
LMAN1	0.00932774632595388	7.75019791771392	0.0350570052847681	0.851519520221677	0.930389738214797
LMAN1L	0	NA	NA	1	1
LMAN2	0.0927202705153417	7.61139536346543	3.25274052264724	0.0716468724038823	0.229807195651947
MAN1A1	-0.00898252636112911	6.68064664922571	0.00958490863203911	0.922032025026678	0.962885719777704
MAN1A2	-0.0218932882725601	6.34211261081928	0.196437525119341	0.657721066368792	0.820232329244497
MAN1B1	0.0524112684821694	6.77157415700308	1.25210023640069	0.263457789111247	0.50468166819252
MAN1C1	-0.0348576832945784	4.43927399658047	0.181525780219552	0.670169711544601	0.828603777065653
MAN2A2	-0.0239283896182162	5.57467272564329	0.245012949341625	0.620732569384887	0.796574398281568
MAP2K7	0.0192476193942931	5.37662064575195	0.221849939095668	0.637750970068187	0.807422949435643
MAP3K5	-0.124884296799191	4.63342741865135	3.18062661378581	0.0748615285428237	0.236584788806887
MARCH6	-0.0135790344303375	7.66485721442511	0.101760483334137	0.749803009632707	0.874613791033422
MCF2L	0.100791684360319	6.03981304363275	2.41118530906036	0.120831518346108	0.317036820266237
MGAT1	0.0973264709547795	7.23086200248242	5.54372220953385	0.018766466688124	0.0983019426854701
MGAT2	0.0745657162049642	1.25361207116927	1.00846339788199	0.315547946818919	0.556951707568683
MGAT3	-0.6372771037085	2.76476344816645	25.1180615893648	6.52222605275103e-07	3.81803593769689e-05
MGAT4B	-0.0316345528865638	6.70738190660188	0.535411266607509	0.464535964382747	0.68420181603258
MGAT4C	0	NA	NA	1	1
MGAT5	-0.113370492853896	6.39143981238641	5.0061203162893	0.0255080590179291	0.120113787923556
MICAL1	-0.0966856396872714	5.29612923721633	2.56324119501076	0.109733891585609	0.299527229842827
MICALCL	0.00435981969138979	2.3143735198524	0.00151815580401996	0.968928332633837	0.984179120220898
MICALL2	0.108130020560569	5.0574432571037	2.58628636670542	0.108152343147559	0.296805813523385
MOGS	-0.109933863461228	6.27459895823615	7.26616306578991	0.00716097615562464	0.0512581591397842
MON1A	0.0717516601206443	3.42867717505658	2.86943859861172	0.0906310577308255	0.267619420406939
MYO5B	-0.131093674709653	6.64129568483964	3.69629630295331	0.0548566715296867	0.194193282345998
NAPA	0.0698003354711514	6.91477297677968	2.62159597649813	0.105777519699027	0.292487927975632
NAPB	-0.137741035884331	4.20425264093179	3.55071734012468	0.0598498959620417	0.204642661394438
NAPG	0.0415210365408605	5.25305545391762	1.10292095814745	0.293914971233328	0.537177094740433
NCKIPSD	0.101406723326214	4.87087013435461	7.34093168208961	0.00687151620571533	0.0497513961614672
NDE1	-0.0118289682971916	5.50194755281176	0.0685359277679265	0.793541925280416	0.900684096878437
NET1	-0.0314111871338238	7.67095279580168	0.22941883855695	0.63207436181104	0.804103684333058
NGLY1	0.0526750276139891	5.19304058349003	2.32373068297726	0.127774251587993	0.328102813801754
NPLOC4	-0.0587356125919191	7.15143400243734	1.91063154825795	0.167244679318248	0.38684234252687
NSF	0.126107810233972	6.14091346067284	5.8073995161964	0.0161636646738741	0.088999225786817
NSFL1C	0.0805263558797336	6.49821843736739	4.41294400605357	0.0359519015962212	0.149391312147827
OCRL	0.00512115261558781	6.14871820276819	0.0118996539314755	0.913159575935632	0.958580127635194
OPTN	-0.211560822465848	6.63235981392863	12.4779314752923	0.000433251019881427	0.00693055088663515
OS9	0.0456591757588196	8.25002514255183	0.897470549576829	0.343721539681744	0.583881691672942
OSGIN2	0.0691966897557515	5.88238322196217	1.3395151074258	0.247434291349894	0.487295340898776
P4HB	-0.0576911369925234	10.1087561055174	0.957121302144022	0.328182740018147	0.569248633029437
PAK1	-0.067739678621656	6.85761202482108	0.512782375193231	0.47412728851482	0.691622788961333
PARK2	-0.0267889987795922	1.49053437006604	0.0978754535755717	0.754468526106127	0.876853329564652
PDIA2	-1.63957219321149	0.0913618549195783	49.6734016066476	3.67326791259997e-12	8.75474679944873e-10
PDIA3	0.0250650297291369	9.44796349381096	0.257756777962698	0.611793005280629	0.790450434933015
PDIA4	-0.0735843964682923	8.15408976230773	1.89230288509015	0.169293271321671	0.389689852987116
PDIA5	0.0297154531629942	5.13970473330933	0.262089478305571	0.608817028238901	0.788645451326427
PDIA6	-0.210597909568532	7.80904070710309	12.0143692812289	0.000553524707053126	0.00834646648330527
PDILT	0	NA	NA	1	1
PGAP1	-0.0830676143950806	3.87756457523616	1.09767054099107	0.295066242263765	0.53836706977856
PICK1	0.0207855460697187	4.64924719043286	0.156744363259681	0.692267959514509	0.841012313033413
PIGA	-0.0564787488975819	3.70867757831113	1.24520990329827	0.264774675617801	0.506042230456179
PIGB	0.0262714967559233	3.62734016669438	0.387407964261714	0.533826666858155	0.734530154841863
PIGC	-0.0278293610675537	5.63612133961961	0.447160521240203	0.503862258630517	0.714245036133079
PIGF	0.0299006490442808	3.69024020902078	0.613053761113201	0.433851482425311	0.659816973239223
PIGG	0.0610984049143314	5.56424550072779	2.44176588361551	0.118503540076378	0.313570543283556
PIGH	0.0879371472373963	4.06863142082135	3.80895819810414	0.0512968073190307	0.186175218555882
PIGK	-0.015342095237784	5.5292345827399	0.122021498200604	0.726936039443327	0.862143042209698
PIGL	0.0023448007647306	2.92701267952314	0.00196748286285576	0.964630468018478	0.981954338808004
PIGM	0.017723358938555	5.33667048543393	0.139513863989737	0.708854952970186	0.852209447010739
PIGN	0.0409239127581621	5.49662681901538	0.647289846162434	0.421301115051755	0.650858531930937
PIGO	0.09199815909122	5.90270369264203	3.89383262535843	0.0487769914940014	0.180523560501567
PIGP	-0.00826555674229386	4.41627402118451	0.0258379412976506	0.872333708806726	0.939602284592775
PIGQ	0.12017153659777	6.44251956785107	3.619594682986	0.0574297549492934	0.19996707044575
PIGS	0.00415323026113125	6.41317537379819	0.00542616371594131	0.94129571917327	0.971149084002388
PIGT	0.177174875415437	8.0553647168301	9.07391873582673	0.00266718626785639	0.0260332092178528
PIGU	0.0731335925548277	5.21483075562381	2.28839362164977	0.130704651521462	0.332451868303964
PIGV	0.0238042239594222	4.54239394327328	0.257844964411002	0.611732120356433	0.790450434933015
PIGX	0.0194383429801202	5.602788008666	0.169616302248182	0.680553569413591	0.834375608671107
PIGZ	-0.0731732362197933	2.86800748557791	1.21658429554144	0.270334286039598	0.512091294985761
PIK3C3	-0.0484436405381901	5.4590122003805	1.49991587852006	0.221012819658738	0.455099746872003
PIK3CA	0.230311215455139	5.43333889296976	14.4785826635252	0.000151592559105136	0.00315013114147567
PLAA	-0.100229148747128	5.73363358514884	4.98068596448895	0.0258835071008523	0.121117579075565
PLIN3	0.0405301962407752	6.39471885898526	0.922514493963527	0.33708006405969	0.578190785995657
POMT1	0.0583519665275757	5.18264966734888	2.67076867958357	0.102565161386646	0.287450740881675
POMT2	0.0550556805377127	4.79205634389892	2.00530443097432	0.157104510699112	0.372764126005603
PPIA	0.0543842965520048	8.70950811718198	1.4765634577465	0.224639670207136	0.459462671449691
PRKCSH	-0.0579004400336731	8.38231010917619	1.46555138639891	0.226374713703954	0.461650949684724
PSD	0.189135130880006	2.31234690052272	3.82363293067465	0.0508514656845287	0.185207809760414
PSD2	-0.274907930474202	-0.566257942848636	4.15645375082784	0.0417752870573962	0.163880648270004
PSD3	0.139550894810975	6.24054249978011	1.2243255140099	0.268816536633409	0.510425806531707
PSD4	-0.013707278091452	6.53652164203983	0.0808903011743581	0.776161578541729	0.88945177067997
QSOX2	-0.0938447710946106	4.38522562661341	3.09982218655388	0.0786489938396279	0.244125636134295
RAB10	-0.0493854577151676	7.64366649237725	1.91829625990025	0.166396439932401	0.385714182333938
RAB11A	0.0173828231008053	7.83782562102645	0.162351720047638	0.687098611053126	0.838131907238466
RAB11B	0.0597231537940943	6.63565304879134	1.63546722470117	0.20128645981286	0.430686823344905
RAB11FIP1	0.0169718629122807	7.32095676528377	0.0187879103360982	0.891007684376347	0.94873145665708
RAB11FIP2	-0.0276577968868941	4.30837546518846	0.411305448600651	0.5214750446576	0.72574796749565
RAB11FIP3	0.088160343082965	6.19612852386537	2.37193459935372	0.123894217916703	0.321998135960881
RAB11FIP4	0.0221971710176189	5.86297684391674	0.10875682781162	0.741642603039067	0.870728118919708
RAB11FIP5	0.0285724793857075	5.86927798730445	0.498990672602632	0.480131372502095	0.696203564301514
RAB12	-0.156787448997714	5.38977455154439	9.45790638090961	0.00216752206610862	0.0224926547128631
RAB13	0.0425961974312137	7.01787319242633	0.730830896728877	0.392847225734829	0.627100372573018
RAB14	0.0648244808033399	7.33526720249504	3.11752766433175	0.0778017786089495	0.242392442706314
RAB15	0.123606652369954	5.51199251561396	3.98132755605457	0.0463159515931573	0.1743227721442
RAB17	0.168078375955223	4.95868073544582	4.41467350889057	0.0359156633763212	0.149373602115515
RAB18	0.0529803839620638	7.02142812561397	1.3629491228165	0.243344005555872	0.482522312861741
RAB19	-0.00597509605547986	0.647944550526032	0.00371066291263671	0.951440599701929	0.976451862839648
RAB1A	-0.017265026040348	7.6546903172407	0.282712085216337	0.59506361745304	0.779960769520239
RAB1B	0.0681716290519279	7.92733671983967	1.91839213780314	0.166385860582385	0.385714182333938
RAB20	0.00924325096495208	4.55915750042799	0.0186537894191765	0.891394987557179	0.948792960461768
RAB21	0.157865328248296	6.3935191758992	13.1014561388511	0.000311946609072508	0.00537722283993105
RAB22A	0.0474152250349815	6.32352165322413	1.1003873723364	0.294469796221098	0.537716443619434
RAB23	-0.149836927092766	3.88283632474333	4.22598421865035	0.0401047850597422	0.159582463656654
RAB24	0.0500067890228717	2.98925441622553	0.480606232984042	0.48833120819162	0.702380197655747
RAB25	0.0250386568018606	7.03698294601937	0.171872068363849	0.678554651731454	0.833193197376278
RAB26	0.191997194847827	3.49470616447425	3.13331476718198	0.077054652914609	0.240844180317587
RAB27A	-0.0271622730457835	4.90087549856183	0.259402258299099	0.610659098962948	0.78989669238952
RAB27B	0.142792224240527	6.22233385381953	2.32076732597154	0.128017157587701	0.328473772358117
RAB28	0.0230626177165806	4.01024833216532	0.588525936357685	0.443195954349688	0.667465852456358
RAB29	-0.0785980151353489	5.1876924614291	1.31130473649668	0.252470637943875	0.492768961951229
RAB2A	0.0733400444969474	7.80448529782294	2.48274689580417	0.115461338526932	0.308491247308802
RAB2B	-0.037239754002972	4.69785699035409	0.958939881667642	0.327723888695299	0.568907236585365
RAB30	0.202691660805285	6.36398888821971	3.50812289160299	0.0614007248540504	0.207996625150987
RAB31	-0.113081404044721	7.69950756644369	1.49917509271883	0.221126788006998	0.455133802210032
RAB32	-0.0627378442871567	4.53460111288702	1.07341705972628	0.300460175698999	0.543089857380749
RAB33A	-0.0179365357648375	0.0207093944481281	0.0492955847388391	0.824345210423537	0.916423557033151
RAB33B	0.0565399503994143	4.06704431338113	1.49961578094902	0.22105898056769	0.45511455347021
RAB34	-0.0493616511844001	6.12872122919083	0.462511380984056	0.496631903025158	0.70842991077065
RAB35	0.046018696909117	5.90823590570592	2.025119870946	0.15507196456413	0.369442663843777
RAB36	-0.0195779132986714	3.93873675303268	0.0339329556735624	0.853892039751803	0.931090885587308
RAB37	-0.0560743384423189	2.2974755800555	0.421888372250553	0.516166184286725	0.722339122997458
RAB38	0.271748711187135	3.33999062057111	4.72605208119074	0.029975544791173	0.132853662179777
RAB39A	0.126054989520857	-0.343748661064202	0.991948127499883	0.319541130260466	0.560728722735133
RAB39B	-0.116970713801848	2.02673756458668	0.68444448316296	0.408285285039924	0.640530740026486
RAB3A	-0.0573682962239782	2.96736679243284	0.531369128869739	0.466226230892587	0.685314416296926
RAB3B	-0.0136884697905887	3.01871325043136	0.0076548025694339	0.930300611779197	0.966153994151069
RAB3C	-0.0722641686533634	1.20036658759834	0.178414825565649	0.672842494396751	0.829712377468186
RAB3D	0.0851486971179128	6.28172731003641	1.99001450035481	0.15869359553589	0.375086653605725
RAB3IL1	0.0926951048324758	4.04846026090876	2.05067790823885	0.152494363018354	0.365559636182885
RAB3IP	0.0568309549376061	5.25576263786313	0.624150501737939	0.429722438979998	0.657174556881806
RAB40A	-0.182383368876894	-0.937576548957323	4.53204531559898	0.0335436481070363	0.142762206420562
RAB40B	-0.188587819971477	4.39628074857521	11.422820438412	0.000757455064598821	0.0105434314325594
RAB40C	0.0875440658257229	5.46439418441638	2.56026254586131	0.109940162157869	0.29989302593744
RAB41	-0.102055826299703	-0.824068735204092	2.52174880120372	0.112646060189952	0.304067486372598
RAB42	-0.179834490574209	2.39955556232661	5.92791324903108	0.0151011598315569	0.0853005538538509
RAB43	0.0624514840252861	1.06487651320004	0.80529949949691	0.369759637439995	0.607770261157755
RAB44	0.227663174368381	-1.39825706437358	3.70511456740753	0.054568795537367	0.193686134104195
RAB4A	-0.0320445001417153	5.75940069501934	0.563679134812163	0.452982833964402	0.67510844819045
RAB4B	0.0244540539003297	3.85331809045132	0.172027776270872	0.678417241598907	0.833068267284878
RAB5A	0.00150364960579405	6.25218318166335	0.00183539750028424	0.965837592319598	0.982469347539413
RAB5B	0.0717138342864211	7.90919495423801	4.28009152942251	0.0388534913478933	0.15645756583922
RAB5C	0.112680779502607	6.865123494692	7.54765787598503	0.00613191669883138	0.0461117766692223
RAB6A	-0.039631242518731	7.64597010294959	0.533481075326468	0.465341870887147	0.684653529346394
RAB6B	-0.177478064334844	3.35713003459381	3.11005743641515	0.0781580261581859	0.243017078046052
RAB6C	0.0312132259086596	1.18252434217566	0.0486704443597313	0.825444457019798	0.916693903699669
RAB7A	0.0408249849925185	8.3027183686015	1.54509623564878	0.214192700610814	0.446431369272546
RAB8A	0.00305136701451786	5.78840235935017	0.00793180752840136	0.929053985947572	0.965995000712129
RAB8B	-0.0160271356514591	5.00431736592319	0.101786757261028	0.749771794152706	0.874613791033422
RAB9A	-0.018807703602034	4.92285102526892	0.167539828674447	0.682407400404801	0.835419466112863
RAB9B	-0.107064750577229	1.43417004061489	1.49698757038775	0.221463744673142	0.455474958350694
RABEP1	0.0143835999223068	7.53367577260184	0.0396642015745505	0.842184693177848	0.925341418692021
RABGAP1	-0.00670022887948232	6.41347578842365	0.0365302832381281	0.848468743008515	0.928750793441273
RABGAP1L	-0.13943735481267	5.9386061141153	7.60739224842361	0.0059337531850684	0.0449544836664426
RABGEF1	0.0459061031119834	2.47729891051196	0.761822561194206	0.38299741821076	0.619463381839812
RAD23A	-0.0702734062252021	6.59994626790251	2.73163969876602	0.0987357796256631	0.28117186109688
RAD23B	0.0263116958316604	8.04719341447884	0.469449579404704	0.493421358847528	0.70603035363002
RALBP1	-0.0700195702088704	6.6707913080578	2.57551971370504	0.108888094719426	0.29815934681848
RASEF	0.13950194861388	6.25183151045189	2.46980451843112	0.116412669314736	0.310075346924881
RBSN	-0.00361661650084434	5.44079688873708	0.00830369465387055	0.927414364586496	0.965355733929622
RBX1	0.00678241750328076	5.88974327778572	0.0210898480580322	0.884567792311526	0.945460306740077
REPIN1	0.0822549084464547	7.08708956305862	3.61827338360072	0.0574751886115509	0.200036951333631
RER1	-0.00200454478588809	6.85944796318786	0.00261031033044241	0.959264473207134	0.979623059407872
RFT1	0.025245284466816	4.71170029468766	0.591809426796428	0.441927195988798	0.666328417578617
RFWD2	-0.0320234920026727	6.10361707003622	0.775318097433628	0.378817844854194	0.615944893996479
RNF185	0.0376395455629233	5.47227160343287	1.07261613263985	0.300640456969355	0.543089857380749
RNF5	0.0589676337421905	5.6206397765355	2.04780505226349	0.152781658574401	0.366002174289464
ROCK1	-0.0718080928540334	6.30434608020567	1.97114300076524	0.160680235056743	0.377932904858157
RPN1	-0.0301852148699354	8.67861172233882	0.500659661547642	0.479398205953161	0.695783790556496
RPN2	0.0517064092542249	9.05413090871707	1.01334301104824	0.314380655689976	0.555992199208812
RRBP1	0.0757409623087701	8.51030271830511	1.75727043723885	0.185310179083588	0.410186680520789
RUFY1	0.0366319603604145	6.13468023922929	1.09794567837864	0.29500576887022	0.538358445464625
SAR1A	-0.0218331154095862	7.2898868253822	0.32308416908878	0.569905398229008	0.762963357257672
SAR1B	0.0893256736670723	6.40936286282218	3.51103634799607	0.0612932950448696	0.207805035669695
SEC11A	0.0398110905058492	6.94713904278651	1.27857755779372	0.258472488389503	0.499184877733887
SEC11C	0.0411723529831152	5.84204128393524	0.433575469157266	0.51041235606331	0.718158799718974
SEC13	-0.040824989485747	6.98983306707404	0.867424753232644	0.35192527673862	0.59122665507138
SEC16A	0.123637881829782	8.10969713654545	5.59457091171249	0.0182327503350124	0.096348947867621
SEC16B	-0.128579863517981	-1.9561659105259	1.67502228689543	0.195927527289484	0.423670015675953
SEC23A	0.0546910492064859	6.02259591341457	1.0049272560921	0.316397406246566	0.55760561135158
SEC23B	0.0789176677911131	6.9163417358191	2.45291353004275	0.117667310446397	0.311852419164473
SEC24A	0.0686034925155104	5.72331005968462	1.67933085309994	0.195353980607147	0.422959114297473
SEC24B	-0.00118474486906922	5.89776242474424	0.000810711958627572	0.977291370050889	0.988720688278192
SEC24C	0.0966938358035737	6.09205608260942	2.36792671960521	0.124211771846816	0.322531596390869
SEC24D	0.0975623253874826	6.77289042880846	2.65806635526158	0.103384601620282	0.288933479130488
SEC31A	0.0198675158303168	8.13959861647991	0.308246489693196	0.578899641745141	0.768652090969317
SEC31B	0.00110346784366415	2.54174785382616	0.000191534229019027	0.988961102311666	0.995010315170949
SEC61A1	0.00240780410515446	8.87761455539258	0.00362606505898615	0.951996656663253	0.976692637884026
SEC61A2	-0.0352763551746765	3.54521541693506	0.440638472543047	0.506988734890806	0.716072607285511
SEC61B	0.0108795317142634	6.39656729447558	0.0542529096584861	0.815875848035287	0.91240123444222
SEC61G	-0.143495309834966	6.05919459041659	4.60713303758663	0.0321126819237405	0.138950706130568
SEC62	0.0207939387747085	7.58811177942354	0.273290900387019	0.601264603911559	0.784289383161433
SEC63	-0.0971189419919487	7.38363177007285	3.37941783984661	0.0663530534972679	0.218806758511321
SEL1L	0.0724802748703544	7.58795004504577	1.77272400588684	0.1833909321347	0.408321529658714
SELENOS	0.068586730471175	6.14452026559707	2.18912071194933	0.13934737249039	0.345917374775007
SGSM1	0.366143414701713	2.24933910444385	10.3855324556849	0.00131688283840259	0.0156807924957741
SGSM3	0.0498002238559805	6.04346941815663	0.887515493457032	0.346410635259863	0.585779143038948
SIL1	0.212427717302512	6.19196501188505	11.794066017769	0.00062202443747905	0.00905774612605871
SKP1	0.17822515513221	8.3278305779416	17.0201586321358	4.05025618200076e-05	0.00113160088089703
SMCHD1	-0.159641154042235	6.23455649703846	7.94668843095865	0.00492591932364314	0.0399302651698704
SNAP23	0.0918163614735526	5.84725071994397	5.88297485231104	0.0154886651657839	0.0867759060391494
SNAP25	-0.107530716652332	2.62901749100132	0.232134594445672	0.630065637599405	0.802948663106139
SNAP29	0.0473098043103991	6.0237856365331	1.3153921487465	0.251733169086365	0.491986581068548
SNAP47	0.011864171258698	5.67975344418361	0.0934852494797434	0.75986476237277	0.880059565366232
SPCS1	0.0843258978683908	6.81842552569621	4.44033855453482	0.0353823816061344	0.148053793643601
SPCS2	0.0707054495940859	5.80392813529983	1.48157819148463	0.2238548525295	0.458295404938433
SPCS3	0.0296691815028715	7.08878613860734	0.456501591690588	0.499441441109947	0.710858103279842
SRP14	0.11604372751589	7.8839992632823	9.46536681392797	0.00215881916287395	0.0224313588979075
SRP19	0.0791637532275396	4.6861500437728	4.559304903574	0.0330165927733404	0.141498817872828
SRP54	0.0296485214992641	6.42316183979043	0.451343846243307	0.50187422147285	0.712939081626731
SRP68	0.0232858457023376	6.89242581448806	0.316339051397265	0.573959674469795	0.765640865280031
SRP72	0.0674101425088931	7.3328127354254	2.51477572143731	0.113143783690351	0.304844775136179
SRP9	0.0234956971595065	7.99350328263745	0.287048604319316	0.592253795230281	0.778024291068261
SRPRA	0.00027914295315918	7.63769828395679	4.01087452568097e-05	0.994948352710856	0.997682079348623
SRPRB	0.00232393056324975	6.68643720252194	0.00245519488979514	0.960492323564694	0.980075274657548
SSR1	-0.0432910105519372	7.9489734924785	0.965978716136175	0.325955903834943	0.567144818673478
SSR2	-0.0652099114857559	8.57731203683922	1.89361400054506	0.169145775092327	0.389576423538289
SSR3	-0.0341449554550401	7.88662277649952	0.737714901162369	0.390628311373396	0.625747705517996
SSR4	-0.0736251655444327	7.70349634225073	1.31127218189485	0.252476522250997	0.492768961951229
STT3A	-0.0381901069633087	7.69966311867137	0.678612347677183	0.410288698118238	0.642084631286278
STT3B	0.0460979625465075	7.90171448139857	1.02665127247365	0.311225652652161	0.553208472535193
STUB1	0.157562838803926	5.51879572569857	6.5275562410634	0.0107892211621456	0.0674763973136567
STX10	-0.0671978027570485	5.28876987273597	1.48453305913853	0.223393949455294	0.457622564236739
STX11	-0.115494218074952	1.90825914705856	2.15486774723654	0.142476852182901	0.350704769378087
STX12	0.0406625593074214	5.95813221984608	1.6724577710204	0.196269847287488	0.423959569323393
STX16	0.0577212103007072	6.17918148827361	1.6995513836251	0.192688405179588	0.419631920892697
STX17	-0.0296210510033189	4.38967830019516	0.37122100143896	0.542497106270626	0.741260378563414
STX18	0.0952939684334305	5.09097265580558	8.28740216029098	0.00408905878682151	0.0348569876218212
STX19	-0.526894766902772	0.210542961080311	11.0371345327266	0.000929947571794489	0.0121548883236731
STX1A	-0.0537942528441245	3.16780644272222	0.52331589683187	0.469623326706764	0.688056206366195
STX1B	0.0229777421677651	1.32397515684397	0.0610412873730573	0.804915412621175	0.906262197762968
STX2	0.0289482208683509	3.66278625541524	0.431192977344794	0.51157623711413	0.719193154059458
STX3	-0.00446262326311946	5.75166772199746	0.0090983400352585	0.924030623362794	0.96379039238842
STX4	0.0403822383926183	5.57044853291813	0.698558399353053	0.403495929800241	0.636572403400489
STX5	0.0491515936260429	5.8881933272947	1.77777664579624	0.182768438147836	0.407517522823592
STX6	0.017902126335717	6.35947853128414	0.213420439818958	0.644214063077144	0.811154063142472
STX7	0.0434080198629367	6.01074928848203	1.15913151171059	0.281941493491891	0.524642086001443
STX8	0.0409813817773526	4.61217138490114	0.917546239178681	0.338383786167968	0.579096936596039
SURF4	0.00984959864216593	8.22060774525552	0.0691759039583537	0.792602174939559	0.900034469350152
SVIP	-0.105959660924572	5.42323004503928	3.6113874983657	0.0577125835561095	0.200540643804138
SYTL2	0.0564577929477619	6.93357958789608	0.267837115598592	0.604916731434871	0.786607287391397
SYVN1	0.122338871273678	6.65848277940524	7.8081108904864	0.00531454633545727	0.0418798443850457
TBC1D1	-0.193894881221274	6.08917088015558	11.595185368081	0.000691212480805471	0.00983230810850998
TBC1D10A	0.114920828149121	4.46665832998218	5.86034717416865	0.0156876553146156	0.0873252061924394
TBC1D10B	0.0304750727762994	6.43263987253515	0.662318670824236	0.415963231199822	0.646632491922412
TBC1D10C	-0.112944672572828	3.16261691698803	1.21859774328718	0.269938498775821	0.511682642095996
TBC1D12	0.00502289438487357	4.36428330252975	0.00932621235137064	0.92308808257804	0.963256415349832
TBC1D13	0.0422238775782874	5.40951770696933	1.37318888340753	0.241582658985391	0.480552390216469
TBC1D14	0.0090787420411725	4.90324124942037	0.0186158636953616	0.891504763350173	0.94886656448257
TBC1D15	0.168571421868882	5.81824829368183	17.9638700666148	2.48963270568453e-05	0.000764130763556814
TBC1D16	0.0222677089849137	7.04451894905081	0.14363653178677	0.704783882511591	0.849764461275203
TBC1D17	0.0885658958673517	5.68493295923259	4.72210167492215	0.0300440990299337	0.133031283609889
TBC1D19	0.01084658478865	2.7870648507818	0.0563258554944325	0.812455627996271	0.910625562796147
TBC1D2	0.161628950497103	4.7669861679585	8.74557832553263	0.00318672344253929	0.0295412266840165
TBC1D20	0.0643071664995287	6.09993651776477	3.56052101864165	0.0594988957768842	0.204016805222622
TBC1D21	0	NA	NA	1	1
TBC1D22A	0.0404633872381911	5.05036457564978	1.13502140650494	0.286999706193862	0.530309015464902
TBC1D22B	-0.0359491110848454	4.52897949481834	0.746358806999427	0.387867478516739	0.623416406045725
TBC1D23	-0.00870162124813392	5.58148704524437	0.0477964967010823	0.826993690077976	0.917740150638082
TBC1D24	-0.0567862278756422	5.2825926275337	0.920217840851166	0.337681889917236	0.578752267595896
TBC1D2B	0.0629593601169123	5.78130527945222	1.9762803707554	0.160136617997804	0.377161539434779
TBC1D30	0.117539321249808	4.47014280073667	2.30870898358951	0.129010903486285	0.329972368892812
TBC1D4	-0.090690714793356	5.68520822846035	1.87704282046422	0.171020895684276	0.391928479248197
TBC1D5	-0.0380504363928306	6.19617466948632	0.769149722337808	0.380720142800701	0.617576246641848
TBC1D7	-0.0412279897228284	4.37986656902982	0.521942440858469	0.470206666362554	0.688495364318482
TBC1D8	-0.0826455867760044	5.49555313995423	1.96637061455864	0.16118711877267	0.378363776586527
TBC1D9	0.147657423233647	8.90889803464626	1.5621577239724	0.211682647059996	0.443671176182728
TBC1D9B	0.053987545370723	7.62767721531593	2.21008069260326	0.137470533030247	0.342769132099922
TMED10	0.0338178650112565	8.66727873721818	0.74384720925903	0.388666789750983	0.624309896720564
TMED2	0.00853669853825387	8.76720489082367	0.0355794293172671	0.850430250682867	0.929852044059532
TMED5	0.0289576515702486	6.24257868798032	0.377754130143238	0.538966900249475	0.738597153785906
TMED7	0.0802465662261407	6.86397416641911	2.51279060213723	0.113285920704839	0.304981471865253
TMED8	0.0622167272648676	5.56410284402991	1.6063837342428	0.205336961305389	0.435529913295494
TMX1	0.0458932721200071	5.91017352194167	1.15836781230474	0.282099973411879	0.524783106450224
TMX2	0.046028338834628	6.61969744639396	1.12821784748673	0.288447890438109	0.531694485224285
TMX3	-0.0623289739724283	5.80013076773383	2.35930809261749	0.124897717216402	0.323691554734608
TMX4	-0.180121221923292	6.47686343049315	7.02128327560449	0.00819949465903652	0.0560807018304879
TOR1A	0.0221480569695758	5.69873346106979	0.520716094965716	0.470728513018416	0.688638724700685
TRAM1	0.0737607048528672	8.18457292492676	1.97691124799174	0.160070005748638	0.37708069836318
TRAPPC1	0.0511485511870393	6.14777542446114	1.10479713705116	0.293504973293689	0.5367099084961
TRAPPC2	-0.053053523209497	4.35555970774733	1.7414789798577	0.18729556310072	0.413015716327748
TRAPPC3	-0.0409309632103354	6.00622315672537	1.32076179247503	0.250768376130938	0.490922551445001
TRAPPC4	0.112763221333193	5.44182665315436	7.12067106266021	0.00776055539059581	0.0541388924298699
TRAPPC5	-0.0182338631776037	0.673812275314509	0.0581685188029779	0.809470760222397	0.908806409657495
TRAPPC6A	0.06865420976512	4.95443818293511	0.916716190710071	0.33860225970434	0.5792246213501
TRAPPC6B	0.0855902333876713	5.05153905019253	6.22804108117434	0.0127568404998141	0.0759331099781237
TRAPPC9	0.181308521076403	6.03586074651595	12.0242122686184	0.000550648827994353	0.00832999007478245
TUSC3	-0.293996769428146	5.77035598217522	10.5839933440578	0.00118427534743103	0.0144772247692199
TXNDC12	-0.0703132717781621	6.29384511849415	3.63617243979583	0.056862954025144	0.198619916663978
TXNDC5	0.0548010548205572	3.11031023395308	0.535064849282448	0.464680438520508	0.68420181603258
UBA1	0.0220981108465467	8.90274032286879	0.36128302798525	0.547949691914025	0.745744141360906
UBA5	-0.00577852010440946	5.48464725030612	0.0269153862452184	0.869722386097352	0.938277263104117
UBA7	0.0722098161108092	5.62376900000463	1.23807437982645	0.266147071733869	0.507460992203099
UBE2D1	-0.0601046864395387	4.51985194123037	1.65968338642631	0.197985504920048	0.426207137181341
UBE2D2	-0.00245209329196431	6.62513279764053	0.00642284190450382	0.936142079064881	0.968659215612587
UBE2D3	0.0143411373004355	8.10196438947369	0.237771145584943	0.625942308499062	0.800226299924061
UBE2D4	-0.0402908753304737	4.71853274937406	1.28517469037462	0.257248577601151	0.497828769927222
UBE2E1	-0.0192103193631873	6.30292610757478	0.303891388230138	0.581593360822214	0.770476781165247
UBE2E2	0.05987928360389	4.54298422957148	0.740038893367776	0.38988327931559	0.625103223158583
UBE2E3	-0.217480774288868	5.30941801036767	7.17232209448391	0.00754202367180458	0.0530759406153479
UBE2G1	-0.00627688178054874	5.86831850549942	0.0253579747509216	0.873514939648587	0.940129409518572
UBE2G2	-0.017401772569745	6.58241763779307	0.272381187503684	0.601870553066406	0.784709127175683
UBE2J1	-0.0384374780416344	6.60884798951789	0.770630075956772	0.380262379379293	0.61696223917492
UBE2J2	0.0120939670328511	5.56231285513784	0.0807057990636134	0.77641019113062	0.889515339124979
UBE4B	-0.0622856001366415	6.0931849260887	2.38593849758698	0.12279172064322	0.320337888705637
UBQLN1	0.0402033508888047	7.53029848584701	1.05107156337856	0.305542825007283	0.547282497215883
UBQLN2	0.0170792345631111	6.14439455054986	0.236035442440761	0.627205539004029	0.801358775478207
UBQLN3	0	NA	NA	1	1
UBQLN4	-0.112084856658769	6.50182519908718	5.21898273763187	0.0225794855036416	0.110772745832505
UBQLNL	-0.0883021537711235	-0.919734753780745	0.807989738125121	0.368961722344521	0.607382008988949
UBXN2A	-0.144819284701779	4.70910031947675	11.2060348074489	0.000849982569206523	0.0114630996945681
UBXN6	0.0883400484539658	6.74015491815064	3.2443441113976	0.0720134148859642	0.230571258600612
UFD1L	0.00269760761685721	5.89900802759606	0.003835210472491	0.950633408404645	0.976166835632111
UGCG	-0.10974703556931	7.44753263910129	1.21977696326156	0.269707033865225	0.511336001321603
UGGT1	-0.0420056254088719	6.96944416816881	0.919282564618151	0.33792738755774	0.578866698674475
UGGT2	-0.0430508617362195	4.77509344515015	0.82903895876733	0.362800491790037	0.60105919216966
USE1	-0.0248316619622248	4.35049594334996	0.186011777671846	0.666362801939028	0.826265681859669
USO1	-0.00692565561819496	6.92458863122357	0.0231647685436758	0.879064349203581	0.942821940333955
USP6	-0.0924202261382618	0.326179029638125	1.18131780581621	0.27738620016261	0.519667385576376
USP6NL	-0.133919837210407	5.15677708099971	4.59881870563767	0.0322679374306372	0.13939008961853
VAMP1	0.0485956437025538	3.39203835871464	0.561591406794168	0.453820502933691	0.675194947896186
VAMP2	0.0969286741289511	6.18159623577715	3.40560603846802	0.0653118283449041	0.21687352497184
VAMP3	0.0553640790090955	6.60746769360862	3.26858300989319	0.0709607178646086	0.228465650838139
VAMP4	-0.018820835662174	4.78722279013819	0.191879107721451	0.661464987818016	0.822981820724732
VAMP5	0.150640119430575	4.36394864465556	4.59995303664144	0.0322467096408467	0.139324157802674
VAMP7	-0.0272793281031281	5.88930889431811	0.40033288962694	0.527082149634569	0.729544164089756
VAMP8	0.100672249854821	7.16170112567928	3.7311728364378	0.053727445363475	0.191823898097629
VCP	0.0474293911133121	8.76188679435873	1.71019181039237	0.191302827758107	0.417750574789277
VPS45	-0.0104311709662887	6.02149469259212	0.073898043098736	0.785807465977368	0.895409551313952
VTI1A	-0.0421189887160806	4.52856996277951	1.74746167367215	0.18654048866525	0.412128849201121
VTI1B	0.103937822009596	6.24594793754519	9.81383122501037	0.00178949263315348	0.0197063552251607
WAS	-0.0121263792601031	3.57503987309946	0.0232435288524477	0.878860519838245	0.942821940333955
WDR38	0.642111059190834	-1.14745535987371	11.3336320785265	0.000794219429867217	0.0109249606733855
WFS1	0.205394070900507	6.7034203639614	9.29670410605013	0.00236453652324768	0.0238866180373746
YKT6	0.0159315389143919	6.9756871394248	0.149989289189009	0.69863946150607	0.845060688886446
YOD1	-0.195098554973206	4.14585399096203	5.6922862572059	0.0172507414937625	0.0927778717312676
YWHAQ	-0.113891027887141	8.40098605945875	5.53594868744293	0.0188494727602128	0.098663244524621
