pspGenes	logFC	logCPM	F	PValue	FDR
A3GALT2	0	NA	NA	1	1
ABO	-0.20235750971097	2.9486811800041	0.10607852718004	0.745001343473448	0.916259675693721
ACAP1	-0.913892328309598	3.72925233269194	4.22588885521084	0.0411385046817004	0.348680989518329
ACAP2	0.0750276938164297	6.01957886111205	0.215526684126478	0.642985345618727	0.878257907003684
ACAP3	-0.0274032012835571	5.22933679646788	0.013801440699825	0.906600455447923	0.972666323159475
AGAP1	0.496299505825598	5.97133972753902	8.2338461179271	0.00456301986231935	0.161074006222029
AGAP2	-0.200444046539002	2.55064682274334	0.400150456463364	0.527749416137519	0.821730121700436
AGAP3	0.0593114491579477	6.2199288036781	0.114829178031748	0.735074822283426	0.914012715588785
AGR2	-0.402278623708844	9.26482728533526	0.39297006641515	0.531472397313713	0.823722889533963
AGR3	0.441851343519624	7.16595522846237	0.476896919868271	0.490648882737668	0.802193146142655
AKAP10	0.139849316476183	5.06978703088597	0.53957018248182	0.463489502090925	0.787016511076311
ALG1	0.164451298538626	4.86856820520357	0.9367491809213	0.334308976725421	0.70450017175756
ALG10B	0.0688364477630594	4.12693450005426	0.101770850875925	0.750054796539267	0.918652565651889
ALG11	0.108970654267088	3.27177123499184	0.327980765117307	0.567507403410094	0.842056141309218
ALG12	0.517645839973765	4.13331576309391	10.4518777640224	0.00143779984504024	0.0921060269553747
ALG13	-0.053990714096491	4.98794676285536	0.132142660600807	0.716612807226929	0.907143117226538
ALG14	-0.00738301449985056	3.7425324015904	0.00203059080739401	0.964103741946785	0.99066791199701
ALG1L	0.782490903738072	0.898169479864104	1.82067750794198	0.178790470873475	0.561175902856463
ALG1L2	-0.468683084930041	-0.764074454642981	2.00891792444647	0.157965747859425	0.536914919096245
ALG2	0.198555953244042	5.58000978269513	1.69927133830719	0.193913574431239	0.575674151116444
ALG3	0.10751079110691	5.70204434787995	0.292902130397312	0.588981832285289	0.852627017543935
ALG5	-0.108807900253006	5.15648197227942	0.400396889798155	0.527622474629852	0.821730121700436
ALG6	-0.0343502592598599	4.49289634746535	0.040291897945903	0.841119239673811	0.951958012054608
ALG8	-0.453688706080081	6.06883222636023	2.11919885299047	0.147063749733464	0.523038187336753
ALG9	0.0539495029068454	3.08834703934075	0.152598825620283	0.69648868505893	0.89906824013206
AMFR	-0.0598247755560678	7.84753304124849	0.0465155942002416	0.829465742473471	0.948145950243572
ANKFY1	0.143989847196991	6.30469163377355	0.865396694314414	0.353378106941671	0.716291645121791
AP1B1	-0.0170550582103644	7.25154944501065	0.0108414694084414	0.917178784251232	0.975515379862013
AP1G1	0.228881663226074	7.0661622274035	1.7930693791629	0.182104728804763	0.564572007237318
AP1M1	-0.0100860421245044	5.69659146305099	0.00722131160324942	0.932365448026451	0.980922823977224
AP1S1	0.104614474335491	5.81011724805724	0.301719875941773	0.583431976243302	0.850275635525212
AP1S2	-0.263042011584952	4.90855019773425	1.44110943727958	0.231409906966163	0.614328906921666
AP3B1	0.174190543766	6.3580617444614	1.73339328203198	0.189516765501256	0.571665246135799
AP3B2	0.563094459816797	2.36134287820666	1.24261667650742	0.26633341551598	0.648483270159686
AP3D1	0.273902185735354	7.44878397976974	5.08740898772426	0.0252060265685542	0.294302690975305
AP3M1	0.303957006561219	6.28319070114657	3.34128700229918	0.0690832700657232	0.411354637569706
AP3M2	1.58755445564341	5.2441591872748	64.2766792683732	9.59867326668169e-14	4.9034731829322e-11
AP3S1	-0.423831221984535	5.80469821005133	5.14689183170565	0.0243785618491705	0.289316974492917
AP3S2	0.0295342248008413	5.02952750116191	0.0323179384439819	0.857517504919937	0.956542573637506
APPL1	0.149361379126458	6.5634904104038	0.786504456829208	0.376246940468681	0.731571365350464
APPL2	0.195378970007442	5.90048889371919	1.31064512807378	0.253675044029562	0.636109554010731
ARAP1	0.0395640896065412	6.81056221045334	0.0541650978790681	0.816211036928414	0.943228827530064
ARAP2	-0.611636480808191	4.3290099151617	4.26081322271258	0.0403193000892014	0.346150583658541
ARAP3	-0.0289561288789398	3.96040467973229	0.0191645286109319	0.890038077865017	0.967034736566509
ARF1	0.380216667852559	9.48458168338558	5.16142660850373	0.0241807245238627	0.28892017497069
ARF3	0.301342360263711	8.21193890358181	4.26298727298967	0.0402688786800602	0.346150583658541
ARF4	5.54560852355906e-05	8.19882662732543	1.24301476131418e-07	0.999719053378605	0.99987211252805
ARF5	-0.276270902732646	7.25329405350496	1.59763847330782	0.207740539968431	0.590444585308131
ARF6	0.123932624135493	7.66414167755236	0.81615964142396	0.367415248480634	0.725373184527722
ARFGAP1	0.0739746646554892	6.64167348854915	0.154741549662137	0.694472623648847	0.898815611496666
ARFGAP2	0.0984110423557435	6.88188269599854	0.600021073630919	0.43950415757753	0.773516295534279
ARFGAP3	-0.395205696334889	5.93720701187636	3.93634535217076	0.0486500292024472	0.368650382021413
ARFGEF1	0.510434969087433	7.26789806890947	5.49967063385929	0.0200209263069614	0.274213123794334
ARFGEF2	0.340520001579973	7.19828335096938	2.38650154178182	0.124001571969787	0.49767783134864
ARFIP1	0.114417804107652	5.88085150199135	0.59830733505592	0.440157221871279	0.773932378819425
ARFIP2	-0.0339027109988842	6.8357093826715	0.0268900545104888	0.869914521809241	0.960246888371869
ARHGAP1	0.0748988142131921	7.67971014597713	0.310264432814299	0.578153960746294	0.847372840751688
ARHGAP24	-0.217934519572583	3.46525158096951	0.758459930946463	0.384877183320697	0.738208397450259
ARHGAP5	0.157608640026479	6.57114842139285	0.584065192039331	0.445643087675887	0.776870083143732
ARHGDIA	0.29236671891165	7.84100789829605	2.31792021227318	0.129503926288719	0.502110695100318
ARHGEF1	-0.27480840376533	6.52014574747433	1.73675135997208	0.189090416249923	0.571180646792912
ARHGEF11	0.268978693414006	6.63319753821331	2.97649630243959	0.0860594263547826	0.444243845291847
ARHGEF2	-0.163352863714875	6.9893616515332	0.565725947387257	0.452865340674795	0.780394406624129
ARHGEF6	0.204534755910441	6.16081610174882	0.42488738805776	0.515272575540313	0.816033965679431
ARHGEF7	0.13707516117629	5.98834240944015	1.27079001975879	0.260997769146641	0.643662053435156
ASAP1	0.0925070819275379	6.07850554238296	0.240558882261209	0.624351807235763	0.869474600396476
ASAP2	0.598843726595031	4.49651271109798	5.68549802052044	0.0180604236885429	0.265250255655744
ASAP3	0.222661465481604	5.76062870882102	1.23378865939729	0.268033341966396	0.64961625074531
ATF4	-0.211875717803794	8.19263085301714	1.30797635839007	0.254157359962177	0.636679036031112
ATF6	0.158184286877677	6.87426085691377	1.10922949444818	0.293547163671584	0.671780916837084
ATF6B	0.0349937161922786	7.10769313601323	0.0574976221449369	0.810746462606335	0.940849533884811
ATXN3	-0.311611936391078	4.88705174417883	6.58357457744076	0.0110399750521742	0.22822995588266
ATXN3L	0	NA	NA	1	1
B3GNTL1	-0.119775683721319	2.64705719277676	0.42632023567618	0.514565829570906	0.815683245645918
B4GALNT1	-0.240238588700065	2.51833580809934	0.244873508715921	0.621262841364019	0.868712122152571
B4GALNT2	-1.69663347828003	2.05265093589926	2.47771682335634	0.117083810498586	0.487728032169576
B4GALT1	-0.566022775738759	8.57436170504093	4.00068389241102	0.0468633325888792	0.364709609038202
B4GALT3	0.1131522781755	6.31957309208076	0.344295599031923	0.55803590872967	0.83732574673459
BAG1	-0.0663192111184527	6.78567510299204	0.0588624187701575	0.80855694619777	0.940117205382682
BAG2	-0.176958156300582	3.32235562597028	0.296116844929997	0.586946101930895	0.851824310895491
BAK1	0.329236269991319	4.65230475045026	3.61925079968766	0.0585818635220644	0.388792191882306
BAX	-0.173285448344498	5.40190108901232	0.750096405886688	0.387505469017654	0.739894962881028
BCAP31	0.325442564880239	8.18613762625015	2.81449505826002	0.0950114395492415	0.458906476103401
BCL2	0.282912249474428	6.87852064884371	0.65962400183668	0.417678803912581	0.757912589465893
BET1	-0.295189811043738	4.71872151294179	3.6495561715999	0.0575450372378603	0.386129339086758
BET1L	-0.00527822829699866	6.47927787460543	0.00184185491721286	0.965811550371916	0.9913672470923
BNIP1	-0.145382405761151	3.51277528004999	0.942969260192883	0.332713163499734	0.7032306394255
CALR	0.0875128635056052	9.93673811750851	0.198309354654391	0.656580791949454	0.883849270608116
CANX	0.145249489768008	9.94100054362757	0.74589805926342	0.388834517369945	0.740361100531286
CAPN1	0.291345108763931	7.91003457524372	3.03410182311662	0.0831016668051539	0.437962734098618
CAPN2	0.187018917981749	8.20504213880593	0.655380957896397	0.419177873853372	0.758379514458155
CKAP4	-0.132436676534102	7.39244260511648	0.42787975420052	0.513798528086251	0.815255577768901
CLTA	-0.021944116310684	6.87686734137982	0.0160990902152638	0.899163817102891	0.970820701194617
CLTB	-0.0249930956419289	5.89490816304128	0.013985333809003	0.905983168262253	0.972666323159475
CLTC	0.470793738032769	9.50404725123375	5.60021532182916	0.0189340688509405	0.268485122106775
COG4	-0.0990284425185478	5.73801324719124	0.38708110562236	0.534561348758839	0.824827521379471
COG6	0.0455507478993735	4.95021130237798	0.0890518350676189	0.765702403052849	0.926315253589563
COPA	0.286887568928532	8.91940770611546	2.90990285038264	0.0896225073346243	0.451074548640956
COPB1	0.188434536888812	7.75982759918528	1.59496986608082	0.208119062616588	0.590876185905958
COPB2	0.229816065281885	8.13769176693369	2.15156626782842	0.144028457275177	0.520150791079822
COPE	0.0613251355589437	6.97035688157396	0.0946514519863889	0.758671975004808	0.922987805444268
COPZ1	0.0668354832299361	7.83399022858376	0.205158915577744	0.651089940780469	0.882048578710132
COPZ2	-0.221616177457367	4.1493877121062	0.458959778162903	0.49891003343959	0.806253493497204
CRYAA	0	NA	NA	1	1
CRYAB	-0.333673681939961	6.10999899952405	0.312419535468502	0.576837804935992	0.846727219769151
CTBP1	0.256992737382916	6.95069705380391	3.20713742847756	0.0748620378651294	0.423422932018196
CTSA	0.412318368506882	7.15470502683183	6.28836861250084	0.012965709466968	0.241103422952031
CUL1	0.0767544294029463	6.39639148677953	0.363400058494199	0.547321380440743	0.830653693038814
CYTH1	-0.0556168790392282	5.96301618083298	0.1229629577239	0.726219765642941	0.910068188984558
CYTH2	0.338739230569842	6.66807331707468	4.39978605072846	0.0372265217309172	0.336861763112918
CYTH3	0.00181660361886845	5.48281902186674	6.00127964948572e-05	0.993826900942346	0.998998242508175
CYTH4	-0.755884473105885	4.19855542319097	5.73158794537555	0.017605852848217	0.263922925547935
DAD1	0.0248355958055423	7.09543278667453	0.0236505786338378	0.877935683163458	0.963296195760579
DDIT3	-0.281975403384117	4.02243816742673	1.44410603354035	0.230927174949992	0.614035195179695
DDOST	-0.100937520609548	7.93009899983159	0.406756574089802	0.524365306089011	0.820198403972001
DERL1	0.418213506100176	7.07143214981385	6.58831857483929	0.011011569107768	0.22822995588266
DERL2	-0.019535190313206	5.53431431639358	0.0164028939297663	0.898221999311661	0.970561544932084
DERL3	-0.403831277958541	4.10003722059847	1.09447545428854	0.296771187074248	0.674239262779264
DNAJA1	0.0190673089610373	7.90257890616414	0.0131609660196347	0.90878359744741	0.973128069978721
DNAJA2	0.0966682359643423	6.48403203967753	0.264408801542176	0.607687031619827	0.861592154625984
DNAJB1	0.0427077993462453	7.56239827316783	0.0633299650155675	0.801572036341323	0.938448624229929
DNAJB11	-0.0818635827668933	6.29113109632538	0.199878517541027	0.65531295242561	0.883381731492025
DNAJB12	0.111190041825899	6.14090017642117	0.852302655613895	0.357037737011481	0.7184771551255
DNAJB2	0.265738068381377	6.80729740500366	2.39690429213441	0.123190032680408	0.497181997896196
DNAJB9	-0.343497206592863	5.49526730238497	2.88530272840439	0.0909792349146764	0.453055505851548
DNAJC1	0.396193520696495	6.61625311565834	1.73749304539906	0.188996401831578	0.571180646792912
DNAJC10	0.0967440743181755	7.56836576906374	0.243948879847933	0.621921942200186	0.868938774240607
DNAJC3	0.0496853886909698	6.95635702569712	0.0668379550458411	0.796269109219594	0.936047587823297
DNAJC5	0.352916290319783	6.98889567431832	5.20508017403845	0.0235965780566817	0.287505317049703
DNAJC5B	-0.684757289721776	0.187822521702403	2.09459911141335	0.149419254944512	0.525395818251501
DNAJC5G	0	NA	NA	1	1
DNAJC6	0.278093110206775	2.76076567069864	0.345679713746219	0.557246327382779	0.836889522625291
DNMBP	-0.228656463745444	5.34089588582424	0.596991700426194	0.440659594327034	0.774479618072343
DOCK5	-0.359571700731319	5.23870954814899	1.92722467578018	0.166639481533273	0.54651205753958
DOLK	0.194107344743952	4.66072023638998	1.43704542747869	0.232066550508704	0.615095629468739
DOLPP1	0.111162345156961	4.64137448073186	0.46260000035787	0.497214571168375	0.80534126073126
DPAGT1	0.174622345249069	5.71427126202735	1.12062250612578	0.291088353496173	0.669897001592344
DPM1	-0.131931151955616	5.31114686514044	0.558125579859955	0.455912438672456	0.782365786939199
DPM2	0.0698044421646974	5.90365244727583	0.154469513471231	0.694727682046774	0.898815611496666
DPM3	0.0396714359283882	4.45717931538751	0.0190564996304232	0.89034646015881	0.967083706353796
DPP6	-2.36205956992427	-0.113038449780193	5.39538260192586	0.0212172274171972	0.277461277985161
EDEM1	0.178522802135529	6.62540634424121	0.771817204341098	0.380732037672617	0.735381930639029
EDEM2	0.0309146270475748	5.15935327446605	0.0414305638575509	0.838920418875637	0.951003615016659
EDEM3	0.596207949383384	6.79978050996958	7.42004979948124	0.00703336912674912	0.195111136379849
EEA1	0.00925952454197274	5.40212682776541	0.00229373067997198	0.961850395123693	0.989750375117568
EIF2AK1	0.450439166530782	8.06412294810657	12.7672440245252	0.000444075595357525	0.0430944327752867
EIF2AK2	0.012083728348605	6.8379944977856	0.00366823179203658	0.951766668393009	0.987321170373207
EIF2AK3	0.25804083708532	5.45485614904104	2.3500011426183	0.126896707063836	0.500382795443451
EIF2AK4	0.0532302639697807	6.39241677394748	0.127870998408129	0.721034821668238	0.908677052535261
EIF2S1	-0.00727015779684005	6.45504419893951	0.00321122834252724	0.954867675507051	0.987997568521741
ERLEC1	0.246759956525347	6.64160744338041	2.5638128341374	0.110946378923965	0.481544278513364
ERN1	0.178168161823206	5.60038505905057	0.589422383236879	0.443567211815139	0.775902014702502
ERO1A	-0.26419763542228	6.11783638592792	1.49802686997298	0.222445606035945	0.60462953352306
ERO1B	0.442497953512848	4.43493888330689	1.7845647271411	0.183140067455243	0.565178642276183
ERP27	-0.556811058965101	4.59499138065901	1.324437513477	0.251200368552565	0.633499439135684
ERP29	-0.0133334182869806	7.29566138605848	0.00521232375320251	0.942519266719336	0.983626746153658
ERP44	-0.109654470499579	6.26439656527588	0.437951699822753	0.508890634561133	0.812434592570967
EVI5	0.0826453155835038	4.39912610385811	0.286229197316762	0.593254065582857	0.854007066772744
EVI5L	0.0436140404757097	4.43220301410119	0.0646964017051131	0.799488275055454	0.937532624181713
EXOC1	0.10469317211198	5.55391962607466	0.829976346040211	0.363399319819865	0.722873947538003
EXOC2	1.08723752786775	6.4090484854917	14.2458478152009	0.000212556373684561	0.0242825477532045
EXOC3	0.272955046604986	5.99803608817914	3.89578412367679	0.0498135728173855	0.371912700186816
EXOC5	0.208852303865548	6.13805113782732	2.0102656506524	0.157827061743436	0.536914919096245
EXOC6	0.20303786789887	5.1817231516537	0.947363845751415	0.331591847783938	0.70214688512268
EXOC6B	0.0986373528257734	5.28614425708551	0.342642721002686	0.558981611075503	0.837882125810828
EXOC7	0.305563672169853	6.25479974897696	3.73399739983097	0.0547582976728118	0.381714961249068
FAM71B	0	NA	NA	1	1
FBXO2	0.261343478922178	4.20200033714443	0.335785974416855	0.56293775578802	0.839601203644992
FBXO6	-0.133874307501314	4.32639036648964	0.364379164783734	0.546782672446327	0.830407425149446
FBXO8	0.170607512121223	4.47844485084558	1.41362788409957	0.235894676287741	0.619065832645274
FUT8	0.413197743614866	6.49771762201278	2.3022430847056	0.130799828961963	0.503756098029183
GALNT1	0.161526807115487	7.22091736528675	0.849443253203745	0.357843844574696	0.718892430052351
GALNT10	0.0713861529165847	7.30699225542429	0.0787077173517886	0.779352506876176	0.930328179904634
GALNT11	0.217087638793184	5.83416238191452	2.55015521578442	0.111895678227993	0.483417183344968
GALNT12	0.349225184884615	2.11843574180915	0.493312478693034	0.483287331648382	0.799059941583659
GALNT13	-0.741004810715957	1.4308788721779	1.14954844959794	0.28496309856159	0.66528958890396
GALNT14	0.00630101865533077	3.14187469022411	0.000136970946098506	0.990674117427806	0.998540017934079
GALNT15	-0.810135985409787	3.76923581478152	2.93374302287429	0.0883287641008505	0.449034848622167
GALNT16	-0.299344958721211	4.82176510062903	0.465014562583412	0.496095347811541	0.8046355683219
GALNT18	-0.123095676688552	4.24106310331976	0.242801137537619	0.622742250984024	0.869036327362031
GALNT2	0.161908824950436	6.73277036139483	0.821017333453494	0.365996307991506	0.724367692899855
GALNT3	-0.225450302600511	5.64841044303758	0.203430993012496	0.652464574193301	0.882746083665564
GALNT5	-0.187916390102916	5.28230261618928	0.0756448135990126	0.783578500295975	0.931752580487488
GALNT6	0.233812435235722	7.91690038983215	0.336594461631838	0.562468484725236	0.839448269951769
GALNT7	0.535956961344752	7.10248400642476	2.73029457112388	0.100063412898377	0.467267489517688
GALNT8	-0.762885580900428	0.0994626121509101	2.5836264746519	0.10958502047793	0.47947028943638
GALNT9	-0.92933670065043	-3.06838414902949	3.26815886985257	0.0721711459930619	0.417976138176531
GALNTL5	0	NA	NA	1	1
GALNTL6	-0.306017203290067	0.475468696142464	0.274364078728802	0.601011456303211	0.858438907002422
GANAB	0.4152560871251	9.10235171745753	8.94501810579689	0.00313955826541809	0.135140763173601
GBF1	0.194352761609073	7.0048650410249	2.25873421489874	0.134473376674858	0.50772091388534
GBGT1	-0.210596884673246	2.68679185402728	0.735296346657887	0.392219920674322	0.742554637930154
GGA1	0.0786285929906147	5.95339233831344	0.242292309301664	0.62310668988245	0.869036327362031
GGA2	-0.0475687341146171	7.12650039975712	0.0693147148643809	0.792613962447033	0.934875325540526
GGA3	0.0875279982999375	5.43078945869927	0.388969165081992	0.533567462214846	0.824656869475223
GIT1	-0.00931518649001547	6.51609734067233	0.00212659874212943	0.963265531184373	0.990534976832459
GIT2	0.037341804344886	4.8989877073443	0.068051398587986	0.794469457994251	0.935400116780036
GLT1D1	-1.43775684169541	-1.27275173658399	8.77816809831213	0.00342627959949121	0.141844832043157
GLT6D1	0	NA	NA	1	1
GLT8D1	-0.0731507413496445	6.00791132413569	0.370666912631218	0.543346501932428	0.828981547380846
GLT8D2	-0.365612378738915	4.47045784713674	1.09774276739969	0.296053302892236	0.673753313928493
GMCL1	0.28838899508523	5.27409433670241	4.4042557383347	0.037131312752057	0.336809677435079
GOLGA4	0.134616887423496	7.40410698109777	0.513936398436407	0.474293848962053	0.793714442218158
GOSR1	0.196993761932867	6.14826937370982	1.58916617682885	0.208945111770244	0.591321981962608
GOSR2	0.315728596068814	4.52856854411163	6.50643253845184	0.0115126817391035	0.232667905479059
GPAA1	0.226967339337528	7.20551453313646	1.1816375522005	0.278358915078993	0.658967435557718
GPLD1	0.289763712920196	0.465477964537934	0.615111393923311	0.433817325227829	0.769799716905457
GXYLT1	0.113002157072592	4.97130535550912	0.511727927161413	0.475243748685265	0.794383594754668
GXYLT2	-0.161878411299223	4.5621023439993	0.162896254933438	0.686944207337177	0.895753099305249
HAS1	-1.84161707681596	0.402690486505337	5.61135429737593	0.0188175032127192	0.268463144667498
HAS2	-0.712677377301835	2.82239583112301	2.5117985364369	0.114610276790017	0.486535421077951
HAS3	-1.44251884420517	2.56768597943676	7.61329045521389	0.0063434548449005	0.186886876959392
HERPUD1	-0.184908438688878	7.05821824646796	0.955229485894748	0.329597458239889	0.701181240074191
HSP90AA1	0.0828777810719832	10.479897333754	0.189410034624044	0.663887324335287	0.886379351464113
HSP90AB1	0.428587812398273	10.7633390095622	6.36165488191825	0.0124572789991521	0.237816361529669
HSP90B1	-0.136786909980961	9.88773422555749	0.568540279300208	0.451745161069773	0.780074206222268
HSPA1B	0.200020250176044	6.98755965886561	0.578974908385581	0.447629569964745	0.777996662264143
HSPA1L	0.394486154297299	1.94093679785902	5.00082859714175	0.0264633930224108	0.29701918869633
HSPA2	0.347993711666809	6.20372607116552	0.599205182722896	0.439814887453511	0.773773004420531
HSPA4L	0.0578267369750411	3.67028321022455	0.0248207909643713	0.874976746848598	0.962489556071438
HSPA5	0.0422878805128486	9.74469792323457	0.0498892820428225	0.8234888476603	0.946012214331725
HSPA6	-0.314759476641494	2.85818067643977	0.655161832259517	0.41925550930399	0.758379514458155
HSPA8	0.192380566592687	10.2701483511056	1.06498174280776	0.303354419240164	0.678846345112563
HSPBP1	0.228450281764362	5.40832585508632	1.00982707483978	0.316184238456129	0.691160399039991
HSPH1	0.195212462845909	7.37454612750234	0.842395394578555	0.359841500590103	0.720349151639746
HYOU1	0.253040606518143	7.65948203746583	1.41203444616289	0.236157941689739	0.619181657342601
IFT27	0.0468349538876697	4.6804120333945	0.0671327631039591	0.795830287710231	0.935894759143227
INPP5B	-0.187755339550379	4.47879169418347	1.36283612840033	0.24446591143714	0.627504223754321
INPP5E	-0.0760614712574182	3.90209083783822	0.189690827314695	0.66365369433196	0.886379351464113
IQSEC1	0.433538183646666	6.25829033580651	8.75233889432201	0.00347300935382109	0.143122874055869
IQSEC2	0.659156328127143	5.07647757273579	8.3335079750227	0.00432910596083677	0.157118691541093
IQSEC3	-0.585281475320617	0.864279063347333	1.68894288701441	0.195268024497292	0.576613615975293
JUN	-1.15656022175227	7.90730601080592	12.3378405866546	0.000551054649543769	0.0495674572637792
KDELR1	0.424707403597101	7.9257466085475	6.9581638907974	0.00901413062258678	0.213523697818493
KDELR2	0.36128878371825	8.42098051403757	5.32387752251067	0.0220804188387536	0.279682852702473
KDELR3	0.191450353923305	5.44998271536818	0.381932852173351	0.537288617819758	0.826299990272251
KIF20A	0.066118193991105	4.80919410251705	0.032881263067437	0.856294585182391	0.955971999351907
KIF23	0.0204249135053058	4.65147646960684	0.00503146866693559	0.943523582151044	0.983859079019431
LARGE1	0.232952274181078	5.45347065564252	0.835867408192909	0.36170559190823	0.721864100066679
LARGE2	-0.0764810956594347	4.37123356416063	0.0372195802512617	0.847218589694477	0.953622820153737
LMAN1	0.283560010055424	7.76509466991978	2.52585816955036	0.113606844197535	0.485711517672294
LMAN1L	0	NA	NA	1	1
LMAN2	0.00122336046085026	7.59909116000987	4.2642704759727e-05	0.994796387489554	0.998998242508175
MAN1A1	0.714164851895447	6.6401501380169	6.64405562332739	0.0106834380168148	0.224892069847884
MAN1A2	-0.123220505304259	6.61443709387728	0.220821469473011	0.638937532446016	0.876644509795682
MAN1B1	-0.00755090856000221	6.67015630419352	0.00220376915184727	0.962605440207029	0.990218172249442
MAN1C1	0.25547295972646	4.52265812569086	0.742460561524456	0.389927582394618	0.741434742140198
MAN2A2	0.346169932604969	5.64944310893759	4.29149315994305	0.0396138972040529	0.344726470702776
MAP2K7	-0.0535699532850268	5.31156756416567	0.137747390784412	0.710931932539649	0.904172209518041
MAP3K5	-0.531402287746927	4.65398631128665	3.20918038695736	0.0747702129561214	0.423422932018196
MARCH6	0.298287185206824	7.62776962475059	4.43437596590867	0.0364963880207712	0.335227188818847
MCF2L	0.356097949068506	5.9835193422769	2.60591319929118	0.108075801783239	0.477505276318734
MGAT1	-0.0410313838272751	7.22949443318084	0.0784205790953689	0.779744872609521	0.930328179904634
MGAT2	-0.0209577211664851	1.29697020469505	0.00446198402943607	0.946810590797272	0.985378121883199
MGAT3	-0.271486267756293	2.71590822676638	0.347374609826143	0.556282352477275	0.836478071347349
MGAT4B	0.132333741336068	6.70867759874659	0.664639554700741	0.415917099576255	0.756834808614087
MGAT4C	-0.688286097888781	-1.91197468700021	0.661993184140819	0.416845249555326	0.757455377967144
MGAT5	0.0638716503593231	6.47556489191648	0.112912392074364	0.737212201296603	0.914305991959857
MICAL1	-0.0796023485473147	5.30332130335696	0.120144943427147	0.729249472511923	0.911603927617172
MICALCL	0.168359614583366	2.34934972172743	0.211101735909415	0.646414831156882	0.879740238030933
MICALL2	-0.021793392081267	5.03013721981676	0.00727817547574116	0.932100323831523	0.980887548206787
MOGS	0.0576377171719991	6.23127782410379	0.163263207761987	0.68661063679837	0.895557519573941
MON1A	0.100186478906913	3.42313656627574	0.429740548211487	0.512885605992841	0.814625206659582
MYO5B	0.19050418717391	6.67916839335559	0.614805936489417	0.433931317467227	0.769901076043589
NAPA	0.148095924626556	7.03011299164652	0.793899751087984	0.374016838282465	0.729470241787763
NAPB	0.386141274532614	3.9869116939235	4.02420545548311	0.0462276626983914	0.363119502307247
NAPG	0.15738606596558	5.27662633367517	1.13413281065034	0.28820671889239	0.668569008757706
NCKIPSD	0.0524391548479019	4.81254049589499	0.138232294654489	0.710446664765645	0.903916449024581
NDE1	0.092843574446412	5.57380773019107	0.236163029544824	0.627534499298874	0.871167852798607
NET1	0.64146763969727	7.73711857350841	6.74200759522704	0.0101310721354764	0.221166652380643
NGLY1	-0.0248960342751636	5.14101071792612	0.0431984891421913	0.835567949439023	0.950380300119826
NPLOC4	0.303033296546807	7.04243304645209	4.65494490148002	0.0321819406814487	0.317472398637665
NSF	0.413897277941268	6.02308024991811	5.64433141719422	0.0184767724876708	0.267540374457791
NSFL1C	0.146454691962796	6.43531391913309	1.47868064610745	0.225444706708766	0.607475660244809
OCRL	0.507077686622243	6.06601424223087	10.4180841125094	0.00146297982489725	0.0934202329223889
OPTN	0.164926325077265	6.63878237592571	0.481979440927567	0.488349780391221	0.801080094610954
OS9	0.142722514449515	8.17956959679548	0.8626183842422	0.35415028560472	0.71690609216806
OSGIN2	0.364751206036913	5.80570141822224	2.99733175158722	0.0849765958913113	0.441685800298955
P4HB	0.352523919813443	10.0200739202428	2.7951477505428	0.0961469737662498	0.460413745086879
PAK1	-0.564982221834066	6.78637657950799	2.69896101369114	0.102018222900124	0.469297233235323
PARK2	0.372261680864467	1.48343453426956	2.09530200322857	0.149351358043457	0.525351200072387
PDIA2	-0.701796106464593	-1.22589062428936	0.85939143638164	0.355050068107221	0.717402861424498
PDIA3	0.104790712182087	9.46739384905158	0.300567098139305	0.58415148966865	0.850606701270846
PDIA4	0.266684902490726	8.15711929493782	1.56452121343537	0.212496691453993	0.595767916983722
PDIA5	-0.260752737004661	5.09995030347304	1.37717028570713	0.242008938397941	0.624544432721742
PDIA6	0.142195973880166	7.68516327801415	0.463811957330024	0.496652258568429	0.804960185617492
PDILT	0	NA	NA	1	1
PGAP1	-0.122092596900102	3.83441381654107	0.185810096909532	0.666901030200277	0.887396582279544
PICK1	-0.047256061700505	4.66242809242215	0.0544289966678073	0.815771944151838	0.942889625502609
PIGA	-0.286629531405979	3.60482346190971	3.74481095298302	0.0544119835415525	0.380572378460605
PIGB	0.0575483846005395	3.65010983344928	0.143347137419971	0.705386029151774	0.902354204549222
PIGC	0.185333541542396	5.58079348742685	1.20386773234198	0.273897236535899	0.655200516131624
PIGF	0.226280305412952	3.63356932446589	2.62973526672663	0.106487988073879	0.474907309685433
PIGG	-0.0637568507627539	5.65738436259991	0.209966576171519	0.647301632155085	0.880193574370842
PIGH	0.21835397477761	4.18348513647748	1.36347126299939	0.244356399062745	0.627504223754321
PIGK	-0.174459913127584	5.65494873873541	0.716187454085005	0.398430197761362	0.745544769757949
PIGL	-0.305849066688833	3.08318121725533	1.93986720047757	0.165262031454508	0.544889944449795
PIGM	0.398628770460553	5.28033148133881	5.74112759052768	0.017513263492715	0.263868452457017
PIGN	0.205078694652562	5.54074332815819	1.20218932119581	0.274230932603332	0.655315473264935
PIGO	0.691186628757105	5.96276300818955	11.1129532828832	0.00102510301434956	0.0762490772349296
PIGP	0.267593688278971	4.34330294304608	2.44757646978646	0.119320863224663	0.490750778035508
PIGQ	0.0911341879073354	6.48638921258581	0.139169801300914	0.709511196138227	0.903650797080261
PIGS	0.174178154360363	6.32667649892291	0.795599942728718	0.37350676742004	0.728842935343969
PIGT	0.188533542490075	8.09688787238952	0.80800334252817	0.369815054937812	0.726734775237689
PIGU	0.102147635170798	5.05632578231765	0.414515049560678	0.52043993960144	0.818287535697387
PIGV	0.010164902889681	4.61860901406407	0.00291436163103232	0.957002281044655	0.988358483909319
PIGX	0.260443615494929	5.5660683708905	2.20515695771489	0.139157691368794	0.513845645373091
PIGZ	0.0895697496649179	2.83984804352267	0.161149809784229	0.688537795655323	0.896213145577458
PIK3C3	0.123174928426326	5.50228448681688	0.729528722984646	0.394079526280305	0.743792483376734
PIK3CA	0.0902483246797293	5.316565221115	0.260931828868685	0.610056022298693	0.862963253800568
PLAA	0.203679391936611	5.65053173414137	2.12818729049749	0.146213627750951	0.522634231909582
PLIN3	-0.0382457460557388	6.43755162490988	0.0452640679136005	0.831740490437477	0.94891738193233
POMT1	0.106484460774455	5.17166844281613	0.525732795480373	0.469271859276762	0.790224484201227
POMT2	-0.1118195809413	4.86602958577839	0.492351206139775	0.483713346284002	0.799298219986119
PPIA	0.0873344265151397	8.64126692496436	0.257848388295867	0.612173607357052	0.863800571601633
PRKCSH	0.103915260813164	8.33535466003684	0.338757741858265	0.561216547273864	0.839121827600347
PSD	0.198578846376749	2.17899027865905	0.419200603421438	0.518094415516435	0.817545864122923
PSD2	-0.263824606977423	-0.982100907019444	0.392477592309033	0.531729476534982	0.823869232341531
PSD3	0.789466045637285	6.34066354764876	2.94168933768319	0.0879020822148975	0.448680196107218
PSD4	0.30416891498681	6.66898676657352	3.89854884599996	0.0497333302003687	0.371866864174257
QSOX2	0.193358440042343	4.16571190775002	1.10101146626513	0.295337352714669	0.67342510404132
RAB10	0.25296961762599	7.63239769529685	3.8588545183287	0.0508987352416919	0.374427317891052
RAB11A	0.130778842369813	7.88663913847178	0.601106770870035	0.439091196856829	0.773228888123489
RAB11B	-0.0447626092735676	6.61523373632333	0.0814007824788134	0.775709518291402	0.929699011636921
RAB11FIP1	0.820795416922236	7.04102451250949	4.46794910988314	0.0358021609676713	0.332000464088843
RAB11FIP2	0.0561445031936887	4.380974063309	0.123725790789287	0.725406347400407	0.910068188984558
RAB11FIP3	0.300926963501724	6.25775613422126	1.97509052772014	0.161492887847956	0.541075350380981
RAB11FIP4	0.596949079141353	5.82876365753968	7.56307641574808	0.00651573645164635	0.188074162503545
RAB11FIP5	0.229930013662183	5.96653069832624	2.29734125437577	0.131208008029813	0.504180643969227
RAB12	0.189738024037908	5.40510141709406	1.17163635947349	0.280396185739515	0.661127469206423
RAB13	-0.00435212217389459	7.05349636780266	0.000494834543812144	0.98227526766473	0.996461970008749
RAB14	0.238220870904244	7.37355925644445	2.42760281048945	0.120829561103506	0.49335690482252
RAB15	0.652408866038209	5.59297580838588	8.44682683885673	0.00407804564679498	0.154111280197774
RAB17	0.241673825737658	5.0908025191571	0.737091387661379	0.391643742763004	0.742418480429942
RAB18	0.45028304142915	7.05429498396665	8.17875054804347	0.00469786953066219	0.16412234521636
RAB19	0.63935561213792	0.618296635367333	4.40427778230721	0.0371308438303889	0.336809677435079
RAB1A	0.152719941773033	7.65690122492031	1.41333890543728	0.23594239435149	0.619065832645274
RAB1B	0.354699588306974	7.82085293482497	4.99357730592468	0.0265716412629471	0.297384552351435
RAB20	-0.160392200153971	4.58948137514658	0.3581642085088	0.550219081726855	0.832297871899246
RAB21	0.0958997164707038	6.40308863299283	0.477635219866965	0.490313787043546	0.802193146142655
RAB22A	0.0180964457185414	6.31172125516511	0.0114445833102097	0.914914861788345	0.975326969398492
RAB23	-0.0665053048152287	3.89763286317728	0.0567651329519877	0.811932926232458	0.941217844568582
RAB24	-0.418134185669456	2.99599188688755	1.79814310150534	0.181490314954783	0.563708876609011
RAB25	0.10282406196237	7.0207197874733	0.190098348316109	0.663314987542871	0.886379351464113
RAB26	0.0183158566630212	3.58171854713665	0.00161649464292419	0.967970126431701	0.992060889209921
RAB27A	-0.287831825658613	5.06945740172717	1.50034363300169	0.222089688354493	0.604409239823013
RAB27B	0.718634371723536	6.36266609180137	5.68143541633822	0.0181010737399382	0.265422891175138
RAB28	-0.071940717342245	4.04664332197853	0.431528651200009	0.512011007626557	0.814187848153163
RAB29	0.43859916457025	5.08708262729644	2.71749595836683	0.100856854231737	0.468056248956465
RAB2A	0.164555754545607	7.75869376141642	1.06197806326613	0.304035442453578	0.679400196190142
RAB2B	0.15829302072598	4.73654336910572	1.74908145257751	0.187534570181271	0.569737262977772
RAB30	0.503348497032452	6.61144551644727	1.66375823983208	0.198617693404285	0.580201843318404
RAB31	0.0744486553491075	7.86355307449239	0.0514905553413662	0.820726283222304	0.945050822853797
RAB32	-0.12011093098431	4.46180459428879	0.372047511618259	0.542597378556363	0.828729353028036
RAB33A	-0.589965718605508	0.0402869483515354	2.68335786917644	0.103007317177446	0.470703998688853
RAB33B	0.0460956304885831	4.12181919634232	0.0854738225275837	0.770321591891389	0.927495860294445
RAB34	-0.119962687798984	6.13572879290201	0.250459142219116	0.6173138851566	0.866220322491013
RAB35	0.103903235696898	5.85685103560631	0.801890132082749	0.371628141024982	0.727880887410977
RAB36	-0.199118789748263	3.92669360309728	0.252161959000176	0.616120984960528	0.865649896022433
RAB37	0.0673403169965049	2.35056910289778	0.0472172491562606	0.828204426578559	0.947556445786876
RAB38	1.27187845019115	3.56443823276437	9.57263395552825	0.00226381037236612	0.118097622026614
RAB39A	0.166417060679748	-0.544931864100981	0.131238582782861	0.717541885198772	0.907722553221462
RAB39B	0.236597164978053	1.89889110483891	0.206840890255774	0.649758549879116	0.881285078548095
RAB3A	0.82059616925866	2.71447044178018	10.9018948635452	0.00114172745959282	0.0818737146214204
RAB3B	-1.10000970597027	3.46427864358289	2.06566210519558	0.152245222084591	0.528988956527347
RAB3C	-0.216468789059856	0.663176773412267	0.177622747870729	0.673886422554079	0.890097262657623
RAB3D	0.329634864279489	6.17042372833603	2.3574429791385	0.12630034872635	0.499938880375137
RAB3IL1	0.0375387926350986	4.01415633254026	0.0229977160290318	0.879619113152135	0.963800813826512
RAB3IP	0.483308049108995	5.25222334872464	5.41969588792483	0.0209318133786385	0.276280972902681
RAB40A	-0.512295698963721	-0.973175198202895	3.30307128723521	0.07067876000399	0.414932464049062
RAB40B	0.0170988396090127	4.36516822487012	0.00694871862376226	0.933651249234897	0.981090865471035
RAB40C	0.0462338301500807	5.42623243921021	0.0504811130725732	0.822462449815934	0.945610814413438
RAB41	0.050344855406709	-0.813103723533628	0.0540192905447337	0.816454124939823	0.943348928124684
RAB42	-0.292084833184854	2.30347411686225	1.09677576986684	0.296265535149693	0.673839832340217
RAB43	-0.394603244201013	1.13969170648835	2.13659890901146	0.145423112398928	0.52177351533285
RAB44	-0.174930175658532	-1.25844626750391	0.155853848705716	0.693432429786704	0.898353176538352
RAB4A	0.123534048781131	5.73439602597138	0.524438053887739	0.469818842782179	0.790771177939046
RAB4B	-0.00644361734655351	3.86329062872089	0.000914168244728709	0.975910252831609	0.994103763321228
RAB5A	-0.0228021726858295	6.2725879044187	0.0305046538174808	0.861530510730088	0.957984770460039
RAB5B	0.160376547444899	7.97697235164787	1.55326153400519	0.214143281021265	0.596769064224019
RAB5C	0.346241521897709	6.88318125688034	4.86750290273146	0.0285297892659356	0.304397340284437
RAB6A	0.129668093878159	7.59540803959838	0.489681499520821	0.484899766829691	0.799298219986119
RAB6B	0.129194650661865	3.05757548304045	0.140216492538809	0.708471013597174	0.90340616782302
RAB6C	0.16882797615588	1.63967520458917	0.11352762503525	0.736523976505472	0.914042374977512
RAB7A	0.0549198140167926	8.27283826851513	0.180374622154467	0.671517704967217	0.889063171735325
RAB8A	0.243910497705311	5.7474415182292	3.81643772016742	0.0521763100847307	0.377750099901811
RAB8B	-0.217088115782891	5.10723456251595	1.32301732334496	0.251453801732034	0.633784368078087
RAB9A	0.0667136781612406	4.86185417801075	0.168295472289798	0.682079565223602	0.894200813525792
RAB9B	0.315902880317611	1.29500453578233	1.13657762323356	0.287689168170237	0.668255338727622
RABEP1	0.451679417508657	7.68384074518294	2.90181316785898	0.0900662065842059	0.451439348234024
RABGAP1	0.0845335824431945	6.40387781127089	0.424078927497615	0.51567209562233	0.816289873069141
RABGAP1L	0.212404449925939	5.95762488352222	1.23307327864974	0.268171690950666	0.649672290231802
RABGEF1	0.428296346012418	2.39670093024588	5.4162523246025	0.0209719925664804	0.276428339995624
RAD23A	0.0951388568098459	6.5129783157822	0.483489441569478	0.487670187538057	0.800615469931145
RAD23B	0.309007269942084	8.01011050032627	6.44855975438293	0.011881040230362	0.233572578211189
RALBP1	0.346056128662808	6.67966155346303	4.30688176206875	0.0392650055321745	0.343378560976623
RASEF	0.738031814997733	6.48346907939862	6.01528411809734	0.015057851452279	0.253593458347846
RBSN	0.149015419227393	5.37895090192195	1.3851166807585	0.24065990509889	0.623468273902254
RBX1	-0.227283204551376	5.85797980059103	1.809599723339	0.180111812354661	0.562103234788956
REPIN1	0.29697496026112	7.13471504561918	2.93188238728376	0.0884289984057801	0.449034848622167
RER1	-0.0819275114093848	6.82132525192644	0.399457747176043	0.528106534699228	0.821989816253177
RFT1	-0.00640671695174549	4.73304393393266	0.00301633166369197	0.956257275697383	0.988233046965751
RFWD2	0.156242919550216	6.0618117771737	1.04085884000159	0.308880429026552	0.684532832601613
RNF185	0.174618457990172	5.56724327739103	1.24032504957092	0.266773390682461	0.648565367975177
RNF5	0.16526503447879	5.56607762705735	1.12314368333224	0.290547815370042	0.669836495417681
ROCK1	0.0665596342257453	6.3423331160097	0.131470017036948	0.717303707022235	0.907523264842384
RPN1	-0.141550844943158	8.62390051909196	0.689923534009966	0.407201823728554	0.751444869027449
RPN2	0.0386238298032974	9.0331417367808	0.0271812409490015	0.869218440845216	0.959871735840408
RRBP1	0.102163004643277	8.44419419113712	0.243103330310588	0.622526035689191	0.869036327362031
RUFY1	-0.131921723538572	6.18920773257059	1.07525423455471	0.301040253943533	0.677415631276692
SAR1A	0.109308754687091	7.26876419922206	0.93042943860494	0.335940904592893	0.705577534082117
SAR1B	0.145687724015546	6.47695942951503	0.699075106381225	0.404113599679101	0.749410774597403
SEC11A	-0.134722716874612	6.9754035860081	1.00230051919228	0.317989845863674	0.692372619861377
SEC11C	0.29398825514485	5.7826796530136	1.74389316133872	0.188187408945919	0.570583165832668
SEC13	0.562379557184337	6.89694873998083	13.391310201308	0.000325004558082958	0.0346436945279373
SEC16A	0.43842352471559	8.08682258190329	7.41472181635406	0.00705345118157207	0.195415062425339
SEC16B	-0.130041084683633	-1.77520036228132	0.127538713030777	0.721382277847875	0.908945698656516
SEC23A	-0.112698510664652	5.9905979189649	0.31354363364415	0.576153664648599	0.846319469963152
SEC23B	0.217117531042286	6.89707185207282	1.42086210932691	0.234703934009678	0.617949676544508
SEC24A	0.0921088353833492	5.65608688495404	0.27055447015494	0.603547541842174	0.859331599462393
SEC24B	0.201622365417343	5.93076571015827	1.79223417883473	0.182206101541632	0.564572007237318
SEC24C	0.196031837151225	6.15368232862507	0.714154509647412	0.399099265938237	0.745934876796752
SEC24D	-0.116340104614693	6.76457445020495	0.268169677303058	0.605146694427731	0.860504001652657
SEC31A	-0.0239621723068975	8.20982118801805	0.0263478912518146	0.871220952866501	0.960788069342993
SEC31B	-0.543991088032021	2.64347421201906	2.79166735959687	0.0963528213634409	0.460662440860683
SEC61A1	-0.00505776124319408	8.85208471791364	0.00110505973248368	0.973515110371442	0.993374699752252
SEC61A2	0.337001511101361	3.47996463108286	3.48934461176749	0.0632587063131132	0.398695658841404
SEC61B	-0.0459728171512697	6.40067817692931	0.0547988016910757	0.815158522086743	0.942802380183522
SEC61G	0.12385350990893	5.7817951812677	0.357315298137262	0.550691608470696	0.832347029773072
SEC62	0.288563780352817	7.65556633561324	2.58275465279811	0.109644531061015	0.479584116070593
SEC63	0.123489372931191	7.26552021134845	0.69224533458919	0.406415054326357	0.751002429421658
SEL1L	0.00311705245691315	7.60927197516772	0.000262946649972491	0.987078873710764	0.997651802074948
SELENOS	0.176572715935473	6.1618274264361	0.965548535727766	0.327005210774928	0.699621685155837
SGSM1	0.414362315894151	1.9621683187434	1.79942272204064	0.181335738151174	0.563492360233025
SGSM3	-0.0896811919482094	5.97597405313922	0.194201699305487	0.659928387923513	0.885343878451021
SIL1	-0.0634438777740903	6.16045324966716	0.0808742403249172	0.776416606361384	0.929907087376559
SKP1	0.184521374343626	8.33500398050928	1.32934489232138	0.250327070001285	0.633184362881612
SMCHD1	-0.0332176016353977	6.2283238086996	0.0300375137044965	0.862584135140573	0.958064952146061
SNAP23	0.0888823309268085	5.92233116800288	0.388283325772326	0.533928104030974	0.824790518436619
SNAP25	-0.103560729814146	2.14417990039923	0.0163545753850884	0.898371194517248	0.970567301027597
SNAP29	0.222675012385668	6.07419902684214	1.9221315847982	0.1671981273396	0.547060048259697
SNAP47	0.278270942360939	5.56479657042947	3.7655331672293	0.0537548557368763	0.379744748118429
SPCS1	0.00169090231406772	6.85281479028624	0.000127205853866433	0.991012684785733	0.99859516338833
SPCS2	-0.11469112276457	5.77897832213019	0.2661494145442	0.606508483001535	0.861238096553897
SPCS3	0.00612578445025584	7.15029757523161	0.00169525485947657	0.967199545629609	0.99186625788282
SRP14	0.14497046551054	7.9187038068737	0.791896571255261	0.374619067264231	0.729698650804249
SRP19	-0.173307617294464	4.69662054502923	1.42204646956476	0.234509687783561	0.617761217818635
SRP54	0.124676287101794	6.38959762557212	0.742525284071586	0.389906961001613	0.741434742140198
SRP68	0.281194901796936	6.77025822569985	3.3947262158726	0.066916990328335	0.406684065800151
SRP72	0.190566295617881	7.30799729974661	1.83276031649549	0.177362086135414	0.559552374984426
SRP9	0.257001735711447	7.96830312514595	2.21892477829397	0.137936618976423	0.51224862473507
SRPRA	0.100652214367901	7.65969933400783	0.426336436209933	0.514557848423776	0.815683245645918
SRPRB	0.102898520546829	6.58120368368103	0.369083226835581	0.544208182256284	0.829669227093723
SSR1	0.151032035341475	7.93363376738694	0.958213330224963	0.328845077736637	0.700903247062256
SSR2	0.177091152608492	8.5781684944685	0.724109494071317	0.395838430782865	0.74478789905542
SSR3	-0.0194629630098877	7.86769327131869	0.0149478386150671	0.902817401267596	0.971898381138113
SSR4	-0.147946241005547	7.60256653344503	0.358066954100909	0.550273177566645	0.832297871899246
STT3A	0.111018049801944	7.7127692750638	0.441416474643238	0.507221061852543	0.811499748842262
STT3B	0.123558482651058	7.85121833200818	0.622703611334848	0.430998635281241	0.768253671577016
STUB1	0.0700673434271206	5.45874749653395	0.0927304210439067	0.761057607901958	0.924251675079346
STX10	-0.0664498606169376	5.16011372705618	0.128432295499378	0.720449053262223	0.908432456079321
STX11	-0.989933889737619	2.0350329734347	8.0437230707384	0.00504595644424913	0.170544224513186
STX12	-0.0153802766568262	6.0368684806769	0.0143638577320825	0.904725373250365	0.972476954757742
STX16	-0.0140346605915928	6.14823104849397	0.0053969275103267	0.941512039169589	0.983626746153658
STX17	-0.00590731456947345	4.41565411968907	0.00102031939867012	0.974550484049402	0.99366727269148
STX18	-0.0586635924550334	5.2286928965458	0.212913625658032	0.645005328566852	0.879412392547549
STX19	-1.9234684600335	0.215382565544506	7.15491802955065	0.00810803557126354	0.206709098956648
STX1A	-0.109413069016689	3.16039624993438	0.123680031890011	0.725455061077617	0.910068188984558
STX1B	-0.600708056145961	1.51202917414142	2.81123471081745	0.095201760940083	0.459381157984806
STX2	-0.0405849803149097	3.65013489245039	0.0659552057129213	0.797589291010781	0.936590243852131
STX3	0.27066034955028	5.72434975284878	2.67362291218539	0.103629775857125	0.471076639053614
STX4	-0.315753199941237	5.62720108302174	2.98523575070992	0.085603411771772	0.443097477446285
STX5	0.159695687204286	5.89967108702347	1.48156332727622	0.224994747887028	0.606670933541737
STX6	0.16297728586396	6.28222193444067	1.11777778507881	0.291699808985485	0.670153420825857
STX7	-0.0280328461749838	5.96518898563279	0.0503617972556063	0.822668865515171	0.945726882380403
STX8	-0.0223268025224058	4.59753666932476	0.0178279226387793	0.89391826432547	0.968578397895474
SURF4	0.105358702456859	8.16009236642869	0.605714319912945	0.43734527459987	0.771864782688961
SVIP	0.247313381030715	5.52427906009998	1.73246863836477	0.189634358213595	0.57177465907314
SYTL2	-0.0791732498067731	7.07757430424411	0.0365557980385415	0.848570335011076	0.953718791742237
SYVN1	0.144853947681938	6.68235572909478	0.761540270492059	0.383915583755746	0.737304187131992
TBC1D1	-0.454463776185637	6.1105838742905	3.84582384271066	0.051287626317332	0.375300670957234
TBC1D10A	-0.0680306009609744	4.45184494330887	0.161254384215842	0.688442092335044	0.896213145577458
TBC1D10B	-0.0132814824679395	6.39573181832187	0.0102030567486494	0.919645712069101	0.976600551234347
TBC1D10C	-0.380479097160089	3.37438536879384	0.761899533848973	0.383803654533751	0.737304187131992
TBC1D12	0.320949737790117	4.47938529293743	2.65902295221541	0.10457109709765	0.47160084431206
TBC1D13	0.183237698430457	5.51109643409797	1.85375603278154	0.174911452258315	0.556323016889917
TBC1D14	0.373920165373274	5.04309277079407	2.59895314092609	0.108544640318782	0.478327821717289
TBC1D15	0.140758438752584	5.84545951415939	0.992863451631891	0.320273052736346	0.69460052089367
TBC1D16	0.654147370932923	7.19645779884485	10.3230017391747	0.00153627247955719	0.0947484678451276
TBC1D17	0.0736096166113642	5.74640123162343	0.230960946909853	0.631348614656323	0.873384156068809
TBC1D19	0.233752727984345	2.82495683100406	2.21113489337845	0.138626012987092	0.513236606266308
TBC1D2	0.324190801359422	4.81184183287175	3.05081632610804	0.0822643122773277	0.436256393446939
TBC1D20	0.161822745484455	6.14164314282316	1.85509489244342	0.174756516820025	0.556323016889917
TBC1D21	0	NA	NA	1	1
TBC1D22A	0.145650301938641	5.08085428398107	1.17740521010191	0.27921875665692	0.659902918687683
TBC1D22B	0.0672658085332681	4.48772754421763	0.206589221210377	0.64995734533143	0.881409651714949
TBC1D23	0.110990069304228	5.50565730939204	0.699613178281652	0.403933095877015	0.749325452349008
TBC1D24	0.113803363279646	5.21216937446612	0.319888679739797	0.572321953416585	0.844302584659367
TBC1D2B	0.151399103036959	5.84374275708169	0.759967159679715	0.384406238092075	0.737916193668726
TBC1D30	0.333206654891307	4.53681018559074	1.50767516230118	0.220967874465769	0.603195098233671
TBC1D4	0.177209643601691	5.62079371507427	0.631623913983704	0.427722321408683	0.765617766265553
TBC1D5	0.00903091253960026	6.2310071185172	0.00361037263031838	0.952148109862828	0.987398197631585
TBC1D7	-0.046985747078305	4.20466550182531	0.0450030124594377	0.832219109169499	0.94891738193233
TBC1D8	0.0460629798422131	5.7377865092691	0.038218931167946	0.845206857096968	0.952943416446573
TBC1D9	0.908341492028812	8.97375548981973	5.98218240676309	0.0153342746981999	0.254223974091392
TBC1D9B	0.178134554481047	7.63282556154344	2.05648261772115	0.15315437653672	0.530027909083427
TMED10	-0.121900130824879	8.69185593695354	0.65534859794063	0.41918933751997	0.758379514458155
TMED2	0.221789826773561	8.71677584316277	1.93948863057086	0.165303087139233	0.544889944449795
TMED5	0.254525529496685	6.30912122404391	1.96764912422634	0.162280867407438	0.541903611871779
TMED7	0.119232830575569	6.97145017214259	0.34424899130146	0.558062533696239	0.83732574673459
TMED8	-0.0929410952972909	5.65393666167443	0.234038978416697	0.629085504587337	0.872198591564524
TMX1	-0.00410003497714438	5.90793191617841	0.000587771936553583	0.980682659137885	0.995873640242977
TMX2	0.215837599971634	6.71144287072202	0.970594754672284	0.325747439188605	0.699377765730899
TMX3	0.126432831076041	5.88573242066358	0.850646509652897	0.357504323240741	0.718790204498843
TMX4	-0.0756396963575225	6.40707394604294	0.116531265581257	0.7331934672833	0.913409844526304
TOR1A	0.154445509280051	5.70790807032137	1.80916673657193	0.180163688698008	0.562103234788956
TRAM1	0.295055403418265	8.16702072380048	2.69676140211287	0.102157021889443	0.469513048320602
TRAPPC1	-0.106589148915406	6.14167713994381	0.303103632651101	0.582570656972162	0.849687770683527
TRAPPC2	0.0689687559346742	4.29204845161177	0.221102711155527	0.63872418993944	0.876547081301382
TRAPPC3	-0.0912918521173021	5.9973817822019	0.601663628899728	0.438879619591484	0.773007136380395
TRAPPC4	0.170857410799971	5.46738665753835	1.09146535240101	0.297434546209008	0.674988967348847
TRAPPC5	0.282948237500159	0.625891910725863	1.01077762040353	0.315957165604082	0.691160399039991
TRAPPC6A	0.113329354013102	4.8160305583199	0.21792335315261	0.641145693245715	0.87738532932644
TRAPPC6B	0.0204501089263565	5.0544405673533	0.0265368561150456	0.870764057861132	0.96071462374043
TRAPPC9	0.591046582641792	5.99850095124991	10.898462066018	0.00114373241266401	0.0818737146214204
TUSC3	-0.166090013922093	5.64907982593211	0.2152360724245	0.64320926015296	0.878394759653583
TXNDC12	-0.1715594939393	6.27549030867331	1.44275797060989	0.231144187720092	0.614153962955985
TXNDC5	0.104008943460942	3.06171160531804	0.153865445362959	0.695294979319036	0.898815611496666
UBA1	0.149719386360028	8.86759000980089	1.23596153207627	0.267613674033073	0.649309097987764
UBA5	0.169023131348293	5.48531487305165	1.86700624274084	0.173385092683144	0.555137870815432
UBA7	-0.426451343064569	5.6598791641739	2.91291123645654	0.0894581146028637	0.45095484134659
UBE2D1	0.00070343222206151	4.44486764661267	2.36684796224551e-05	0.996123238012572	0.999343099914968
UBE2D2	-0.0537696691982166	6.62726839409654	0.205316928620056	0.650964583700056	0.882048578710132
UBE2D3	0.0233725922413975	8.15007187379919	0.0475920882107552	0.827534625666903	0.947098110070228
UBE2D4	0.277051164803425	4.76664912152054	3.7455155712715	0.0543894988343445	0.380515679829426
UBE2E1	0.0425093984589173	6.30111584962435	0.128345332506988	0.720539712930043	0.908432456079321
UBE2E2	-0.390383366666221	4.41784794884945	2.31937176932333	0.129384668599432	0.501947256387682
UBE2E3	-0.316418809676717	5.28034350846135	0.964278526532984	0.327322779204977	0.699799766817336
UBE2G1	0.225799774812957	5.85476678129498	2.23046468852364	0.136922454234697	0.510772405830034
UBE2G2	0.165900593040973	6.53623704621132	2.21926563881171	0.13790654180858	0.51224862473507
UBE2J1	0.0215852617606056	6.58995503783144	0.0209582837540057	0.885041531554868	0.965879296499176
UBE2J2	0.0455142045580787	5.53406897595437	0.0929878685828897	0.760736338076884	0.924168185643274
UBE4B	0.144120966833138	6.12198820069742	1.09012347218581	0.297730883380029	0.675150741741551
UBQLN1	0.356132247846885	7.44030585699	7.60157010753523	0.00638324235816108	0.18704143598183
UBQLN2	0.227523596248925	6.1196687256091	3.35480676546168	0.0685281653138262	0.410305191479842
UBQLN3	0	NA	NA	1	1
UBQLN4	0.173848640936496	6.33264372612423	0.95828548926038	0.328826911146155	0.700903247062256
UBQLNL	-0.273139688952002	-0.886737807517143	0.489685972425312	0.484897775035583	0.799298219986119
UBXN2A	0.0474919312046685	4.70390218340966	0.081892180473294	0.775051853299302	0.929439891254269
UBXN6	0.127230030672427	6.74882166280129	0.458469328057259	0.499139214717435	0.806322122358929
UFD1L	0.187572837491725	5.80499277063287	1.74006761230823	0.188670480263874	0.570803433706094
UGCG	-0.13978909734151	7.54944926903	0.156374560111344	0.692946948558109	0.898110992446663
UGGT1	0.168478583329063	6.95143812171994	1.10307078457548	0.294887440820944	0.673252142073313
UGGT2	0.0725044609481632	4.75059940165806	0.203429312940162	0.652465914176002	0.882746083665564
USE1	-0.0725482411599215	4.25145798757262	0.15751557571785	0.691886392217191	0.897713668173103
USO1	0.24660535992882	6.93796084886632	2.51384260142119	0.114463782704303	0.486515999484929
USP6	0.148854988272367	0.429891727024621	0.190334101315748	0.663119241284173	0.886352362646573
USP6NL	0.483646954595044	5.09793691413847	6.83144345534264	0.00965252138539855	0.219432508690576
VAMP1	-0.371329524666607	3.52666912124479	1.97409856194951	0.16159767412035	0.541213847645848
VAMP2	0.173574914793742	6.18768167990283	0.923574854221548	0.337723083894724	0.706677697100045
VAMP3	-0.0799557766427699	6.60233746754806	0.413167355391954	0.521118053005998	0.81868055512616
VAMP4	0.169233644877789	4.76305672843584	1.18910030495227	0.276850936786208	0.658016316919049
VAMP5	0.211315879803614	4.32175426083068	0.578348675625605	0.447874910263649	0.777996662264143
VAMP7	0.233921227656283	5.79537656868859	2.77814117358744	0.097157433527153	0.461902987313023
VAMP8	0.228179727277107	7.12905543959802	1.47095420508067	0.226656100188402	0.609345041465692
VCP	0.530208805730239	8.76563680293213	10.6973028940774	0.00126772705652813	0.085382363322137
VPS45	0.276838394043773	5.96208411687324	3.38049358215146	0.0674866972129845	0.407346254465714
VTI1A	0.157855866667096	4.5414524840902	1.69698528916255	0.194212406320693	0.57581043595409
VTI1B	0.104760089638494	6.23395067022215	0.848090872824266	0.358225975425545	0.718892430052351
WAS	-0.771668910842515	3.66999520845606	4.74280522091763	0.0306160667738679	0.311309468978221
WDR38	-1.5796355616173	-1.344048433603	3.51183954256964	0.0624209912123354	0.396832758199811
WFS1	0.332283937449576	6.77385926422182	1.8908814537449	0.170673543805178	0.551455402143827
YKT6	0.225183276152511	6.94482397110395	2.63073661943523	0.106421811948286	0.474846829021067
YOD1	0.0917272045825744	4.13901828166802	0.110609112378265	0.739807446679521	0.91486407829535
YWHAQ	0.356403063953895	8.25277527874448	5.50909594535464	0.0199163325604912	0.273306996490269
