pspGenes	logFC	logCPM	F	PValue	FDR
A3GALT2	0	NA	NA	1	1
ABO	-0.349325493482258	2.92360421334432	0.474901302793413	0.491524714420395	0.730314352614218
ACAP1	-0.0346591525842243	3.76262744876263	0.0109186498803656	0.916881400660704	0.966394043391546
ACAP2	-0.14625355280446	5.99442033872771	1.27811806549613	0.259577873766151	0.541448980052051
ACAP3	0.333963145816047	5.26107209907341	3.63540716669707	0.0579693534054257	0.261119754349488
AGAP1	0.0766846128615977	5.93690479837274	0.27876613718906	0.598085442845863	0.801518520124341
AGAP2	0.714016633468288	2.64413377186264	8.84881292110562	0.00328688824372986	0.0620904722181777
AGAP3	0.258388910180825	6.23735786772067	3.8631290727831	0.0507164916215174	0.243960978924264
AGR2	-0.4626314238597	9.23938558400819	0.817526449333412	0.366971856231956	0.636948729711686
AGR3	-0.267573731134462	7.10266379353517	0.226927095021468	0.634322045762664	0.821991290071144
AKAP10	-0.0705052180049092	5.04784641132184	0.217372592515955	0.641547117714084	0.826587257115589
ALG1	0.183281358446711	4.86981010160422	1.76021453610749	0.186082322001827	0.462410824084479
ALG10B	-0.234348374715006	4.09522166812004	1.6730595830742	0.197313267097531	0.475872090371853
ALG11	-0.106394145921862	3.24853780149688	0.46576196899545	0.495718274143947	0.733521098972626
ALG12	0.47426070343246	4.14300842737031	14.5956144323823	0.000176849828354176	0.0103867119643832
ALG13	-0.208091909779912	4.96700006899713	2.95090178472479	0.0873484560564588	0.320496777141986
ALG14	-0.0584793474127643	3.73047839545224	0.206871698577206	0.64971454820692	0.831305832233152
ALG1L	0.692101643533237	0.91386830898074	2.2008046849393	0.139483464120867	0.404064498498787
ALG1L2	0.386800419955333	-0.70312993543352	2.32359490001792	0.128975407334981	0.389129737292744
ALG2	-0.174691605430873	5.54331853532902	2.01238783487635	0.157546911599691	0.424746533821004
ALG3	0.583633408865296	5.75770965734592	14.3219100728763	0.000202538740475967	0.0114522032414652
ALG5	0.0900627011028478	5.16500581354	0.429644847126185	0.512902449179447	0.745063687017387
ALG6	-0.122918786631133	4.47659884709122	0.784796971464699	0.376722091080455	0.644311334966188
ALG8	-0.309552625010709	6.05882697240073	1.66440817161552	0.198471019363175	0.477727566041628
ALG9	-0.133213126064152	3.06596317531334	1.45990542299422	0.228345218002117	0.509987491286602
AMFR	-0.153091791314002	7.82926313938003	0.481246494225024	0.488648122319151	0.72798597814894
ANKFY1	-0.0785006092601012	6.28121554785214	0.394849249221209	0.530464902388165	0.757298979153833
AP1B1	0.253009807104769	7.27245645486853	4.12250929432771	0.043615460849682	0.225062048577772
AP1G1	0.202942531421332	7.06537005922317	2.12640368392201	0.146319334593883	0.411045074250451
AP1M1	0.166313086416118	5.70765052960137	3.2400241791307	0.0733384069273908	0.292470850589141
AP1S1	0.549843121820263	5.86142872736794	14.5008125072384	0.000185349674391363	0.0107636096306103
AP1S2	-0.0919245752262272	4.90763545777856	0.292205980574652	0.589400585615734	0.795866335744686
AP3B1	0.00377507726889732	6.33999497025265	0.00122853947899728	0.972073754366363	0.990505467778949
AP3B2	0.491555602211571	2.36962041515556	1.48264657561623	0.224768755248747	0.506558302889765
AP3D1	0.367678755158063	7.46418723912636	13.7019156501886	0.000275698440426289	0.0139283879455424
AP3M1	0.0932391340485029	6.26496400634027	0.495325263874407	0.482364673023057	0.723391030125856
AP3M2	-0.154941726565584	5.05475726272873	0.829534498469038	0.363483085704318	0.634199574692525
AP3S1	-0.0181290507759801	5.81866145132995	0.015778932266697	0.900161126357784	0.958821311048096
AP3S2	-0.0680214895314726	5.01470238306781	0.275630215731542	0.600150358857378	0.80208344919282
APPL1	-0.257373822485854	6.52365770384179	3.48168789853209	0.0634880966926611	0.273580022466524
APPL2	-0.123549140030097	5.86962756901425	0.807310037488308	0.36997697843431	0.639613665821478
ARAP1	0.114153018799453	6.81315358280933	0.738637847173494	0.391107306519148	0.656810177740305
ARAP2	-0.530248335616137	4.30938219013008	5.23563743912073	0.0231544613720427	0.166804774113597
ARAP3	0.0119154330464624	3.95677656253275	0.00528899097952421	0.942095916405042	0.976129372187928
ARF1	0.506090036175424	9.50960868710021	15.4779402231554	0.000114446723520484	0.00743749067647137
ARF3	0.173507864748688	8.20208687491139	2.16782793514956	0.142467681814544	0.406679499154589
ARF4	0.0893302196273998	8.20071592055514	0.514919766597267	0.473838492022635	0.716804568289626
ARF5	0.15343311933475	7.27811638570999	0.867402847182902	0.352777204487099	0.623653037601826
ARF6	-0.0396471544561131	7.64533238751993	0.132330118888406	0.716405289217598	0.868522190560487
ARFGAP1	0.531609470847556	6.69279815542079	13.6922035550512	0.00027703704837121	0.0139283879455424
ARFGAP2	0.305497788204925	6.90196154351507	9.35723739722043	0.00251938737518092	0.053497131100596
ARFGAP3	-0.0209260549883426	5.9497423572672	0.0199717885939273	0.887755488389443	0.953661347407839
ARFGEF1	0.345619735245098	7.26306994397491	3.52500715615235	0.0618779955837572	0.270155627956657
ARFGEF2	0.00556406184579415	7.16973298580491	0.000930386638332481	0.975696355095039	0.991919368044919
ARFIP1	-0.00367970303166613	5.86614638677208	0.000956990431540604	0.975351440599718	0.991823317284333
ARFIP2	0.184387559439848	6.85008079816924	1.27032643029572	0.261030649988446	0.542596047056099
ARHGAP1	0.307875510358199	7.70128166985168	8.67429236012944	0.0036025121179329	0.0655920286697061
ARHGAP24	0.0240290868874229	3.47346810307366	0.0155230139113065	0.900969843547555	0.959157356758558
ARHGAP5	-0.365572715910245	6.5236881344989	4.51386332605186	0.0348260148028071	0.201923687353408
ARHGDIA	0.362949750173421	7.85395826563897	5.87645676858635	0.0162171771747517	0.139606153268455
ARHGEF1	-0.0488230433401962	6.5247465201383	0.0899252695032046	0.764577796151269	0.892737965926631
ARHGEF11	0.165003937943413	6.62559330029622	1.73435281447604	0.189334753609576	0.466640963834355
ARHGEF2	-0.0256009272898513	6.98963917797765	0.0235195715980766	0.878265395706561	0.94954959232905
ARHGEF6	-0.650003319327575	6.08843307043772	6.30998864582899	0.0127815785034869	0.124220215000793
ARHGEF7	0.132630968108621	5.98717152608066	1.77231920034067	0.184582489863227	0.460120426823417
ASAP1	-0.0605713622396531	6.06062475575817	0.158358781779894	0.691088570770171	0.854468818438317
ASAP2	0.0762460825275987	4.45323344732939	0.126079760391466	0.722898988827595	0.871738328715521
ASAP3	0.335072891989108	5.77565579737853	4.55896641258428	0.0339405034935316	0.199701842276832
ATF4	0.174478078042081	8.21653436013368	1.43641661105239	0.232111820578588	0.514165372956472
ATF6	0.128005762620315	6.8703327833692	1.1003346807333	0.295434942092565	0.575077425842568
ATF6B	0.245512072998239	7.12462695851098	4.8101754951568	0.02942347454098	0.186363095364707
ATXN3	-0.337223544090446	4.86917944035124	12.2586595116561	0.000568888183072426	0.0223056190805086
ATXN3L	0	NA	NA	1	1
B3GNTL1	0.154724535172245	2.66453817900735	1.11878060148136	0.291433210388434	0.570979304234869
B4GALNT1	-0.15279248085646	2.51082133505278	0.165375083043523	0.684681970756409	0.851366758753976
B4GALNT2	1.75160535585029	2.40943458205916	7.51894792993943	0.00664857234898493	0.0887454127471583
B4GALT1	-0.352727727939848	8.56500766161526	2.50325018384281	0.115162158672607	0.367735773518041
B4GALT3	0.311379907094852	6.33905762717863	4.48049092609181	0.0354968746038775	0.203756160265083
BAG1	-0.142751067678053	6.7688438077262	0.424771791595152	0.51529982730514	0.747061887081034
BAG2	-0.14906238474393	3.31212511311508	0.353635039701045	0.552722193353072	0.770962361276121
BAK1	0.341280317550772	4.66018283036647	6.13105811067104	0.0140975590367206	0.130325896190452
BAX	0.410944015724783	5.45151979331009	7.37896909919795	0.00716623412668075	0.0924100909689042
BCAP31	0.482884647803026	8.21231210811213	9.91857009020039	0.00188206382296329	0.0445795539074404
BCL2	-0.251673713649241	6.8294208612219	0.716615267177074	0.398249266126084	0.662274150294996
BET1	0.0779617300131442	4.7366911374547	0.422140564828326	0.516602467440041	0.748143830721406
BET1L	0.201913515876642	6.49392926754573	4.38808506894923	0.0374265476467001	0.208713173130346
BNIP1	0.299922637037703	3.54686458670048	6.58967605212344	0.0109738916140445	0.115377796773375
CALR	0.354928445428235	9.96331246028609	5.61604821547308	0.0187303022254466	0.150600021813937
CANX	0.0099573756701356	9.92573493985505	0.00537704077352997	0.941616779905889	0.976041275270537
CAPN1	0.314565063278145	7.91731161665038	5.7197980606331	0.0176836706573293	0.145810477387282
CAPN2	0.146256047803748	8.2005530173506	0.666789016414475	0.415126751762353	0.673451340175854
CKAP4	0.268302779387495	7.42236885499568	3.07666899147519	0.0809260332046814	0.307697661826352
CLTA	0.348822209512397	6.90975034163283	6.8257504294882	0.00965462574201314	0.107359683594625
CLTB	0.392398592361839	5.93365609180644	5.92687767348352	0.0157725551527599	0.137793904752408
CLTC	0.669955146415957	9.54488590444634	16.4344218865602	7.16433904375393e-05	0.00539769240725041
COG4	0.472598318692437	5.79113886028511	15.2723220566685	0.000126628185073728	0.00796186267317585
COG6	-0.0484313209258085	4.93572866557102	0.150033041038624	0.69890796319362	0.858727348247085
COPA	0.248999627196496	8.91948240990751	3.51615013016144	0.0622035950611267	0.270708202015769
COPB1	0.126279556053591	7.75336096405535	1.18018122566027	0.278602277599341	0.56010892000328
COPB2	0.183922208895207	8.13439939972601	2.21473184240833	0.138244402452624	0.403014344983669
COPE	0.38766166205738	7.00298513076003	6.26430002871788	0.0131050023427325	0.125361894041794
COPZ1	0.300593893363345	7.85547638932468	6.79431120931022	0.00982040590304649	0.1083865733075
COPZ2	0.377789801682222	4.19710998523008	2.39638538682031	0.123167324100702	0.379774488654139
CRYAA	0	NA	NA	1	1
CRYAB	-0.289559167330246	6.09714065514048	0.389602624543718	0.533206387985581	0.759012860985094
CTBP1	0.106586242118777	6.93759971791498	1.00777708007611	0.316626329351033	0.592831300035458
CTSA	0.561295242906111	7.18483049426007	19.1039575965664	1.97163424729764e-05	0.00215893950079092
CUL1	0.0365664709940457	6.38837256250409	0.134643771097305	0.714045672360941	0.867038415881388
CYTH1	0.0140031034512897	5.96122924261526	0.0118074594235972	0.913577380113164	0.964886722017971
CYTH2	0.16153544106155	6.65492526979866	1.61992281454627	0.204552514795819	0.484780455553334
CYTH3	0.10618177491143	5.48681222019911	0.350819025043279	0.554306385906004	0.77196047720486
CYTH4	-0.0344963764462307	4.2252216220729	0.0213103947332038	0.88408082287665	0.951940252655173
DAD1	0.149247469853809	7.10203569535253	1.40214103841704	0.237744534346747	0.520501740828605
DDIT3	0.418634937079976	4.07876485905862	5.59214959153475	0.0189804093895738	0.151394742348455
DDOST	0.158656698775987	7.94546142887257	1.60809255392681	0.206206803517433	0.486776630568106
DERL1	0.380162370703865	7.07738611556911	8.42977694418332	0.00409785195679008	0.0701817306108262
DERL2	0.0497131205027341	5.5338153543429	0.177739960945568	0.673767030504581	0.845332667891759
DERL3	0.508826955492249	4.17505604938194	3.21935566318322	0.0742543664443679	0.294560852300841
DNAJA1	0.257330810747773	7.92172498169293	3.8931886942327	0.0498339356285038	0.241343434128897
DNAJA2	0.109575000837915	6.48244319020236	0.556554424083233	0.456511444492685	0.703583375109767
DNAJB1	0.016757120918689	7.5543477498558	0.0159456752352724	0.899637788628406	0.958604077566324
DNAJB11	0.17198483423105	6.30703385546776	1.49637785773018	0.222641982571873	0.504749875251094
DNAJB12	0.100323301959514	6.13712298909481	1.06472606942591	0.303362632685267	0.582169698043418
DNAJB2	0.30739771862239	6.81594784244022	5.24579508476486	0.0230231384142777	0.166509763662908
DNAJB9	-0.105021120808132	5.49683709531498	0.456873369008774	0.499855088375547	0.736613548916565
DNAJC1	0.23798290447984	6.60618068969027	1.0270169443974	0.312061891211878	0.589065258779938
DNAJC10	-0.278455858454558	7.52974528583054	2.9678748281937	0.0864501875252599	0.318694114982563
DNAJC3	0.0469591872120574	6.95092841928722	0.0978730854846414	0.754716983795091	0.887391504619257
DNAJC5	0.394588546317041	7.00193173068178	10.4389919079284	0.0014386303532902	0.0374845052714508
DNAJC5B	-0.276878537382995	0.190216508306986	0.591721265552089	0.442644820114167	0.693850991228333
DNAJC5G	0	NA	NA	1	1
DNAJC6	-0.336265895348896	2.70509255294182	0.760175885217081	0.384299402264778	0.650873087402417
DNMBP	-0.406302424026034	5.31180119972561	2.88154808893937	0.0911262034452042	0.328023868147509
DOCK5	-0.201539422796941	5.2343611192663	1.04965394923782	0.306801258424544	0.584816542062257
DOLK	0.157165516554222	4.65684695693684	1.50956532797948	0.220622211032524	0.503027984604066
DOLPP1	0.192175967005173	4.64703806080177	2.27248480712087	0.133237064795436	0.39548727641209
DPAGT1	0.304825004422798	5.72875265931327	5.49477631227822	0.020035990967115	0.154711846509667
DPM1	0.216816250058384	5.33498821969919	2.5782531111853	0.109889440007825	0.360330276447433
DPM2	0.282168428806435	5.92272172551924	4.1457792842207	0.0430321640776257	0.223614957589785
DPM3	0.40624807702951	4.49378610638657	3.4329378986994	0.0653540463731006	0.27709257856828
DPP6	-1.25410356799485	-0.127831305189008	3.1785617546049	0.0760987484586022	0.298458621591622
EDEM1	-0.325236024140422	6.57784310753638	3.8461572732679	0.0512221282848318	0.245191131433889
EDEM2	0.608300353656049	5.2237467849455	23.113178887781	2.96233618651001e-06	0.000503636129814418
EDEM3	-0.203643461499785	6.72882827906814	1.3109624291872	0.253563230655112	0.53534145867155
EEA1	-0.250001026101325	5.37235971023481	2.49559310623459	0.115716060671346	0.36854271025069
EIF2AK1	0.341087533838338	8.0626363728544	11.346845123971	0.00090362478022068	0.0285657448635435
EIF2AK2	-0.133423735787758	6.81806682148	0.708808430426528	0.400826457564284	0.663481662060993
EIF2AK3	0.0533884231142728	5.43572730116097	0.160534932906346	0.689084184029292	0.853454595768692
EIF2AK4	-0.121536079717858	6.37077965626652	0.996166520587187	0.319423372403432	0.595118484992348
EIF2S1	-0.125925799134078	6.43657457253783	1.59181533488112	0.208508992288637	0.488689404926805
ERLEC1	0.0315089726514673	6.62081906062083	0.0687525884206188	0.793426569060637	0.906242183322209
ERN1	-0.30989159434896	5.5545751398359	2.61647030805735	0.107306059522853	0.356106740746059
ERO1A	0.0363510476477307	6.12983227635902	0.0457948946498381	0.830763007468081	0.924652323154025
ERO1B	0.0425912080265393	4.40180978905127	0.0247527752749418	0.87514041409517	0.947836487051441
ERP27	-0.933883747076406	4.54786237950494	5.44415724359612	0.0206087370271088	0.157146940765578
ERP29	0.322026788903593	7.32454964197835	5.0658703307802	0.0254691584014448	0.174537418802534
ERP44	0.0392000817542041	6.26793007338653	0.0902257404688179	0.76419653250326	0.892420208457193
EVI5	-0.0381712799949516	4.38445315654987	0.0915747651779811	0.762493249838601	0.891594044598862
EVI5L	0.243855263798866	4.44851817842366	3.29628274016274	0.0709065028314837	0.287755888251112
EXOC1	-0.0953390651979011	5.53132685416435	0.998726978981944	0.318803751952926	0.59466771747997
EXOC2	-0.283194134704513	6.27904850434464	1.32498786009478	0.251047461614651	0.532536922001308
EXOC3	0.279962722773834	6.00274214568967	6.4637933486722	0.0117522917977769	0.119283518059088
EXOC5	-0.0139753968199184	6.11608141494445	0.013647797326844	0.907114729424339	0.962064304267576
EXOC6	-0.174112206093355	5.14493244380823	0.956861989926983	0.32913842395517	0.60349050318217
EXOC6B	-0.0715706267388204	5.26715424516131	0.277501553411873	0.598916340292533	0.801518520124341
EXOC7	-0.0882646256284217	6.21839491273901	0.462644563232958	0.497162508204807	0.734522063647684
FAM71B	0	NA	NA	1	1
FBXO2	0.402818254479189	4.22250931736048	1.30675280975425	0.25432439455178	0.536044712842711
FBXO6	0.223989726428538	4.35111886958017	1.64453592114336	0.201160889347842	0.480722761077527
FBXO8	-0.0132874151382826	4.45890140552997	0.0134669461509728	0.907729417916805	0.962400246894481
FUT8	0.0318065985174247	6.4644382017535	0.0186866232487906	0.891403636659561	0.955001314978567
GALNT1	0.261519332861813	7.23162351014484	3.44640771828267	0.0648326534236005	0.275779887923294
GALNT10	-0.0752558003611411	7.28814753981958	0.136820256338796	0.711846865037124	0.865836283758709
GALNT11	0.0160142451523809	5.81471709376168	0.022348187274572	0.88131237695528	0.950877390136696
GALNT12	-1.12038539963787	2.01070219562419	6.90780737008523	0.00923542044358772	0.105369419471609
GALNT13	0.751498757042758	1.55486348900735	2.35044423866512	0.126798089011969	0.385475891319977
GALNT14	0.384043020641535	3.17774230476763	0.870250787397003	0.35198969496667	0.623109003561914
GALNT15	-0.597118193039721	3.75182409597867	2.70080118477093	0.101839583178415	0.346644451252091
GALNT16	-0.891513265895912	4.76451496938406	5.94018855517594	0.0156573038837738	0.137577710630562
GALNT18	0.500558208396637	4.2994251131324	7.19613551080897	0.00790561668519988	0.0971454809219854
GALNT2	0.0552074818584702	6.72057596594948	0.151867422256481	0.697164048579754	0.858025168087186
GALNT3	-0.255856770254789	5.63133832432332	0.46678577461681	0.495245510843684	0.733315346836685
GALNT5	-1.6950992869998	5.18242118767038	8.03122249239365	0.00506023047923485	0.0782096148590831
GALNT6	0.182772946374871	7.91285453453189	0.316871181639672	0.57411273966647	0.785038328476718
GALNT7	-0.334758862999851	7.02544218514258	1.49124054974105	0.223434824295683	0.505152333550946
GALNT8	-0.350944911873312	0.0994764246767727	0.930818085449818	0.335793787041127	0.609637701610005
GALNT9	0.142231374435118	-3.02946860055007	0.143787817650798	0.704938833229174	0.862237485510999
GALNTL5	0	NA	NA	1	1
GALNTL6	-0.57676658227098	0.437468994065675	1.46711079668417	0.227204647055059	0.50855913085161
GANAB	0.158285733390269	9.08226617299996	1.99402714264637	0.159445437716221	0.427381910741891
GBF1	0.128144810266829	6.99828181349895	1.57324567915928	0.211172881326966	0.491102375742571
GBGT1	0.105764494430275	2.70362363018868	0.306312102441912	0.580558713318183	0.78995357358722
GGA1	0.200776170202233	5.96313407825318	2.58423007873751	0.109480912203933	0.359578660087025
GGA2	0.0721190864080365	7.13049619256901	0.257067990053278	0.61268980223938	0.809676321275202
GGA3	0.38859392146111	5.4618629629477	10.5259513468168	0.00137568354138681	0.0365369106644583
GIT1	-0.0147877882198572	6.50866790843127	0.00874265594403344	0.925596476374231	0.969910252830963
GIT2	-0.0830324684652244	4.88239289067079	0.498266444772993	0.481068880292207	0.722422583668699
GLT1D1	-0.539682525843177	-1.26636949056817	2.28190678484591	0.132439689544427	0.394343410209365
GLT6D1	0	NA	NA	1	1
GLT8D1	0.0653131434415456	6.01216983240618	0.471224545095418	0.493204583126251	0.731658611508644
GLT8D2	0.0547881176898323	4.48857153956229	0.0425135711837321	0.836849730136243	0.927775685949976
GMCL1	-0.037488897341376	5.24388340028758	0.11164830873508	0.738618871127631	0.879968137369427
GOLGA4	-0.23660518402842	7.36744036457481	2.49313007506574	0.115894861741622	0.368725213844055
GOSR1	-0.150299901678526	6.11431041900574	1.35721884611955	0.245381778779354	0.527682110944167
GOSR2	0.43685712232647	4.54980790859967	16.4122481591006	7.24228318898148e-05	0.00542478499042491
GPAA1	0.335681361149355	7.22047065571141	3.98378118000007	0.0472715870370797	0.234066363711863
GPLD1	-0.753991846514437	0.38414085856229	5.49554216072813	0.0200274541285207	0.154711846509667
GXYLT1	-0.085713339455831	4.94904605000629	0.44674076130007	0.50464304846024	0.739662279978988
GXYLT2	0.102552363833907	4.57532525254678	0.104146094989157	0.747240593480434	0.88395527085482
HAS1	-0.960307187374337	0.390753965714404	2.89635321653419	0.0903050167128303	0.326295056193087
HAS2	-0.520403252688801	2.80665143843774	2.30636739641361	0.130394524835997	0.391117514218846
HAS3	-0.851119959734673	2.55422043881858	4.72577565222557	0.0308660934081074	0.19050029437751
HERPUD1	0.232521889082413	7.08639404528621	2.61068686722107	0.107692654308619	0.356893984986177
HSP90AA1	0.171441684032352	10.4849678319434	1.31470256857881	0.252889319295028	0.534486447143381
HSP90AB1	0.354537493122376	10.7648091894931	6.75450605272334	0.0100345297452782	0.109460665967699
HSP90B1	0.127798909718189	9.90179063052215	0.858122632227437	0.355360203025885	0.626245400286568
HSPA1B	0.375470570097361	7.00929017403971	3.33619781847618	0.0692339369462485	0.285122453954574
HSPA1L	0.489177961980682	1.96289678593485	11.5661569342307	0.000808139697448137	0.0273670452614789
HSPA2	0.193473014700828	6.19263202223069	0.273493081862622	0.601566210097313	0.803020507326554
HSPA4L	0.381229290351638	3.70326032328521	1.91318254059935	0.168123480830403	0.440097952959812
HSPA5	-0.0398865833361328	9.73046151729446	0.0716921716595138	0.789159501553641	0.904286087227261
HSPA6	0.116676904601793	2.88072169231993	0.158233738278445	0.691204228408228	0.854523258409101
HSPA8	0.281049169194569	10.2803955945039	3.61711357996037	0.0585982952221486	0.262980947077489
HSPBP1	0.186832449744434	5.40584484318306	1.15397055004729	0.283989649486007	0.564571161013724
HSPH1	0.346189006147599	7.39247774137736	4.11827272238684	0.0437225558685761	0.225299758475722
HYOU1	0.153613064681147	7.6510895226309	0.842673448007178	0.359718314434136	0.630296623868006
IFT27	0.157049030407511	4.68789529801942	1.30659703807938	0.254352614692258	0.536044712842711
INPP5B	-0.117959678094941	4.47225345206585	0.917192500908345	0.339347864600274	0.612090983248432
INPP5E	-0.043466934823827	3.89586703986929	0.101823188924655	0.749979412260134	0.885465181255711
IQSEC1	0.240439934009832	6.2463214148458	3.94980961157974	0.0482156319659416	0.236879916590088
IQSEC2	0.388208483552981	5.06190558745696	4.50999555816959	0.0349030760942433	0.202053156905788
IQSEC3	-0.664234267997465	0.835318538846517	3.61702202018049	0.0586014614033622	0.262980947077489
JUN	-0.633776916961301	7.89874901397495	6.59431825145376	0.0109462280501759	0.115269936948918
KDELR1	0.398019814715294	7.93310852667233	9.95978500691804	0.00184233224622464	0.0437587774879938
KDELR2	0.520384387519161	8.44948728327902	16.7942783737995	6.0119835687827e-05	0.00472223949496908
KDELR3	0.273564276060929	5.46008440900994	1.28755952792029	0.257830933859357	0.539636876478355
KIF20A	0.245700166701063	4.8243718046827	0.744356801184205	0.389282864652738	0.654973466469978
KIF23	0.124407156726225	4.65623067800094	0.306165846852252	0.580649012648273	0.789993249702889
LARGE1	0.0289359011837846	5.43386019829201	0.0195517977994056	0.888934174312849	0.954138433817605
LARGE2	0.782722275540241	4.46860717263151	7.37657613923806	0.00717543609723642	0.0924826033041314
LMAN1	-0.0598156455942208	7.73311351272533	0.170481483630544	0.680118288494072	0.848547863446251
LMAN1L	0	NA	NA	1	1
LMAN2	0.122027318066372	7.60427183986443	0.678850892959701	0.410945813511541	0.670202186900287
MAN1A1	-0.456765659187806	6.53829994565894	3.4564672099875	0.0644461860857834	0.275384102926715
MAN1A2	-0.413764362520139	6.580084039252	3.8049594242446	0.0524720132867549	0.247848979593551
MAN1B1	0.223912574385304	6.68733502137539	3.25870926592434	0.0725208539051508	0.290870872680268
MAN1C1	0.0635126632589699	4.50506098188129	0.0720308188190807	0.788673991019871	0.90405044694533
MAN2A2	-0.123580045977176	5.60700207842302	0.832736500761827	0.362560582393559	0.633246119745324
MAP2K7	0.0790656814514654	5.31626370162448	0.502311023851512	0.479296299626613	0.721121039529048
MAP3K5	-0.174395158009145	4.65883194981603	0.597575679155992	0.440400102612396	0.692137654424956
MARCH6	-0.000162005286723229	7.60102473100454	1.86359419119831e-06	0.998912115254431	0.999685805995082
MCF2L	0.16991112934712	5.97030400078303	0.886845824415548	0.347448362142056	0.619011414993106
MGAT1	0.184092398842656	7.24422945775644	2.64021842487707	0.105734613068854	0.353570635471703
MGAT2	0.0436653963217425	1.295170569858	0.0321039938385055	0.857977602061041	0.937791323625228
MGAT3	0.110932136377464	2.73630549329302	0.0977073857515195	0.754917993722346	0.887425142728927
MGAT4B	0.28173686092074	6.72377083466617	4.95158560018853	0.027162854403764	0.180447939203617
MGAT4C	-1.42638661732363	-1.96961266961025	4.10500443130558	0.0440597691575544	0.225833360721306
MGAT5	-0.191312784490517	6.44686412767644	1.45421660233398	0.229250623725872	0.510887437625524
MICAL1	-0.0683228902190988	5.2954664041692	0.143830510404668	0.704897101312922	0.862237485510999
MICALCL	-0.716948842868835	2.27536841683623	4.98302725776865	0.0266854375256113	0.178593252602081
MICALL2	0.119016763240949	5.03745638333234	0.365008725035189	0.546409500793736	0.767199908693927
MOGS	0.262809646122827	6.24896238487844	5.38543240289143	0.0212946625363718	0.159825551558759
MON1A	0.287758828397916	3.44072107280713	5.74334031557285	0.0174547662010937	0.144711603518981
MYO5B	0.246267972606528	6.68636326911646	1.56144150933222	0.212887340056644	0.493623565881004
NAPA	0.0636740110354889	7.01976392179867	0.232873833775349	0.62991895124452	0.820358087893004
NAPB	0.0465340818433419	3.95924901363688	0.0876361631042044	0.767505483760479	0.89374491776381
NAPG	-0.0396412213674178	5.25605188676777	0.111311845946389	0.738998532296852	0.880095860252327
NCKIPSD	0.148405809861497	4.81759235024819	1.72446816964532	0.190595429897649	0.467891564232733
NDE1	0.0540147452503667	5.56665963422768	0.13624071351201	0.712430398320665	0.866070878099734
NET1	0.164853252746128	7.69933364457489	0.663739476756465	0.41619379574875	0.674124814431953
NGLY1	0.0618289995735471	5.14207570002213	0.438286990670297	0.508698261308452	0.742181395593272
NPLOC4	0.277083398110409	7.0447297176489	6.08195920928178	0.0144827020772133	0.13230630981397
NSF	0.431234093613039	6.03507159096896	8.63838966865367	0.00367120843690445	0.066095431594347
NSFL1C	0.416937205161236	6.46597279167782	19.5534475199067	1.59031464172444e-05	0.00180249609523873
OCRL	0.102591710865486	6.0328707280688	0.640802823272426	0.424352351245944	0.680685359884168
OPTN	-0.0579378112920575	6.61550431580335	0.0968613450726992	0.755947252437505	0.888084234099651
OS9	0.209218851559986	8.18502036661127	3.12793375194131	0.0784570602173044	0.303017090141321
OSGIN2	0.026328304457427	5.77629299091424	0.0225987783540679	0.880653801177264	0.950692929814699
P4HB	0.249136993491518	10.0148329060572	2.25222365217446	0.134970115612085	0.398025530942316
PAK1	0.456063203232565	6.86063693871605	3.10025991176607	0.079779546454335	0.305262164441671
PARK2	-0.293595331107752	1.4250730069291	1.78794424580631	0.182667284996209	0.45793546230818
PDIA2	2.64910414150349	-0.637825708301288	32.7263247662217	3.74606725808598e-08	1.24110089850587e-05
PDIA3	0.0188877652104073	9.45534183375486	0.0154044314619222	0.90134686607232	0.959303549332914
PDIA4	0.142272458480453	8.14657434683445	0.749846175074026	0.387543131415965	0.653537101613004
PDIA5	0.236772831940583	5.13308470997609	1.94354361873181	0.164802266370429	0.435533627913426
PDIA6	0.138102705194755	7.68306382326703	0.726288926305147	0.395089052676563	0.659937386029845
PDILT	0	NA	NA	1	1
PGAP1	0.170325438169776	3.85408086888363	0.570152274087172	0.451070082297886	0.699295282664945
PICK1	0.22592692390165	4.68266846988677	2.05208358182432	0.153530018208749	0.420031991196818
PIGA	-0.0699593371297123	3.60793474443053	0.362148938121475	0.547984012837182	0.767866980790503
PIGB	-0.172678877455911	3.62364967733644	1.97615276988121	0.161318905330956	0.430324529036341
PIGC	0.163008809828017	5.57888310277303	1.49902188477559	0.222235250119769	0.504498091520389
PIGF	0.172185208885662	3.62958584455981	2.54256371126177	0.112364248429432	0.364026427087172
PIGG	-0.145566121190777	5.64085189882736	1.60743130281441	0.206299737685696	0.486776630568106
PIGH	-0.249646706166539	4.13902921826237	2.78209930199553	0.0968587809183585	0.338200866976384
PIGK	-0.277043724874714	5.63276066781078	2.90253147079811	0.0899647265953381	0.325497943267842
PIGL	-0.444618597804884	3.05788742231779	6.6744609983315	0.0104798534351693	0.112256034815326
PIGM	0.179831505727575	5.26409283311964	1.78715345805121	0.18276365528145	0.458007988729949
PIGN	0.130947263599451	5.53373769889369	0.735708417011551	0.392046609725292	0.657405002175135
PIGO	-0.106147192071008	5.89151817838493	0.40981141616534	0.522784247095925	0.75196429441461
PIGP	0.287789214236932	4.35006525430729	4.32262534566061	0.0388603494908473	0.212355498317293
PIGQ	0.0534263831945007	6.47907633357826	0.0771627666780108	0.781461386561521	0.90033549494083
PIGS	0.236996933568683	6.33301967084887	2.26298591338136	0.134046420350135	0.396676292465212
PIGT	0.111390885469857	8.08835422189118	0.418379389933693	0.518474578847282	0.74914134157733
PIGU	0.819539839763989	5.14810953862667	35.8306100394667	9.56502404171876e-09	4.11965585476827e-06
PIGV	-0.0354875587923783	4.6073121801813	0.0568302829505867	0.811817335566853	0.915425940825772
PIGX	0.151132463180737	5.55708396873262	1.17874998308191	0.27889309174105	0.560388405005227
PIGZ	0.042671653812043	2.83179330353855	0.0560979189958841	0.813011051529623	0.916072047496349
PIK3C3	-0.0394642343767682	5.48453726609824	0.119034961628051	0.730439303645794	0.875876408742731
PIK3CA	-0.124548816257521	5.29249215385034	0.753678960921883	0.386335012080279	0.652271617808609
PLAA	0.064751434260484	5.63661428673673	0.342493129293493	0.559041041409805	0.775289180643565
PLIN3	-0.000552421412743458	6.43258374605959	1.54965169594461e-05	0.996862936791527	0.999066589589553
POMT1	0.236427227202506	5.18313206323016	4.22060978702983	0.0412117987923014	0.21917993504644
POMT2	-0.0833491262555022	4.85771751356405	0.447070849333638	0.504485836566796	0.739599647617811
PPIA	0.468053162944359	8.68277980304274	11.6224559744671	0.000785331420619722	0.0270385754668147
PRKCSH	0.17020091246737	8.33946815582144	1.48868371918874	0.223830688141228	0.505562746213043
PSD	-0.0605325174687406	2.15341144693401	0.0621125451204339	0.803438586348054	0.910730605262195
PSD2	0.587593656720009	-0.907965501545845	3.46518942113676	0.0641130987723125	0.274989327547568
PSD3	-0.717355806109003	6.21416386591638	2.93268089825945	0.0883241115682706	0.32206048591468
PSD4	0.130200958769429	6.65476332228387	1.09978314750613	0.295555678923172	0.575169709165648
QSOX2	0.218090882444447	4.16967645161982	2.30645115653521	0.130387582827728	0.391117514218846
RAB10	0.0990032017715518	7.6184662693022	0.926047809649884	0.337032328278553	0.610511106420175
RAB11A	-0.119439585708189	7.85980431063128	0.747858705294984	0.388171725516136	0.654047970971376
RAB11B	0.175792409789018	6.62942720460112	2.00402807281925	0.158408096130868	0.426148450990412
RAB11FIP1	0.242725925882525	6.99344768287361	0.54632458963936	0.460673762869651	0.706644393539302
RAB11FIP2	-0.2226240079702	4.35090079388522	2.8134503001836	0.0950100485027235	0.335010243349498
RAB11FIP3	0.185784630380282	6.25003072233203	1.21413041062487	0.27181515176262	0.553090326917292
RAB11FIP4	0.163128005902421	5.79359918548517	0.806182513155959	0.370310742882512	0.639848235996915
RAB11FIP5	0.0492163055188387	5.94897646054263	0.161821505801602	0.687906571793557	0.852840094417204
RAB12	-0.067803374642027	5.37943411422139	0.231103555650367	0.631222394978722	0.821062522325471
RAB13	0.351751176720187	7.08550199217878	5.38744617213795	0.0212707508374011	0.159762858900968
RAB14	0.0116330109254342	7.3513079564397	0.00910371865934979	0.924080210921326	0.969299602694848
RAB15	0.22425605992169	5.55963350195005	1.39863620618993	0.238329840407	0.520926984335422
RAB17	0.192438599939461	5.08788221145678	0.634639744068233	0.426585512180572	0.682420626827432
RAB18	0.0991658066004956	7.02508462787217	0.605648931016137	0.437333304614383	0.69002028008118
RAB19	0.306503790771071	0.595961075952699	1.47809179726242	0.225479628440964	0.507167251995073
RAB1A	0.122920328622679	7.65237265702748	1.5301312822841	0.217516126135704	0.499249643094313
RAB1B	0.61258386957997	7.86253658776896	22.4955762157006	3.9546938544235e-06	0.000626976678441791
RAB20	0.381677553640851	4.63441951942225	3.57972507913762	0.059906576823761	0.266134735822526
RAB21	-0.0493878676262048	6.38557589423868	0.189251141827688	0.664000911268622	0.839815561325555
RAB22A	0.406312188222126	6.35009444287874	8.93859564060505	0.00313570495869198	0.0604272092039657
RAB23	-0.252578004961645	3.87127232940108	1.25207262564948	0.264474021585548	0.545976806663502
RAB24	0.151749249816247	3.02796015127731	0.424505862411048	0.515431219126653	0.747067315848351
RAB25	0.29648599549204	7.03936448564263	2.54674649742099	0.112071030478513	0.36374523607457
RAB26	0.741254490098221	3.6675090421252	4.45842420742701	0.0359479392858486	0.204843803092591
RAB27A	-0.360269833395427	5.04668143724344	3.87795999999004	0.0502789905154392	0.242680177979077
RAB27B	0.290129092744324	6.33077958090526	1.21538362070905	0.271568622764433	0.552806329222408
RAB28	0.0893836372569123	4.05354845965156	1.11068498151684	0.293180873032739	0.572796561647542
RAB29	0.605216411784781	5.12135194994563	8.68647059627239	0.00357951091740455	0.065464770790919
RAB2A	0.0759939325760872	7.74880592239264	0.345035497281356	0.557587137267097	0.774270112910065
RAB2B	-0.239109818535081	4.69777322107899	5.69587424795404	0.0179194877074854	0.146914784688083
RAB30	-0.495748241057994	6.52623256975767	2.16720546095846	0.142524702866598	0.406705319288718
RAB31	-0.127494797671114	7.8405131930895	0.236010426185482	0.627624432425214	0.818814144927927
RAB32	0.160530986650571	4.47853079654707	1.2466457440591	0.265508665326708	0.546584476170858
RAB33A	0.0775110627019533	0.0707409326712502	0.0855740790359234	0.770178648801472	0.894917115212574
RAB33B	-0.276670370612082	4.08697792040128	4.52927232558394	0.0345207822164905	0.201146799106775
RAB34	0.186597315790665	6.15557755771375	0.921725508448094	0.338159877177044	0.611142565634602
RAB35	0.218327708306814	5.86622001133305	5.90738401142033	0.0159429328553777	0.138533043325041
RAB36	-0.126844149020656	3.91940992171099	0.159820752561639	0.689740246537909	0.853947515006095
RAB37	-0.00416254082404574	2.33884903010632	0.000273471181761552	0.98682219001523	0.995596109316499
RAB38	-0.639991663207959	3.38439115425928	2.75220608801386	0.0986583829297136	0.341485391329984
RAB39A	-0.0722476678959957	-0.567985611116944	0.038313954475126	0.845009073235456	0.931600873317008
RAB39B	0.0238241299403427	1.87894591810278	0.00312605392922803	0.955467379808536	0.982275298998247
RAB3A	0.489337818838186	2.69693577724426	5.59371932128084	0.0189638753634635	0.151383938871265
RAB3B	-0.477041830547246	3.46606964444024	0.715789794696625	0.398520629694948	0.662281960787072
RAB3C	-0.730843883390167	0.614754243789438	2.93666935493253	0.0881095333175285	0.321736125475706
RAB3D	0.20442424730896	6.16254678440727	1.52362618151117	0.218492884988553	0.500380462059038
RAB3IL1	0.407521699552367	4.05075161558405	4.82034170618377	0.029254548212981	0.185935619871514
RAB3IP	-0.209509359249374	5.19134618447676	1.47347789023355	0.226202498759744	0.507644374550526
RAB40A	-0.315955941068571	-0.978605359127148	2.00053978053852	0.158769037009596	0.426748738512483
RAB40B	-0.0104040348425053	4.35618625927918	0.00426094211302621	0.948018318306564	0.978795919304
RAB40C	0.372707035492087	5.45810392521761	5.35964931926073	0.0216033050335735	0.161210686883513
RAB41	0.611008446688217	-0.752343960652411	13.7591888372737	0.000267937241041096	0.0137287903634554
RAB42	0.196034154468534	2.33339326418613	0.881058307927775	0.34902301149172	0.620445571300731
RAB43	-0.00769702633727713	1.15317215397398	0.00144758933211316	0.96968729089137	0.98917060637172
RAB44	-0.534298970594147	-1.29454475470652	2.27122578813143	0.133344023060454	0.395629302849961
RAB4A	0.149716706629687	5.73510900552398	1.30127008733418	0.255320001931223	0.536938706650155
RAB4B	0.123690166848067	3.87001455636508	0.548194076756833	0.459908616374202	0.706287603350807
RAB5A	-0.253646293148154	6.24413739835039	6.03626839875405	0.0148509256318878	0.134302246974401
RAB5B	0.114708727399738	7.97134486367722	1.22610698403996	0.269470597282028	0.550634076513563
RAB5C	0.16839626741558	6.8694757667288	1.8312429395783	0.177479838011662	0.452489539650489
RAB6A	0.161164021940989	7.59713111360856	1.19603367446567	0.275406739702703	0.556371206455961
RAB6B	0.843577856990375	3.1516321106347	10.0938786624333	0.00171889867402988	0.0417087131777279
RAB6C	-1.13607781842434	1.54411848444426	6.65011711167882	0.0106193035541474	0.113071298906583
RAB7A	0.274111777629836	8.29191600719404	7.28041911481396	0.0075554615708254	0.094872807538032
RAB8A	0.0275121551843299	5.72692222775639	0.0751204160590867	0.784299926470637	0.901471003020869
RAB8B	-0.322636496905711	5.08399220477145	4.56269331841212	0.0338684018529555	0.199551031816228
RAB9A	0.208918432635017	4.87274071544765	2.79054636217793	0.0963568134951062	0.33740439159209
RAB9B	0.416895918348937	1.31384097530869	2.9240523266156	0.0887902819063774	0.323035121079066
RABEP1	-0.0970135868262508	7.63554427282623	0.202963713230471	0.652818057460199	0.833792529080535
RABGAP1	-0.0981721516047256	6.38267794545874	0.882582570347792	0.348607351930027	0.620194934882191
RABGAP1L	-0.170956553867305	5.92150382904895	1.2126966858589	0.272097536774097	0.553403474367717
RABGEF1	0.413583983035367	2.40635404821064	7.98331004585465	0.00519062502002183	0.0797054898580576
RAD23A	0.280218142821969	6.53041227566314	7.01127231066318	0.00873349820976047	0.102215154319126
RAD23B	0.115456279478488	7.99372277102302	1.40081559360339	0.237965676830236	0.520730893650702
RALBP1	0.157703181007852	6.66501614516925	1.42876865717517	0.233354462377651	0.515106006386201
RASEF	-0.263054041601581	6.39421196600781	1.02275562272101	0.313065354672849	0.589885140350177
RBSN	0.310691598617625	5.39644770192178	8.0491248887109	0.005012377188641	0.0780962975102727
RBX1	0.242478416747575	5.89062123409565	3.32203733276169	0.06982238240128	0.286404762859346
REPIN1	0.109664268722548	7.11880137898491	0.670861783652077	0.413708007441503	0.67251948973412
RER1	0.0794522854205883	6.82719473232251	0.599827081324617	0.439541538209793	0.691736578316528
RFT1	-0.0412570216267157	4.72269923732105	0.195853580524423	0.65855804088017	0.837110521024365
RFWD2	0.236646617116837	6.07032614931502	3.98842943290738	0.0471439517523428	0.233747889712978
RNF185	0.000893254095907582	5.54908077557926	5.23982139640986e-05	0.994231514845886	0.997899980838443
RNF5	0.398964273777229	5.59315421945359	10.7344356979352	0.00123597362124134	0.0341970346039816
ROCK1	-0.0713095009420958	6.32443313288316	0.226144467511599	0.634906780266909	0.8222130301006
RPN1	0.255353505542078	8.65253583316361	3.70007086554197	0.0558034417830476	0.255686621020836
RPN2	-0.00559704357563579	9.02237587439703	0.000933293447984616	0.975658430578309	0.991919368044919
RRBP1	0.554999459017797	8.49622400463501	11.8776865250679	0.000689879545978226	0.0252004421475026
RUFY1	0.0184500468294526	6.19208718881432	0.0326174074324825	0.856858735497072	0.937095629773566
SAR1A	0.0767161748620422	7.26273979070195	0.756281655556374	0.38551769392723	0.651679385910499
SAR1B	-0.129680052624709	6.44827870123174	0.846067199182603	0.358754663871448	0.629519795190192
SEC11A	0.123352487045637	6.98919617310768	1.29952885112239	0.25563720289534	0.537335706381369
SEC11C	0.272121218344709	5.78478511959072	2.54450692049266	0.11222792163107	0.363984700597769
SEC13	0.35405808763283	6.88725815529816	9.55918825884718	0.00226791541724628	0.0500490778928083
SEC16A	0.231215103254241	8.07305914903694	3.04721187713924	0.0823828063246775	0.310250142967402
SEC16B	0.0737512597375415	-1.76338928268599	0.0627912746712144	0.802389823702552	0.910603742660461
SEC23A	-0.0275695465387769	5.98739437174139	0.0304156803712532	0.86172350702	0.940200923302125
SEC23B	0.114928309382245	6.88712289203514	0.635211144537121	0.426377722880711	0.68221943073922
SEC24A	-0.0360969896081842	5.6398728260968	0.0635809155803544	0.801177237627202	0.909986909931529
SEC24B	-0.216679990064948	5.89066719348521	3.02391135559377	0.0835553113526221	0.312388235258672
SEC24C	-0.0886325348318187	6.12501200768992	0.226526435175704	0.634621240996777	0.822049228563344
SEC24D	-0.0264368479678173	6.76168536506162	0.0234741543818645	0.878382067522009	0.949564206946586
SEC31A	-0.0783607814420243	8.19693726697834	0.435270532413593	0.510158877518916	0.743168216768815
SEC31B	-0.184052533436165	2.65054185727272	0.550281433582618	0.459056684814631	0.705749470461045
SEC61A1	0.270457713538468	8.8742453611055	5.28330780664199	0.0225448620744047	0.164810276018887
SEC61A2	-0.0161337111158212	3.44960913678984	0.0122561320300272	0.91195730445054	0.964387802478246
SEC61B	0.0963191571261852	6.4064178621953	0.397049341079889	0.529322861648132	0.756861693726058
SEC61G	0.512200508361773	5.82652554517107	10.2865919370218	0.00155613662883373	0.0393672302251522
SEC62	-0.134199397616048	7.61584287027821	0.860161578371886	0.354790473031532	0.625750437078955
SEC63	0.0548622069105301	7.25635642195756	0.2114031824419	0.646159903376939	0.829100364692683
SEL1L	-0.234188999880811	7.58083464606644	2.16436324143896	0.142785389790234	0.406954896102263
SELENOS	0.261417868427209	6.17121438867539	3.57936398218322	0.0599193637245205	0.266145788478697
SGSM1	-0.145707838188231	1.91260888997853	0.304003494826961	0.581987366137062	0.791168145404742
SGSM3	0.41831560908514	6.02193452991442	7.20365658588964	0.00787370131566773	0.0969376795614509
SIL1	0.153201129478032	6.17310538834285	0.774983644150998	0.379716584831197	0.646711305848326
SKP1	0.0871864140824737	8.32446947213045	0.465485698660467	0.495845978254894	0.733550021185194
SMCHD1	-0.191547081221386	6.20684949535649	1.49736392509075	0.222490190455991	0.504704310196956
SNAP23	-0.0311171939443804	5.90649971770311	0.0692088211878993	0.79275799316031	0.905850466418842
SNAP25	-0.995685979170761	2.06969856552232	2.13691738972049	0.145330700007991	0.409824961764132
SNAP29	-0.106692414188043	6.04215354780644	0.7106135554141	0.400228397100887	0.663248145587447
SNAP47	0.441115161310715	5.58895407612312	15.4758918918651	0.000114562005939421	0.00743749067647137
SPCS1	0.0550604075055943	6.85103910288179	0.20538243695302	0.650893035345345	0.832362322812471
SPCS2	-0.121710475753633	5.76685007825689	0.492043488992718	0.483817334336652	0.724447955734523
SPCS3	-0.256546455229573	7.11954797481705	4.48495771034807	0.0354062979306724	0.203598030957818
SRP14	0.130937892070687	7.91561581397945	1.03308233126649	0.31064085894213	0.587928890931779
SRP19	-0.026566546249101	4.69740829282974	0.0557822695070603	0.81352808199328	0.916121101396585
SRP54	0.38116648516792	6.41692325528272	10.0964286271532	0.0017166351557536	0.0416929376832563
SRP68	0.19611247175384	6.76438914191812	2.66070571122358	0.104399343122062	0.350974908985669
SRP72	-0.133498417630619	7.27567060285076	1.40107911024374	0.237921690685082	0.520695488709678
SRP9	0.209396060492796	7.96590547235858	2.26359497791257	0.133994359177362	0.396676292465212
SRPRA	0.243086536101823	7.67207904510967	3.9825732785302	0.0473048146100222	0.234145484697764
SRPRB	0.384280216842186	6.61041957933868	8.28142011862075	0.00443197240548866	0.0734173275016911
SSR1	-0.14806676100909	7.9031430697454	1.43314157928824	0.232642962323311	0.51459038195318
SSR2	0.282030669007604	8.5900920097377	3.07656591916827	0.0809310814733269	0.307697661826352
SSR3	-0.0720930142522673	7.85482126654161	0.337673896168453	0.561817027370194	0.776970759996819
SSR4	0.279824537447701	7.63487080349356	2.20029632159547	0.139528928544437	0.404070342554496
STT3A	0.0918405727779377	7.70779372395016	0.491513847477508	0.484052455365697	0.724522649960054
STT3B	-0.00671485457739292	7.8354386125965	0.0029435366092628	0.956785647828306	0.983129986532532
STUB1	0.580991957205996	5.51629518531592	10.1220851143318	0.0016940296053299	0.041548796382469
STX10	0.446732903792168	5.20840230101002	9.90838077840814	0.00189202081689346	0.0446507926726735
STX11	-0.580692461060598	2.02523339227428	5.02600220959823	0.0260470748034612	0.176437354409186
STX12	-0.0289551131089503	6.02791459495961	0.0791119212512336	0.778789881963588	0.899112181233782
STX16	0.616674668670319	6.2174931957134	15.2888859880264	0.000125599856959058	0.00791646708179504
STX17	-0.198858781656535	4.39145596190424	1.76152364687225	0.185919431162294	0.462107332893719
STX18	-0.0477693699771257	5.22075105473243	0.230344753115045	0.631782979767066	0.821259751416619
STX19	-0.0237740266703793	0.274928851595098	0.00235791378361861	0.961318809857329	0.985223108639028
STX1A	0.212266491655614	3.18292284794672	0.80443748726949	0.370828129520369	0.640037732978136
STX1B	-0.3346102597877	1.50710591611066	1.49598355789966	0.222702714750854	0.504749875251094
STX2	-0.0185577419505797	3.64422523340569	0.0216442098814509	0.883182959034803	0.951442972627038
STX3	0.167585835310872	5.71664577560364	1.68604913658799	0.195589895823375	0.473882813413431
STX4	0.166952556407528	5.65541863444602	1.4719920219682	0.22643588836463	0.507771279687501
STX5	0.226656063959889	5.90626862241732	4.76881688669564	0.0301213409800424	0.188518323431342
STX6	0.197432682517578	6.28572127531233	2.5938467913729	0.108827130225132	0.358942016500047
STX7	-0.0134087054443805	5.95901846498525	0.0197291949645431	0.888434757312645	0.95381387357164
STX8	0.374971851008297	4.6340013038383	8.67338256155885	0.00360423654171437	0.0655920286697061
SURF4	0.256345485973853	8.17355378577363	5.94538523579047	0.0156125466265291	0.137324516651724
SVIP	0.019223258164722	5.50305468825306	0.0155692535762186	0.900823225065601	0.959131217590757
SYTL2	-0.0999504407125264	7.06701588510619	0.0910607542785303	0.763140616432663	0.891952953860374
SYVN1	0.192471398059702	6.68613191393495	2.15253826714143	0.143875783611781	0.407858490576529
TBC1D1	-0.165622660160064	6.11278522137897	0.906743171185785	0.342107936237326	0.613836215575548
TBC1D10A	0.164898886294832	4.46631221154299	1.52910214753539	0.217670304290876	0.499426610262562
TBC1D10B	0.222714461497012	6.41332607501907	4.74918207736805	0.0304587164886314	0.189405835121086
TBC1D10C	-0.032562469400137	3.38672724331445	0.00898663164436884	0.924568532770625	0.969339001709893
TBC1D12	-0.182422121068286	4.43386573948207	1.27172694060573	0.260768775320396	0.542281252794355
TBC1D13	0.01237665936873	5.49315252232043	0.0129214451191481	0.909609279318767	0.963444667438134
TBC1D14	0.0478703530135625	5.0153025145811	0.0601504630545338	0.806505057506856	0.912305159795328
TBC1D15	-0.0773380890082041	5.82215202564173	0.483488267863502	0.487638529520543	0.727109467482113
TBC1D16	0.0228170141297023	7.14147713672528	0.0184680934112352	0.892036550201664	0.955257316971238
TBC1D17	0.0340122997072288	5.73818902227706	0.0811253697472666	0.776067301895633	0.897897736752607
TBC1D19	0.0100597719670495	2.80406235963018	0.00645462292001271	0.93604514768247	0.973987519069952
TBC1D2	0.019453295599466	4.78412006308865	0.0173070433003109	0.895465076096881	0.95710658882788
TBC1D20	0.225306341843643	6.14825793571654	4.93056086338382	0.0274870877153013	0.181316669841275
TBC1D21	0	NA	NA	1	1
TBC1D22A	0.33725157666316	5.10192246043545	10.110544762358	0.0017041597424005	0.0415670985758097
TBC1D22B	-0.0744907777356547	4.46978070587245	0.396056693407059	0.529837584138861	0.757103324455119
TBC1D23	0.0314555528546547	5.49470797671506	0.0874299892129329	0.767771206229565	0.89384797546445
TBC1D24	0.158715711914229	5.21537834382028	0.986779324733371	0.321708696554894	0.597326924584824
TBC1D2B	-0.0761000116696766	5.81997810406537	0.288115048910196	0.592016430860472	0.797430842118011
TBC1D30	0.0415110458211207	4.51114997399056	0.0378765875557699	0.845885019555072	0.932248408194395
TBC1D4	0.097470754363715	5.61235349958884	0.296701730665345	0.58655306039324	0.794304050027884
TBC1D5	-0.182871481558285	6.20710899802861	2.08082680782425	0.150694360779028	0.416417323421078
TBC1D7	0.379276269475162	4.2433840353304	4.9761940943162	0.0267884404603681	0.178972822744786
TBC1D8	-0.579272184275155	5.68019732449045	8.81954303947304	0.00333777438064977	0.0624991063088523
TBC1D9	0.285315118346996	8.92130338644493	0.778474404422178	0.37864754689397	0.645747370608723
TBC1D9B	0.111188841223736	7.62554288172763	1.2388549921634	0.267002854489846	0.548306402235108
TMED10	-0.132961821993545	8.67919934764169	1.21100781990833	0.272430648033941	0.553732327079841
TMED2	0.0376923482627995	8.69865488946315	0.08861664053647	0.766246449413517	0.893453216100316
TMED5	-0.235634287471209	6.26317962094005	2.65235129505426	0.104941586308784	0.35187498032848
TMED7	-0.38277098289347	6.92296486893969	5.32582774834148	0.0220152719581187	0.162873935855054
TMED8	-0.385443917187992	5.61987963320077	6.03959560097926	0.0148237863444752	0.134269922094225
TMX1	-0.23012302794049	5.87980430038204	2.76001240200778	0.0981849178912335	0.34071366297103
TMX2	0.529262322350886	6.75261592310436	8.65166972266491	0.00364564307390606	0.0659277175058645
TMX3	-0.170002536262628	5.85503132812117	2.168005069327	0.142451460357408	0.406679499154589
TMX4	-0.116999901822986	6.3936067319078	0.42870329559857	0.513364140849629	0.745426539744682
TOR1A	0.00423772929602758	5.69118185479496	0.00214141157986421	0.963136065666562	0.985976581398233
TRAM1	0.108448487203428	8.15105789407059	0.552348902416812	0.458215337914769	0.704958760436225
TRAPPC1	0.395891552344468	6.18555155356512	6.89384500286696	0.0093054000002745	0.105534180529366
TRAPPC2	0.333606942738824	4.31807677757445	8.82267803964055	0.00333228572409828	0.0624912392468417
TRAPPC3	0.134487057966454	6.00985589412577	2.0968947976266	0.149135198495962	0.414335660166546
TRAPPC4	0.160132329799719	5.46557833481826	1.58728055427291	0.209155811989495	0.489462788337707
TRAPPC5	0.146501211243715	0.616014661830618	0.437293477913068	0.509178535156784	0.742514212179046
TRAPPC6A	0.399710535659025	4.84670788514196	4.50424057135989	0.0350180711583462	0.202356215311713
TRAPPC6B	-0.0445611205926895	5.04183746833198	0.19358106601251	0.66041890358906	0.838174512956548
TRAPPC9	0.493613390426691	6.00483842285129	10.3522131484357	0.00150438246987461	0.0386784617475103
TUSC3	0.184182030872117	5.67162137551878	0.46405890420621	0.496506390444803	0.733896822162936
TXNDC12	0.0353571079625068	6.28199793381026	0.106488099577766	0.744513203284485	0.882666598011014
TXNDC5	0.0205176531435058	3.05030286316726	0.00934795815309803	0.92307168574478	0.968972898368973
UBA1	0.334864964821693	8.88755888135215	9.85820609960779	0.00194184311344522	0.0450458794772455
UBA5	-0.0370901114491831	5.46416236204935	0.147088368945168	0.701733247786279	0.860092515143854
UBA7	0.0987495771968431	5.68609252414652	0.264348156581711	0.607705542688076	0.807004553180884
UBE2D1	0.0210388183579049	4.44005304655318	0.0330429427771612	0.855938253414301	0.936771754339968
UBE2D2	0.000723406396769451	6.62355978780929	5.94583633053888e-05	0.993855175284509	0.997678400361271
UBE2D3	0.0570933115051038	8.14743482678882	0.413632071373428	0.520854668032385	0.750710049163312
UBE2D4	0.166235868971904	4.75893187808691	2.05579991522083	0.153159981054598	0.419783274161704
UBE2E1	-0.0273299903967669	6.28887182285173	0.0884663313564595	0.766438968068262	0.893453216100316
UBE2E2	0.0977322500613717	4.44271171550735	0.268162342301222	0.605128799742487	0.805581079886981
UBE2E3	0.172506840378404	5.30937166573948	0.511332251048206	0.475381009874355	0.718060533629636
UBE2G1	0.146163632628028	5.84836344569862	1.53096208410323	0.217391756421447	0.499214644857797
UBE2G2	0.00940978916798577	6.52010826131275	0.0105174544187743	0.918417275528353	0.966908630090593
UBE2J1	-0.079131377845051	6.57428804117404	0.438189196520796	0.508745501181767	0.742181395593272
UBE2J2	0.187674282547336	5.54397270925294	2.67175954843505	0.103686638583231	0.34945280026849
UBE4B	0.239632626666869	6.13194398417633	4.28564008811019	0.0396960228878583	0.21459884594601
UBQLN1	0.0650931687131396	7.4149029246562	0.391625186467799	0.532146523157816	0.758088779021184
UBQLN2	0.113489182565945	6.10903548981907	1.34582970149237	0.247365646791245	0.52952477173454
UBQLN3	0	NA	NA	1	1
UBQLN4	0.205379591436494	6.33579753863854	2.1897128862528	0.140479250202297	0.405344437665002
UBQLNL	1.01112919836726	-0.74478711750318	13.5090742459222	0.000303553228155751	0.0147821097115749
UBXN2A	-0.120282554623546	4.68301445567062	0.848684706930189	0.358013861005886	0.628646748393973
UBXN6	0.14552805589991	6.74872160512361	0.978792997615829	0.32367004932961	0.598988929731865
UFD1L	0.206930161749442	5.80793988990692	3.41411723850915	0.0660901281513049	0.278477269148218
UGCG	-0.540522116385538	7.50645365899637	3.32804220369321	0.0695721911934386	0.285977067246483
UGGT1	-0.157199177692785	6.91886995776481	1.44412730157695	0.230867107972627	0.512769042048013
UGGT2	0.0102051291951815	4.74089603266717	0.00659316315070051	0.935363935482029	0.973957402720872
USE1	0.31935971021316	4.2841712644906	4.92795776719939	0.0275275128199739	0.181414799025347
USO1	-0.00368025760372674	6.91418340162423	0.000846240966969318	0.976821100011065	0.992373741655303
USP6	-0.165015663012685	0.40258418948827	0.362404373343296	0.547843033719784	0.76780534837482
USP6NL	0.0927018054075929	5.06636954038377	0.358993621514662	0.549731099148785	0.769272272930249
VAMP1	-0.0788198028712542	3.53413672588429	0.145742133920256	0.703035719064634	0.861198760526558
VAMP2	0.281540860726756	6.20006898534676	3.87999706491469	0.050219213345686	0.242436934668264
VAMP3	0.0724987634849596	6.60723825595469	0.535858482988149	0.464995098336689	0.709937571264133
VAMP4	0.0384559338621168	4.74882511945035	0.0985447594055664	0.753904086318956	0.887174554993224
VAMP5	0.455919755499869	4.35293476816585	4.76629481122271	0.0301644559217665	0.188606307749889
VAMP7	0.257303163660369	5.80020230438534	5.62713661597519	0.0186154267027225	0.150190401764519
VAMP8	0.445386653896301	7.15750972079715	8.86381017214207	0.00326112417423752	0.0616488448505092
VCP	0.173111183603786	8.73727074821103	2.04824580907073	0.153913218298361	0.420388674310676
VPS45	-0.0550917313496583	5.93113274723102	0.219964273380441	0.639568429343769	0.825463759395262
VTI1A	-0.14013893449791	4.51192822932132	2.07921808702088	0.150851482871783	0.416601131206469
VTI1B	0.0779477679681312	6.22821502826063	0.750460016708384	0.387349281170917	0.653386431071727
WAS	-0.141898881787789	3.68727600589038	0.28806987692057	0.592045448333406	0.797430842118011
WDR38	1.59224589406363	-1.05745702210398	9.47200383367582	0.00237316711603564	0.0516658674074078
WFS1	0.237430753608436	6.76861310964957	1.53956718045986	0.216108587125468	0.497565761626546
YKT6	0.48618002663478	6.97885307678482	18.6956449993384	2.39807022054378e-05	0.0024788372255717
YOD1	-0.0576652618805934	4.12158485891424	0.0666980716387153	0.79646709342178	0.907669016943272
YWHAQ	0.252358170352233	8.24800786892138	4.67360860085707	0.0317947829728974	0.193100066177583
