pspGenes	logFC	logCPM	F	PValue	FDR
A3GALT2	-0.357072097558303	-3.54870741021472	0.533680165963287	0.465327345776476	0.766527506107821
ABO	0.0354662884013243	2.54609496209073	0.00616888658610399	0.937420923160509	0.979460994550036
ACAP1	0.120167436340364	3.58864263458686	0.163058016226565	0.686489545914375	0.879899914505394
ACAP2	-0.240722923803869	6.07125366275262	2.85084851062671	0.0918060750006639	0.431001838689055
ACAP3	0.249242034752365	5.29443776202171	2.10347830208085	0.147447546406892	0.502409549202093
AGAP1	0.131879183815181	5.85268493915146	0.753752400390449	0.385611684947203	0.718290164290966
AGAP2	0.57706231501577	2.69337015768151	6.05180220546904	0.0141516412572896	0.216715999250523
AGAP3	0.191748414557577	6.25751848931519	1.82239932678192	0.177498534220336	0.537190836021209
AGR2	-0.609567583126674	9.39031251038148	1.02789825276118	0.311030608199522	0.661330276725511
AGR3	-0.00219169200130862	6.85234859589357	1.30593416469867e-05	0.997117744505457	0.998969955129808
AKAP10	-0.0375899333615902	4.99541418428935	0.0700240437856761	0.791385784528376	0.923793184281925
ALG1	0.196136587068954	4.82427573200123	2.17086263264121	0.14113211230696	0.494904584698376
ALG10B	-0.16329518708587	4.01875308979451	0.788717211958863	0.374817285004973	0.710398127314048
ALG11	-0.162807148600265	3.28343724011125	0.806525050353334	0.369482635533502	0.706385874225747
ALG12	0.48639295562731	4.07347527324754	14.0839439410619	0.000190493900128856	0.021388428496624
ALG13	-0.132576336801427	4.88239569591781	1.24530281537923	0.264864488266018	0.619171992190289
ALG14	-0.0264712906133312	3.67970994719543	0.0450729661788433	0.831936570863746	0.938870091163088
ALG1L	0.260204914984433	1.25647003238211	0.278708431039978	0.597729444212157	0.837994694428211
ALG1L2	0.35788667743264	-0.7405678701684	1.98535757564978	0.15930603190212	0.517489709745296
ALG2	-0.0996888408653926	5.45712652337424	0.720320356699261	0.39635175030053	0.723258810734253
ALG3	0.338168299547077	5.92446689610933	4.07733916929513	0.0438726228932604	0.337659807926351
ALG5	0.0630254282726029	5.15900581373552	0.198111521991125	0.656397909224638	0.864709122532897
ALG6	-0.225690874949589	4.56222777128852	2.6361739679851	0.104940359856988	0.448621895082887
ALG8	-0.505703588187444	6.24865203005611	3.38992618768461	0.0660520746928478	0.387072334487404
ALG9	-0.178792980889063	3.0935491568084	2.04198033714556	0.15349141639155	0.510678559440401
AMFR	0.0917866863910505	7.57854784080179	0.230806488972599	0.631088353527498	0.854359549152444
ANKFY1	-0.0837069932702798	6.26553633093728	0.402164844218643	0.526196791146912	0.800232104831562
AP1B1	0.175873406830946	7.30464314448416	1.72595222891544	0.189392829029796	0.55071065901482
AP1G1	0.175751795812528	7.05235209570567	1.78295168811461	0.182255397578416	0.542117369811
AP1M1	0.0558098972518688	5.77945936609953	0.273591678729696	0.601111068941238	0.83960200961037
AP1S1	0.408019197542079	5.932034432373	8.07435265576794	0.00463052587520769	0.137924825452562
AP1S2	-0.0724889087511157	4.86981834134804	0.213724157566266	0.644018907105499	0.859735337103419
AP3B1	-0.00694082138318935	6.32665845893602	0.00386129520326457	0.950471014139438	0.98402893223369
AP3B2	0.0673842006920119	2.71488987533825	0.0213890889597819	0.883769375022524	0.959057431510681
AP3D1	0.292310670577247	7.48274324090742	7.51135020909204	0.00629983891587757	0.158429670921108
AP3M1	0.00938382994432555	6.31606208699967	0.00425104917348082	0.948034781493943	0.983056768821422
AP3M2	-0.38174062284225	5.26584685490926	3.30523630497312	0.0695202586247375	0.394048475187699
AP3S1	-0.0821165662764593	5.85735390670857	0.257983247449948	0.611681651511784	0.843571294746079
AP3S2	-0.0234753768159982	4.95042130171125	0.0237450955432095	0.877583174888071	0.956537157385218
APPL1	-0.180905998756292	6.44195799433291	1.72331148929195	0.189731315767499	0.550756653710304
APPL2	-0.0249485208365305	5.75534068469225	0.031455729372856	0.859282818283295	0.949906632842961
ARAP1	0.151906151342157	6.74334983958387	1.11001126849677	0.292471549399345	0.644186257452647
ARAP2	-0.456764835533983	4.23997745411013	3.64049225643413	0.0568312270244406	0.368156045474032
ARAP3	0.0287771736415737	3.91444845904057	0.0275566694679029	0.86820705869071	0.953474576163025
ARF1	0.363125226473327	9.58541207945615	8.54640606154939	0.00358264494177871	0.125094364365945
ARF3	0.150961819613787	8.19031443730625	1.36940577951308	0.24234350721492	0.601143752935253
ARF4	0.127070177850613	8.13403951362768	1.06111938425103	0.303343723353933	0.654732790797258
ARF5	0.120394305604863	7.27859103919776	0.65252838936477	0.419506109316811	0.740133361744007
ARF6	-0.0994671988368215	7.68230056801009	0.700066041225838	0.40306944984503	0.727756252610559
ARFGAP1	0.461467179395197	6.6946720951249	8.69324914397209	0.00330870682261287	0.11996743356948
ARFGAP2	0.304473751371227	6.85704607255697	8.46511591604918	0.00374412896856612	0.127673072686446
ARFGAP3	-0.0319507897674751	5.93548543514579	0.0347918070888618	0.852090873622428	0.947524047568875
ARFGEF1	0.267459629912349	7.28600326996949	2.09538445710071	0.148227369946337	0.503306492916156
ARFGEF2	0.0125528520107017	7.13949594179838	0.00441037031145783	0.947071366896234	0.982698793952417
ARFIP1	-0.0293194302860368	5.8641421831367	0.0483337506968652	0.826057585697032	0.937086232922766
ARFIP2	0.279356280615554	6.71938212347393	2.91559818474314	0.088205099803425	0.425432550201668
ARHGAP1	0.373773976354779	7.59066183075381	11.7056697128882	0.000662202874757134	0.0464049035412754
ARHGAP24	0.188473287217176	3.28434327064011	0.942154407150186	0.332085972061554	0.679262671960932
ARHGAP5	-0.354352221544071	6.51081985635318	3.40859402224137	0.0653128109817072	0.385401331295112
ARHGDIA	0.280481938227056	7.88394284771755	3.64780376770752	0.0565836940433569	0.368080403013463
ARHGEF1	-0.0218221127343537	6.47616410896946	0.0200669809837722	0.887394130820176	0.960816093678501
ARHGEF11	0.0721776989129056	6.68140400767451	0.315735114125858	0.57437601095614	0.826115896779991
ARHGEF2	-0.0706078630902212	7.01278481539938	0.153338918156935	0.695493299521878	0.883662946155203
ARHGEF6	-0.450375516398809	5.90293016826703	3.06481222892662	0.0804768422257738	0.413659681635579
ARHGEF7	0.0536172844434202	6.03161403595387	0.192252461043421	0.661194390553632	0.867169837070274
ASAP1	-0.135966308627752	6.1125507260156	0.685271573511163	0.408081631764875	0.731124067160666
ASAP2	-0.0568985094779459	4.55473721712246	0.0622494130598864	0.803054277051347	0.928908003677181
ASAP3	0.331117759366648	5.73333463217487	4.40487674015858	0.0362220930389372	0.312946501266101
ATF4	0.115234509427811	8.2339482324932	0.571464307137459	0.449951893449629	0.75760556739851
ATF6	0.0664851669229768	6.89935334470374	0.267382112940747	0.605269464505493	0.841327927132333
ATF6B	0.182970401039552	7.14299541718107	2.69028089852422	0.101446529092468	0.44424960391182
ATXN3	-0.293557066819984	4.82171393259537	7.78743678040343	0.00541565352988313	0.148186628147183
ATXN3L	0	NA	NA	1	1
B3GNTL1	0.0128931443810484	2.76872701272505	0.0054592495447295	0.941123276058586	0.98094165395995
B4GALNT1	-0.526288853657867	2.86648503164408	1.70136444911607	0.192571973979717	0.553665048082759
B4GALNT2	1.03721915671799	2.85089864635678	2.37581152930294	0.123714926514424	0.473945496788283
B4GALT1	-0.21529272201307	8.43488279753482	1.16574002161631	0.280679332075624	0.633024666195965
B4GALT3	0.12774392218397	6.47093564381446	0.690113692375358	0.406431188208682	0.729963787213785
BAG1	-0.0431617549436794	6.65768196557321	0.0421623980192629	0.837374903778924	0.941454519760082
BAG2	-0.348614996898799	3.49320099471719	1.5999978585805	0.206357478009093	0.566962149395855
BAK1	0.219191412594065	4.72590317324171	1.97686792904556	0.160199294096473	0.518757665979939
BAX	0.253689741902966	5.54691569643679	2.58701281523353	0.108229646533455	0.452374759791023
BCAP31	0.349275285275641	8.2813979826738	5.24938626471319	0.0222740671790036	0.261158249614691
BCL2	-0.0186444646217416	6.59531115808145	0.00327961731167678	0.954349381516483	0.985231257229014
BET1	0.0781612438287576	4.70741056476682	0.54270865865821	0.461578522090574	0.764479935440974
BET1L	0.26205299516731	6.39921163306082	5.49887774365451	0.0193290175802121	0.248681736603018
BNIP1	0.264375384157714	3.5347207335837	4.4819518409306	0.034634378678547	0.30739410497448
CALR	0.174498960729441	10.0881362437071	1.11107429444891	0.292240767056961	0.643877578396161
CANX	0.00379681898171375	9.9067571249747	0.000725019358263655	0.978526886236138	0.993426942760911
CAPN1	0.288471043809983	7.89723571520565	4.70113216828191	0.0305053830229776	0.290830477607124
CAPN2	0.0651100170621238	8.24323162308622	0.113441849103214	0.736368032882528	0.90309512718362
CKAP4	0.212027066825242	7.43591748981219	1.94116527000392	0.16401901526359	0.523332592225461
CLTA	0.234500190378454	6.96957935071632	3.27641575202132	0.0707446300076631	0.395041298454771
CLTB	0.282123561520701	5.98679863539216	2.04709914124342	0.152977772041867	0.510041840894585
CLTC	0.346579680676995	9.77649881760709	2.63805022885118	0.104817018185654	0.448438917489384
COG4	0.306904356349613	5.88831036158299	6.24585704257033	0.0126943587383269	0.20856209023934
COG6	-0.114375118719542	4.97570291640815	0.685628527304908	0.407959628167817	0.730992207496
COPA	0.126019912241289	8.99834155995257	0.917746657678062	0.338424025274818	0.684531021952155
COPB1	0.119444754101885	7.72813429843263	0.920130499666557	0.337797892977049	0.684531021952155
COPB2	0.0759278700145174	8.20262474642231	0.402724176003874	0.525909341299944	0.800163207661186
COPE	0.260751055720747	7.07364992895087	2.48150364797434	0.115679353242934	0.46374615157902
COPZ1	0.329743901609046	7.78289293890818	8.39067147179609	0.00389852342650813	0.128827318790436
COPZ2	0.416044894218457	4.1089638424045	2.86817891547322	0.0908268512740984	0.429436973862178
CRYAA	0	NA	NA	1	1
CRYAB	-0.776671857882334	6.5580074870793	1.88317753116351	0.170447491482552	0.529652685214912
CTBP1	0.133597911148946	6.87840427425166	1.54679795632676	0.214057777348297	0.573561342770034
CTSA	0.371569120605043	7.29843593006173	6.77631010506941	0.00944865549792315	0.185189968853843
CUL1	-0.0358225575126518	6.43272392468298	0.116914414799983	0.732516135965265	0.901335649578705
CYTH1	-0.0675576237036827	6.014847684749	0.257472688227413	0.612034158866023	0.843806440874173
CYTH2	0.161487429365928	6.61658853505788	1.5494496058331	0.213665973835899	0.573561342770034
CYTH3	0.123106770805904	5.43733277152924	0.453983763620972	0.500689045227241	0.785492999844087
CYTH4	0.0226226106915062	4.14316606352805	0.00977179566522645	0.921285989840551	0.973740227853939
DAD1	0.0835164347244941	7.13399704513355	0.397634605873033	0.52853534002983	0.800890672030954
DDIT3	0.217411906034047	4.21384248146697	1.2888995061063	0.256669919290438	0.614287220588707
DDOST	0.105024746615128	7.96483941617084	0.654174571994836	0.4189204744745	0.739800723054495
DERL1	0.202263959016075	7.19615328706799	1.74063854355361	0.187523160417885	0.548391850107576
DERL2	0.0546387654285184	5.50338446847057	0.240310054101593	0.624147932835653	0.850184093386926
DERL3	0.187799588467132	4.42006699524887	0.325417126142663	0.568567617691012	0.822817663875188
DNAJA1	0.124264333589892	8.00814364777621	0.804964014322382	0.369946008853953	0.706824348773783
DNAJA2	0.134021519846141	6.42845618642692	0.929996695707496	0.3352229453344	0.682168078286947
DNAJB1	-0.0247367712436756	7.56994621334882	0.0301077065323698	0.862300169606337	0.951186505242784
DNAJB11	-0.0143406294881765	6.45272130651529	0.00890631046653502	0.924841789902539	0.974977599586256
DNAJB12	0.0762100871184687	6.13063634646213	0.462389940437951	0.496751603551708	0.782960140199326
DNAJB2	0.262061336801604	6.81206153411367	3.10512295276336	0.0785170158647552	0.410285368540346
DNAJB9	-0.0129940183312384	5.38865917844145	0.00720523182991506	0.932380076130368	0.978140862777544
DNAJC1	0.200104957983742	6.60658379144887	0.666585375982718	0.414544187974026	0.736759556246257
DNAJC10	-0.207580079392632	7.45397117953152	2.00948919156998	0.156797814387835	0.514701052924225
DNAJC3	0.00853630307208314	6.96103770114434	0.00292948508955863	0.956852454188247	0.986112955272899
DNAJC5	0.386390117856439	6.9567311489168	8.71679052708808	0.00326681851191117	0.119163912458035
DNAJC5B	-0.625904452439454	0.509408699515168	2.34010924083068	0.126567915700475	0.477100720308783
DNAJC5G	0	NA	NA	1	1
DNAJC6	-0.429998873787787	2.79390997106745	1.27507344569119	0.259234223606364	0.615918241186182
DNMBP	-0.230980336009884	5.13940906462784	0.888324834327132	0.346282342652163	0.691252710745183
DOCK5	-0.174635690299299	5.19837797171276	0.732609841593855	0.392354411556038	0.720561054343661
DOLK	0.121440169346789	4.65915911452525	0.786788512355672	0.37540152931633	0.710906789763692
DOLPP1	0.146443765964785	4.65578171902357	1.31675952007205	0.251597236364869	0.608666304181461
DPAGT1	0.229413600890307	5.75360047102418	2.70837217734592	0.100306934203764	0.442989567067485
DPM1	0.0793519319145035	5.42952109135551	0.335863495576518	0.562427773388089	0.819491325535636
DPM2	0.212567155573532	5.94821656305323	2.15504495436612	0.142586712979811	0.496718165182149
DPM3	0.230220118829455	4.61091139239027	0.997665521757218	0.318248272016314	0.667702891346716
DPP6	-0.687239396688998	-0.63075323057793	1.15544665252603	0.282811297410109	0.635363505934821
EDEM1	-0.290914744729578	6.53926647399897	3.20529399354053	0.0738662912387036	0.401534815968885
EDEM2	0.446455995204975	5.31128795583771	11.2110415278596	0.000860131235442066	0.0541299751457096
EDEM3	-0.228495512155607	6.74265961605095	1.47143979243603	0.225559954357906	0.585006583899675
EEA1	-0.220967183388003	5.33454012931748	1.79084055754648	0.181292399675442	0.541244331950388
EIF2AK1	0.227196023371021	8.12490173811624	3.97902869678201	0.0464878637497336	0.344810705813846
EIF2AK2	-0.283259318743035	6.94809848992169	2.78387114036761	0.0957000531404399	0.436352979818101
EIF2AK3	0.00956055851693734	5.44997759416693	0.00490320313236516	0.94419702046201	0.981645786421023
EIF2AK4	-0.078527252515149	6.31400455039546	0.433552544298344	0.510484388839335	0.790391141442274
EIF2S1	-0.177164276171848	6.47149863804014	2.44329881681714	0.118515199665875	0.467393153068842
ERLEC1	-0.00341966910933403	6.62892008445042	0.000952185724928567	0.97539266449964	0.991878544354824
ERN1	-0.251206366632716	5.49258146851659	1.55351960599094	0.213066256348113	0.573243415282266
ERO1A	-0.220396736724161	6.35535100659834	1.07686428707356	0.299786536206373	0.650557030682646
ERO1B	-0.0276016328591395	4.44515624126709	0.00868348385692558	0.925785178235848	0.975146376754367
ERP27	-0.968535022382334	4.60839293849638	4.90268626373794	0.0271616932121084	0.280083516587678
ERP29	0.288760634378061	7.30973048303276	4.42216127073984	0.0358595172893197	0.311593459524501
ERP44	-0.000343559202709606	6.27987053750583	8.3062346472998e-06	0.997701342446605	0.999024422170037
EVI5	-0.0243359797954777	4.34860141770479	0.0338938144191147	0.853990369763536	0.947926171920915
EVI5L	0.158940063746128	4.48900093704835	1.0849444630605	0.29798189834812	0.649099004060657
EXOC1	-0.120960875828881	5.53681986175271	1.58419904797463	0.20860942228651	0.568700278122527
EXOC2	-0.403430954663095	6.391838031912	2.31324963473977	0.128762621831639	0.479120052627941
EXOC3	0.212835885185072	6.02256200599616	4.17885143714774	0.0413344520369087	0.330852048571288
EXOC5	-0.10096310689296	6.17771357869014	0.598871766342352	0.439290597159734	0.751495600820514
EXOC6	-0.162347217160829	5.12339599550236	0.721426197697112	0.395989660543013	0.723131943752828
EXOC6B	-0.056143566872982	5.23566377928687	0.203773163561124	0.651843130830048	0.863120045703042
EXOC7	-0.127683538663395	6.23883793437583	1.07994138200819	0.299097638031343	0.649964160983764
FAM71B	0	NA	NA	1	1
FBXO2	0.275459827506413	4.29385402448165	0.48516047282081	0.486343453819164	0.777223069657579
FBXO6	0.194877364156235	4.33623266362384	1.27378626611147	0.259474566034343	0.616056856481587
FBXO8	0.00790794982642277	4.41196523274485	0.00503714033349451	0.94344125458714	0.98159010391029
FUT8	0.155613586539876	6.3234903498123	0.446265915877629	0.504351041761352	0.787474902518514
GALNT1	0.174975412523313	7.27428817867043	1.41560789783291	0.234562711872619	0.593406566101066
GALNT10	0.188689326957006	7.00865840720316	0.713333279980006	0.398650663311111	0.724890643026898
GALNT11	0.00631807522772961	5.79827834009514	0.00293175314086505	0.956835771016377	0.986112955272899
GALNT12	-0.929676261913463	1.85142296473372	5.49221052735254	0.01940222125444	0.249151908396195
GALNT13	0.18849645703964	2.01938444227434	0.120937414382433	0.728132752064883	0.899080609902135
GALNT14	0.110582083633955	3.37825818972655	0.0693430151139193	0.792379336030428	0.924138776158669
GALNT15	-0.249986657091948	3.41761632185102	0.516748535369033	0.472490680676553	0.77001219600032
GALNT16	-0.529331077568519	4.43021327440751	1.85010803273895	0.174243053552691	0.534172040849769
GALNT18	0.494610793612375	4.24807963947697	6.46130965178156	0.011256208797004	0.198960172320364
GALNT2	-0.0163429493140714	6.76355386274635	0.0100003863951587	0.920373671568783	0.973530310673301
GALNT3	-0.268424006214614	5.63766278977783	0.538764706774517	0.463210187480921	0.765333943242114
GALNT5	-0.985240493637116	4.5266112821663	3.86148499470323	0.0498326697076531	0.351986932455623
GALNT6	0.230327428772112	7.83337758965141	0.472790928693329	0.491951638375667	0.780302264757727
GALNT7	-0.329412268683883	7.0160172723321	1.28876221638773	0.256695227621427	0.614290940484111
GALNT8	-0.348922593411208	0.0874727227904213	0.641184320768797	0.423575269941566	0.742756843825192
GALNT9	-0.723652224370015	-2.40786782063036	1.6222241152123	0.203237864384814	0.56386093793272
GALNTL5	0	NA	NA	1	1
GALNTL6	-0.248938055578448	0.125042898257941	0.31465973301173	0.575028361445815	0.826398058657592
GANAB	0.102124308619798	9.10396989810335	0.694259117223322	0.405025971336779	0.7294278581148
GBF1	0.117540973680759	6.97565497355411	1.25025535809665	0.263917392407681	0.618245824104817
GBGT1	-0.0439367759360152	2.81479658246583	0.0390622936979492	0.843387183783243	0.943997298836543
GGA1	0.158707159463383	5.9657915563696	1.73412027416884	0.188350311354667	0.549483360513591
GGA2	0.0808501149532698	7.09308645198625	0.347395981577869	0.555796013702205	0.815126104780406
GGA3	0.27292444504069	5.51924551069469	5.45193422632884	0.0198505944346926	0.252547389937246
GIT1	-0.161446228381851	6.63163969948424	0.830666016947423	0.362418383433928	0.702406626852829
GIT2	-0.0844028416098791	4.86527546015774	0.488066025565724	0.485041515562527	0.776678448443166
GLT1D1	-0.609028507746381	-1.20558345615858	2.16655826943757	0.141526281155953	0.495542395699336
GLT6D1	0	NA	NA	1	1
GLT8D1	0.119455715445939	5.93188155125076	1.48324157780887	0.223710588194299	0.583801221840481
GLT8D2	0.208085595158881	4.30946682567337	0.667124209071595	0.414355724545221	0.736640529074065
GMCL1	-0.123442783657778	5.30812496048997	1.19312258919396	0.275105870362059	0.627664496339725
GOLGA4	-0.307183617389566	7.42572672716891	3.58440077929336	0.058768992052158	0.37272567943506
GOSR1	-0.178596962856301	6.12680932884962	1.75139934159839	0.186166888020327	0.546964836466726
GOSR2	0.412982894931062	4.51774637957388	15.1494355799585	0.00010959191197219	0.0146460376871506
GPAA1	0.175206293339916	7.32809798675423	0.914831792672391	0.339191757021589	0.684983193188223
GPLD1	-0.855847259518538	0.495275428087288	6.77674118460794	0.00944639779864041	0.185189968853843
GXYLT1	-0.142635087059068	4.98711553736212	1.00979978906217	0.31532528877548	0.665279278749382
GXYLT2	0.245542498088049	4.40158016253071	0.67500448401473	0.411613921999812	0.734174621775178
HAS1	-0.719746835918707	0.174266375075217	1.67337767876004	0.196266897384714	0.5579687536708
HAS2	-0.397054612623962	2.68912433554127	1.26853956786513	0.260457092775253	0.617083901246547
HAS3	-1.0287247477097	2.75520194109564	5.73714242022719	0.0168922005357111	0.234295002291113
HERPUD1	0.216303714031878	7.05946431804284	2.14753733949269	0.143283023288139	0.49810970906672
HSP90AA1	-0.0990526203685838	10.7143717357148	0.304825288643702	0.581063147326363	0.830387044128899
HSP90AB1	0.153925070993729	10.9096304511822	0.988353341832698	0.320515647198709	0.669822326493758
HSP90B1	0.00946848666419862	9.9859725633103	0.00444717472154241	0.94685130810387	0.982698793952417
HSPA1B	0.354027773035841	6.98100164019619	3.765334116168	0.0527581087457688	0.359128500889893
HSPA1L	0.418096947712063	1.97156545463336	7.80798487031728	0.00535515022028619	0.147844243238852
HSPA2	0.598069192855665	5.7754103496045	3.05747446221095	0.0808392415477333	0.413688175612706
HSPA4L	-0.0175040039288542	4.03458026036455	0.00302503247859754	0.956155153931536	0.98585853665361
HSPA5	-0.0931904662184372	9.76236520329592	0.348475781496289	0.555182693620907	0.814680588337148
HSPA6	-0.523907388769287	3.46908743906629	1.5357206480511	0.215703825944102	0.57534722295955
HSPA8	0.137098371739417	10.3753328336331	0.739195332784377	0.39023620722519	0.719942337596453
HSPBP1	0.0884498858096386	5.46534173892492	0.218921501682924	0.64001997778765	0.858442821822907
HSPH1	0.122750228898394	7.55856603849555	0.402370213974558	0.526091215677752	0.800198116410361
HYOU1	0.0700090830872872	7.69615228945167	0.148591441784534	0.700011377464192	0.885361961203977
IFT27	0.0933354596104782	4.71316382718041	0.352356230231337	0.552989149622551	0.813345150961402
INPP5B	-0.109381934328764	4.4475920581236	0.771909017221923	0.379952259467162	0.714121840460204
INPP5E	-0.114451470843549	3.94368136244262	0.738010565073464	0.39061607212203	0.719942337596453
IQSEC1	0.228428579325368	6.21510724211637	3.1883811887772	0.074630220617469	0.402520015147211
IQSEC2	0.367615318085787	5.02984568655315	3.8545189447426	0.0500387265958043	0.35269314809415
IQSEC3	-0.634496745877002	0.81558139509367	2.78900716110168	0.0953951637500559	0.43621803644859
JUN	-0.502873452391117	7.78024384250573	3.69409625413114	0.0550428256483229	0.364015428740157
KDELR1	0.314832158746831	7.96045497607504	7.08890804454741	0.00794845700049099	0.171623907189554
KDELR2	0.387044031240879	8.51365781707744	8.54888226946261	0.0035778389395022	0.125071145242807
KDELR3	0.116169071580377	5.57070139865058	0.219556075626537	0.639535700546352	0.858179170232872
KIF20A	-0.109174096680344	5.12857655625174	0.165609987912795	0.684177356273949	0.878838289071308
KIF23	-0.327768675155209	5.06480864658324	1.76520126120419	0.18444399963313	0.544649911825845
LARGE1	0.0381053756881301	5.39954014625791	0.0283718696502705	0.866289999699158	0.952928464905622
LARGE2	0.507814010016079	4.64193467862231	2.36268167200074	0.124755732200241	0.47502175510423
LMAN1	-0.0924410360242292	7.74607198179311	0.385925207769314	0.534667209473986	0.804090709940885
LMAN1L	1.8096982459689	-3.7221366841233	13.8660254434651	0.000213379115984494	0.0233503240582596
LMAN2	0.105346898737772	7.588514572383	0.450500319293174	0.50233624825189	0.786280146452727
MAN1A1	-0.593037801035869	6.67214679994345	3.83927607798013	0.0504927678496053	0.353835978506178
MAN1A2	-0.170025535175653	6.34211735342651	1.34239651409249	0.247037893912393	0.604287375273339
MAN1B1	0.107260829031522	6.75869729243383	0.595809902789653	0.44046216391488	0.752358845618974
MAN1C1	0.0848482405405579	4.45798497852181	0.109671228595739	0.740625638087797	0.90483525192157
MAN2A2	-0.113736792019573	5.58070018444981	0.543716320104645	0.461163106108608	0.764338970181722
MAP2K7	-0.00879434676890758	5.37165469828637	0.00503530862505968	0.943451521770293	0.98159010391029
MAP3K5	-0.192469244666076	4.66452689437072	0.760787734555564	0.383404657927732	0.716582356645502
MARCH6	-0.0909091066521257	7.66517005874651	0.486093799734665	0.48592461242352	0.777062586383628
MCF2L	0.0876236065752908	6.01476432176678	0.191261190251255	0.662014482660034	0.867680238664338
MGAT1	0.18085162274305	7.20828009357823	2.05133118040564	0.15255458344388	0.509240283350521
MGAT2	0.0756372776500684	1.23740541391989	0.110697453990415	0.739458920309025	0.904426610014272
MGAT3	-0.106697474349513	2.91933845065995	0.0705258775642349	0.790656964333985	0.923337272117238
MGAT4B	0.232732990910674	6.72502510436799	3.02334251605675	0.0825483069815727	0.416506267250992
MGAT4C	-1.36777591951066	-1.98985336399007	3.52792774768529	0.0607912142188495	0.377327793475526
MGAT5	-0.170848535851775	6.41905542850037	1.11728185381363	0.290897749905541	0.643049457688433
MICAL1	-0.111548414640356	5.31847429191896	0.378744022597745	0.538491906204705	0.805952258551623
MICALCL	-0.712785369962024	2.29679056258928	3.63450631771083	0.0570347401858352	0.368317352540684
MICALL2	0.100221328838	5.02631828175237	0.241584204475515	0.623230422112051	0.849653527780004
MOGS	0.15667830227944	6.3102629417565	1.53710098879622	0.215497891537623	0.57529505812156
MON1A	0.264224048763681	3.41747463547208	4.51598785003876	0.0339566363480062	0.304950401807795
MYO5B	0.200391846100289	6.68613287168983	0.920131735724647	0.337797568722001	0.684531021952155
NAPA	0.152018961919344	6.90466365949788	1.27654407121062	0.258959965614661	0.615710292171896
NAPB	-0.264133577866118	4.23558676724365	1.27235172083724	0.259742750088246	0.616406873647779
NAPG	-0.045725054163375	5.23939556979375	0.140460985416278	0.707945583654361	0.889326642395403
NCKIPSD	0.0834279009603003	4.84695898717537	0.527600281637791	0.467879360381121	0.767841791001467
NDE1	0.0843466958007875	5.51035128647953	0.391267599167938	0.531853721246621	0.803018083864571
NET1	0.144345331824872	7.68508846393019	0.529201756691659	0.467204971398771	0.7674370149235
NGLY1	-0.00481330133360018	5.17854813567881	0.00215030332664759	0.963028524550502	0.98788678215531
NPLOC4	0.102313494065735	7.17019358602289	0.651973440769049	0.419703809345502	0.740282639372265
NSF	0.288553836807433	6.11715089745607	3.61284231929119	0.0577777921062127	0.370816543770493
NSFL1C	0.335966673438432	6.48841219179281	9.32775049032286	0.0023495131745742	0.0998063943905268
OCRL	-0.0449780758803405	6.1474182811906	0.0998601034660418	0.752099172228238	0.908698747852207
OPTN	-0.153971281213146	6.68580490588963	0.671993302688463	0.412658435059189	0.735094232621215
OS9	0.108928764770993	8.24392536173243	0.552480838805604	0.45757475077252	0.761985455013641
OSGIN2	-0.0844987841344442	5.85911300002653	0.225358260689241	0.635146859824479	0.856572202097069
P4HB	0.0894066473297545	10.1284880835748	0.255196371835871	0.613611174654294	0.844631223593275
PAK1	0.35710662907154	6.89858083735847	1.71060342436896	0.191370134009955	0.552574351901345
PARK2	-0.373525439823257	1.49107659445081	1.78112317949529	0.182479451108937	0.542249789634319
PDIA2	0.952594205725975	0.457002077521976	2.3472195818723	0.125993931772783	0.476210076502735
PDIA3	0.00673681430732406	9.44353483595421	0.00203161575612389	0.964062628667479	0.988154565826582
PDIA4	0.0779407897308579	8.17868689740695	0.221777568272498	0.637847057393949	0.8573979657482
PDIA5	0.192722590098743	5.1359210732143	1.23427486232766	0.266988671738357	0.620837234670759
PDIA6	-0.0838846250143794	7.86633066890154	0.190745425206313	0.662442184113576	0.867873346903484
PDILT	0	NA	NA	1	1
PGAP1	0.0898823087587605	3.8997091200175	0.137193685859993	0.711207804185166	0.890838237324927
PICK1	0.21794102141928	4.64982745547325	1.90887361971933	0.167563815944957	0.526303029636597
PIGA	-0.201806652267503	3.71762014122511	1.74384730618387	0.187117532651946	0.547998723813316
PIGB	-0.179302741501461	3.61555978619813	1.82078592310284	0.177690247357665	0.53729202837287
PIGC	0.0583175247852307	5.64700385569553	0.219495898381462	0.639581588351285	0.85820261730747
PIGF	0.0777001306714676	3.68504730781079	0.459575044665038	0.498064238213236	0.783654625273722
PIGG	-0.0663367630354899	5.54569886114779	0.295621716407919	0.586827021754896	0.83251593815207
PIGH	-0.155638536829572	4.0432332875031	1.15251120870522	0.283423043548145	0.635597429780562
PIGK	-0.178448105309204	5.53092340351829	1.6827715377519	0.195017493752023	0.556300846599201
PIGL	-0.292225475718887	2.91149949423434	3.3249887807059	0.0686942647414123	0.392753782530111
PIGM	0.072986873109423	5.33588703705596	0.254873668285403	0.613835455437071	0.844747448879841
PIGN	0.144736513538533	5.49006057743126	0.942163061854465	0.332083752949805	0.679262671960932
PIGO	-0.107249837459681	5.87710107735929	0.544872922671246	0.460687020080574	0.763877749582194
PIGP	0.163160011477733	4.42878076578849	1.09245821728442	0.296316291914181	0.647921803781208
PIGQ	0.0987565697728021	6.41178482708711	0.270129705216608	0.603421981949287	0.840527331126426
PIGS	0.102946216304268	6.41867422413624	0.354451038630168	0.551811776133765	0.812835108982057
PIGT	0.160682631935222	8.01505589659313	0.847008816354891	0.357741834347274	0.698947726379709
PIGU	0.650950645192948	5.22033469234068	20.9207044432772	5.73460904210689e-06	0.00134265423952523
PIGV	0.0143139303102382	4.54062800244689	0.00924750079668893	0.923420064130761	0.974515169476538
PIGX	0.070174860414941	5.60126825304016	0.239902592403423	0.624441981169958	0.850239886271583
PIGZ	-0.0418470616669507	2.88757334047659	0.0423695148395665	0.836981560835998	0.941366926152747
PIK3C3	-0.0466804506913705	5.47054996022506	0.14697884651634	0.701564900303774	0.886399048482597
PIK3CA	-0.208930311003472	5.35646489337756	1.85380660551454	0.173813746367261	0.533303352378024
PLAA	-0.0916973458578434	5.7603750708451	0.428756541521088	0.512831701050808	0.791929672450939
PLIN3	0.0228136287948741	6.38515528241442	0.0309836580750792	0.860331755944433	0.950320009684003
POMT1	0.203629753403233	5.17348226218559	3.53646801140479	0.0604806966945024	0.376343775627645
POMT2	-0.0177552898109884	4.77712751566517	0.0218717577705625	0.882474695666551	0.958444504772442
PPIA	0.379735961663267	8.70682656257663	8.42538483332767	0.0038257372436848	0.128238557504496
PRKCSH	0.0710795621854558	8.40188287406266	0.239007150976297	0.625089274124563	0.850599226054031
PSD	-0.190396864738656	2.25720149243377	0.412111453780627	0.521126413242429	0.79665652604595
PSD2	0.0529950936395326	-0.496001173233566	0.0157257852306991	0.90024374622266	0.965969030561072
PSD3	-0.652879829621888	6.17854011963494	2.66133166234566	0.103299710201593	0.446514580915765
PSD4	0.203742752798933	6.54988026737948	1.92908640660818	0.165334808357876	0.524596614501309
QSOX2	-0.0710524458836426	4.40945268783605	0.187613343129027	0.665054382588685	0.868790700499426
RAB10	0.0255778440785881	7.66000833169026	0.0583017635683826	0.809276750582551	0.930945889803172
RAB11A	-0.108054585378097	7.831876067397	0.623638505969582	0.429986800520863	0.74666749654199
RAB11B	0.146271742634634	6.62377551500162	1.12617866360353	0.288986623676081	0.641076973550398
RAB11FIP1	-0.138205372275952	7.31605684279384	0.12822963182971	0.720391153191404	0.895561224644088
RAB11FIP2	-0.191439225442072	4.30951322817414	2.14884139386658	0.143161801253439	0.497967628835027
RAB11FIP3	0.221655325911162	6.18172416322675	1.6417965912002	0.200536732187769	0.562131642415095
RAB11FIP4	0.0577001074409303	5.86203213038853	0.079688859435719	0.777809494780875	0.918245808121395
RAB11FIP5	0.105474043867968	5.86724742727339	0.689175398957574	0.406750241574156	0.730254862168712
RAB12	-0.138866375724594	5.42881106146776	0.750413146595454	0.386665562657168	0.718523313683169
RAB13	0.366900838924076	7.02016148596052	6.4831722653302	0.0111199709694152	0.198723211450626
RAB14	0.0204998417636601	7.3188338353822	0.0325699282300504	0.856838835000711	0.948956074785941
RAB15	0.264294332103263	5.48467394615402	2.05423687413774	0.152264794085703	0.509043194633959
RAB17	0.318688324806952	4.92329126402389	1.61361426791662	0.204439660523963	0.565143054523865
RAB18	0.0854323216617883	7.00930441778663	0.39707576118994	0.52882511003116	0.801181365649783
RAB19	0.188892089360005	0.661451327882404	0.422181626817596	0.516080342591591	0.794157215075422
RAB1A	0.0795199316165164	7.66339517611571	0.656193126772598	0.418204028838013	0.739148382218133
RAB1B	0.46644257525733	7.92909205450422	9.74995123683872	0.00187301090873056	0.0878424665782439
RAB20	0.390143614560768	4.56874225550628	3.7836728425308	0.0521863977517487	0.358834031769299
RAB21	-0.0291527997713453	6.34747759774087	0.0562195213122877	0.812648940214537	0.932256697407574
RAB22A	0.378027397888803	6.32357330755208	8.6090043281996	0.00346314536156865	0.122911139078094
RAB23	-0.305336075436239	3.91404860924385	1.80880763287976	0.179121087305744	0.53841502785583
RAB24	0.164735070320992	2.97817807470626	0.596224251388729	0.44030333998819	0.752219117464975
RAB25	0.24993203947491	7.03881408236144	1.82777287871224	0.176861743173344	0.536329422849039
RAB26	0.863690590490841	3.47555604609785	8.05048336403426	0.00469116107726143	0.139045277739477
RAB27A	-0.220090951016819	4.90324787731796	1.66025435275578	0.198028094422818	0.559720313702643
RAB27B	0.384200016764913	6.19397332331142	1.81001001382318	0.178976858986649	0.538390981302712
RAB28	0.104234174554323	4.00810506444639	1.28177092209658	0.257988110051574	0.614953174829848
RAB29	0.422415018028734	5.22447513310748	4.42420509028734	0.0358168967392565	0.311528184022254
RAB2A	0.0109339586911233	7.78470167228651	0.00627996342913632	0.936861207651319	0.979460994550036
RAB2B	-0.25200206869102	4.70253156792509	4.3142522377567	0.0381871296614331	0.319719318240954
RAB30	-0.248443500050583	6.29957744646371	0.526371536023359	0.468397852343325	0.768026705264655
RAB31	-0.0364770395815559	7.73378441358286	0.0160207789193188	0.899317396934385	0.96595568332955
RAB32	0.0443155401743243	4.5527980279998	0.0550755749205736	0.81452968378222	0.933218765277593
RAB33A	0.0871162292468664	0.027223382184506	0.118103576171724	0.731211781072075	0.900711011187094
RAB33B	-0.242914969042146	4.04459843362672	2.92004610499643	0.0879634316399538	0.424945541558145
RAB34	0.157735933030034	6.14803603586301	0.526258259586654	0.468445697943305	0.768026705264655
RAB35	0.141101575232426	5.90087223725098	2.08360129975941	0.149371008796559	0.505031040712062
RAB36	-0.17589657638685	3.94155205616401	0.28805078725275	0.591656260903466	0.834764051388209
RAB37	-0.00625546618684877	2.31646674399649	0.000527036469778267	0.981691409576042	0.994166632357336
RAB38	-0.481786555341072	3.25160483668426	1.49860362068839	0.221330508716577	0.581999421449309
RAB39A	-0.285345067955247	-0.387333067248679	0.529346409581162	0.467144134227716	0.76738574383116
RAB39B	-0.193956138238311	2.06225595010261	0.194324891694132	0.659487951212135	0.866248351329047
RAB3A	0.114596903927398	2.99584473596228	0.218791701656402	0.64011914050993	0.858442821822907
RAB3B	-0.0172091861825158	3.02170210592498	0.00130452165179629	0.971199245521398	0.990439750544901
RAB3C	-1.32964650072645	1.2000053185531	4.74674679501751	0.02971277380499	0.287679274203741
RAB3D	0.06350445344856	6.2597586581672	0.119643617697144	0.72953342344413	0.899718170203473
RAB3IL1	0.367574270448735	4.0322835878825	3.70490910557162	0.0546893804597399	0.363152274117601
RAB3IP	-0.25699026508167	5.23239550831111	1.33215601269719	0.248846822264508	0.606269304900777
RAB40A	-0.40458346904305	-0.909873248656601	2.08484523187332	0.149249805910366	0.50501813666937
RAB40B	-0.12444565409846	4.44541672525732	0.515062112458485	0.473213898348961	0.770404995312168
RAB40C	0.330291999766892	5.4523842163082	4.06748335716057	0.0441276590507213	0.33825540191282
RAB41	0.558091376902126	-0.776559081269606	8.8115338298274	0.0031036280095553	0.11474426718687
RAB42	0.0326536347011861	2.45063310371987	0.01999072812782	0.887606854186983	0.960874186989586
RAB43	0.0760845581614736	1.05084628078156	0.127735660394334	0.720907614921969	0.895747102845243
RAB44	-0.339195008653443	-1.47113567363169	0.766131812637505	0.38174016251497	0.715262573809669
RAB4A	0.0725862336257484	5.77192308712222	0.317873300737196	0.573083270472269	0.825330632179761
RAB4B	0.117546298633914	3.84765199353853	0.445457448307213	0.504737294758699	0.787653388573306
RAB5A	-0.262963181787728	6.24483617795922	5.70339433866405	0.0172170535187978	0.236171017085542
RAB5B	0.160347430808638	7.89769304547994	2.19224758345463	0.139192029625926	0.492524172679531
RAB5C	0.159392792743632	6.83937103135607	1.71096687771301	0.191323034263324	0.552574351901345
RAB6A	0.0567160064035005	7.6625503987972	0.114915164537125	0.734725858692412	0.902049287152386
RAB6B	0.450483252845465	3.42028258543833	2.33216118738249	0.127212976311353	0.477471545113931
RAB6C	-0.70708388718248	1.15686086727423	2.21286514092706	0.137349916285434	0.490410157414467
RAB7A	0.218925426204803	8.3007975575635	4.7895876344692	0.0289879395402153	0.285838308172747
RAB8A	-0.0615381998323337	5.78786674558568	0.337798753178517	0.56130435795244	0.818854252366822
RAB8B	-0.243901772606436	5.00148538203991	2.25804360097638	0.133408257837106	0.485519895343307
RAB9A	0.106332080450513	4.93393718877262	0.577042812262972	0.447749594848056	0.756507891458477
RAB9B	0.191290413575662	1.47088851847985	0.515066581722	0.47321197934751	0.770404995312168
RABEP1	-0.0069589896075362	7.53379608690931	0.000939007006255094	0.975563492895619	0.991985461937393
RABGAP1	-0.144154929258495	6.41141828033429	1.76858484690177	0.184024462891694	0.544193860704243
RABGAP1L	-0.227382028533632	5.96573379396124	2.07304837525701	0.150403733434974	0.506124425421969
RABGEF1	0.289992886220315	2.47168208752442	3.71653432178324	0.0543120695060386	0.362182167880265
RAD23A	0.133667199994367	6.626582382289	1.00108741967234	0.317420393611744	0.667224364995519
RAD23B	0.0333971356303843	8.04207868152388	0.0841331797317317	0.771865120075825	0.915621626081071
RALBP1	0.0907988829667557	6.69633012097089	0.445237745971273	0.5048423471935	0.787653388573306
RASEF	-0.0846929912523974	6.2115717142539	0.0936517137417817	0.759683229644992	0.91133460845248
RBSN	0.209656070483789	5.44891020470018	2.85944502212061	0.091318915924384	0.430214509072558
RBX1	0.196959470321158	5.89296114866221	1.97598643223715	0.160292370438842	0.518841545854072
REPIN1	0.127952852287197	7.06945938093873	0.930470883239453	0.335099852496555	0.682162234226015
RER1	0.0144461127489748	6.86125117377152	0.0141178914941648	0.905455730628937	0.967734779810175
RFT1	-0.0436441854608499	4.70411264036981	0.188013234675865	0.664719431143623	0.868790700499426
RFWD2	0.146325992227123	6.11709198965159	1.7883134015885	0.181600246636083	0.541272272685608
RNF185	0.061900770624248	5.46649651197719	0.289660813123225	0.590622479530442	0.834474937982782
RNF5	0.317025655850695	5.61728458691722	6.43414934810408	0.0114278549436015	0.200438735691984
ROCK1	-0.0864498956466224	6.32201158128163	0.311465841269193	0.576974527811138	0.827816334781236
RPN1	0.170298010723334	8.69365509742782	1.72244022773422	0.189843147907249	0.55090125716805
RPN2	-0.0473105276355531	9.0414624350174	0.094911623781539	0.758122354315179	0.910559038168483
RRBP1	0.47237147867342	8.50598325256746	8.43124872340191	0.00381357952270283	0.128238557504496
RUFY1	0.0561597284901669	6.12754343547421	0.261944140162727	0.608961724627281	0.842936143901469
SAR1A	0.0101083062897092	7.29742738364661	0.00693702798719144	0.933647567932824	0.978688699346651
SAR1B	-0.0777211803352107	6.38280940062503	0.266656091646676	0.605759650890948	0.84141067509089
SEC11A	0.140065192303478	6.94097624522764	1.75934809509858	0.185172372920934	0.545371637193014
SEC11C	0.17368510437159	5.84052485768313	0.883267096632222	0.347658030471056	0.692404582546476
SEC13	0.177291599273552	7.0062917399349	1.74053287944276	0.18753653510215	0.548391850107576
SEC16A	0.180064518068478	8.08106158967433	1.36026515607761	0.243919901188514	0.602380439541839
SEC16B	0.234145530319872	-1.93233389400709	0.635920297836202	0.425483622099362	0.743813521816147
SEC23A	-0.0668927141463201	6.00268689975613	0.165416544314697	0.684351893965766	0.878838289071308
SEC23B	0.068811783855344	6.90018378839241	0.210543935517416	0.646495022111489	0.86060359877759
SEC24A	-0.119399999008993	5.69812142291546	0.5713114113286	0.450012491837145	0.75760556739851
SEC24B	-0.232744160292708	5.89322044373969	3.24437128997367	0.0721332016714556	0.398070145718777
SEC24C	-0.0472465787702645	6.06623197651527	0.0666549088024912	0.796352829740614	0.925624486059797
SEC24D	-0.0347661220665303	6.74601860521725	0.0375582492604077	0.846393507643315	0.945010230721615
SEC31A	-0.0338549136253759	8.13364653320013	0.10010002975483	0.751811351661825	0.908569072272812
SEC31B	-0.0821670615733602	2.53471965070576	0.118343820349602	0.730949157148483	0.900651926017136
SEC61A1	0.214838478327144	8.8854804726138	3.21298397200873	0.0735217314697558	0.400807602539806
SEC61A2	-0.139110828083151	3.54742628760505	0.749614482279949	0.3869182318396	0.718568240660611
SEC61B	0.0768492702581707	6.39491257241484	0.293528485826616	0.588154148764125	0.832818553920434
SEC61G	0.15927023493522	6.10240289366166	0.581900634279717	0.445845443965761	0.755825230408196
SEC62	-0.113216998486886	7.58080676739957	0.864912386275545	0.35271339629825	0.695956275455416
SEC63	-0.127106811383578	7.40867715669024	0.595458705156756	0.440596850487692	0.752465178132868
SEL1L	-0.224601146016595	7.56065526634848	1.78136668740561	0.182449594788658	0.542214416156826
SELENOS	0.255397370260427	6.13503360065885	3.40146814375924	0.0655939521830491	0.386000211312578
SGSM1	-0.390473984731645	2.12950045325034	1.24758651876513	0.264427241091206	0.618733059564191
SGSM3	0.342948135918131	6.04006684030971	4.81063866269243	0.0286385599561758	0.284289144085978
SIL1	0.161870996925956	6.13245561182894	0.826763840092522	0.363547482984685	0.702890049974795
SKP1	0.101777137891802	8.2824718795169	0.603026023552867	0.437708681219254	0.750321051216982
SMCHD1	-0.264460974596261	6.26707914355604	2.21003877553345	0.137600815536093	0.49082937604709
SNAP23	0.0296039768522862	5.82340146862137	0.0628977044738962	0.802052638129108	0.928351185307483
SNAP25	-1.55766662912025	2.65264832737037	3.83221760330626	0.0507044963133045	0.354199405694056
SNAP29	-0.090879519249839	6.01065748788173	0.496217621598001	0.481419467471918	0.774586984071505
SNAP47	0.281261032723266	5.68676993633266	6.01334976533734	0.0144603213988301	0.218372543604433
SPCS1	0.0808289000200405	6.80064309244198	0.433685096065735	0.51041977857281	0.790381112351293
SPCS2	-0.152033571434361	5.7823715882446	0.744410495369614	0.388570376061228	0.719594735536263
SPCS3	-0.221193828163569	7.07577387381712	2.65840286506177	0.103489254865314	0.446718016963994
SRP14	0.156355387854377	7.85797921515917	1.78301307895268	0.182247880687734	0.542117369811
SRP19	-0.0147369847448696	4.66387964862567	0.0162672663473356	0.898549993232256	0.965673542541419
SRP54	0.318861543269105	6.42887827297596	5.5645949707977	0.0186225938224493	0.245255477834921
SRP68	0.0284279845888333	6.88867076444506	0.0535222724087719	0.817116742023145	0.934069098580144
SRP72	-0.186847885602198	7.31025630432554	2.17643500050502	0.140623661448438	0.494433191498853
SRP9	0.142011018215663	7.99265751390343	1.17672631468734	0.278426220971845	0.630291280458294
SRPRA	0.224017827838021	7.64831135030127	3.02970926412416	0.0822265676267306	0.415919123949413
SRPRB	0.244186281630969	6.69432981958552	3.14946116544379	0.0764206930183651	0.405823868122497
SSR1	-0.215155731133419	7.95542998734108	2.49992894002749	0.11433859716625	0.462353869273325
SSR2	0.222444376195754	8.60483681403489	2.43609117993536	0.119058792736153	0.468015384634476
SSR3	-0.130694902470197	7.89351748262877	1.16910676860297	0.279986426529202	0.632398297970496
SSR4	0.140047540199397	7.72745801199666	0.524676149132565	0.469114771144333	0.768335688420948
STT3A	0.0513223511498483	7.71578120716615	0.133732253531303	0.714712419830295	0.89290012902649
STT3B	-0.0846186160305143	7.8880985780588	0.382666458867974	0.536396665411282	0.804968125082826
STUB1	0.536575270568457	5.49326758231601	9.19266146928838	0.00252671122230517	0.104178663187214
STX10	0.273986493836692	5.31521671232567	2.91519729248289	0.0882269168193179	0.425469833736845
STX11	-0.476419930418504	1.9299630236944	3.48613730938417	0.0623354071083956	0.379962926517633
STX12	0.0276724916933575	5.94958663862536	0.077910325490098	0.780238418147752	0.919523214582354
STX16	0.579841779169898	6.18255631000985	20.2233768146472	8.16254483097172e-06	0.00178647348934666
STX17	-0.208015566129247	4.38983198576763	1.9666014451621	0.161287159636416	0.519859442237035
STX18	0.0838114851100746	5.0678843933868	0.663401661782773	0.415660328036083	0.737707995058372
STX19	-0.0996348052167311	0.324010716083688	0.0424058731722327	0.836912614910161	0.941366926152747
STX1A	0.16801514105368	3.18958988020001	0.565558313351472	0.452301968045829	0.758895413637475
STX1B	-0.137478162778935	1.31143949721953	0.225057985340167	0.635372283898802	0.856694177688829
STX2	-0.0497727887623573	3.65308136147936	0.131281589697441	0.717224869795937	0.894130335765745
STX3	0.0891170872351031	5.75700368463852	0.414155812762522	0.520094995384862	0.79650008927603
STX4	0.224792045461706	5.56521112045048	2.593753885326	0.10777197906973	0.451731761380197
STX5	0.211116340319944	5.88205735543582	3.71622945459353	0.0543219289639308	0.362182167880265
STX6	0.084409679147991	6.35651218058973	0.53045891092137	0.466676670199181	0.767259659392343
STX7	-0.0759252201838902	5.99546549091275	0.430099880310775	0.512172343029082	0.791512182421993
STX8	0.342921342555589	4.61353828375032	7.74639865986869	0.00553858959010806	0.149563167955232
SURF4	0.161267040301528	8.22421761444703	2.01992862193349	0.155726712219623	0.513473132005378
SVIP	0.0441884260668994	5.4565577123729	0.0665832600673722	0.796459898878126	0.925624486059797
SYTL2	0.0348664698972503	6.92248783586463	0.0104184767585808	0.918731892431779	0.973219436930952
SYVN1	0.210235430705668	6.63269344095163	2.85765160153868	0.0914203152246321	0.430490767185775
TBC1D1	-0.202317288312204	6.1364897377716	1.26578891356324	0.260974039752065	0.617289034727386
TBC1D10A	0.157079330191246	4.43846876404483	1.21715958032173	0.270327684172235	0.623355248515348
TBC1D10B	0.164893192409433	6.43126028393538	2.27985636712552	0.131550660673248	0.483056358752757
TBC1D10C	0.143230914485574	3.19154761937977	0.20813302357255	0.648387286035006	0.861232174538088
TBC1D12	-0.120001746952204	4.36091938561492	0.559279430445178	0.454821586764663	0.760377826202742
TBC1D13	0.0796115646101698	5.40228598492395	0.505917697360368	0.477166952185397	0.772514530835379
TBC1D14	0.128475619324507	4.90765350747384	0.421337905632802	0.516499825192948	0.7942458013963
TBC1D15	-0.0432055820814024	5.76917767624257	0.145072095382348	0.703414470148195	0.887387115753299
TBC1D16	0.0976289426541219	7.04304190729922	0.320525948074498	0.57148743086929	0.824120148026587
TBC1D17	0.0829426529654845	5.66401196141611	0.44798696673173	0.503530476360589	0.786844524913021
TBC1D19	0.00719114175187056	2.78247634025655	0.00264968118723833	0.958962817072076	0.986564274270315
TBC1D2	0.0578871629123121	4.71893686543443	0.117738555033226	0.731611377766675	0.900846281653834
TBC1D20	0.242824310505231	6.09141155927685	5.34296992453234	0.0211182970967284	0.25735889632097
TBC1D21	0	NA	NA	1	1
TBC1D22A	0.339893424477228	5.05040493062003	9.07003268009846	0.00269933064746232	0.108055575488924
TBC1D22B	-0.15986929348176	4.53507431698794	1.39849092780755	0.237409425558643	0.596738108918734
TBC1D23	-0.0848398624344463	5.58110664768066	0.517221362768649	0.472288231309701	0.769879429383652
TBC1D24	0.0392581033507712	5.29841451104613	0.0483838893511725	0.825968837231177	0.937086232922766
TBC1D2B	-0.039633330374589	5.76195007167221	0.0793368400252477	0.778287903932519	0.918376071858942
TBC1D30	0.0902262027392959	4.43909585524008	0.144243487052215	0.704222569437492	0.887553481954763
TBC1D4	-0.0354997672013557	5.7107984992267	0.0303119983256958	0.861838480000804	0.951074200208547
TBC1D5	-0.1913995532529	6.20215587172098	1.98565269827308	0.159275082114252	0.517489709745296
TBC1D7	0.171034985186865	4.39379780975743	0.989044098038832	0.320346729469349	0.669765490112331
TBC1D8	-0.397473875135591	5.5104394296092	4.46864874101465	0.0349031170079972	0.308211900272685
TBC1D9	0.276824405596678	8.87947993690624	0.568092207252324	0.45129135096556	0.758295002682214
TBC1D9B	0.0839904285571244	7.61811894773936	0.540213153083461	0.462609879979978	0.764976310980749
TMED10	-0.12240841093343	8.65727768473519	1.02024235777983	0.312837924928484	0.662992287145581
TMED2	-0.055411049574579	8.76512702059057	0.164525878014095	0.685157050810729	0.879107648463395
TMED5	-0.21219853812409	6.22924291750206	2.18060480646827	0.140244535958503	0.493808708830214
TMED7	-0.294557131390142	6.83591631744494	3.42394878576058	0.064711383425139	0.384270150398032
TMED8	-0.301648972880559	5.53923758619576	4.043056749701	0.044766506097728	0.3406783830462
TMX1	-0.25181372114032	5.89178303164812	3.5036718394141	0.0616824529588196	0.379025368291696
TMX2	0.58721182802245	6.63169635986658	20.7849498387373	6.14219604222843e-06	0.00141612784017882
TMX3	-0.139957111841477	5.8137654811449	1.22730343795196	0.268342466159214	0.621923498223296
TMX4	-0.264339809561884	6.52316820956234	1.42242821192461	0.233439969062046	0.592206236296096
TOR1A	-0.0216984937452156	5.69384555523363	0.0506591810270237	0.821991038383667	0.936004951451587
TRAM1	0.0573897073764374	8.16634908149058	0.132961233521472	0.715500046135658	0.89325708194773
TRAPPC1	0.381682841748679	6.14755936467382	7.15568169710546	0.00766102696040576	0.169609259952181
TRAPPC2	0.22177894382493	4.37703219699254	3.2538779801311	0.07171822180802	0.397231882132336
TRAPPC3	0.0891742241485074	6.02154089739293	0.658053259719964	0.417545426142427	0.738745504409801
TRAPPC4	0.17047945269288	5.41780133702567	1.76992891358116	0.183858117607816	0.5438850858089
TRAPPC5	0.0460620158671326	0.680047451877046	0.0408892537318849	0.839815205735776	0.942202569609064
TRAPPC6A	0.243838124077063	4.94130657237057	1.28998837737151	0.256469303223504	0.614042200971819
TRAPPC6B	-0.0487739229872356	5.02591509977879	0.209773761439126	0.647098081003947	0.860708018815799
TRAPPC9	0.435202442326136	6.0006518516234	8.51069504542496	0.00365269209162368	0.1265448200951
TUSC3	-0.0337837957954167	5.85076488930306	0.0156362817689793	0.900526550142711	0.965969030561072
TXNDC12	-0.0244792185895978	6.31438454504903	0.0445326054081073	0.832932051159868	0.93950922432841
TXNDC5	-0.0486714246407484	3.09241813863189	0.0457574308073458	0.830684526460857	0.938474031297122
UBA1	0.266445272759466	8.90596732778238	5.79593341730999	0.0163413426145778	0.231961309764039
UBA5	-0.0795818252659275	5.48355032135233	0.543406044609493	0.461290956145827	0.764338970181722
UBA7	0.14369937894584	5.60927701581351	0.529578802908835	0.467046422373309	0.767330844833565
UBE2D1	-0.100605436864445	4.53321724865325	0.509802812458881	0.475480909680522	0.772113000466196
UBE2D2	-0.0257681441819925	6.6271120009862	0.0710401291195818	0.789912983955897	0.923247732975632
UBE2D3	0.0739444562437293	8.10257682110441	0.660187022220107	0.416791840011471	0.738323887526028
UBE2D4	0.157974786565185	4.73503537935219	2.15783820471561	0.142328621029047	0.496381761679545
UBE2E1	-0.0694454613152288	6.30742663941091	0.400821251058245	0.526888433085489	0.800483468032245
UBE2E2	-0.0176930357991091	4.52400608117686	0.00691288794929483	0.933762851201852	0.978741606623271
UBE2E3	0.0758125778376875	5.36864908021734	0.0960815196612034	0.756683121541502	0.910141316849071
UBE2G1	0.0848529410089805	5.87437085329913	0.525413763089417	0.468802643567183	0.768271635575671
UBE2G2	-0.0805195272787049	6.58410655832004	0.610214247916897	0.434991981218252	0.749365258658137
UBE2J1	-0.142061667121155	6.61698546294942	1.09641521413827	0.295443935573789	0.647217192896127
UBE2J2	0.130180778259542	5.56214437745227	1.06747427222784	0.301901459609791	0.653057128483351
UBE4B	0.212950094094424	6.11833359580754	3.12413208483074	0.0776107607234907	0.407878511594152
UBQLN1	-0.0699574285982231	7.51806677419122	0.355567103988073	0.551186422102169	0.8125181751462
UBQLN2	0.0452528041315025	6.14456883111614	0.17628992629188	0.674720147442932	0.873870856049582
UBQLN3	0	NA	NA	1	1
UBQLN4	-0.0367810534254707	6.53303791188853	0.059113659832307	0.807979179464144	0.930604003078867
UBQLNL	1.01328055969818	-0.8585431622123	14.0389831393719	0.000195003261937792	0.0217331495214285
UBXN2A	-0.198084498377127	4.74244579410492	2.1575613005741	0.142354183014254	0.496381761679545
UBXN6	0.138297803995517	6.72066611185856	0.909095658313992	0.340709429378121	0.686473449647463
UFD1L	0.0736808681603952	5.89951809459231	0.304901399694053	0.581015957189867	0.830387044128899
UGCG	-0.49464887984839	7.46827079148838	2.24645032099377	0.134407493163839	0.487112763758686
UGGT1	-0.226962603230647	6.97394558351839	2.87529101626909	0.0904282887240937	0.429200773761877
UGGT2	-0.0577996172546491	4.78245253062928	0.161128396434244	0.688251872327963	0.880729176433415
USE1	0.189806214534366	4.36124848468636	1.26069600616396	0.261934546659744	0.617618745827534
USO1	-0.0423933683651963	6.92841393687156	0.0959719239758935	0.756817539621947	0.910141316849071
USP6	-0.108088132552919	0.33887271272365	0.173813742720915	0.676882267944773	0.875240822790306
USP6NL	-0.0624767138787613	5.18717089445514	0.104375152133083	0.746745197449219	0.907201850229627
VAMP1	0.0627913030092993	3.37526666754238	0.105783277140405	0.745101668958264	0.906875081474033
VAMP2	0.267745944544143	6.16780576740743	2.77995217531418	0.0959334099003031	0.436994393916127
VAMP3	0.0547805154589427	6.59440531058185	0.320740012723279	0.571359029685167	0.824026204449484
VAMP4	-0.0343642571394602	4.79237312449123	0.0645578648293256	0.799512372832518	0.927187536348508
VAMP5	0.417142007677152	4.32809911633179	4.08295862387033	0.043727906234048	0.337174866476117
VAMP7	0.107764333630087	5.90331093875584	0.682386419428845	0.409069721430415	0.731776991432747
VAMP8	0.398421219798418	7.14623180365999	7.15460236278249	0.00766558723777716	0.169609259952181
VCP	0.118775030596037	8.7543942150186	1.22528821703465	0.268735402781647	0.622010527259873
VPS45	-0.168369591781074	6.01921181235576	2.04628281124314	0.153059555356403	0.510080299065367
VTI1A	-0.175945285077367	4.53358660454674	3.27540246433572	0.0707880961347535	0.395063210255516
VTI1B	0.0590642157821547	6.2188544515583	0.368460084495129	0.544057130445601	0.808953553034246
WAS	-0.0468938318208757	3.57593764329022	0.0356682815580966	0.850261205269192	0.946500043592267
WDR38	1.59094311589334	-1.26483142318462	10.5782828123235	0.0012035180050565	0.0688149686398318
WFS1	0.3091894589675	6.65722057868844	2.28641343601655	0.130997924084615	0.482482461365976
YKT6	0.416063286400589	6.98536733557853	11.7912800151059	0.000632955525601457	0.0450876314616529
YOD1	-0.145242480548255	4.18767250018903	0.346573076043551	0.55626428242735	0.815318665123702
YWHAQ	0.0165580333316448	8.43399649230744	0.0127934583898501	0.909979771622973	0.969525858696509
