pspGenes	logFC	logCPM	F	PValue	FDR
A3GALT2	0	NA	NA	1	1
ABO	-0.622938567835497	2.62106685454683	11.0202351720239	0.000977456948243667	0.0139954942749488
ACAP1	-0.245259232114168	3.61917832207649	3.89284803788815	0.0491277644422864	0.173907610754904
ACAP2	0.0831763081599589	6.03853899513897	2.01327425431301	0.156647931624354	0.353943023670204
ACAP3	0.188272241731674	5.31897921322896	5.67933124296833	0.0175963096486976	0.0921910914943666
AGAP1	-0.065820880288507	5.87240612074945	1.21349298033233	0.271253448191256	0.488868527468877
AGAP2	0.148343303831857	2.63179385440603	2.17103119131045	0.141358534518381	0.332626094312604
AGAP3	0.0950313650344553	6.24736698067745	2.50384683797149	0.114298758710004	0.291036057289124
AGR2	0.123408432729834	9.32570434179842	0.387008023037201	0.534203774928511	0.723513942906685
AGR3	-0.0622975065274496	7.06770411389666	0.0836027309967156	0.772611591816232	0.879502515431874
AKAP10	0.0720748775722611	5.07759331234497	1.26574024720111	0.261190619933472	0.477554871634467
ALG1	0.113297528986058	4.89305183904638	3.9757429924016	0.0467868855752192	0.168705660470278
ALG10B	0.0438786455997146	4.12051006863518	0.326739781623591	0.567881775400936	0.747507797175684
ALG11	0.0527314990133998	3.27228048359445	0.560142683691308	0.454609114408843	0.660327764016277
ALG12	0.0356904861238369	4.08732456632541	0.404256847064039	0.525234915422803	0.716925301609668
ALG13	-0.0717808844567835	4.9353840855394	2.33240381461143	0.12743625344208	0.31168670033658
ALG14	0.0381266792089006	3.7354247886617	0.488249601010807	0.485084313134059	0.685783322375561
ALG1L	0.83786250663781	1.35597658042339	14.1760241477575	0.000189459335356347	0.00457389486169879
ALG1L2	-0.0336131981393423	-0.768117654450144	0.0950870894419571	0.757955238992677	0.871130342538182
ALG2	-0.0757531295305125	5.49226535190918	2.4213807110193	0.120420024297951	0.300572095123372
ALG3	0.24692160546703	5.8229077616422	12.5233277824276	0.000445398493821208	0.00835739202813708
ALG5	0.0874268181844608	5.18356534738879	2.26632609907101	0.132942157811882	0.319802252886442
ALG6	0.0259222100657106	4.485376005279	0.196730643988094	0.657594379187292	0.806624664115748
ALG8	0.227695025043209	6.20082921985508	4.60960020691949	0.0323482082585342	0.134358062597464
ALG9	0.0182409364041329	3.06801446956434	0.137821435580423	0.710638067256227	0.842234874821472
AMFR	-0.0277669641881546	7.80109423284007	0.0937452059525568	0.759615997836789	0.872120321718461
ANKFY1	0.00247871872750884	6.27009527519546	0.00216926786392767	0.96287311358065	0.982370048704094
AP1B1	0.120962566587557	7.297272131668	4.85974572869221	0.0280156846693725	0.123128039052095
AP1G1	0.124448086903041	7.09842822146075	3.8583959258482	0.0501368829469654	0.175964113770599
AP1M1	0.128347403954936	5.75129441501869	8.40449739935412	0.00393325495765757	0.0354747232621916
AP1S1	0.182901367111951	5.88891069592469	7.58985697356186	0.00611727433640892	0.0473478835577861
AP1S2	0.0532671291559689	4.93105487160676	0.564509282866476	0.452857253539627	0.659088021583495
AP3B1	0.0547445779780533	6.35000362229987	1.3940691243486	0.238367334233899	0.452827984333517
AP3B2	0.395152162902101	2.52759322618446	4.52829368715124	0.0339031282413822	0.13842766327018
AP3D1	0.0811795229081066	7.45015615551915	3.79297293990804	0.0521141709331342	0.179898510388689
AP3M1	0.135171551939421	6.31608778148502	4.52910446578752	0.0338872417392463	0.138427166662735
AP3M2	0.262329666256606	5.20659443979723	11.8380042157221	0.000636660490732505	0.0105880048484808
AP3S1	0.0929303803927473	5.85580417685521	2.50005923935939	0.114572225213938	0.291395271199304
AP3S2	0.0233235575697988	5.01740021029034	0.197479323775163	0.656985239449579	0.806303396915648
APPL1	-0.0581908352272515	6.48927043423578	1.05088586984331	0.305875543454391	0.524977686829556
APPL2	-0.0387663017255179	5.83985901975577	0.465641024385392	0.495364271098869	0.693176146410205
ARAP1	0.0135797934823091	6.79045378865713	0.0549868170980269	0.814713364034004	0.90386819609801
ARAP2	-0.199249942197782	4.22901698298793	4.73706682964749	0.0300591270554944	0.128366586436056
ARAP3	0.155588454689663	4.03542295236122	4.44872975580659	0.035500770683456	0.142248673355701
ARF1	0.175102256905349	9.53699702111779	9.7610806471557	0.001902239563301	0.021886195916495
ARF3	0.0927257139130312	8.21577268510533	3.5115404662735	0.0616160357424043	0.19833056571867
ARF4	-0.0213973944288945	8.15830903224041	0.170319184515775	0.680032577591097	0.821436768393484
ARF5	0.0601559710438339	7.28100887538108	0.781020445255004	0.377319690153178	0.593388659126575
ARF6	0.212475432091296	7.75732073006758	16.3626310207466	6.19351926925896e-05	0.0020437685024946
ARFGAP1	0.17440806295931	6.72222538536319	6.49498117038838	0.0111621644526997	0.0689037310916645
ARFGAP2	0.0888193937184134	6.89824496170925	4.09458941686798	0.0436344983351705	0.161546731162555
ARFGAP3	-0.0767955343704441	5.88703677733746	1.48405236678595	0.223804979637817	0.435725732947382
ARFGEF1	0.223253200477626	7.34560030645135	7.14569717589671	0.00779836989852505	0.054795812334009
ARFGEF2	0.0599067560432285	7.1882726100293	0.529855248994129	0.467061183991868	0.670360415927656
ARFIP1	0.121273328607472	5.91487049245092	5.52492981527625	0.019195177115999	0.097436773137255
ARFIP2	0.0379249902848097	6.82742731719238	0.307735193078872	0.579359746862072	0.755564283454948
ARHGAP1	0.0453673919990757	7.6720179664818	1.14306011756612	0.285602328702582	0.503755420423521
ARHGAP24	0.0135974166327395	3.46469367893427	0.028936486375044	0.865005224989682	0.930945430640209
ARHGAP5	-0.0584605163254183	6.50888945044997	0.652279845343813	0.419742232024912	0.631693628395261
ARHGDIA	0.116509107636396	7.86292823487265	3.24705620113492	0.0722473035644811	0.220335756055733
ARHGEF1	-0.0645056284083977	6.47955816374167	0.940043564415509	0.332807938609856	0.551008178787644
ARHGEF11	-0.0121795471313136	6.58191619337538	0.0546126004071441	0.815333472484599	0.904145996039199
ARHGEF2	-0.0639848225789297	6.93595460961008	0.944718605293609	0.331609966027908	0.550218606482089
ARHGEF6	-0.252063761753008	5.98319772046178	6.13809679569579	0.0136105537329665	0.077890870427091
ARHGEF7	0.0318763841490135	5.97862407013625	0.474386507257551	0.491344957521756	0.690404910307319
ASAP1	0.0710669558355185	6.0987420602847	1.1040025434871	0.293975483087961	0.512281231370853
ASAP2	0.0702551804865153	4.47586121204189	0.509236437134316	0.475854061029743	0.677504876335121
ASAP3	0.0575365833033709	5.75368047157183	0.777705522851453	0.378333107394957	0.594538890030202
ATF4	0.0647134538996934	8.21941654818037	1.19776950840937	0.27437640724273	0.491667177973868
ATF6	0.103052609731869	6.89585905539763	3.41327700092123	0.0653558483140195	0.205820893030701
ATF6B	0.129329081196789	7.15172782455623	7.72382398610683	0.00568694708423286	0.0453176342525648
ATXN3	-0.0129681968520886	4.88132086488482	0.0973967631302867	0.75512650892646	0.869450818880773
ATXN3L	0	NA	NA	1	1
B3GNTL1	0.0879535975756243	2.68817960814878	1.64284292297964	0.20062180131188	0.408995695338739
B4GALNT1	-0.0926675214521833	2.45805623143122	0.388878659821382	0.533217796432697	0.722667715485447
B4GALNT2	-0.0672452792390391	2.05853036840023	0.0529886414595961	0.81805081643145	0.906020286889119
B4GALT1	-0.251674125619216	8.43087533835045	10.0362822840737	0.00164356522358388	0.019946536378126
B4GALT3	0.242419367937459	6.42850505377153	13.0072117218911	0.000346452291079398	0.00699579351069499
BAG1	0.0353349866045513	6.7729991424544	0.136727713330832	0.711736818377747	0.842810963172874
BAG2	-0.124894593609811	3.24239259709459	1.55687510862181	0.212797759901881	0.422772868275831
BAK1	0.0993005465680579	4.66582595356422	2.5131823642499	0.11362780724936	0.290032243715461
BAX	0.190829967810768	5.50321186225469	7.36882534215898	0.00690160430882843	0.050807270996258
BCAP31	0.190661295939953	8.25268803093868	7.93285123546873	0.00507646740486786	0.0421316167349704
BCL2	-0.262494384060726	6.67746339524468	4.46905249144334	0.0350853176350377	0.14107194759722
BET1	-0.0063786939678607	4.70530203206639	0.0176450688574279	0.894385789987524	0.947052402464419
BET1L	-0.0323542874373753	6.43204975734544	0.476536863862574	0.490365048998147	0.689600327675498
BNIP1	0.14840056900429	3.58249244009641	8.11680946779996	0.00459479849680877	0.0392383329708564
CALR	0.051987048302762	9.93876225711389	0.616972406617089	0.432604203970427	0.642899599535713
CANX	0.0335082667595931	9.92361899422434	0.311351050299215	0.577140709176956	0.754103117185206
CAPN1	0.11227643249416	7.92818246387947	3.11058307574734	0.078490346528454	0.231702323912456
CAPN2	0.0450241308666811	8.19083200905574	0.339393109729381	0.560483002992861	0.742475527888828
CKAP4	0.0810082224291192	7.42432619774777	1.41916540938588	0.234193456750726	0.447914319002736
CLTA	0.167201360337671	6.95152296862474	8.19230333507912	0.00441089887984264	0.0382370556696875
CLTB	0.175948446099448	5.97737446553346	4.55831076653181	0.0333201446487816	0.136977284968189
CLTC	0.507778737794943	9.76084778832872	28.5710025237026	1.46422362378672e-07	1.6276546444215e-05
COG4	0.288563355042043	5.89230571983514	27.639304895928	2.30098156056189e-07	2.36657028728818e-05
COG6	0.0991322262126444	4.97687032002435	2.70882299663861	0.100520276640512	0.26940948442048
COPA	0.0662370316149274	8.91020216093441	1.27921676632116	0.258670807373065	0.474603573714668
COPB1	0.0357371925581354	7.73807212272565	0.425776075802418	0.514415158659266	0.708882897701631
COPB2	0.114890459045528	8.16189827647602	4.03586192925095	0.0451631933795369	0.16523302631044
COPE	0.216332835631754	7.0728524705805	8.78668246192847	0.00320190918503459	0.0306675461978291
COPZ1	0.101375705857348	7.85914329692425	4.42727904252838	0.0359448915446828	0.143194038533659
COPZ2	0.180865627417766	4.2437002869549	2.76205148387097	0.0972481841489477	0.26382750315769
CRYAA	0	NA	NA	1	1
CRYAB	-0.0500008529987511	6.09344678058967	0.0678483871546394	0.794619511508372	0.892826353989447
CTBP1	0.0230384783613368	6.92347983251067	0.246456451520553	0.619833267977954	0.782659068796671
CTSA	0.313634935098324	7.29286841735875	25.7265232492952	5.84568568574269e-07	5.10569610885701e-05
CUL1	0.0381456749887393	6.38784356171375	0.918504938555855	0.338402687450633	0.556171083541549
CYTH1	0.00388932944994275	5.94859901074008	0.00523517581023684	0.942353193363528	0.97198346823318
CYTH2	0.0371834421660919	6.64260585737374	0.480182888734715	0.48871101022527	0.688329771233007
CYTH3	0.049902997935259	5.4889173091914	0.447480948862963	0.503890156454391	0.700563599492208
CYTH4	0.00505040543102934	4.21572581778406	0.00277496112909191	0.958012843679252	0.979962945084368
DAD1	0.132952707816171	7.14359493621638	6.20336530389502	0.0131245383796371	0.0762140532288683
DDIT3	0.220361491476687	4.14789951023617	8.13168235914831	0.00455795869243339	0.0390352804748868
DDOST	0.0214455500682438	7.92069611110543	0.187540783324361	0.665186983634585	0.811482402715731
DERL1	0.269786271213138	7.18356915521935	17.462057078835	3.54731120933571e-05	0.00138921543550504
DERL2	-0.00422439385117951	5.50607295557341	0.00795139719162181	0.928987556360657	0.964709418046617
DERL3	0.25028313383035	4.25788011732376	3.76461162233318	0.0529969138935153	0.181663615448726
DNAJA1	0.0841361011253129	7.92383645066405	2.16833832481601	0.141604926141746	0.332983378673059
DNAJA2	-0.0333022870782127	6.43573184922665	0.33709823725225	0.561811047121329	0.743416538516309
DNAJB1	0.00190132572260877	7.53698346387956	0.00123636854632429	0.971966741742204	0.985794009190454
DNAJB11	0.0534031346643212	6.30659783128606	0.845525340245898	0.35833328723226	0.576105077538694
DNAJB12	0.0807394036297907	6.15544374075335	3.4194359545438	0.0651144482398607	0.205215350344851
DNAJB2	0.1240769236369	6.83706659189562	3.81527343614566	0.0514310402136005	0.178548453486017
DNAJB9	-0.0401499195238706	5.45851523547949	0.347038680458743	0.556101499817553	0.738627361715307
DNAJC1	0.338532913101188	6.76080227552413	8.72078458172772	0.00331731384077238	0.0314715851876724
DNAJC10	-0.0550269829899137	7.50638046501003	0.694814678764237	0.404991150048744	0.618684346895899
DNAJC3	0.0610144029875674	6.96034156307769	0.831373252736926	0.362383122397742	0.579797046746397
DNAJC5	0.123617122537838	7.01322311971245	4.23708970434698	0.0401477656795632	0.153812414727099
DNAJC5B	0.214273941183228	0.331435039016168	2.0987818012437	0.148140371119821	0.341850447509674
DNAJC5G	0	NA	NA	1	1
DNAJC6	-0.0980879080845735	2.65745392116972	0.394122507521983	0.530471324044519	0.720770567393054
DNMBP	-0.140766625827863	5.24734298622497	2.17342991187312	0.141139463567789	0.332314890150517
DOCK5	-0.130819869961263	5.17107840351933	2.64419839039516	0.104656151976363	0.276263121252069
DOLK	0.091535845829997	4.6734302927474	3.18951582935461	0.0748116847654349	0.224792516271293
DOLPP1	0.119320769488263	4.67690025442789	4.98112152729458	0.0261363515440875	0.118026486968684
DPAGT1	0.103112894652058	5.7333997056758	3.24131030368582	0.0724990738440055	0.220644996585531
DPM1	0.187261223007168	5.40781856958076	9.1111677441995	0.00269059775857383	0.0274710030577718
DPM2	0.194130694298866	5.99002129678241	9.08963475230976	0.00272179192913011	0.0276484569721447
DPM3	0.247678415447256	4.57591418863795	5.86406763502334	0.0158630068205421	0.0859103038987673
DPP6	-1.46730932936909	-0.702242891462729	40.1615290042253	5.8748115597884e-10	1.24331348491291e-07
EDEM1	-0.0591798238448128	6.55065056273864	0.833992144334979	0.361628935519939	0.578911402341542
EDEM2	0.143856801777215	5.21704550847691	7.74269717361904	0.00562886458147962	0.0451005858894672
EDEM3	0.13254679437745	6.7995916388294	2.63503346593393	0.105257676949199	0.277086648684591
EEA1	0.0822650902473974	5.42825086059518	1.43136940235934	0.232195815741541	0.445409613427864
EIF2AK1	0.111743354431071	8.07273955438643	5.93416192579405	0.0152524688065926	0.0837174160681057
EIF2AK2	0.0930566992782915	6.87279401740772	1.70559809157018	0.192250917593303	0.399381094500104
EIF2AK3	0.0604527453563193	5.44276025719769	0.975623422254083	0.323833363184925	0.542954622180208
EIF2AK4	0.0418962159168971	6.38537045883843	0.66621790222119	0.414822166697601	0.627421377749738
EIF2S1	0.138855970921618	6.5108759865779	7.48498957985721	0.00647732000869307	0.0488908825073164
ERLEC1	0.0694746992109599	6.63325782739232	2.04657418687059	0.153270408830786	0.349142250748301
ERN1	-0.188265361441575	5.45906465029469	5.51133097148261	0.0193430338848878	0.0979265265707147
ERO1A	0.083916852110924	6.15921334634004	1.16475308955821	0.281082818584974	0.498841544674671
ERO1B	0.0646655096553996	4.41584159815771	0.31083625033838	0.577455605390322	0.754176229306013
ERP27	-0.26382471073721	4.46016069565407	2.96794548836328	0.0856436985501951	0.243963343451244
ERP29	0.143001539206792	7.35138128769283	5.42473569631856	0.0203127143695094	0.10114996454138
ERP44	0.000468870039688261	6.2477074965661	8.57841178307776e-05	0.992614387535024	0.995729989067676
EVI5	-0.0330747696454805	4.35569246913455	0.417524762541306	0.518517067807807	0.711629912900609
EVI5L	0.0727397436390239	4.44681273823957	1.62803160987802	0.202659588814926	0.4111989949814
EXOC1	0.0657519213920715	5.55939314054615	2.39523181830393	0.122436307321693	0.303676259201088
EXOC2	0.302138694360474	6.46702269317898	6.93829621268941	0.00873923485935984	0.0590394595624647
EXOC3	0.09637362550038	6.00857632960494	5.14775320470393	0.0237678853510805	0.111209854714558
EXOC5	0.124817256737592	6.17177879562392	5.27986714652507	0.0220494007355107	0.106280854552586
EXOC6	0.0696434520521083	5.17718419390852	0.94463602023272	0.331631078309468	0.550218606482089
EXOC6B	-0.0830534550073318	5.2115221404849	2.53341160695443	0.112188808022468	0.288130182564122
EXOC7	0.059610423103306	6.24182450680418	1.25277252705166	0.26364415032905	0.480383661698312
FAM71B	0	NA	NA	1	1
FBXO2	0.109413197031404	4.22013446429913	0.42706940827955	0.513777358303085	0.708358785783694
FBXO6	-0.034885943650199	4.28797204650927	0.226090505690251	0.634677731428938	0.792581950000052
FBXO8	0.0560202739698202	4.46979875151024	1.48726657848454	0.223304972909352	0.435424473616126
FUT8	-0.00942933381664296	6.42890391467871	0.0108181577316693	0.91720927812731	0.959423792721372
GALNT1	0.00331055712893516	7.1859043609534	0.00310380711870224	0.955597080677055	0.978583340887823
GALNT10	-0.144106670452036	7.19110359867488	3.21449747087909	0.0736864941567741	0.222596724731073
GALNT11	-0.0223505001655236	5.77971044635636	0.267332927843243	0.605390522705773	0.773856923708483
GALNT12	-0.306017259823133	1.92030824779607	3.94819040032566	0.0475515598097876	0.170346652248279
GALNT13	-0.361440338674778	1.2640496221681	2.84719169252531	0.0922539205979873	0.255763798005001
GALNT14	0.0761118384211286	3.16345689075399	0.189083668019781	0.663897019802905	0.810627615991454
GALNT15	-0.185517439388793	3.67517968918724	1.76587668810078	0.184593077813993	0.389987871250335
GALNT16	-0.047622925742277	4.7890876078685	0.113080901115091	0.736826384605434	0.858707440705581
GALNT18	-0.0357754218435197	4.20303333945226	0.18850301979054	0.664381747156059	0.81090457799062
GALNT2	-0.00573061225680947	6.69186992454159	0.00872853902855725	0.925607835544419	0.962965032985374
GALNT3	-0.174950687342713	5.54338269154756	1.29849466670783	0.255118397741703	0.470632765440936
GALNT5	-1.08234774462935	4.7348356740619	31.9257269958881	2.90768729942114e-08	4.23829122253372e-06
GALNT6	0.163990909814306	7.96655748292808	1.55288353775953	0.213384092025657	0.42319191435256
GALNT7	0.125221107681646	7.09566461099025	1.17591410559653	0.278792832051725	0.496418593435682
GALNT8	-0.287623664445498	-0.0436445738436334	4.05096722738997	0.044764668116038	0.1643486814402
GALNT9	0	NA	NA	1	1
GALNTL5	0	NA	NA	1	1
GALNTL6	-0.272392729984238	0.292577067217645	2.40395234455934	0.121759745088327	0.302577846832345
GANAB	0.0556356830699022	9.07838977740784	1.18930362336631	0.276076611012046	0.493724786760097
GBF1	0.0206256274182916	6.97632940358666	0.228341777959952	0.632997268467802	0.791606243123654
GBGT1	0.0953329713258417	2.73468635776946	1.27166431730718	0.260079214245631	0.476116069662009
GGA1	0.0334712564605241	5.9410752496513	0.436492498555574	0.50917161345377	0.704220394461564
GGA2	-0.123286557765595	7.03291560883497	5.58066040949766	0.0186013738853695	0.0955463802139985
GGA3	0.0917563780886588	5.45444628525903	3.53122133741227	0.0608948851641785	0.197073433680866
GIT1	0.104799010519609	6.55632529992127	2.42890490593459	0.119846707504936	0.299686204963406
GIT2	0.0329865332075484	4.89525798972891	0.442318541407601	0.506359609784808	0.701957234450061
GLT1D1	-0.135147198770821	-1.30944810107553	0.908623855896367	0.341011666272883	0.558998046821044
GLT6D1	0	NA	NA	1	1
GLT8D1	-0.000119128382875137	5.98253116102762	9.75014089259639e-06	0.997510030468205	0.998695137939354
GLT8D2	0.05185182338684	4.49377163690032	0.232580740508817	0.629860524816406	0.789852377001411
GMCL1	0.0389226394132963	5.24591900620127	0.662252992872538	0.416212993520633	0.628455466774557
GOLGA4	0.0708371337804979	7.41288409811607	1.05748094488757	0.304364561782661	0.523421042753154
GOSR1	0.0331568645947862	6.1291339337419	0.391291518964396	0.531950877121475	0.721894341466311
GOSR2	0.0379057694168406	4.50335621501465	0.882178673086762	0.348129328232871	0.566321250140835
GPAA1	0.325932190099769	7.36399191095894	17.7848173994526	3.01363417436995e-05	0.00124367376009571
GPLD1	0.0165443923440639	0.437361898518052	0.015820238205171	0.899965621747412	0.950753929439376
GXYLT1	0.0935449364011543	4.99238123900499	2.89314193905231	0.0896753065004939	0.251049795990317
GXYLT2	-0.0968887739420302	4.49539813234913	0.577419731381901	0.447739038167927	0.654886777649925
HAS1	-0.635392101096889	0.118784611403513	9.3385368473509	0.00238262840405026	0.0252730849027211
HAS2	-0.125593971921926	2.7648982355219	0.840453773570156	0.359777376246124	0.577375140443105
HAS3	0.414741082122385	2.86372466696118	5.39064450259986	0.0207081862762391	0.102185117125794
HERPUD1	0.0901686437366801	7.09515259657773	2.19694597596275	0.139011919429849	0.32874743168056
HSP90AA1	0.411105880858412	10.7005424525803	27.5141616399621	2.44526517436813e-07	2.46258606365831e-05
HSP90AB1	0.238072433746185	10.849544801801	14.540302593366	0.000157110184842959	0.00404443879344272
HSP90B1	0.0443604339346692	9.89496407163556	0.613268771852683	0.433987843131277	0.64388759199996
HSPA1B	0.0138336812426537	6.95420498691496	0.0275135783608109	0.868334971072399	0.932522205484057
HSPA1L	0.112513233173126	1.94761164665549	3.4395790810684	0.064331584385094	0.203702801369
HSPA2	-0.48566127233128	5.88115384369535	11.0835689107346	0.000945442061115527	0.013708287065318
HSPA4L	0.257519482917897	3.79680941581352	4.0468787835257	0.0448721659162312	0.164511872615102
HSPA5	0.00108896644482813	9.71348193059976	0.000314392389948395	0.985861527267148	0.992353984046004
HSPA6	0.250561239802651	2.99983278085007	3.3214251746661	0.0690721329077067	0.213792384376125
HSPA8	0.223970406680353	10.3613438904345	9.88425727840695	0.00178169336812147	0.0208968042733221
HSPBP1	0.189412380982518	5.48387553152232	5.45839043044203	0.0199299933976219	0.0999541121351591
HSPH1	0.229754461926687	7.47392541357613	8.71399256195404	0.00332944729075867	0.0315459039473088
HYOU1	-0.00182199734881647	7.6120926651162	0.000610525820759065	0.980298603064314	0.989699975654232
IFT27	0.0715713401762897	4.69862179777801	1.35731211530328	0.244645330734751	0.459911490388783
INPP5B	-0.0505379579337351	4.43718720804225	1.07158194129549	0.301166217359323	0.520303645532079
INPP5E	0.0216284988952355	3.89462195026087	0.146788870179088	0.701811147993665	0.836700337614153
IQSEC1	0.0727878584444237	6.24412523884488	2.15259205236514	0.143055410325482	0.335175769180964
IQSEC2	0.0072265494392829	4.99257984039382	0.00945109256096425	0.922599268111616	0.961386700650348
IQSEC3	0.0564260646421147	0.906096203415832	0.152100167844965	0.696728171220852	0.833697901928532
JUN	-0.0917733280730811	7.87791550580921	0.89295444094136	0.34520496891832	0.563396215771335
KDELR1	0.11290464391599	7.93559783375106	4.74804431804192	0.0298700852783868	0.127810430292715
KDELR2	0.170578987897442	8.47262260698227	8.83718376091035	0.00311624678237828	0.0300563504295118
KDELR3	0.0562676313352612	5.44631953549627	0.301762785305239	0.583062622598982	0.758329393334727
KIF20A	0.295167843382847	4.96758098086238	5.56615104687835	0.0187541111158657	0.0961157435742508
KIF23	0.314442230226968	4.82233807816048	9.48434494045956	0.00220427304170399	0.0239442331613873
LARGE1	0.108372472475169	5.47669989963981	1.55448731460277	0.213148278186255	0.422950473375798
LARGE2	-0.0242448702253596	4.33814393968004	0.031166844840299	0.859951221566824	0.928502643447917
LMAN1	0.0473853213041634	7.74449143080186	0.539503169455743	0.463036309836812	0.666672936449809
LMAN1L	0	NA	NA	1	1
LMAN2	0.120414595962011	7.64134009916518	3.57415777737757	0.0593526938709936	0.194247865009287
MAN1A1	0.13028903100469	6.63134836583998	1.51663127367677	0.218798468008527	0.430131679248631
MAN1A2	-0.263935541536734	6.45237723897537	11.8941062013153	0.000618268658549859	0.0103931137212918
MAN1B1	0.179691922412538	6.74963439370077	9.51609414640522	0.00216727503916679	0.0236792261285807
MAN1C1	-0.0562491060710631	4.44644606245553	0.344752810277906	0.557404622413117	0.739510291700585
MAN2A2	-0.0298893126312598	5.57992695649538	0.290645558156312	0.590084241037955	0.763312027343249
MAP2K7	0.111534657603889	5.35767080078675	4.73778465440183	0.0300467273372295	0.128363445010175
MAP3K5	-0.0990606832904664	4.59654032339346	1.27172030250757	0.260068738982929	0.476116069662009
MARCH6	0.0801090568098938	7.62962258405915	2.41245292955886	0.121104245691827	0.301561765774082
MCF2L	0.18233134407565	6.04683947397681	5.40014127837808	0.0205972227065304	0.101943978360858
MGAT1	0.1071625451369	7.27098504372179	4.61146478203014	0.0323134392622506	0.134293579713394
MGAT2	0.0467204839109586	1.29644779592084	0.230451481221776	0.631431693648987	0.790667762711828
MGAT3	-0.415147688813564	2.49080385374298	9.15976339837773	0.00262153123694024	0.0269920969441136
MGAT4B	0.021061487194133	6.6882133455352	0.169618542969825	0.680654855670794	0.821972884109771
MGAT4C	0	NA	NA	1	1
MGAT5	-0.128113314048281	6.37303775272835	4.43962273026021	0.0356886166401692	0.142560154673344
MICAL1	-0.0478812365166161	5.26272799440054	0.368576408038626	0.544099509439833	0.730626041331697
MICALCL	0.00763339980125919	2.31794586894933	0.00341640917415146	0.953417109600211	0.977032804837538
MICALL2	0.137656298154056	5.09182552355912	2.63903499700009	0.104994576687239	0.276844617664348
MOGS	0.0064369720663425	6.20551498488997	0.0188670805258455	0.89081208083078	0.945181159067442
MON1A	0.106017989278937	3.45003372333121	3.81249427621799	0.0515156531365152	0.178701264859685
MYO5B	-0.0834960748584934	6.59116176814912	1.08341096025951	0.298516624798987	0.517599819153906
NAPA	-0.0151571700268318	6.98056341877834	0.0825594560118042	0.773995886309994	0.880216677233475
NAPB	0.166861077288842	4.04085993008076	4.76996565282693	0.0294962923346836	0.126997925329888
NAPG	0.0509335571224612	5.27081348341789	1.08125448734531	0.298997407222711	0.518102104626977
NCKIPSD	0.175127957340297	4.882112862579	13.5300196167453	0.000264335051953872	0.00577757149305336
NDE1	-0.0409291510413598	5.52074067270529	0.45143662412893	0.50201186485154	0.699011902662264
NET1	-0.0119375878566016	7.66344262827116	0.0204164815300974	0.886446486206073	0.94301876221591
NGLY1	0.127618982179477	5.18935623774833	8.75579512510104	0.0032554820919967	0.0310052621570088
NPLOC4	0.121400273595151	7.07115199803436	5.41749991261136	0.0203959916925924	0.101371237571277
NSF	0.27535359706128	6.12814866145462	16.1415371342832	6.93064854142513e-05	0.0021980342132099
NSFL1C	0.165504758949773	6.50065408666576	11.4243274773745	0.000790580019969328	0.0123059874395509
OCRL	0.155756133439196	6.09600753562161	7.13783200862866	0.00783207915408534	0.0549518846609558
OPTN	-0.11479821491581	6.54285976815442	2.38436286048688	0.123285412858948	0.305026072057716
OS9	0.152991115898166	8.23150190314587	7.24203103427423	0.00739737241434012	0.0529139313745941
OSGIN2	0.183978791754593	5.86553122278759	5.42173445558978	0.0203472129966234	0.101243230891843
P4HB	0.111621210599208	10.0356962352154	2.27255819582147	0.132411660636068	0.319006526465497
PAK1	0.0376359643276215	6.80349138058505	0.0981246751412617	0.754242652557645	0.869054228419814
PARK2	0.0529168819466579	1.46076740701204	0.313042971135703	0.576108183996792	0.753479140434365
PDIA2	0.0532749499878502	-1.18807630842242	0.0568073920018113	0.811727823342148	0.902238632045283
PDIA3	0.0459557474626627	9.45918914542426	0.505445924483307	0.477499761258304	0.678925694140522
PDIA4	-0.00238466505523555	8.11466312491633	0.0012905637731	0.971359182636497	0.985689977401074
PDIA5	0.0823987110517018	5.14036969673494	1.26041561691396	0.262194604651897	0.478833658180239
PDIA6	0.0174143725350098	7.65991563475023	0.0645529463590317	0.799559994563121	0.895516611307707
PDILT	0	NA	NA	1	1
PGAP1	0.00408980431984199	3.82716012589659	0.00185907297277713	0.965628170003575	0.983051556257159
PICK1	0.0404439287147267	4.66066545226976	0.376604843017422	0.539748165883796	0.727709472043023
PIGA	0.0804135351689061	3.64697036617652	1.75945173489813	0.185392142913404	0.390850676774332
PIGB	0.0398584074086641	3.63926622864196	0.617365354272681	0.432457797053569	0.642830830900861
PIGC	0.0893764859667926	5.59267510728154	2.55525759124014	0.110657374608604	0.285568929676549
PIGF	0.133323008693815	3.66831322592414	7.68642884718659	0.00580385093103196	0.0460296301421169
PIGG	-0.0194664076577106	5.62572225012194	0.166287623854045	0.683633973552087	0.823804202457237
PIGH	0.00461916771822967	4.1383569513662	0.00664370323562025	0.93507490029591	0.967834401858123
PIGK	-0.104644509495	5.57467909069543	3.01352586391088	0.0832839003916163	0.239963168951365
PIGL	-0.150314522040999	3.00669623850247	4.49485145971507	0.0345652547251954	0.140112656785042
PIGM	0.13527313896661	5.30308952658203	5.3571757438112	0.0211042227930384	0.103499096184219
PIGN	0.0377970220355825	5.51830213536939	0.322887559932847	0.570172047166821	0.748969136351026
PIGO	0.098927739847585	5.93573744760396	2.39256779556928	0.122643822597755	0.303993082271149
PIGP	0.1201117427063	4.37069347379445	3.68731858285092	0.0554843110097613	0.186958004489413
PIGQ	0.085896280032144	6.50302583284854	1.09579285410389	0.295775280678267	0.514434977877422
PIGS	0.137342977864688	6.36741345344278	4.07504579859795	0.0441370641607641	0.162819686868209
PIGT	0.137153434575034	8.13422380915051	3.10693428704769	0.0786650552744291	0.232031341006457
PIGU	0.252353219716832	5.17860364334557	17.9927682759155	2.71347981241931e-05	0.00114413200519826
PIGV	-0.0142669231204049	4.57371110846539	0.0632931588162397	0.801484067859035	0.896413876227598
PIGX	0.108101684304962	5.58240070033257	3.30385424251019	0.0698085465302061	0.215103753203113
PIGZ	0.0223943789601904	2.82025843501264	0.0785544781616283	0.779399842273102	0.883574067907853
PIK3C3	-0.0387798122311125	5.44963433949204	0.65631672903151	0.418308332456905	0.630657332514315
PIK3CA	0.323759419848151	5.48326268006109	12.4483279218605	0.000463118388285005	0.00858016475265401
PLAA	0.0628960216150152	5.64705407024053	1.51432783928604	0.219148005560538	0.430549638702798
PLIN3	0.0225216781732079	6.42772598942546	0.160758979363643	0.688656492246747	0.82736514161304
POMT1	0.0984141062133958	5.19614794186157	4.43867740147544	0.0357081751672631	0.142612399824254
POMT2	-0.000616046844148181	4.84138118969293	0.000154501944242294	0.990088370488212	0.994237696737233
PPIA	0.146906586382634	8.70327801570826	6.05706711994541	0.0142399046470747	0.0802080475734223
PRKCSH	0.0513190856092095	8.33326901469295	0.733207964228205	0.392318980045378	0.607367289217048
PSD	0.317484618789186	2.32415390914881	7.01136991244278	0.00839510737074611	0.057419612563742
PSD2	0.254859375614679	-0.841356475093044	3.22386689668717	0.0732692011663964	0.221823262403354
PSD3	0.101246859961748	6.30671018054217	0.352208319619069	0.553175605848536	0.736518969495269
PSD4	-0.0840664180533739	6.57242370680561	2.30800608671314	0.12943892862705	0.31453851481004
QSOX2	0.198783485675471	4.24950571879183	9.46030458888774	0.00223271526269636	0.0241247240706661
RAB10	0.0319099222866111	7.60578292360325	0.479337712991665	0.489093599503938	0.688692350142772
RAB11A	0.0105077803561453	7.85606737090887	0.0382364129897852	0.845060916658694	0.921192153714916
RAB11B	0.0994965180298613	6.65137453387974	2.83687187341212	0.0928440870228503	0.256527536451536
RAB11FIP1	0.392488795296558	7.18418043251037	6.91351194428856	0.00885921679760407	0.0594320768679036
RAB11FIP2	-0.0562087474409987	4.32103840316143	1.01510233155536	0.314246302873678	0.534212142725909
RAB11FIP3	0.0550385925672852	6.2439632950124	0.58690130270266	0.44403732951968	0.651754470102301
RAB11FIP4	0.130707429552235	5.83246524927818	2.53586755908959	0.112015480142212	0.287785773074599
RAB11FIP5	-0.0217488342070232	5.90931254026805	0.202521474090676	0.652918468054138	0.803642516601699
RAB12	-0.0774307956750317	5.32290623214369	1.707120820407	0.19205295209113	0.399077966308321
RAB13	0.0400016309951934	7.04589440449141	0.365852857235225	0.545590400164441	0.731672382424542
RAB14	0.0654043905615314	7.36387933874313	1.9003795722513	0.168747693389202	0.370007644102045
RAB15	0.0930716841429184	5.57251234943421	1.3432628287475	0.247098192341734	0.462272096340124
RAB17	0.0440213729107795	5.06823702009712	0.224240884928665	0.636066077220169	0.793640269819496
RAB18	0.072048945983403	7.03821803382044	1.59610822525286	0.207135469246891	0.416220709379321
RAB19	0.113891486789244	0.601286531608077	0.911064498065452	0.340364730166387	0.558313437523311
RAB1A	0.0345818596369155	7.6394364358032	0.683198335984573	0.408942823724863	0.622119957850722
RAB1B	0.220972339147231	7.8989095556334	15.1112902992351	0.000117246134846389	0.00322573428496127
RAB20	0.00815799377590039	4.57749310478122	0.00930943415409976	0.923179705888961	0.961718351316548
RAB21	0.141073751785616	6.45507167931538	5.62012689462074	0.0181924092558116	0.0941709613641612
RAB22A	0.0765745520332083	6.33500169281174	1.57757900757276	0.20978709040614	0.419322254391584
RAB23	-0.0920000360964564	3.82460610628481	0.997466349858028	0.318482191447274	0.538386561732296
RAB24	0.0451606622766524	3.02123061617661	0.216143158927283	0.642228203603891	0.797324055645338
RAB25	0.084564420379935	7.03465421837558	1.28033271483672	0.258463504098569	0.474381398032815
RAB26	0.081701282709902	3.60631289097407	0.307683132122003	0.579391820815657	0.755564283454948
RAB27A	-0.162516000768357	4.96498238258815	5.77847887373025	0.0166429494462425	0.0887382067131293
RAB27B	0.0571451855731145	6.30544334087084	0.276001164865729	0.599603185243774	0.770148582353844
RAB28	0.0120367809185907	4.03268744297989	0.108455615258639	0.742068544194948	0.861850491147211
RAB29	0.11297661120149	5.09808832458961	1.65586697767492	0.198849845329684	0.406377446212289
RAB2A	0.143198454605944	7.80776891855448	5.63705109249508	0.018019901535331	0.0936524280502088
RAB2B	-0.0184622348621567	4.68977630862954	0.179232391995789	0.672243959498728	0.816426063486565
RAB30	-0.0320280740471959	6.52269734629076	0.0552886059776659	0.81421489441495	0.903571960332789
RAB31	-0.205353018691701	7.71736128745292	3.61633585511848	0.0578782578026628	0.191420053228641
RAB32	0.0607938413046823	4.4799743029472	0.849842612249238	0.357110262176696	0.57531817234
RAB33A	-0.0225753950664092	0.0346510506219958	0.0503517236915852	0.82255822798845	0.907837973663954
RAB33B	0.0255327416627298	4.10373788332857	0.199658106947276	0.655220374653586	0.804990256551797
RAB34	-0.00545127232933686	6.10992532859147	0.00388400600604392	0.950335332549908	0.975810167765008
RAB35	0.128287919631624	5.90058965105923	10.0514433272995	0.00163040161455645	0.0198525718233785
RAB36	0.0295770170869522	3.9226207625339	0.0483139926208903	0.826127053745831	0.910254515527825
RAB37	-0.0467549610223997	2.29082296213065	0.213920403258851	0.643944181125574	0.79842337703649
RAB38	0.13373917545465	3.48491052049523	0.65166466166594	0.419961389018984	0.631851129421549
RAB39A	0.334993475896016	-0.388097999205784	4.1875254154309	0.041325951344844	0.156501064883004
RAB39B	0.0939087340890001	1.90363405269682	0.279901044757325	0.597037205297595	0.76797316864006
RAB3A	0.318725436836503	2.80771428932553	12.3012065773668	0.000499981851095439	0.00905728439721038
RAB3B	-0.481955433662689	3.23742281037662	5.22978370791504	0.0226851260208354	0.108107278913199
RAB3C	0.5026466521376	0.964915905450276	7.11398836436413	0.00793518758838473	0.0554430668238652
RAB3D	0.226850512077543	6.25961110565262	9.29804596371342	0.00243471896804464	0.0255912915409086
RAB3IL1	0.138402633784166	4.07365661803312	2.86330232261101	0.0913407508632758	0.25409630011384
RAB3IP	0.113103493643401	5.25723561208565	1.77664463673658	0.183262848970665	0.388426727051614
RAB40A	-0.0920418383270513	-1.01214582612162	1.00291493122447	0.317165563890498	0.537017955034954
RAB40B	-0.0638235586663687	4.30134685783735	0.894224164907579	0.344862586469458	0.562962658769768
RAB40C	0.141102359894842	5.48041891333769	4.19233683897087	0.0412099987446188	0.15622322982588
RAB41	-0.0508563843202144	-0.863521190609196	0.467044987915411	0.494715310693651	0.692708441272807
RAB42	-0.0125583929680483	2.29078688393995	0.0213517608220295	0.883892757076296	0.942037157997388
RAB43	-0.0173048091136504	1.12696708880571	0.0405463062918361	0.840510768089582	0.919258507462319
RAB44	0.0271478160618114	-1.24674966298378	0.0355176165043676	0.850603444508085	0.924121714478649
RAB4A	0.0505709266473821	5.72767401766778	0.841088573997708	0.359596182899419	0.577324830057869
RAB4B	0.0427476800973626	3.86889999908504	0.330407303978263	0.565717904288401	0.745729836101557
RAB5A	0.0139350964849536	6.2577841026881	0.10248312431356	0.749024325243248	0.86645872327468
RAB5B	0.0305113581036109	7.95623187641211	0.525380898628511	0.468946852517242	0.671936386382032
RAB5C	0.125772126138407	6.90366437514582	5.43591546453625	0.0201847389133659	0.100763461892307
RAB6A	0.0661119560968725	7.59978879984876	1.04931338734201	0.306237247817314	0.525271339187896
RAB6B	0.213296578424192	3.15857979160017	3.13590589900503	0.0772893443629394	0.229605928107104
RAB6C	-0.393620539996426	1.38962940585578	5.59590916332306	0.0184422428317055	0.0949283827703083
RAB7A	0.0991162179784856	8.30261621720572	5.43411714217908	0.0202052677746989	0.100786436389058
RAB8A	0.0957788321961322	5.76335070576884	4.78609876395932	0.0292243241516089	0.126395632654139
RAB8B	-0.0881027292574974	5.04371373635638	2.23714985437006	0.135457640276714	0.323497487327015
RAB9A	0.0924028341315782	4.88430510383984	2.73761382378512	0.0987357163111539	0.26645084796573
RAB9B	0.113531410309307	1.32119985138302	1.18309171954533	0.277332597234686	0.494673696032364
RABEP1	-0.0687886077463883	7.57863964212893	0.643292729662878	0.422960953066603	0.634914703827212
RABGAP1	0.0449002080450683	6.40050977639494	1.03789459847749	0.308880563283366	0.528199922140228
RABGAP1L	-0.0734525426849672	5.88125754787166	1.40356162745486	0.236778049324891	0.451171748388957
RABGEF1	0.18377679402346	2.45014148909778	7.11087227315747	0.00794876528112913	0.0554699821932949
RAD23A	0.0801932409510837	6.52969554773048	2.9264853991405	0.0878533043240651	0.248031199098598
RAD23B	0.115135142564314	8.02880198190271	6.05746803114455	0.0142367178886708	0.0802080475734223
RALBP1	0.005507818280209	6.62878746358639	0.0109203639430337	0.916820526571111	0.959270763920429
RASEF	-0.0356679898469636	6.36789067893743	0.108668198114888	0.741824918294395	0.861654616715791
RBSN	0.104519827424466	5.40423339294581	5.60274891076107	0.0183713246473352	0.0946962190838051
RBX1	0.0620114341782259	5.88488823484904	1.13721720981565	0.286835395623075	0.505100172626921
REPIN1	0.0691186213180496	7.12896434790865	1.56872575996324	0.211068251054282	0.420836326270925
RER1	0.0719438707188539	6.84136336233908	2.46822264466913	0.116899690330825	0.295132161525748
RFT1	0.0350405269668963	4.72689489446303	0.74206750601935	0.389476202144397	0.604966210952589
RFWD2	0.066529427348729	6.06599626424142	1.90888086943667	0.167800128871516	0.368753424833468
RNF185	-0.0166616226014579	5.5161687648814	0.131144067764929	0.717425452814558	0.846632042059322
RNF5	0.14778094211737	5.61555968051915	8.20346474207876	0.00438435586735626	0.0380969888039918
ROCK1	-0.0507431848991396	6.28397785929434	0.616073072198685	0.432939567657194	0.642979004088414
RPN1	0.0629491306872886	8.64491297038716	1.32260914685456	0.250759144010651	0.466188762536906
RPN2	0.0926908369408128	9.0633283414197	1.54270248600567	0.214888351038056	0.425026294603488
RRBP1	0.161290728850041	8.51249670609902	4.60534093660471	0.0324277786034604	0.134540133282218
RUFY1	0.00364949208318957	6.17116901918166	0.00773811514627581	0.929943927739224	0.96538373028678
SAR1A	0.0481690599978596	7.26506595232523	1.40474395045394	0.236581001955954	0.450923003492393
SAR1B	0.0425988243032368	6.46434460621066	0.550645043697131	0.458456599851785	0.662809353238672
SEC11A	0.034468227972659	6.9760374041167	0.559657685400165	0.454804351061888	0.660480586359999
SEC11C	0.146294885597121	5.82115651700125	3.38313785300129	0.0665510593651822	0.208356229919074
SEC13	0.142614281357547	6.91604581492602	7.94796422719333	0.00503501727372824	0.0419299017006276
SEC16A	0.177830229961029	8.13251711669812	7.66112947524806	0.00588433462008669	0.0463767736740925
SEC16B	-0.292749605960402	-1.90725834702848	5.52303441825365	0.0192157147543082	0.097496053882509
SEC23A	0.100400537273161	6.03209671230946	2.06640305262653	0.151298593773384	0.34623435734583
SEC23B	0.127692084789019	6.92766104706214	3.80398859973585	0.0517755322438472	0.17917916111432
SEC24A	0.154171922465976	5.71653479303952	5.269038509778	0.0221852643303907	0.106661788534709
SEC24B	0.0144152795283648	5.89817841864121	0.0760448468764248	0.782862207032762	0.88562896673474
SEC24C	0.0542011465329286	6.14253158788758	0.40282849774143	0.525967334354451	0.71731997286039
SEC24D	0.100978678465604	6.80739686328914	1.68095729486636	0.19548788094845	0.402948891147724
SEC31A	-0.0243011614346435	8.17414909803554	0.245130438978069	0.620776114030483	0.783085870576051
SEC31B	-0.107896007077486	2.60244540234846	1.04378401357729	0.307513542947542	0.526639673224043
SEC61A1	0.0662025786875343	8.86431858006923	1.7045866457644	0.192382544764173	0.399487224452929
SEC61A2	0.0854170005576582	3.49812321049717	1.60721945607208	0.205564452847264	0.414899001115844
SEC61B	0.0412954954187508	6.4037670063754	0.444945144524977	0.505100578409526	0.701360401917461
SEC61G	0.219171326318107	5.88250687898977	9.55957005572605	0.00211763516712295	0.0233864275104748
SEC62	0.00745926494669771	7.60929437125521	0.0180553091226561	0.893172405503132	0.946400771133668
SEC63	0.0915034832775109	7.28691999467461	2.42227601008233	0.120351646278761	0.300461842681566
SEL1L	0.0654977617009698	7.61830406957356	0.925356731105869	0.336609308898136	0.554382736369946
SELENOS	0.0823398077244496	6.1724908092339	1.90984266950989	0.167693311129434	0.368728592117878
SGSM1	0.604610297096144	2.28690279054377	17.3107821673272	3.82934519964214e-05	0.00146072595917025
SGSM3	0.138133099935096	6.03647433928256	4.24447619900605	0.0399752356006348	0.153442691191121
SIL1	0.217195200262703	6.26771876597866	6.81710790624006	0.00934224984902705	0.0613433529764574
SKP1	0.170872779686977	8.39286342213552	9.40786607782639	0.00229605966478829	0.0245679500349977
SMCHD1	-0.0816208613833156	6.16364262213653	1.53073547539112	0.21667268940071	0.427403288556159
SNAP23	0.037155893316018	5.9061424764492	0.63393365468347	0.426352414356469	0.63763108242073
SNAP25	0.431396220048532	2.36584964166826	2.49780387567807	0.114735407464673	0.29160811989578
SNAP29	0.0382261559801873	6.05081745701229	0.548638218025033	0.459276151718978	0.663345320635338
SNAP47	0.182510641752054	5.62506610071472	13.7874855889747	0.000231440586330564	0.00527876404677277
SPCS1	0.0675209293757887	6.86085699125836	1.7498459350384	0.186594334308141	0.392033342699712
SPCS2	0.109499224239569	5.82095376710012	2.04125753173698	0.153804060132723	0.349967899002357
SPCS3	-0.00174067888366576	7.12033917370188	0.00103670651532648	0.974329046432212	0.98657411275177
SRP14	0.0989547313085716	7.93830330321707	3.91948994133983	0.048362178842511	0.172129941190761
SRP19	0.0725565954721394	4.72487038796955	2.41992484091975	0.120531307829517	0.30079369241133
SRP54	0.100557352312521	6.4120968797905	3.86543133906911	0.0499290407274496	0.175633400417319
SRP68	0.197188697881892	6.84002281732783	13.0664031382603	0.000335986194073543	0.00685803812545678
SRP72	0.121435687757213	7.33967375346314	4.86122429367409	0.0279919613676539	0.123097516423988
SRP9	0.101531953149879	7.97911437209196	3.08249213003046	0.0798462708248242	0.234041339839443
SRPRA	0.0257952655734276	7.63898488352607	0.207326113151212	0.649099538920773	0.801092343369194
SRPRB	0.152667763816705	6.6396339722329	6.360011959488	0.0120297864458693	0.0722246589398755
SSR1	0.0294651472455979	7.91614296810402	0.293300678630891	0.588391668479598	0.762287399095647
SSR2	0.00599834766011979	8.54123682643347	0.00892131792175672	0.924793226956875	0.962442617869442
SSR3	0.0319890341939701	7.86037842857997	0.373497840416482	0.541424507907413	0.728781243647172
SSR4	0.0802156201506013	7.63450131559625	0.981387322272455	0.322409838969833	0.541656404528359
STT3A	0.00735970432327224	7.68009425472466	0.0161813336665639	0.898836514563045	0.950119666003872
STT3B	0.130292173138123	7.88994969290934	5.13047174187903	0.0240027741572589	0.11171961431983
STUB1	0.216433723286563	5.55490321242283	7.08661722830007	0.00805527031206614	0.055991579657515
STX10	0.116946178981142	5.20870714955711	2.9521566213976	0.0864779629851112	0.245502381697704
STX11	-0.218402503846468	1.93888359130724	4.84689046393506	0.0282228322459544	0.123594217615093
STX12	-0.0109536001756913	6.00219315666201	0.0773840581281925	0.781007057923554	0.884692109059297
STX16	0.0994966221209386	6.18983995258788	2.60148559198066	0.107492197176579	0.280858432760618
STX17	-0.0181785359616727	4.38618956790074	0.0831793755950486	0.773172196641814	0.879822151178075
STX18	-0.0350715078324855	5.18424256003263	0.750524270423051	0.386790113229849	0.602375352186095
STX19	-0.430855949679206	0.0449755996706118	4.95838816428292	0.026478062370587	0.119032302446205
STX1A	-0.00382390920129108	3.14227604569353	0.0015600302990923	0.968512176410482	0.984544962433082
STX1B	-0.165182811316377	1.42551370617446	2.12420250870481	0.145713128789618	0.338449341986016
STX2	0.0645246220596287	3.66863381011528	1.44711525746064	0.229648791632407	0.442790161814781
STX3	0.0778173337814622	5.726168008503	1.7136099829169	0.191211985937925	0.398124662803305
STX4	-0.00412077667922679	5.61579596452578	0.00428546523646729	0.947835209924148	0.975001300690019
STX5	0.0740721607394502	5.9043220597645	2.55660426804551	0.110563728774665	0.285469421074873
STX6	0.137636688595544	6.32812894767587	7.14050129735872	0.00782062213342441	0.0549065049941535
STX7	0.110078147165307	6.00970863569885	4.40260220058954	0.0364630356094544	0.144551767608806
STX8	0.0836523491685748	4.62039124998595	2.14671579226359	0.143600997985834	0.335847196436957
SURF4	0.112867916886219	8.19366742860961	5.95800625867628	0.0150503621222026	0.0830429857883378
SVIP	-0.12436790626092	5.40826893769116	3.60399719533609	0.058305500202097	0.192284096411171
SYTL2	-0.0823149223239043	7.00925913321092	0.392979684448551	0.531067701033492	0.721352758562525
SYVN1	0.109245158882041	6.71088864957178	3.18378921748004	0.0750722154398749	0.225329259761577
TBC1D1	-0.152670414791935	6.02974973290765	4.79002520486748	0.0291585306683738	0.126185462054838
TBC1D10A	0.131169459836294	4.50775026688893	4.8144305391734	0.0287530392426444	0.124971246787244
TBC1D10B	0.0961820775706267	6.4273172555347	3.86265405731634	0.0500109786235442	0.175803550787061
TBC1D10C	-0.281897021691363	3.22691877414291	4.73742025516438	0.0300530213076663	0.128365418005383
TBC1D12	-0.0518026019459453	4.39759087096679	0.618183891497616	0.432153063214995	0.642667165483995
TBC1D13	-0.0193959713308539	5.4592877084225	0.191255959095721	0.662091395447477	0.809230986994611
TBC1D14	-0.0751391018773313	4.94564658601125	0.792467015155307	0.373849569523356	0.590274678996346
TBC1D15	0.134951554763355	5.88891373641632	6.0710456685444	0.0141292259997968	0.0798829345634544
TBC1D16	-0.0522773821236154	7.09102850384079	0.472440570664112	0.492234540327145	0.690993190420337
TBC1D17	0.0449083073583808	5.74084398688612	0.756087748509321	0.385037413362895	0.600785018298407
TBC1D19	0.0226460089350407	2.79553895773427	0.174527353357876	0.676326253678199	0.819064026988345
TBC1D2	0.131899131346714	4.84021830670885	4.15466774880658	0.0421270571634932	0.158255082466033
TBC1D20	0.0495981340930383	6.13546017376857	1.41964114611774	0.234115195463699	0.447803550200401
TBC1D21	0	NA	NA	1	1
TBC1D22A	0.0474593756997658	5.072916674125	1.04028193353441	0.308325476024127	0.527701689524963
TBC1D22B	0.0533319123140077	4.49368581327062	1.25806309956123	0.262639711199331	0.479209101395799
TBC1D23	0.113985585271512	5.53868064351178	5.1095516946205	0.0242903567416605	0.11250647135605
TBC1D24	0.0704782592521809	5.22373113989217	0.95514737118957	0.328958270694807	0.548059984275866
TBC1D2B	0.0260057682564903	5.82817651267108	0.21287791583065	0.644752717429004	0.798953232215538
TBC1D30	0.0784964616349627	4.53157563331873	0.716419698367566	0.397788397115731	0.612560177745557
TBC1D4	0.0485116015820771	5.61105682794808	0.379202621276066	0.538353862729537	0.726649164344096
TBC1D5	-0.0279229555278611	6.18876715483394	0.282208861104664	0.595529506413926	0.767021467125234
TBC1D7	0.177117562714593	4.29467521265942	5.9979054176798	0.0147183436462716	0.08180574334708
TBC1D8	-0.258953044720981	5.55974064205548	12.0558216188374	0.000568211741754002	0.00986669573228408
TBC1D9	0.149934533106304	8.95151676661281	1.25299629616516	0.263601570004785	0.480383661698312
TBC1D9B	0.0824473951207425	7.64153077204167	3.83127141796109	0.0509468334541485	0.177652060254406
TMED10	0.0342455941205637	8.68670155856668	0.464562092237273	0.495863966306067	0.693566719521894
TMED2	0.107563099369162	8.73833067717487	3.5110327448783	0.0616347600870378	0.19833056571867
TMED5	0.00752593646837246	6.26812179560475	0.0150419016261333	0.902444784980675	0.951739804380674
TMED7	-0.00261392772204878	6.92882337457128	0.00157596196034286	0.968351885830593	0.984524853399124
TMED8	-0.0193365136653169	5.62290507155926	0.0867686847975776	0.768467192212112	0.877007305848211
TMX1	0.0738077236108194	5.92147629206446	1.80359953373693	0.179981510432596	0.384954821174791
TMX2	-0.00393800477571513	6.6658255627252	0.00368398798949273	0.951629431459371	0.976291777124115
TMX3	-0.0839220990300265	5.80209433110182	3.00032644373964	0.0839599252274868	0.24106253066307
TMX4	-0.0317743415786019	6.36853549011124	0.185609114027842	0.666810916238527	0.81260773303859
TOR1A	0.0554026502417177	5.70347878525579	2.12450254021058	0.145684750857833	0.338419141570543
TRAM1	0.124887303543854	8.19520207467295	3.55709958082617	0.0599603391102706	0.195282079158847
TRAPPC1	0.0782363151508223	6.16728488015028	1.47923807634486	0.224556415839187	0.43658662269843
TRAPPC2	0.0672493819942028	4.30112301135164	2.07172529231959	0.150774256886623	0.345663887947464
TRAPPC3	0.0135998318918178	5.98535946362366	0.107003115298812	0.743740276688599	0.863017898034377
TRAPPC4	0.108513687662529	5.48829075869275	4.05104427458744	0.044762644922256	0.1643486814402
TRAPPC5	0.0876327554009119	0.638744331140875	0.822291323173308	0.365015475895443	0.582046701764739
TRAPPC6A	0.237360898649254	4.92316175942807	7.52760092080437	0.00632847074015205	0.0482577483169033
TRAPPC6B	0.096803524206467	5.08282798425139	5.2202323483142	0.0228085138279191	0.108496950367949
TRAPPC9	0.237963176413609	6.07668821512233	11.1796154148577	0.000898909778356138	0.013278526323234
TUSC3	-0.0640397697894322	5.59387057932535	0.305955691475526	0.580458088702398	0.75632740541912
TXNDC12	-0.00166386076871479	6.25867587402679	0.00138284404863319	0.970353353043357	0.985254414464325
TXNDC5	0.13008761966188	3.10778125767227	1.89620931482072	0.169214763670621	0.370543785836105
UBA1	0.0991536826692605	8.88905453968275	4.7929592071566	0.029109468098906	0.126097105462886
UBA5	0.0427190360105131	5.47338300366007	1.01008637045395	0.315443494792779	0.535223279082176
UBA7	0.0337090420240522	5.67443654829121	0.17319275729573	0.677495961245056	0.819863982131278
UBE2D1	0.0713453283335123	4.46027190675266	1.6117015727557	0.204934722007203	0.41402293308685
UBE2D2	0.0314094722936971	6.62193777852356	0.691893806447689	0.4059794930145	0.619335479775206
UBE2D3	0.00163269186835304	8.12177737995796	0.00200295719370139	0.964323697764939	0.982544682221722
UBE2D4	-0.0244576888888489	4.71281487810392	0.272165603789597	0.602149517195222	0.771977567187024
UBE2E1	0.0292758175718016	6.2886068942318	0.537143706903564	0.464015480659546	0.667559528475759
UBE2E2	0.178975533341383	4.52775030443956	4.35549540369863	0.0374740608595634	0.147215874041688
UBE2E3	-0.107044272716877	5.21570153920625	1.11672775328744	0.291213411562382	0.509664792806934
UBE2G1	0.0616097720393809	5.84726839583184	1.44702404897565	0.2296634478545	0.442790161814781
UBE2G2	0.0794866440143798	6.54930925436756	3.91194277105692	0.0485777636610674	0.172645983881817
UBE2J1	0.0292394889141923	6.58138806448618	0.300157214118254	0.584066207530312	0.75897703968389
UBE2J2	0.0791663118345721	5.55226068058279	2.21122149328773	0.137738005116201	0.326899524460329
UBE4B	-0.0313229849690084	6.07155578588365	0.39334244445708	0.530878265576141	0.721184460272243
UBQLN1	0.181265115203735	7.49427493341584	13.483622710904	0.00027074805956399	0.00589432719189261
UBQLN2	0.0908816057019401	6.128604248911	4.39813004505476	0.0365577752618886	0.144752097004287
UBQLN3	0	NA	NA	1	1
UBQLN4	0.137701502691587	6.37507502282619	5.32807761405977	0.0214549361186213	0.104566683784512
UBQLNL	-0.0972057736850865	-0.925525356402269	0.631336745795174	0.427300719077411	0.638311987708282
UBXN2A	-0.0624361342228932	4.64365242357705	1.3472794689709	0.246393864367849	0.46166076059729
UBXN6	0.105177470163148	6.77283499189409	2.6328231510805	0.105403315697925	0.277304204938002
UFD1L	0.144499055407789	5.85675121708476	7.89387967177937	0.00518497281678103	0.042776417504536
UGCG	-0.155394758346605	7.44103117345246	1.88908839406126	0.170015751882473	0.371419027189402
UGGT1	0.0316603391422453	6.93529073991007	0.318723423085616	0.572668188567506	0.751023466029363
UGGT2	0.0311610073961761	4.74280705019245	0.304329760598217	0.581465298158322	0.757075820519361
USE1	0.117776972633586	4.30062046639838	2.82615090591578	0.0934615581137288	0.257651414589576
USO1	0.0333493420212276	6.91478473226262	0.331804946442603	0.564897487041318	0.745257100766268
USP6	-0.143053637442978	0.338236460095	1.67275492809632	0.196579549565894	0.403875281055291
USP6NL	0.0261282165510755	5.0629690217678	0.137522032353885	0.710938352598113	0.842241367257461
VAMP1	-0.0915077369736314	3.4808236561628	1.1291176375281	0.288555938663453	0.507075146505596
VAMP2	0.111479036936784	6.21320116217629	3.19095035203003	0.0747465742994131	0.224689897962389
VAMP3	0.0805504684047198	6.62541988983892	4.50363177166751	0.0343901093068131	0.13973164220841
VAMP4	0.0622875163367672	4.75651103268921	1.58085322406755	0.209315617282691	0.418669278116325
VAMP5	0.20135606400622	4.40807007948228	4.98993240367005	0.0260051528996666	0.117651267280917
VAMP7	0.129007238769654	5.82869580492461	6.23872308033849	0.0128687663791162	0.0753702895168567
VAMP8	0.161219379114063	7.1832258755365	5.43880955731875	0.0201517466761907	0.10066725926985
VCP	0.109987632868779	8.76318883248111	4.67078805956733	0.0312274197266718	0.131409042121779
VPS45	0.109562163492306	5.98004054766653	4.95216651271828	0.0265723915993668	0.119261488397647
VTI1A	-0.0028995198075947	4.51109750241733	0.00493944088304194	0.944002330157328	0.972877603580953
VTI1B	0.132065236586123	6.27780936735621	9.2323057816981	0.00252177651200167	0.0262077295812444
WAS	-0.0999159477269767	3.6289596001842	0.957334302700782	0.328405791635779	0.547716259294043
WDR38	0	NA	NA	1	1
WFS1	0.137135120574664	6.80095488292573	2.78151046934111	0.0960812355050189	0.261776347874255
YKT6	0.0949883500152784	6.96091992051915	3.59090282393124	0.0587625908003233	0.193154812352914
YOD1	-0.0974631674333053	4.05638963410552	0.956836448585085	0.328531454659492	0.547801311898137
YWHAQ	0.127482848099288	8.27937616224561	4.97364004709578	0.0262482967665166	0.118386272916195
