pspGenes	logFC	logCPM	F	PValue	FDR
A3GALT2	0	NA	NA	1	1
ABO	-0.701455508952255	2.66770350151685	15.9630867728314	6.84657570583518e-05	0.000112919250744356
ACAP1	0.432480318003148	3.55565883393752	11.2943051195271	0.000801567728833289	0.00120894513942656
ACAP2	-0.147223297973983	6.08315918685261	6.54558420211547	0.0106346886991625	0.0143433866455138
ACAP3	0.738978258493966	5.25046070666847	83.2801533427359	2.87602990716478e-19	1.21026686678342e-18
AGAP1	-0.14081293143779	5.88866707167894	5.27079464402567	0.0218554915128874	0.0285178862231171
AGAP2	0.516641332405882	2.62247883378247	23.4485621577376	1.44789379428895e-06	2.73182342684632e-06
AGAP3	0.213629145343779	6.23934226904511	11.8711177092365	0.000589533505030255	0.000899202975656462
AGR2	2.48238777467002	9.24954780298439	78.0652851862102	3.41684933237382e-18	1.34620265960051e-17
AGR3	2.41358404063009	6.84330645420037	64.8588371863802	1.90232415513762e-15	6.42398032884966e-15
AKAP10	-0.106494899024671	5.04993954042898	3.15389523897218	0.0759957920470747	0.092734968454581
ALG1	1.01266361736831	4.79330419535604	262.66108416923	1.22745374761469e-53	2.18998883539651e-52
ALG10B	-0.00285520553011334	4.07178496598152	0.00143056054411183	0.969835207832212	0.974059744050372
ALG11	-0.0693366654815118	3.2964675848669	0.926534747921795	0.33595622139808	0.372971001002824
ALG12	0.261327759094688	4.06888386647652	20.188659294531	7.68449035696035e-06	1.3685077651168e-05
ALG13	0.0231346834356705	4.90636561221354	0.236841375172843	0.626584443618482	0.659690159659444
ALG14	0.105016410875747	3.69828384659955	3.73144782141582	0.0536290466298062	0.0667106909804049
ALG1L	2.18020532254992	1.1855176012689	70.520269517668	1.25309569066598e-16	4.53575856539463e-16
ALG1L2	0.498826948933831	-0.789087388566811	18.2963224105964	2.03881402432559e-05	3.51065375363388e-05
ALG2	0.225572529889869	5.4638762100513	20.6346907672735	6.11041619621076e-06	1.09608311300429e-05
ALG3	1.17960082674615	5.80964923247254	221.463490886057	3.81752666913835e-46	5.31239597072604e-45
ALG5	0.207339784747243	5.15476240680623	12.0458891436995	0.000537244367999621	0.00082228726953061
ALG6	0.664511428358531	4.48844593312839	121.978341768797	4.30221665261168e-27	2.78152193035784e-26
ALG8	0.97616279824208	6.1566348107156	71.1418391649122	9.30434547390583e-17	3.39383118619682e-16
ALG9	-0.628795763354869	3.16366415018	170.728098442866	1.31527718372497e-36	1.29513459819936e-35
AMFR	0.392220551144613	7.64634367259737	20.0753093285039	8.14576687839989e-06	1.4474975626342e-05
ANKFY1	-0.380247417127381	6.32082941416263	54.0552819401212	3.56835161544306e-13	1.04630997901232e-12
AP1B1	0.443945380518312	7.2691655541572	57.8140284742673	5.73664596283374e-14	1.76840304452491e-13
AP1G1	0.12106070778164	7.06858777699277	4.26846026520475	0.0390373466520155	0.0494175902712128
AP1M1	0.034777487453565	5.76957350459709	0.543674346188084	0.461056078990054	0.499349219058132
AP1S1	1.28939072065376	5.83798558421966	313.735875998886	1.23067484901296e-62	2.80030499216708e-61
AP1S2	-0.0836674912435433	4.91087733018831	1.44003647368984	0.230367009280594	0.262456869667547
AP3B1	0.216768268971054	6.32710679473514	21.0467184192777	4.94564629917758e-06	8.94352644288784e-06
AP3B2	0.297654473046114	2.62743053554471	2.33569843826843	0.126698147982441	0.149925392522879
AP3D1	0.47337675371016	7.44170717383192	104.286820661259	1.51075045887178e-23	8.08524595003268e-23
AP3M1	0.185299880608051	6.31036697036651	8.99185088587534	0.00276693911908331	0.00396300408331864
AP3M2	0.667570553680879	5.22303379890898	57.4611559496087	6.8083977535869e-14	2.08912350659892e-13
AP3S1	0.194132239475428	5.84271546229877	8.68587421710295	0.00326797866138239	0.00464794896382496
AP3S2	-0.300221983481598	5.01724923013561	26.4455670202297	3.15639617388962e-07	6.27992536155086e-07
APPL1	-0.0627803372000011	6.48080545993229	1.24619324929221	0.264501172124578	0.298718343249141
APPL2	-0.363204777161957	5.83950883357713	42.080384452769	1.27127816634907e-10	3.18008403710401e-10
ARAP1	0.0253690301549706	6.76621640279179	0.176470427506188	0.674498373239588	0.705640753085109
ARAP2	0.0495430215203655	4.232908208496	0.27806394346681	0.598069114707307	0.632908320344471
ARAP3	-1.18096301792955	4.12656257114297	324.516258924448	1.69745385187018e-64	4.04342212407026e-63
ARF1	1.11953659145891	9.49965750954658	341.792394446844	1.88730042898035e-67	4.87495310231636e-66
ARF3	0.724025386728609	8.15531736789001	165.919922384856	1.10054076040137e-35	1.0392453076051e-34
ARF4	0.645191721980585	8.10418087723234	135.155053737552	1.06166129652022e-29	7.76179565523776e-29
ARF5	0.812905768885767	7.22262310851329	135.231106315563	1.0256860823779e-29	7.50692984116895e-29
ARF6	0.570517538141975	7.67959685747065	113.389015149576	2.23138900934181e-25	1.31746332019894e-24
ARFGAP1	1.1518900504179	6.63295925398484	226.059613467685	5.43291349282977e-47	7.81463547305536e-46
ARFGAP2	0.219470002971134	6.86343798659573	22.6884679733348	2.1341470814732e-06	3.97181932315346e-06
ARFGAP3	0.031747078726469	5.9180762104402	0.220854357812527	0.638473915094435	0.671342039909421
ARFGEF1	0.841872821972546	7.26000505238147	95.3764389333941	9.6587201199433e-22	4.69957700472083e-21
ARFGEF2	0.345840426418565	7.14130733151241	17.7566782982075	2.69575093236187e-05	4.59194650156558e-05
ARFIP1	0.186483147890405	5.87760033266348	11.6054632515506	0.000679050162552084	0.00103049008220108
ARFIP2	0.78241618302553	6.71437627192466	105.917002132047	7.08447015044893e-24	3.85893065756661e-23
ARHGAP1	0.265822181810289	7.61219968468727	31.4450646041295	2.53688523978848e-08	5.4424450744658e-08
ARHGAP24	-1.24776881283289	3.53964383370362	286.764754330562	6.3594902154992e-58	1.27668424661523e-56
ARHGAP5	-0.547646781582657	6.589723228758	58.108580337416	4.97263641811764e-14	1.53915208801134e-13
ARHGDIA	0.745720413718561	7.8248176258186	116.869016605823	4.49085692360037e-26	2.75306212256928e-25
ARHGEF1	0.526193179506213	6.43760184293879	59.5720705998029	2.44606937491318e-14	7.71657553039064e-14
ARHGEF11	0.483421278458781	6.61498889314152	76.0532484156979	8.90653390184884e-18	3.42200413362393e-17
ARHGEF2	0.291170689797478	6.96173224985241	15.6071449931517	8.24378996108863e-05	0.0001350291496484
ARHGEF6	-1.39635583702891	6.14630665382978	233.956596777821	1.93469215989766e-48	2.91024798882205e-47
ARHGEF7	-0.531773487614673	6.07555209077294	125.178968880616	9.94809204919439e-28	6.63559167856762e-27
ASAP1	0.204683565823062	6.09899963419931	8.82182641419407	0.00303485516465205	0.00433061615417854
ASAP2	-0.102532280160568	4.54556947791877	1.15311639290795	0.283110614300711	0.318373880697727
ASAP3	0.0656360648406088	5.74370680379593	0.949847102509412	0.329951912524499	0.366816909337803
ATF4	-0.0459037169094136	8.23177275430896	0.556409854105133	0.455854459745361	0.494431136519175
ATF6	0.382785347286901	6.8771488842431	46.3180178821961	1.57415054038156e-11	4.17906875329322e-11
ATF6B	0.616458116213312	7.10576645277397	152.512277549734	4.28708046169893e-33	3.62404250764452e-32
ATXN3	-0.387378585112402	4.89035171888925	90.3805775587583	1.00796534256888e-20	4.62301571231669e-20
ATXN3L	0	NA	NA	1	1
B3GNTL1	0.62587491902966	2.68913040734132	70.2264507265673	1.44255092467626e-16	5.20682803613388e-16
B4GALNT1	1.30718258965689	2.63309135656693	57.0250205498215	8.41438780622167e-14	2.56584065520564e-13
B4GALNT2	2.43116145284616	2.47931156540326	38.9214715618863	6.07780168400642e-10	1.45594584401131e-09
B4GALT1	0.710005187307425	8.38734385525099	67.2132732865231	6.12653766608423e-16	2.13001743788844e-15
B4GALT3	1.28259394609877	6.37669265820724	305.085392948139	3.91365060112331e-61	8.56520396790114e-60
BAG1	0.61967022683587	6.67273364077069	41.4807323176266	1.71005661595949e-10	4.24575018805315e-10
BAG2	0.184877878476394	3.3885887423281	2.8100387683747	0.0939329754930374	0.113187596956701
BAK1	1.07110517281031	4.6402243533664	222.604799635779	2.35102909248536e-46	3.3006292225455e-45
BAX	1.20722176522973	5.45183140470698	244.865012937548	1.99111151011065e-50	3.18731641080754e-49
BCAP31	0.294225636270341	8.24996112721604	17.4662315208278	3.13369506059615e-05	5.31475471372495e-05
BCL2	-0.166424660163636	6.66403923633151	1.669219952831	0.196608356253085	0.226195743511738
BET1	0.133004072822445	4.69965256064987	8.145820381274	0.00438921426609668	0.00616173318445681
BET1L	0.221399144506538	6.40240730932136	20.9111915275575	5.30179577462073e-06	9.56446229838336e-06
BNIP1	0.462183453394224	3.52046518164567	69.7817807346515	1.78527407479604e-16	6.40269819609692e-16
CALR	1.12556188413729	9.95920833059878	219.088246064955	1.04825671561491e-45	1.44013687788787e-44
CANX	0.373608491382982	9.89431497112843	37.8488755141939	1.03546892574757e-09	2.44085819656708e-09
CAPN1	0.56952333563333	7.87417970866702	81.1213772089321	8.0004636384768e-19	3.27419855512993e-18
CAPN2	0.097162415146266	8.22189710373361	1.47536281845277	0.224737106396166	0.256574386957332
CKAP4	1.07047257362692	7.36392479226679	215.647901809132	4.54143727778815e-45	6.08710754730798e-44
CLTA	0.42776296436216	6.93226217888873	52.4311410082836	7.8791625904387e-13	2.26520669457912e-12
CLTB	0.415544507565719	5.95263711797857	22.013330065453	3.01397562294811e-06	5.54338594059564e-06
CLTC	0.936664261611769	9.7115249712522	85.8318949152459	8.60416926114174e-20	3.73818616456087e-19
COG4	0.036814548694802	5.8880475630427	0.459689141795151	0.497898184561341	0.535462655792866
COG6	-0.118635933200979	4.9942662694323	4.35225972507557	0.0371676981428035	0.0471815933499161
COPA	0.892085046673732	8.91196787433968	210.810493074663	3.59047694490496e-44	4.64383290315337e-43
COPB1	0.497654245281267	7.70519912754053	79.9641736952677	1.38564694948575e-18	5.59932720355417e-18
COPB2	0.809341644688309	8.13720813352056	203.497004825682	8.29311838228039e-43	1.02441495798724e-41
COPE	1.11319929728187	7.00064157777596	192.976576097627	7.8160333939117e-41	8.99494898186138e-40
COPZ1	0.606752573933379	7.77285135515365	136.651753124568	5.38908541090207e-30	4.00075365266224e-29
COPZ2	-0.881179140864717	4.27844487951761	74.1790791382704	2.1776407716679e-17	8.20873373856233e-17
CRYAA	0	NA	NA	1	1
CRYAB	-2.81309137323916	7.02594662538327	298.092086957364	6.5095943555618e-60	1.38526841653389e-58
CTBP1	0.379132933554127	6.87290294613649	61.3030043048321	1.05840246671711e-14	3.42186737739418e-14
CTSA	0.556006649408248	7.26080100188148	66.8780096647041	7.1980361369878e-16	2.49289486523446e-15
CUL1	0.0823708557022982	6.41812347579365	3.75844128650895	0.0527725223728771	0.0657241367070859
CYTH1	0.271598461512521	5.96979022208857	24.3475211918782	9.15904758761849e-07	1.75575566428084e-06
CYTH2	0.599173150182451	6.58972407261689	100.862928083835	7.43761423722231e-23	3.84157908675242e-22
CYTH3	-0.597476452030148	5.53204481482717	68.8403252567781	2.80436069900615e-16	9.94501534710079e-16
CYTH4	0.0987343683490657	4.16264893558408	1.02133832442561	0.312402667398215	0.348723441573454
DAD1	0.426051605026617	7.10859758910932	54.3784334183892	3.04855457510016e-13	8.97537929997341e-13
DDIT3	0.195314039147967	4.16901041840937	5.76419791987309	0.0165053033927884	0.0218328363875441
DDOST	0.543233660570132	7.90864350046906	98.1391512709997	2.65197535557414e-22	1.33221831166368e-21
DERL1	0.531816365221632	7.15647764913337	61.015569238657	1.21624356768309e-14	3.9147930653465e-14
DERL2	0.107637820239969	5.50097733555257	5.23347252289346	0.0223271864863212	0.0291079956993941
DERL3	1.07004900110273	4.27970646914482	48.7669922616592	4.73056644317692e-12	1.29901325599459e-11
DNAJA1	0.618963363089205	7.93633862523931	102.729310365203	3.11774155125643e-23	1.64020845796523e-22
DNAJA2	-0.0646146852513478	6.44272746222812	1.26485920474443	0.260955097855892	0.295010334914002
DNAJB1	-0.0722537700065198	7.5696617900989	1.4673227411754	0.226003759837127	0.257845654856104
DNAJB11	0.890073189071732	6.3325107316261	182.826636447591	6.49023355712504e-39	6.94965748261151e-38
DNAJB12	0.139824203688083	6.13531430077256	9.10147250892629	0.00260707876673193	0.00374080257001091
DNAJB2	0.390768225996387	6.79378513368959	34.3090696002043	6.0440301586703e-09	1.35175341611105e-08
DNAJB9	0.026611668593537	5.42053611747437	0.166190881987709	0.683591227390984	0.71401664238904
DNAJC1	1.58900973209805	6.58748537168231	163.436847882655	3.30654234719781e-35	3.06017029803697e-34
DNAJC10	0.516277456136429	7.44517916901656	63.9746541636555	2.91322893773851e-15	9.74246534404336e-15
DNAJC3	0.125337440409215	6.95503306053924	3.64305487350436	0.0565386007843504	0.0701421276354386
DNAJC5	0.532576767740451	6.94780899869793	76.6361852878721	6.74650650615032e-18	2.61033508232365e-17
DNAJC5B	1.31558267872221	0.346801531422919	52.4874897629389	7.66539082255272e-13	2.20539613573679e-12
DNAJC5G	0	NA	NA	1	1
DNAJC6	0.794315806449462	2.70526518818582	23.6210058965987	1.32603041809808e-06	2.50892516988414e-06
DNMBP	-0.2708438637649	5.22151950973421	8.12911891515716	0.00442955446226219	0.00621739224590005
DOCK5	0.266475519751752	5.17942211509085	9.75515494439952	0.00183041516716462	0.00266791124735583
DOLK	0.548230537362175	4.63029057216244	87.0805878074592	4.77183723780695e-20	2.10337151544105e-19
DOLPP1	0.756037188167031	4.61451239591693	173.321939568449	4.19470567834779e-37	4.19797792274769e-36
DPAGT1	0.508013196510628	5.71251994283048	69.5047472250071	2.0389161133316e-16	7.28810388871787e-16
DPM1	0.499867950656504	5.38184680678162	67.0451921219727	6.64210126014991e-16	2.3056932102783e-15
DPM2	1.080537492229	5.89510037632274	242.792592084025	4.7371733784795e-50	7.48968239375681e-49
DPM3	0.981479097744178	4.52955550879641	80.2019857938155	1.23768776488018e-18	5.01572594368785e-18
DPP6	-2.66102564247128	-0.113293891291809	193.429547168859	6.42196268599217e-41	7.41912936206326e-40
EDEM1	0.362347376606558	6.52574993041308	29.2303303233287	7.72849537785715e-08	1.60546992038592e-07
EDEM2	0.672796617350734	5.22771170701317	127.748260834882	3.07905964732453e-28	2.1091519440267e-27
EDEM3	0.650073079291878	6.73555229288145	59.4604321347219	2.58199902140307e-14	8.13491236529297e-14
EEA1	-0.614103801510587	5.45381000767382	88.2622913210281	2.73312648800653e-20	1.22293905851825e-19
EIF2AK1	0.928787426919694	8.04887873306447	326.093905958088	9.09190737972236e-65	2.19288340838944e-63
EIF2AK2	0.339077946995502	6.90681037903841	21.5753267851457	3.77167715072001e-06	6.88713258218434e-06
EIF2AK3	0.446262356716894	5.42442332112974	53.0553499603424	5.81020827135475e-13	1.68459772964451e-12
EIF2AK4	-0.0513918463356743	6.35931630457396	1.07708063407872	0.299557730720155	0.33544140751202
EIF2S1	0.161156785510574	6.47986625787723	11.0617704755274	0.000907549400591384	0.00136198130577832
ERLEC1	0.340144226175265	6.61367963401442	48.679926497815	4.93685071912096e-12	1.35372717785077e-11
ERN1	-0.00223821537439515	5.48650659385355	0.000756677494621596	0.978059251721987	0.981227910204887
ERO1A	0.773829656262358	6.23823964341493	74.0618105187582	2.30305304355214e-17	8.67177526853085e-17
ERO1B	-0.0643949041302567	4.44857793568278	0.297529009811613	0.585535637551026	0.620986324893209
ERP27	1.66549707777718	4.45630300512531	76.4883731370282	7.23869318320273e-18	2.79474968542082e-17
ERP29	0.443125272315964	7.29387787996953	47.1857624125588	1.02769495140756e-11	2.76318659539632e-11
ERP44	0.0354542770517768	6.26944427246748	0.512910660633035	0.474018971287266	0.512132864350747
EVI5	-0.395097708294155	4.40442468208318	57.8779177865576	5.56151247922245e-14	1.71688676180511e-13
EVI5L	0.53137460003793	4.43651467383429	65.6571881141038	1.29509843503954e-15	4.41717267228767e-15
EXOC1	-0.214261820850337	5.57570269672224	29.1662615780605	7.98212501258821e-08	1.6553493184831e-07
EXOC2	0.900184359372327	6.37623987164086	57.9646503062219	5.33230364632142e-14	1.64801643381376e-13
EXOC3	-0.0503035037924613	6.03009702422112	1.29493871783957	0.255363794606196	0.289089671001157
EXOC5	-0.0533953517772472	6.19438880545264	0.9506718094389	0.329742132462425	0.366665956359179
EXOC6	0.554313374560463	5.11420153517574	48.2199931247069	6.18591855564868e-12	1.68321211804597e-11
EXOC6B	-0.491468741944246	5.29562036922206	92.6291763493448	3.50319745548038e-21	1.64970534256418e-20
EXOC7	-0.155015481672352	6.26643361098543	9.43955094956438	0.00217072236182545	0.00314281121828995
FAM71B	0	NA	NA	1	1
FBXO2	-0.205492404811524	4.28521902089141	1.48985039018719	0.222476137280104	0.254208567921931
FBXO6	1.06426195094685	4.25095314593464	170.598448119847	1.39267745409284e-36	1.36934756535457e-35
FBXO8	-0.350706975763122	4.48213746853052	59.4770961187029	2.56123843660815e-14	8.07139135813079e-14
FUT8	1.08344394904607	6.31244174819167	106.238125912616	6.10343881434341e-24	3.3394139946634e-23
GALNT1	0.404103904933156	7.21773250713588	40.1661746748655	3.27836406441348e-10	7.98791772265205e-10
GALNT10	0.63923060173127	7.05409185451199	45.17846461509	2.75759690525757e-11	7.21075591813494e-11
GALNT11	-0.167535914148192	5.81764083851516	13.4089181457424	0.000261178737158606	0.000410693769788712
GALNT12	-0.768680101465436	1.99360776607562	28.9666941024199	8.82695604415056e-08	1.82437301714968e-07
GALNT13	-0.0220398942466089	1.75602357585769	0.00947340420271949	0.922479237389898	0.932342179416313
GALNT14	1.26773120625204	3.2450926728031	40.9701438249197	2.20158177292604e-10	5.42362971327728e-10
GALNT15	-3.17879236059671	4.34184045772946	827.494667563575	2.92270817804158e-139	3.82236315653486e-137
GALNT16	-0.863234907799528	4.69423670609428	39.8799873471624	3.77795812493596e-10	9.1711993011263e-10
GALNT18	0.429396981038965	4.2009462710558	23.7460275112296	1.24417125463512e-06	2.35884713378781e-06
GALNT2	0.580394915170997	6.70126903504794	70.0944696541084	1.53675103228644e-16	5.53793600332116e-16
GALNT3	0.165883988934741	5.59198808289416	1.13100957172278	0.28777108798098	0.323270056333138
GALNT5	1.75290947602968	4.53158288806482	59.8425592958539	2.14571854737062e-14	6.78734335854314e-14
GALNT6	1.64505966658507	7.80474924870225	99.7480454608903	1.25105260794625e-22	6.39071071495635e-22
GALNT7	1.35251502077577	6.98573600783681	102.837189641332	2.96505681157215e-23	1.56140726271629e-22
GALNT8	-1.59421538782249	0.275806042572689	128.230328853293	2.47156944874404e-28	1.69993751643128e-27
GALNT9	0.531382223401534	-2.62292532078313	6.18799940264004	0.0129950428652701	0.0173651827703606
GALNTL5	0	NA	NA	1	1
GALNTL6	0.991639255484303	0.147010911698211	24.9133190265885	6.86874542596914e-07	1.32977055562687e-06
GANAB	0.467749856264927	9.06728640117023	78.1996163509861	3.20534115645027e-18	1.26527613327365e-17
GBF1	0.28226195787235	6.96357296807621	39.1432363750195	5.44437989730508e-10	1.30786481331517e-09
GBGT1	-0.0731385476364888	2.7936157119766	0.68939425696764	0.406533354591826	0.445057300420918
GGA1	0.45434463632856	5.92262559751814	71.7354575591507	7.00283523052742e-17	2.56929570945988e-16
GGA2	0.169410317422387	7.06127529386483	9.1239383399199	0.00257549412146025	0.00369804333668714
GGA3	0.153114306106573	5.48972807618675	9.32882495140397	0.00230479462029118	0.00332602024025201
GIT1	0.519679116235432	6.56120895037511	51.0087110568378	1.57863631016478e-12	4.46509615035689e-12
GIT2	-0.261901281655215	4.91370054988088	29.3021998472494	7.45359606778458e-08	1.54920021340985e-07
GLT1D1	-1.14230834590799	-1.10297616524239	67.6434289910401	4.98239018898064e-16	1.74370711978861e-15
GLT6D1	0	NA	NA	1	1
GLT8D1	0.161577147907884	5.94702081031124	15.321355508725	9.57122245692472e-05	0.000155928103169867
GLT8D2	-0.604367761183947	4.46555974741042	35.3404215887407	3.61139195196775e-09	8.19736376931191e-09
GMCL1	0.162723002729282	5.28207754466301	11.0910515158249	0.000893459327734432	0.00134165808753655
GOLGA4	-0.113940495419871	7.4422596539947	2.90007027238627	0.088831051656411	0.107366413758428
GOSR1	0.159405277954431	6.12329806707661	8.65832203600515	0.00331740212576126	0.00471457143377824
GOSR2	0.192928235857423	4.50604443714796	18.5297609756268	1.80705037482867e-05	3.1244718838237e-05
GPAA1	0.830525998448523	7.28433988538558	99.7653063032188	1.2410160604039e-22	6.34184629805414e-22
GPLD1	-2.65944660146747	1.04449301227819	649.6486896855	3.52796649864154e-115	2.90663441712238e-113
GXYLT1	0.104225758801881	4.99075525356188	3.31371929023392	0.0689493723056559	0.0845847201533024
GXYLT2	0.734805337626138	4.40108407905449	29.1097258125515	8.21286359596225e-08	1.7009744629368e-07
HAS1	-2.29389629709774	0.585681609952234	157.433042067873	4.76768017905098e-34	4.20307826255931e-33
HAS2	-0.822113214391575	2.83063258208898	36.7134028317374	1.82169469888874e-09	4.21924663710124e-09
HAS3	-2.84530664724573	3.44536283689771	468.220440035705	4.13356839116319e-88	1.85913966654971e-86
HERPUD1	-0.113693120742504	7.0850532328091	3.49659277654895	0.0617351843545291	0.0762379722082586
HSP90AA1	0.537455157496199	10.6697762009542	46.7893569353998	1.24863516783392e-11	3.3382435304767e-11
HSP90AB1	0.638366751403274	10.8453828321134	89.294827716156	1.68032263118308e-20	7.59939096973364e-20
HSP90B1	0.50136860380987	9.91410577281893	69.927748904304	1.66460840144734e-16	5.98428275198729e-16
HSPA1B	0.250403307353266	6.95552303402522	8.00949655993875	0.00472976025231666	0.00661807785175356
HSPA1L	0.217825810265994	1.95561710271924	11.0667871624356	0.000905119491100597	0.00135848602839784
HSPA2	0.844093874834334	5.77940936202235	26.4982906304982	3.07320090141004e-07	6.11801562734706e-07
HSPA4L	-0.388292244130789	3.99466441675485	9.49860767590322	0.00210248112265205	0.00304843881514679
HSPA5	0.86133171833697	9.68767314600066	160.009359285841	1.51475240044708e-34	1.36530426297908e-33
HSPA6	1.56580178392361	3.20469400806351	71.7319133201611	7.01472320461042e-17	2.57330688800939e-16
HSPA8	0.516444027587062	10.3383481180051	51.8917023575497	1.02536296405664e-12	2.93158268222963e-12
HSPBP1	1.04669739638497	5.40370192812631	139.3779884555	1.57047338267927e-30	1.18848661243714e-29
HSPH1	0.903987802912522	7.46477794747224	107.00642597629	4.27336479889711e-24	2.35726292070203e-23
HYOU1	0.826667130935564	7.61086405795972	104.611972315532	1.29884713537812e-23	6.97751558808013e-23
IFT27	0.362246821831923	4.68067744714577	30.1876637778772	4.77245988531387e-08	1.00449095133001e-07
INPP5B	-0.435871739696149	4.49704578643	82.6136611267436	3.94347033741537e-19	1.64587194981112e-18
INPP5E	0.0903875071184913	3.9203695108607	2.66648228095039	0.10274100804609	0.123217393611298
IQSEC1	-0.51294324981972	6.29489080441954	100.333435979306	9.52063974331832e-23	4.89308575590879e-22
IQSEC2	0.608648488574577	4.98683231361	52.9853225899019	6.01212479096617e-13	1.74126697477338e-12
IQSEC3	-2.08533602340747	1.2260132389932	293.01632346749	5.05048792989064e-59	1.04264517485964e-57
JUN	-1.36237647737082	8.01864480746826	225.477133337732	6.95328889689207e-47	9.95898756890852e-46
KDELR1	0.680169524618497	7.90960670124096	150.251062204697	1.17949664154856e-32	9.77146956333324e-32
KDELR2	0.758684246119363	8.44979857493549	149.205701548466	1.8843173310375e-32	1.55150957260028e-31
KDELR3	1.14613223226397	5.45486476125722	96.4142947961505	5.94131668911261e-22	2.92676929825165e-21
KIF20A	3.4443977713969	4.93951852139603	453.948091798834	7.3920309398725e-86	3.09357596268515e-84
KIF23	2.69840793448877	4.85987664798432	433.795378943166	1.209158022023e-82	4.62726225444908e-81
LARGE1	0.424227537636559	5.40486315027813	20.3904759646235	6.92721818653282e-06	1.23765624486624e-05
LARGE2	0.77266037927214	4.4701498570916	23.5711466542842	1.36016616042204e-06	2.57152537038106e-06
LMAN1	0.412216550895147	7.72684510517285	40.5563924863678	2.70211372381087e-10	6.6197731957069e-10
LMAN1L	0	NA	NA	1	1
LMAN2	0.894898700690849	7.55335796719231	155.920952113635	9.35471947757361e-34	8.12985475630034e-33
MAN1A1	-0.647496180570894	6.75066858543809	35.4030272527444	3.50033527612063e-09	7.95466323694355e-09
MAN1A2	-0.167835642312199	6.41329107444956	6.37200940721058	0.0117197850693556	0.0157328581171712
MAN1B1	0.622667099569181	6.71190302493825	98.9513308834098	1.81467176238762e-22	9.19658990791662e-22
MAN1C1	-0.163677886662838	4.47726357604212	2.58632596452813	0.108049505363623	0.12920380488244
MAN2A2	-0.853817122460088	5.69680351904436	213.253189253581	1.26278058033517e-44	1.65711503238235e-43
MAP2K7	0.123304475074249	5.35955735234657	5.63941549380908	0.0177153835094157	0.0233520964442297
MAP3K5	-0.926324498216583	4.76016279585673	125.965457858371	6.94574563998912e-28	4.66763116205904e-27
MARCH6	0.122231287570323	7.65181131273801	5.18809050182472	0.0229150115876917	0.0298223915358679
MCF2L	0.207858548268065	6.01629448504461	6.29215609938881	0.0122565993802546	0.0164272943586608
MGAT1	-0.0905735186585048	7.24923182699324	2.85612611553621	0.0912826028930302	0.110181209880875
MGAT2	0.618411515084318	1.22508322414475	35.9424244426206	2.67478714309875e-09	6.12923708618045e-09
MGAT3	-1.35612775095221	2.95095072745895	97.4538466016148	3.65334359083155e-22	1.82065722679602e-21
MGAT4B	0.81348103656211	6.66324858987772	185.929810383979	1.67472664970495e-39	1.8281527824028e-38
MGAT4C	-1.48867564748565	-1.72893978382994	41.2681609730362	1.89968942244988e-10	4.70011320876317e-10
MGAT5	0.129262228822329	6.40288521294131	4.05382672827337	0.0442911648690237	0.0557202088599751
MICAL1	0.600738082230068	5.24947052809007	55.2072143794333	2.03632818273703e-13	6.06262764627232e-13
MICALCL	1.11196807449291	2.25252928153317	50.1943575380679	2.35118162568923e-12	6.57427962404707e-12
MICALL2	1.14073799174914	4.9788524113337	137.285438545923	4.04524123790692e-30	3.01390608933767e-29
MOGS	0.800596859823115	6.21991058701848	205.179270797131	4.02185388397317e-43	5.02285187112317e-42
MON1A	0.246025351859788	3.4165803163828	19.5041427069914	1.0930191700343e-05	1.92362703697022e-05
MYO5B	0.748541584198353	6.60398797472987	59.901456638879	2.08538432145739e-14	6.6050245714065e-14
NAPA	0.614464286125798	6.89589970111805	108.303067175092	2.34280439839153e-24	1.31139607930742e-23
NAPB	0.304334765325902	4.14000629062532	11.5165397676047	0.000711991340497626	0.00107902113429412
NAPG	0.155699212809822	5.24708939093673	9.49659328075544	0.00210477251405301	0.0030515916640352
NCKIPSD	-0.0949076406165325	4.87692754159254	3.88612002239284	0.0489130546808121	0.0611861729189655
NDE1	0.995554986345933	5.45602736945923	241.222143583681	9.14391285633815e-50	1.42809365949337e-48
NET1	0.545163088943505	7.6474793766245	38.0338683256857	9.44504022050543e-10	2.23287845367354e-09
NGLY1	0.0846965448810795	5.18343569511804	3.74780781394652	0.0531081867324083	0.0661146739410291
NPLOC4	0.33662483890823	7.10908573066323	37.1949707828526	1.43342723894132e-09	3.34007639200122e-09
NSF	0.972592282100161	6.06359313022464	181.289778502759	1.27095101128438e-38	1.34805870846506e-37
NSFL1C	0.178016863698636	6.48277474243662	13.2465729680112	0.000284529651954014	0.000445669381005413
OCRL	0.300189418228341	6.11634139849862	24.8403964836025	7.12813334870174e-07	1.37741386133534e-06
OPTN	-0.691998680547006	6.72255400861142	87.0095286678071	4.93454864176512e-20	2.17295970836538e-19
OS9	0.179806893358359	8.22796567861547	8.65939288980638	0.00331546707636971	0.00471206997807957
OSGIN2	0.221322026880169	5.8486240555217	7.91537646764652	0.00498050199517845	0.00695123577952145
P4HB	1.0440370723491	10.0257890397852	164.874576995454	1.74836078236072e-35	1.63664307983253e-34
PAK1	1.17447394021682	6.77865106113036	81.207135286959	7.68152884754893e-19	3.14893592029543e-18
PARK2	-1.84592222509977	1.79844760145188	422.937401895544	6.76752240345497e-81	2.49758659002028e-79
PDIA2	1.41362881762851	-0.116499879779732	20.3172127850274	7.19303496515059e-06	1.28310636956977e-05
PDIA3	0.934033674226042	9.39286561254803	185.991232385664	1.63047025674691e-39	1.78200808060927e-38
PDIA4	1.24275337538377	8.08380321385792	259.710295278457	4.15466438893668e-53	7.25880760715585e-52
PDIA5	0.670404247762512	5.08996038730725	73.344902013938	3.24359165404455e-17	1.21318343400825e-16
PDIA6	0.705795207582795	7.74030487918427	77.9401936606745	3.62636638204818e-18	1.4268721585915e-17
PDILT	0	NA	NA	1	1
PGAP1	-0.865056330814497	3.98187063598987	91.1275168417808	7.09383106513854e-21	3.28601964796935e-20
PICK1	0.258109802870667	4.63509191222519	13.7917706818991	0.000213477909263429	0.000338272459326317
PIGA	0.129265679180098	3.6831951667357	4.30524118672251	0.0382048574779475	0.0484274520237783
PIGB	-0.0535151274186647	3.63844900559813	1.02987997700261	0.310388588957433	0.346618817620816
PIGC	0.707252453784738	5.57930039034354	154.068279884294	2.13870690813976e-33	1.82743110726905e-32
PIGF	0.264197119256002	3.66628578107398	28.5061667219217	1.11351960065248e-07	2.28548922452982e-07
PIGG	0.0790304588982408	5.57820075951723	2.57253698095924	0.108992717951059	0.130250745844547
PIGH	0.161535028550458	4.07948263890754	7.3654412619472	0.00674283905499199	0.00927967036067323
PIGK	-0.152775048010076	5.57167620571191	7.22208068228523	0.00729939337362154	0.0100067655647638
PIGL	-0.432346016638271	2.99940411288673	45.1622520735793	2.77969611854039e-11	7.26572165805731e-11
PIGM	0.863212140975347	5.27259806260527	179.663709356088	2.59002277189497e-38	2.71720418604448e-37
PIGN	0.309015500587544	5.48668834943386	21.9281133441987	3.14832904919223e-06	5.78141455349245e-06
PIGO	0.731040913730214	5.8677074992169	119.96929251413	1.08075354291826e-26	6.81567911979423e-26
PIGP	-0.109652229543427	4.42413590502473	2.85109509017219	0.0915679302148995	0.110503963075648
PIGQ	1.28096533016531	6.37281157795311	196.139207838158	1.98557558470288e-41	2.34517281137572e-40
PIGS	0.15918073151852	6.39142847710709	5.00124747418059	0.0255097033498836	0.0330094581147557
PIGT	0.856138092084801	8.00890255731895	109.688120497763	1.23371755779539e-24	6.99002833324197e-24
PIGU	0.990423722219807	5.13702043747682	214.506652696008	7.39195338065348e-45	9.81017812946726e-44
PIGV	-0.105247189937783	4.57464883910364	3.15518922076091	0.0759357293460619	0.0926658732759095
PIGX	0.848153034597733	5.54155817332907	172.182357164337	6.92842215449037e-37	6.90050355874769e-36
PIGZ	-0.483468426500254	2.92193218544736	36.3352042315321	2.19928438194769e-09	5.06721290806917e-09
PIK3C3	-0.211385224261334	5.49297060553764	19.2893593228969	1.22096141087045e-05	2.13888558230449e-05
PIK3CA	-0.587461782421867	5.47788047984452	68.6199058349226	3.11730126379545e-16	1.10098601662183e-15
PLAA	0.358817146382477	5.703086698644	38.2080829530363	8.66177107313685e-10	2.05311256802199e-09
PLIN3	0.657949119564804	6.35872951595787	123.006686597146	2.68648514039293e-27	1.75330901568134e-26
POMT1	0.161476221111274	5.17442363333768	11.782580454839	0.000617957542706695	0.000940640384092947
POMT2	0.100589219459755	4.80420186876427	3.98713102644209	0.046071494732814	0.0578518825260658
PPIA	0.741767531166002	8.65257504185552	144.707796725539	1.42057156149185e-31	1.12662992164121e-30
PRKCSH	0.579115249642766	8.33473959995113	81.0710227907046	8.19387980952523e-19	3.34928411391927e-18
PSD	0.967018500538251	2.22205305518085	52.5501277463659	7.43457471240624e-13	2.14196211450044e-12
PSD2	-1.8131889154682	-0.340228746093288	168.022507155297	4.34261304366397e-36	4.1903416192461e-35
PSD3	1.06143417121456	6.18565539472151	36.0385901611297	2.54959906652335e-09	5.8493356426131e-09
PSD4	0.669265766763604	6.52115644214024	89.2564587781909	1.71096010051054e-20	7.73535426545636e-20
QSOX2	0.415049636042135	4.32125175314522	36.3461853545425	2.18728559853549e-09	5.04129192489901e-09
RAB10	0.442885165368179	7.61550099874602	87.6200719210596	3.69965961769988e-20	1.63962049285166e-19
RAB11A	0.330500775704867	7.82547435947901	33.4232352825849	9.41254463739658e-09	2.07889297488196e-08
RAB11B	0.0706415782854738	6.63231024303404	1.42873129772197	0.232204490100182	0.264416127807135
RAB11FIP1	1.20276006147318	7.20126383200489	48.9663220390343	4.29024115955336e-12	1.18147180905169e-11
RAB11FIP2	-0.727613441919698	4.41176658805633	202.982135773752	1.03510841750583e-42	1.2722105782858e-41
RAB11FIP3	0.911272019311442	6.1521865930713	129.07549828371	1.68161127896708e-28	1.16433537565284e-27
RAB11FIP4	1.27500797199511	5.77833490166777	160.339782664668	1.30781548899799e-34	1.18433133072587e-33
RAB11FIP5	0.0409034512289431	5.89490315347333	0.619985746537019	0.431205914229065	0.469929150731979
RAB12	-0.334376632042559	5.43350647694213	29.0202120273445	8.59196347844077e-08	1.7774405902839e-07
RAB13	0.789637258010726	6.97752339690992	128.382931572405	2.30550725777627e-28	1.58693589759199e-27
RAB14	0.0386040333009717	7.34680282843791	0.660644321943458	0.416491551628176	0.454997724845492
RAB15	0.574214623150832	5.48656310719483	43.0718282939206	7.79034454322851e-11	1.97757158521737e-10
RAB17	1.07536484980769	4.92194969079438	78.0404271518996	3.45749567932861e-18	1.36201770868244e-17
RAB18	0.343164549925932	7.01033128574667	33.3592007072961	9.71905617406671e-09	2.14465633864798e-08
RAB19	1.55728363425413	0.568004847875438	111.799529894252	4.6478300854792e-25	2.69922807356963e-24
RAB1A	0.322852348338021	7.63590908875518	55.8367278170983	1.49914066021484e-13	4.49708813348713e-13
RAB1B	0.569018114070077	7.87908717351694	73.360139503243	3.22006111953809e-17	1.20471693683482e-16
RAB20	0.352710268573212	4.54785958166185	15.6650355854858	7.99837322772579e-05	0.000131176826644038
RAB21	-0.108151197226526	6.41125791599104	3.99060292402395	0.0459769804357466	0.0577466587375034
RAB22A	0.438197414775638	6.29731156589643	54.7930369590819	2.49118507454909e-13	7.38339021929891e-13
RAB23	0.19075604386716	3.87364448799242	4.16012956790523	0.041601858147469	0.0525061210695663
RAB24	0.483109170259318	2.95542242700827	24.2092789068355	9.82672637095418e-07	1.87866757848337e-06
RAB25	1.55394099776393	6.95338769138788	224.027060860097	1.28573054408203e-46	1.8288736318962e-45
RAB26	3.17301296224655	3.4043092794278	277.581470533985	2.67841671140021e-56	5.12858739316511e-55
RAB27A	-0.0408195773588256	4.93765459402288	0.358498691715086	0.549452644537131	0.586296090639846
RAB27B	0.388670598114146	6.22444751172063	9.26149779648554	0.0023904011307473	0.00344402357684706
RAB28	-0.276128936407761	4.05303914720122	54.6026179573368	2.73321858227372e-13	8.07319831433354e-13
RAB29	-0.068398630466104	5.19347197941706	0.61874909393356	0.431665666896801	0.470373108391309
RAB2A	0.447310292388856	7.76284670621934	53.5590551193293	4.54473600947691e-13	1.32596635078317e-12
RAB2B	-0.172469614011382	4.7247511813803	13.8802784943566	0.000203764322837053	0.00032343219357527
RAB30	0.411494974209793	6.37873007870588	8.32199574948733	0.00398582043313096	0.00562049905429922
RAB31	1.61845632726917	7.65333854938238	145.493378605229	9.97734829217211e-32	7.97625342253439e-31
RAB32	-0.174696008393896	4.54764386302463	5.62758706703917	0.0178347493953614	0.0235036923866572
RAB33A	1.04090360149775	-0.0425756555490331	81.6196714037723	6.31652433270558e-19	2.60762307764973e-18
RAB33B	-0.38900752077785	4.11941208657042	47.9246682489536	7.15037770893097e-12	1.94113589133726e-11
RAB34	0.492707368296461	6.09633052054117	27.3492532248401	1.99767861095238e-07	4.03413982892347e-07
RAB35	0.289091522663758	5.88341388869009	46.813883787018	1.23367765320786e-11	3.29923661455956e-11
RAB36	0.630012980081668	3.89641309117503	19.9537403940917	8.67148794013791e-06	1.53736875885269e-05
RAB37	0.504199123868838	2.26571634282107	20.0563547443026	8.22557574059066e-06	1.46100498435689e-05
RAB38	0.827464902909474	3.31797997579163	22.7676056056756	2.0495943841475e-06	3.82158781253497e-06
RAB39A	0.866989426686	-0.42852942829549	24.5439512093635	8.28791815005109e-07	1.59375305410797e-06
RAB39B	1.31942850803229	1.92528804767296	43.4274817160058	6.53624053251599e-11	1.66723022331484e-10
RAB3A	1.45726685358459	2.84586857208606	165.439948265776	1.36109253821961e-35	1.279902061856e-34
RAB3B	0.757629467691859	3.08336592284108	11.6254859799425	0.000671848074807489	0.00102007771547501
RAB3C	-1.5468982558621	1.33329638106043	72.9109366691091	3.99117875398324e-17	1.48558091753333e-16
RAB3D	1.0946277508146	6.19928572529475	165.413104217152	1.37736732836663e-35	1.29385122711037e-34
RAB3IL1	-0.552004598615869	4.11520754047666	48.9380757198874	4.35004663488122e-12	1.19720713444003e-11
RAB3IP	0.93375864291223	5.18833806251476	91.1664662906772	6.96511096676818e-21	3.22805873999143e-20
RAB40A	-0.402896040286164	-0.907247922652144	16.1773746565637	6.12309937468661e-05	0.000101415480298434
RAB40B	-0.277252059818277	4.42356724054412	16.7783574190579	4.47870446848856e-05	7.50237997174347e-05
RAB40C	1.09740004986266	5.39419201668946	197.950903334252	9.07001671769236e-42	1.08169685874878e-40
RAB41	-0.256154851961775	-0.778989162902495	10.7501540693407	0.00107219309304381	0.00159820483123235
RAB42	0.238139826015363	2.3830359603067	5.98011682413311	0.0146089872461844	0.0194236157232125
RAB43	0.214385310241368	1.06721799029344	5.66913556650033	0.0174190950544261	0.0229761488304183
RAB44	-0.113439890152779	-1.36524041304127	0.569046729023263	0.450783919342863	0.489364934158685
RAB4A	0.209254715436162	5.7430274948606	14.4541428764457	0.000150729210240225	0.000241843586033107
RAB4B	0.749499551833984	3.80248168166141	89.2095726497465	1.74915937598718e-20	7.89877686028674e-20
RAB5A	0.08539330583697	6.2512223715815	3.64795495540604	0.0563729978504658	0.0699592305075959
RAB5B	0.0785139280910389	7.92313519126443	3.09114229380251	0.0789708998648515	0.096160678565377
RAB5C	0.400036586685185	6.84358428677225	52.1140626716159	9.19843111210625e-13	2.63689011056879e-12
RAB6A	0.391396061055753	7.61281409708097	31.6782085400002	2.2567268455254e-08	4.85766043027324e-08
RAB6B	-0.871686652401526	3.4272950877475	57.6547118871888	6.19782257674417e-14	1.9063310656475e-13
RAB6C	0.520723522222118	1.23286260097621	7.57143526655522	0.0060180874561949	0.00832477378092765
RAB7A	0.159296769422198	8.29264128486205	13.3840911871494	0.000264620304213017	0.000415693038822326
RAB8A	0.863386170422674	5.72641313547461	335.395076576615	2.32165647813293e-66	5.85653063458608e-65
RAB8B	-0.544032290475256	5.08847479970895	80.286154211067	1.18920435921704e-18	4.82214850115384e-18
RAB9A	-0.111282888108005	4.93425362246876	3.82099483976703	0.0508428802275752	0.0634352816288197
RAB9B	-0.825775621232608	1.51403845236512	66.9231460296969	7.04350386379968e-16	2.44094465647835e-15
RABEP1	0.146383731875408	7.55751932738282	2.47833284284505	0.115684477697601	0.137740553924562
RABGAP1	-0.214380174054359	6.43799190687125	25.0380171177389	6.44695918447791e-07	1.25099054587309e-06
RABGAP1L	0.363035145180781	5.91636877220236	30.6909977114641	3.70521185866125e-08	7.85444273225215e-08
RABGEF1	0.312634764921159	2.44406618903926	20.3546905428018	7.05579944211984e-06	1.2596268820499e-05
RAD23A	0.232805945437902	6.57184808603148	16.6347190854433	4.82599164295252e-05	8.06207235398921e-05
RAD23B	0.242010379267799	8.02810621079422	23.593895582151	1.34448313423148e-06	2.54276729514428e-06
RALBP1	-0.0245751374025895	6.68392428929337	0.200293328870848	0.654563837327695	0.6866255632693
RASEF	0.793344007435163	6.24220601115352	37.4175106482577	1.28319861469681e-09	3.00509856385142e-09
RBSN	-0.370947751947841	5.4807543132221	59.7409836332458	2.25391136456342e-14	7.12205325741299e-14
RBX1	0.629545480384326	5.84136385776648	100.186966177113	1.01938369344316e-22	5.23308233327977e-22
REPIN1	0.693227308535542	7.05223234080014	134.758300688298	1.27087970605465e-29	9.25122133499552e-29
RER1	0.468139590127962	6.81981625891271	85.3084965333961	1.10181340448694e-19	4.76085885008543e-19
RFT1	0.237854484282148	4.70048030579483	32.3592595867867	1.60373585415713e-08	3.48746853231474e-08
RFWD2	0.592333992741362	6.0586736947274	144.290509454453	1.71399776075265e-31	1.35296846388623e-30
RNF185	-0.207958771498367	5.51752951881759	20.3514003830316	7.06774116168644e-06	1.26159156322132e-05
RNF5	0.503783790896972	5.58195924008125	81.1722551806838	7.80968181446598e-19	3.19806410949275e-18
ROCK1	-0.339197374977583	6.35438525485198	29.6495405429014	6.25715367252084e-08	1.30667372367556e-07
RPN1	0.806483827260373	8.61797850036984	189.52158652102	3.50495404987162e-40	3.93609700115011e-39
RPN2	0.909153771736148	8.99023191819502	155.766531889836	1.00217582289039e-33	8.69552941851526e-33
RRBP1	0.726768668623439	8.45890542845976	84.3857668053139	1.70439893185902e-19	7.29207743738507e-19
RUFY1	0.275839042958849	6.13100121215859	36.8448267771059	1.70631279316636e-09	3.95847523987728e-09
SAR1A	-0.187638904351973	7.3127621396433	14.9185178559646	0.000118166336598617	0.000191271285406353
SAR1B	0.103411191151184	6.4151816518911	2.77475839941961	0.0960184858782522	0.115607527174025
SEC11A	0.00378265715275794	6.96052694866466	0.00676212878381478	0.93447562037549	0.942733858398655
SEC11C	0.779005046751455	5.77931229708333	84.1551520021359	1.90084959497488e-19	8.10040951253057e-19
SEC13	0.782712747497809	6.92233039184856	171.816028056579	8.14198940457713e-37	8.1001970660529e-36
SEC16A	0.828585914948749	8.0558729338984	138.875559332985	1.97074637305432e-30	1.48371121228157e-29
SEC16B	-0.657967583825021	-1.8534647481942	32.3741432144923	1.59181557524848e-08	3.46238522628527e-08
SEC23A	-0.449761624892274	6.07527166117498	42.9067406478254	8.45186081373895e-11	2.14005246412538e-10
SEC23B	0.763034296063261	6.86538569339421	124.082296313958	1.6423251335365e-27	1.08207095677689e-26
SEC24A	0.203795639482647	5.69941526763421	9.13998994345704	0.00255316570896759	0.00366774220781145
SEC24B	-0.250401331202451	5.93557819046387	23.7016133717134	1.27265371190529e-06	2.41132032157256e-06
SEC24C	0.204830013065473	6.09205217477525	6.5380222884926	0.0106797402860788	0.0143955012281607
SEC24D	0.922681214846253	6.71244824396623	126.829715966467	4.68149209929507e-28	3.18173760461929e-27
SEC31A	0.318099138055346	8.13174065730986	44.6339856655495	3.60569032536742e-11	9.36568675816851e-11
SEC31B	-0.710684462613457	2.64315232777483	56.7281997032523	9.71950746479241e-14	2.9544539163824e-13
SEC61A1	0.682566342310353	8.83103862711138	163.393102939456	3.3713134308844e-35	3.11690305907538e-34
SEC61A2	0.90806528703589	3.47035431661933	162.483309948106	5.04758894260635e-35	4.62856003072695e-34
SEC61B	0.614249448649914	6.3533725617238	92.1629198966123	4.36075718103089e-21	2.04105558050996e-20
SEC61G	1.12690486779205	5.94245210194719	153.163109162169	3.20475761649366e-33	2.721922287073e-32
SEC62	-0.190596482707201	7.62210635321589	13.2609017247246	0.000282386482065771	0.000442569762264917
SEC63	0.104122290146547	7.35690013407318	2.64816636154084	0.103928294168191	0.124579851977096
SEL1L	0.0577783526423151	7.59109498470018	0.707609794249518	0.400403712084451	0.43879256456505
SELENOS	0.663861893176344	6.1046712511982	112.055353299264	4.12982869549627e-25	2.40461886503923e-24
SGSM1	-0.828527377402491	2.29964875008765	40.4480679579756	2.85104933729353e-10	6.97512896803713e-10
SGSM3	0.369959520148543	6.00725801412483	27.4412609839288	1.90685854135838e-07	3.85622849142292e-07
SIL1	0.628763606129446	6.14298810417849	56.1068580230273	1.31460801452675e-13	3.95940240574232e-13
SKP1	0.127785056044417	8.32482225411345	5.13900936255824	0.0235688638792633	0.0306156587160671
SMCHD1	-0.0790384041637393	6.24281731540792	1.31563849822344	0.251601776172055	0.285046402516877
SNAP23	0.052692280218284	5.86511124999407	1.17268899640106	0.279063938908123	0.314124742129344
SNAP25	1.81400129202852	2.43712600389177	30.8436731648234	3.43152592926585e-08	7.29091009939678e-08
SNAP29	0.37534573373778	6.00613001667962	47.6922788577267	8.01418965860969e-12	2.16820931504924e-11
SNAP47	0.772730865281923	5.61532996517786	208.626496504416	9.15359346224873e-44	1.17152950815412e-42
SPCS1	0.563841706771728	6.7871077439155	107.424887169926	3.51962400991244e-24	1.95027129681306e-23
SPCS2	0.738025933159946	5.74443576698558	89.7262381754169	1.3714470280275e-20	6.23176832216037e-20
SPCS3	0.124364172290699	7.08700256998126	5.18875514475653	0.022906287680814	0.0298124780873821
SRP14	0.206245388409061	7.87923918375943	16.0369955907059	6.5877987392267e-05	0.000108851202596447
SRP19	0.394905646425553	4.65899348372956	64.4367848688497	2.33138592825863e-15	7.83751788036135e-15
SRP54	0.720795119401354	6.37942299404119	148.077685953077	3.12524089480284e-32	2.54525740468209e-31
SRP68	0.264429961512927	6.85455167496256	24.514676237504	8.41226816294228e-07	1.61639623834126e-06
SRP72	0.399182145792967	7.29742289541183	54.0525952522904	3.57302622527796e-13	1.04745266088372e-12
SRP9	1.02884489550357	7.92724773219473	274.862726372012	8.14245892844724e-56	1.54265812933402e-54
SRPRA	0.229954862958276	7.63038403880792	16.9274360424134	4.14483807598948e-05	6.96129185245512e-05
SRPRB	0.870507031564736	6.61349378104577	185.852014604564	1.73251230652361e-39	1.88970097368634e-38
SSR1	0.399449675089721	7.91505277695585	50.343469250431	2.18572886622834e-12	6.12435999844594e-12
SSR2	0.840450983003644	8.52562830648474	157.893024137633	3.88442799423758e-34	3.44244653265641e-33
SSR3	0.162435507055395	7.87135004329254	10.1418897028273	0.0014861457032704	0.0021850577229145
SSR4	1.0198869693923	7.6192757923222	130.989998685874	7.03543265119658e-29	4.95145222194063e-28
STT3A	0.399699448925049	7.67631463721167	44.8068968485709	3.31128247685684e-11	8.61509041129891e-11
STT3B	0.371217193678724	7.86714159117133	40.3787052903738	2.95071145754417e-10	7.2124040444291e-10
STUB1	0.666790758991585	5.47106535763556	58.3555519258732	4.41120179638037e-14	1.37025467077463e-13
STX10	0.680103210460217	5.22292180951126	85.0672202356112	1.23490600971699e-19	5.32313644924568e-19
STX11	-2.13271646982869	2.32174743255386	578.600462746541	6.58884367092156e-105	4.43775093345744e-103
STX12	-0.697368446687436	6.06046769161278	305.295153190188	3.597889522548e-61	7.88054809975331e-60
STX16	0.0572830535216557	6.18314986116186	0.950061177789036	0.329897441298688	0.366788269048672
STX17	-0.207761992757365	4.42170612050677	11.8587993307146	0.000593407611669557	0.000904804712546807
STX18	0.358254933821702	5.09301391562162	65.7057630221324	1.26516515394555e-15	4.31890704668616e-15
STX19	-1.03230150473193	0.345480921479382	33.0694247499746	1.12362312001593e-08	2.47094363532358e-08
STX1A	1.5538266721397	3.07899577132726	201.163297734908	2.26648788359309e-42	2.76171189832118e-41
STX1B	-0.38818063702289	1.40397284950742	11.9943390780094	0.000552160208507874	0.000844109866504604
STX2	-0.466125429310859	3.71550685171969	68.9901915648203	2.60976206743288e-16	9.27078057208717e-16
STX3	0.765163475837273	5.70080966454631	145.689297718508	9.13609965343467e-32	7.31458130054037e-31
STX4	0.53381371583007	5.54624251937321	67.0394363134237	6.66050621753678e-16	2.31178430825378e-15
STX5	0.24311486310701	5.8784604822728	26.0346086196827	3.88736682310583e-07	7.67755660005089e-07
STX6	0.894854715801997	6.29031096414062	278.568032473715	1.79009365115301e-56	3.44477950397953e-55
STX7	-0.654993971977962	6.08126418142588	187.761117152252	7.54031426501847e-40	8.35638036256119e-39
STX8	-0.260277883472317	4.64780542976379	22.5142951533393	2.33279126008643e-06	4.32775990483326e-06
SURF4	0.22484105741446	8.20044280615378	20.3161976867985	7.19678913418496e-06	1.28369104915305e-05
SVIP	0.568961886778303	5.40523159669291	58.287450644804	4.55934592031263e-14	1.41464169571741e-13
SYTL2	0.878780449003873	6.90081021721593	34.2426647884109	6.24796851382487e-09	1.39655288916416e-08
SYVN1	0.32950372360814	6.64303405079513	32.5469619641342	1.45974418784032e-08	3.18256600830349e-08
TBC1D1	0.0762528402298308	6.08686455649261	1.12566148082748	0.288913173115725	0.324465788357611
TBC1D10A	0.172274970111942	4.45236368795703	7.80291674263912	0.00529797112898553	0.00737445828912421
TBC1D10B	0.811898999848873	6.37578603010063	254.835352137702	3.13138588465515e-52	5.30249321926426e-51
TBC1D10C	0.953947805689054	3.13366726048273	44.3959842561632	4.05432816106171e-11	1.04935781522878e-10
TBC1D12	-0.164798369587121	4.40781657524575	6.34950739215868	0.0118685618282166	0.0159278168973342
TBC1D13	-0.477029033428048	5.48714188851786	115.838313660483	7.21663778982609e-26	4.36906603810572e-25
TBC1D14	-0.426368971442115	4.98337225359166	28.6629362707295	1.02883332039594e-07	2.11699369776116e-07
TBC1D15	-0.337388666691894	5.86441572364927	47.0177665456287	1.11609322870831e-11	2.99280060462135e-11
TBC1D16	-0.166652802064683	7.09343690763874	4.87972688302652	0.02735968067945	0.0352796227054546
TBC1D17	-0.305858064989051	5.73318290291849	36.1327305399519	2.43274088527609e-09	5.58789941088098e-09
TBC1D19	-0.0553752724420156	2.80739029944785	0.952532490118262	0.329269483930337	0.366170608708297
TBC1D2	0.596149281313006	4.73750215213108	64.0226081915925	2.84663613802865e-15	9.52567683450873e-15
TBC1D20	-0.0675773765952083	6.12554379571804	2.39937580795658	0.121643691796462	0.144319301598048
TBC1D21	0	NA	NA	1	1
TBC1D22A	-0.0497847264195358	5.0699604350989	1.07799978873488	0.299351706079198	0.335238571454449
TBC1D22B	0.302736672267891	4.49999153727469	32.8907602422461	1.22878648405694e-08	2.69341279529558e-08
TBC1D23	0.0219118728987987	5.57269916242485	0.19586780583793	0.658155766625755	0.69009786365161
TBC1D24	0.297106617488537	5.24698322814608	15.6107745933039	8.22818234332357e-05	0.00013478169910104
TBC1D2B	-0.768179961758107	5.89298496667325	187.389236672852	8.86595860363542e-40	9.79728427975971e-39
TBC1D30	1.21150885846295	4.40869840831455	123.328288175575	2.31879428963004e-27	1.51738248620167e-26
TBC1D4	-1.12770170190651	5.82907063837458	234.583645482693	1.4857613603103e-48	2.25128778448369e-47
TBC1D5	-0.46877003194702	6.25918823304277	82.3217206383055	4.52846977668987e-19	1.88215835010493e-18
TBC1D7	1.07527663858403	4.28429916307732	183.684895274771	4.46078593568467e-39	4.79752630312497e-38
TBC1D8	0.121430846105366	5.53280984459577	2.48975700356209	0.114849316594952	0.136794528422326
TBC1D9	1.0808975887371	8.86345944824006	43.2613489500428	7.09466077771291e-11	1.80556637079505e-10
TBC1D9B	-0.0301020768345612	7.64077350917793	0.411778539395159	0.521189017593996	0.558770875203941
TMED10	0.13378713386034	8.6653679410377	7.0629723563726	0.00797240612757692	0.0108850898785247
TMED2	0.684782837832058	8.7119482871453	130.532023013884	8.66493103087474e-29	6.07605171532526e-28
TMED5	-0.193635327015972	6.27516538104851	10.6171259385825	0.00115140750821633	0.00171192437521282
TMED7	0.32216078370449	6.85943724238544	22.8935948096423	1.92187231049036e-06	3.591147310093e-06
TMED8	0.215881878806141	5.56593454090191	11.3996688395958	0.000757758500471166	0.00114587016572594
TMX1	0.288785908296446	5.88889988827324	26.5107101740133	3.05392601007334e-07	6.08054250516486e-07
TMX2	0.450756156945202	6.61763947749131	52.2170172866157	8.74743062701239e-13	2.51000669424157e-12
TMX3	-0.229741845865029	5.84384584791994	21.1589163006806	4.66906410271061e-06	8.46438705276405e-06
TMX4	-0.485039007097207	6.51979847109808	37.88427916995	1.01740505903975e-09	2.39974695286202e-09
TOR1A	0.320942363519512	5.68123746863592	62.8054362203288	5.12136697181596e-15	1.68611447620303e-14
TRAM1	0.347263480633128	8.15929920588072	26.3842297264814	3.25603340313154e-07	6.46908524437808e-07
TRAPPC1	0.438645519923222	6.12184646110345	44.8144811161485	3.29893571965696e-11	8.58379633216904e-11
TRAPPC2	0.291649394990222	4.32837575092216	31.9562400748365	1.96289997960517e-08	4.2445210972424e-08
TRAPPC3	0.228498536472964	5.99490655116337	24.9472676845935	6.75124353500768e-07	1.30768029388627e-06
TRAPPC4	0.385312852555583	5.42137926260834	46.6265485458463	1.35263835994481e-11	3.61020705917111e-11
TRAPPC5	0.799322342282216	0.615173380217939	59.4342934586435	2.61490377278479e-14	8.23280618705097e-14
TRAPPC6A	0.971303273868009	4.86985743592735	96.5454252456817	5.58768865572582e-22	2.75912610106139e-21
TRAPPC6B	-0.0883499167819524	5.06872332084066	4.18166376853392	0.0410783237209742	0.0518720937129958
TRAPPC9	0.895148777236724	5.97939419364713	149.003820370965	2.0628371257302e-32	1.69384014033214e-31
TUSC3	-0.0540402164165406	5.76463826190129	0.229471842486479	0.632001792138133	0.665133805304638
TXNDC12	0.355936258080872	6.26812367342575	54.0153771214824	3.63841762451023e-13	1.0663904397512e-12
TXNDC5	0.127703975646601	3.0933686144505	1.82063544052302	0.177488645513957	0.205617870124345
UBA1	0.601630987191722	8.85936897940771	150.551078171819	1.03118210104493e-32	8.55855729644226e-32
UBA5	0.190262924872318	5.46893095469953	18.0640899339908	2.2990745728278e-05	3.94166781637735e-05
UBA7	0.0473882789023698	5.63662230817332	0.331106376381646	0.565114721171661	0.601459949555
UBE2D1	0.160241564978845	4.50540826177904	6.69966975327986	0.00975799237017446	0.0132065745224992
UBE2D2	0.430641600315508	6.59630907147264	110.084846182736	1.02682741260502e-24	5.83993188156889e-24
UBE2D3	0.010015353718809	8.11906675728267	0.0700827194700366	0.791261210901172	0.81407501271246
UBE2D4	-0.233795922108338	4.75819064170827	24.2804547599701	9.47707283329379e-07	1.81375164595985e-06
UBE2E1	0.300107520280116	6.282442739066	45.669695942093	2.16535630731653e-11	5.6964031125295e-11
UBE2E2	-0.388152403207694	4.56643633957979	21.4615373069441	3.99810976482769e-06	7.28283131671554e-06
UBE2E3	-0.505482662365263	5.37014615574576	27.7293609605167	1.64842025426256e-07	3.34665335871044e-07
UBE2G1	-0.0469032129052514	5.8768564162049	0.85264462036224	0.355988314451377	0.393496130129018
UBE2G2	-0.0460120965925182	6.58169294015553	1.24272310709379	0.265167002612989	0.299407553118045
UBE2J1	0.10896948905902	6.60121990253453	3.97468609042357	0.046411967170774	0.058238696206233
UBE2J2	0.492044883769968	5.52397051532774	77.4559192793718	4.56623825584168e-18	1.78521295676434e-17
UBE4B	-0.272250089407829	6.13578620212015	30.9981692850647	3.17521385781398e-08	6.76446596104432e-08
UBQLN1	0.204455647186837	7.50454420835129	16.7960465477879	4.43771380077036e-05	7.43695244504568e-05
UBQLN2	0.0700858123560421	6.14448275773473	2.47936163522964	0.115608993770378	0.137668931275095
UBQLN3	0	NA	NA	1	1
UBQLN4	1.02215624835976	6.4089754185219	233.478047997438	2.36675899594262e-48	3.55027027336805e-47
UBQLNL	-0.171571059842065	-0.867713164962996	1.96852267645695	0.160859851265598	0.18740433526255
UBXN2A	-0.417395758669934	4.76004398166195	63.4664709680344	3.72245549659594e-15	1.23490547387996e-14
UBXN6	0.125120639981638	6.73636132071928	3.68931305900508	0.0549956173565578	0.0683159778311981
UFD1L	0.492989115508679	5.84637412385286	76.4657448613651	7.31715343845927e-18	2.82342352886753e-17
UGCG	1.29149756248581	7.38408877223274	86.8601603909847	5.29492454830044e-20	2.32746879190345e-19
UGGT1	0.425591538916125	6.93380673639482	56.0739204169381	1.33582987120095e-13	4.02062256284491e-13
UGGT2	0.0124363215187422	4.77194051608212	0.046191571600891	0.829863952814202	0.849089087112811
USE1	0.1454059676507	4.3253158352738	3.9562434975638	0.0469214178504953	0.0588423366527111
USO1	-0.0366579436178205	6.93713765504647	0.402488321695514	0.525926220369471	0.563289270214436
USP6	-1.47176196500072	0.562508421833531	220.999516885707	4.64959522370446e-46	6.45361900679145e-45
USP6NL	0.0500827247990144	5.14634425385207	0.435290561397354	0.509529149437926	0.547141170034962
VAMP1	0.163961880818145	3.40746931420845	3.7580549983189	0.0527846767961808	0.0657362352686131
VAMP2	-0.820780885673004	6.29287046520745	179.40598169988	2.89962207075682e-38	3.03727520249843e-37
VAMP3	-0.731602767829042	6.70172765231729	337.727601912025	9.28672304487624e-67	2.35809241802084e-65
VAMP4	-0.154274254562088	4.80146942601333	8.38449994701567	0.00385196009928917	0.00543983105493262
VAMP5	-0.457760375431423	4.41283502022903	26.5237405892054	3.0338335135493e-07	6.0418767510742e-07
VAMP7	0.120799328582395	5.87119876723047	4.91664906469258	0.0267832666904367	0.0345760691890869
VAMP8	1.12459736104874	7.09341447811528	216.532770057341	3.11368749565225e-45	4.19429274101836e-44
VCP	0.470549870015221	8.73238175489528	84.885964768821	1.34538498373464e-19	5.78824925691393e-19
VPS45	0.541998007098776	5.97192025760031	111.296212620987	5.86472341215308e-25	3.38188170905e-24
VTI1A	0.00514905558589459	4.53335913410564	0.0160929820007706	0.89907365377176	0.911042910297026
VTI1B	-0.672280121988298	6.32691956880197	231.957047695838	4.49356969959265e-48	6.67739996010621e-47
WAS	0.644503192228335	3.54340109435901	34.9251063028191	4.44318953020199e-09	1.00288177893073e-08
WDR38	2.91724047815544	-1.2485382540453	78.6915781347005	2.53669923742653e-18	1.0082799373784e-17
WFS1	0.409960370168808	6.6922188033235	20.6022287343828	6.21314467843665e-06	1.11391715433394e-05
YKT6	0.75292749481252	6.92628140640736	181.330503458833	1.24850511719879e-38	1.32477260190833e-37
YOD1	0.421410544266591	4.11331162418026	16.5813743862767	4.9617668246994e-05	8.27862513310377e-05
YWHAQ	0.268676194850101	8.3608855824247	19.4436524967258	1.12762316515525e-05	1.98220642649404e-05
