pspGenes	logFC	logCPM	F	PValue	FDR
A3GALT2	0	NA	NA	1	1
ABO	-1.39831973640133	3.16446328210176	40.8365203092362	3.52318853403293e-10	1.97285991919097e-09
ACAP1	0.111600405031208	3.6152230606935	1.22700125542935	0.268473599591463	0.32420232774433
ACAP2	-0.272908033586137	5.45699316023672	13.1940383952561	0.000307033699197332	0.000671602797268982
ACAP3	0.349606564550339	5.08850098509851	12.791144667508	0.000378850764576391	0.000815766432895502
AGAP1	0.305268691516535	5.67117689723144	13.7257002101565	0.0002328460464888	0.000521216600231569
AGAP2	0.599359440851877	1.57159413997712	24.9179727539483	8.03362336225502e-07	2.69792271203003e-06
AGAP3	0.384900876252085	6.72421884408866	34.4005365417346	7.73432819843114e-09	3.56096635528941e-08
AGR2	0.311329929084729	9.04616338416287	2.43663194330731	0.119103765774039	0.157816573280086
AGR3	1.60743919421001	3.20855484288831	19.3485313162652	1.30726828876421e-05	3.59638368346916e-05
AKAP10	-0.296965975013924	4.8073487960227	39.8401096485382	5.66664782040664e-10	3.09112254611541e-09
ALG1	0.186345371279697	4.67137231471153	8.29629109687548	0.00412695031969581	0.00737857594524973
ALG10B	0.0851221701422882	3.91776578745847	1.27445152382195	0.25942376202987	0.314726403080766
ALG11	-0.370909952064486	3.01919942663907	13.4376573405504	0.000270457388589501	0.000597317531331832
ALG12	0.0716529863024211	4.63601666663261	1.19198838167457	0.275405282503121	0.331600474355481
ALG13	0.213524644351349	5.31905482915193	19.2291213722774	1.38868881617471e-05	3.80412901442844e-05
ALG14	0.284970746241648	4.01701580454789	15.7825403407349	8.04793116275551e-05	0.000193384379958311
ALG1L	0.410590072246723	1.02640914096064	2.45181865643592	0.117962033131327	0.156518395957053
ALG1L2	-0.233421603842366	-1.74009703029532	3.39952347735576	0.0657512013733497	0.0925460961785479
ALG2	0.00776765727634054	6.06480929124204	0.0137016430473185	0.906859836939095	0.924525937658688
ALG3	0.417527214305358	5.73485209984586	27.1118780510709	2.71426694087757e-07	9.82738333162937e-07
ALG5	-0.0741320680593918	5.34111051062294	0.932064029947374	0.33475005906092	0.393289438455185
ALG6	0.629325178275915	4.22898762405266	65.4480910989368	3.81455069788814e-15	4.2249344590366e-14
ALG8	0.328084080650422	5.51686012590371	23.6989209905423	1.47278010368012e-06	4.73885438765782e-06
ALG9	-0.144152684081251	3.47991885355578	10.1393532940036	0.00153323461930931	0.00296701745913642
AMFR	-0.366914694844395	6.92791109743991	51.5751840271632	2.24066206238991e-12	1.72973051650997e-11
ANKFY1	-0.265913734316734	5.98635929165178	11.1645353200155	0.000890177960692968	0.0017960859737034
AP1B1	0.106813267925734	8.05141600224645	1.84973260348926	0.174369856148356	0.221705371692748
AP1G1	-0.0913178173281716	6.87718930066305	1.45143777836734	0.228813817284583	0.281824127981795
AP1M1	-0.09627257920731	5.50965487891862	4.29367192696707	0.0387183435121515	0.0570855179395197
AP1S1	0.46577439878645	5.95895944848369	32.4550901857798	1.98609681886923e-08	8.62117713668484e-08
AP1S2	-0.743993214099516	4.12235116396029	87.7484125433755	1.8810544379779e-19	3.51839817438607e-18
AP3B1	-0.263647669004448	5.78050354565956	16.0007686693636	7.19476238592576e-05	0.000174401651196039
AP3B2	-0.419638967183745	2.09346794356114	10.3253529402387	0.0013887384210775	0.00271015453212142
AP3D1	0.213496377601748	7.72907795866204	16.1717967805792	6.590382348628e-05	0.000160603807331718
AP3M1	-0.0276993865742922	6.13813084550046	0.159893857826412	0.689408989623904	0.734184916879451
AP3M2	0.0044955591558578	4.65015237108272	0.0039376247844356	0.949987908422364	0.960000654098068
AP3S1	-0.667754010678968	5.39956419110507	109.816792860147	1.47606912222156e-23	4.49440683032797e-22
AP3S2	-0.162195709932787	5.21655395909979	11.0163358269923	0.000962705730270057	0.00193079185184701
APPL1	-0.267527415297166	6.03066863550732	17.8067569291251	2.85851561534984e-05	7.40954620344524e-05
APPL2	0.242230113106959	6.66026647408579	10.5557010275015	0.00122878262071677	0.00242170245036915
ARAP1	-0.185794858489538	6.51201325715626	11.9416227712491	0.000591173484706181	0.00122891931243498
ARAP2	-0.0292655520778741	3.65309888805427	0.07791113000075	0.780252974493216	0.815136399221027
ARAP3	-0.595691234391587	3.70678151609512	32.6522522771814	1.8046819715724e-08	7.88547767018587e-08
ARF1	0.16469864826557	9.4898636830459	7.15710537151243	0.00768839724731221	0.0130653862029822
ARF3	0.0153903711263143	7.86324937799103	0.101527751852954	0.750124480662881	0.78804455839451
ARF4	0.0946118406448981	8.06511552073318	2.05942145038439	0.151834109017475	0.196005592194818
ARF5	0.305462977776529	7.3811507369857	13.3258233402233	0.000286666410603814	0.000630179420177457
ARF6	0.363125621070113	7.71469110673164	33.7308910010174	1.06949941379417e-08	4.82764155876183e-08
ARFGAP1	0.522636351630711	6.66405471538993	45.0418254127194	4.79546867056472e-11	3.03890446530236e-10
ARFGAP2	0.0812036852342762	7.06133645379041	2.37080982948566	0.124196106755359	0.163820951569766
ARFGAP3	0.334252763029027	7.73305622303402	16.7279797590095	4.95680922968267e-05	0.000123637223562336
ARFGEF1	-0.0103376849670192	6.32755327037183	0.01854528651456	0.891727796591168	0.911503652100515
ARFGEF2	-0.29349634304644	6.34846842358464	10.5573991435206	0.00122767566623915	0.00241980052608394
ARFIP1	-0.144702963431304	5.79742286027024	7.84949100075977	0.00526195313757363	0.00921694880523322
ARFIP2	0.583101193525283	7.39851347784698	61.5350247132177	2.26514266483857e-14	2.28423860862083e-13
ARHGAP1	-0.365073547263761	7.54155255847917	38.0224209977053	1.35216698666178e-09	6.97319538184026e-09
ARHGAP24	-0.979835819635716	2.54134898024759	90.0718344269489	6.84098220964162e-20	1.33627895105908e-18
ARHGAP5	-0.374820330373745	6.49060094116941	23.6700706353021	1.49410062200736e-06	4.80376393508574e-06
ARHGDIA	0.519816364714966	8.22366172438723	52.7519234150067	1.29602932968381e-12	1.03451721517818e-11
ARHGEF1	0.288348131985131	6.18421106752915	23.8779189792263	1.347173792837e-06	4.36770852814473e-06
ARHGEF11	-0.227576487832957	5.95013120085264	11.0236677624735	0.000958980397396727	0.00192378115178133
ARHGEF2	-0.627978587933313	4.69140249319286	55.7467192976909	3.23592390604054e-13	2.80859405913827e-12
ARHGEF6	-0.563764450158787	3.78376417967177	30.0998569420042	6.26000673487935e-08	2.51561940777746e-07
ARHGEF7	0.157646628581658	6.31012822143012	4.16694429605188	0.0416952287647107	0.0611289918623516
ASAP1	-0.600963290191931	4.6844319108319	42.4390075775791	1.64422626788929e-10	9.65022519845304e-10
ASAP2	-0.334453699814369	3.63902071512384	5.2129040695918	0.0227991914776632	0.0352353691349145
ASAP3	-0.0423787284405559	6.03171194445564	0.274068551212196	0.600825685210993	0.652941432511363
ATF4	0.203827467023016	8.64384958228922	7.50335737400747	0.00635754590322352	0.0109692666453036
ATF6	-0.380045825016593	6.18071256391306	37.027247371293	2.1801729194353e-09	1.09466207747781e-08
ATF6B	0.084905017399479	7.04641606257295	2.95583895745379	0.0861286648206645	0.118104266624548
ATXN3	0.133773414591578	4.97337573149807	8.73076288016417	0.00326240162289946	0.00594972620642038
ATXN3L	0	NA	NA	1	1
B3GNTL1	0.74570090244858	2.92214788656076	78.8102501291327	9.56239500895884e-18	1.45052755208361e-16
B4GALNT1	-0.947849043781491	1.81793038327792	48.3191793220295	1.02611557749193e-11	7.19828332715751e-11
B4GALNT2	-0.665471039018656	-2.88841029994923	8.3396858011074	0.00403097656579001	0.00722240594384059
B4GALT1	-0.34812309283925	7.33828562822465	20.9648483703348	5.78565639975008e-06	1.68877165653872e-05
B4GALT3	0.530472801630596	6.02956293031686	70.1412869182917	4.5798209113048e-16	5.7580130776765e-15
BAG1	-0.122428275033941	6.65584246678813	2.80351838966863	0.0946243133774983	0.12856592061529
BAG2	-0.422058878062296	5.1116127131828	22.4453094703385	2.75365038307881e-06	8.47692372830143e-06
BAK1	0.0591364219561869	3.89643242193176	1.00538363913506	0.316450790210454	0.374628580521542
BAX	0.624615743874823	5.72044611045913	49.8122812653401	5.10062460706217e-12	3.71815699737092e-11
BCAP31	0.0598753504221056	8.32201842837587	0.678552253366071	0.410441564418913	0.470102685491661
BCL2	-1.11150419495882	4.79517545258529	81.5899752138141	2.79997931924413e-18	4.56427517841742e-17
BET1	-0.186927881236543	4.83300831547187	10.4727708575019	0.00128409426004334	0.00252353568097555
BET1L	0.0451901794401021	6.6702691001098	1.01414063239196	0.314354279112371	0.372585613442614
BNIP1	0.255381599091434	3.67298608246587	12.3922123343103	0.000466747054502184	0.000989424979670453
CALR	0.54646314898083	10.4934392395138	47.2183062652043	1.72035880858262e-11	1.16766855637923e-10
CANX	0.0894578617284054	10.015820136985	1.46742724888612	0.226270545270771	0.279020296691415
CAPN1	-0.364337019834809	7.71771808294098	46.6814399387621	2.21436815105532e-11	1.47702941992856e-10
CAPN2	-0.157142452687191	7.31220429802258	3.41780286627482	0.0650315147798435	0.0916101195193848
CKAP4	0.134446977842013	7.36522545784104	4.52057988582505	0.0339327486607522	0.0506711833526391
CLTA	0.420343762625998	7.32876249491584	29.3533352415243	9.02095263300662e-08	3.53079355159125e-07
CLTB	0.0339777772313602	6.24257130816053	0.119264347676661	0.729965338359857	0.770515560114279
CLTC	0.0649304682165708	9.0298646324954	0.802573302473883	0.370715726653948	0.430053526071265
COG4	0.0383862001163323	5.98629270862127	0.346793041984476	0.556175126403474	0.610652527438056
COG6	-0.379638789370808	4.84659925090774	23.1398171739488	1.94628931702289e-06	6.1320441043039e-06
COPA	0.045469991961068	8.35038027242666	0.404099451295226	0.525243218187661	0.581879146234798
COPB1	0.0973111776628855	7.64601141621625	1.96851801696934	0.161167646914644	0.206785603605988
COPB2	0.216135876839328	8.09938173599673	8.14003481074316	0.00449229206736541	0.00797670012951292
COPE	0.407364177497539	7.64424746915168	19.2503618454946	1.37384098171775e-05	3.7663304006057e-05
COPZ1	0.165841202185056	7.75380263132154	10.3301719422043	0.00138518436870356	0.00270384888816795
COPZ2	-0.814690169252707	3.78894109674016	41.1734392375751	3.00090484644951e-10	1.70125772382784e-09
CRYAA	0	NA	NA	1	1
CRYAB	-1.49634957768076	6.14345575695419	69.6515043515164	5.70895443213553e-16	7.06796132751329e-15
CTBP1	0.231894540327541	7.42879507808356	15.9903454214823	7.23335551682923e-05	0.000175235693492863
CTSA	0.150200477808227	6.56762883497007	5.46419174197095	0.0197665479413536	0.0309194647416901
CUL1	-0.280119082830269	6.08053441950478	66.780488111468	2.08587006468067e-15	2.3881976310291e-14
CYTH1	0.157065109672581	6.46978180283238	6.48938988482362	0.0111221707053138	0.0183145806697792
CYTH2	0.514836153146588	6.62928123651807	65.8521570382884	3.17595022105643e-15	3.54262298192441e-14
CYTH3	0.78164756513307	5.54120522940277	45.3089723596748	4.22741431118712e-11	2.70416723954725e-10
CYTH4	-0.00881131429282807	2.70880824975643	0.00444953618244864	0.946840838190834	0.957475216591673
DAD1	-0.126912040466897	6.93757537371692	3.78529095794083	0.0522123143784454	0.075084344927098
DDIT3	-0.107798012752656	4.44743963845505	1.161519164829	0.281621596127465	0.338258319533419
DDOST	0.19466963671348	8.19977244059976	8.61090945654933	0.00348058409585263	0.00631690430516711
DERL1	0.0695234070372804	6.44105238433257	1.40215468629714	0.236872928259935	0.290695586393549
DERL2	-0.0966704952785246	5.83990282656122	1.9115834278833	0.167346736236779	0.213659467053006
DERL3	-0.683636082558494	2.58993568073193	13.7871590706643	0.000225531752286464	0.000505971029511117
DNAJA1	0.00576783738781088	7.68914018525104	0.00796858795766678	0.928902149184614	0.943189924889442
DNAJA2	-0.0808093691518552	6.47020007165502	2.97392115463251	0.0851765085902802	0.116907108282583
DNAJB1	-1.22662681874393	7.63325246497542	102.943620225863	2.70337211691493e-22	7.07382370592739e-21
DNAJB11	0.343681241923372	6.04366776346284	29.7368295416035	7.47650375848967e-08	2.96651041562566e-07
DNAJB12	0.0914624386592753	6.25319345490735	3.98433677623222	0.0464161293673662	0.0673311295090511
DNAJB2	0.144365790664871	7.47289449707774	3.66570350657061	0.0560599655320269	0.0800526060644247
DNAJB9	-0.510330417653949	5.89773395734885	31.9645042245666	2.52116334552669e-08	1.0785358181136e-07
DNAJC1	-0.0708808049624614	5.63234183685889	0.742551389756246	0.389219090199283	0.448762268591637
DNAJC10	0.381288399786568	7.71533927282017	15.7987064786541	7.98136593812342e-05	0.000191950131513318
DNAJC3	-0.0350211561393339	7.71835740031291	0.151695760415483	0.697070330131097	0.741118495487924
DNAJC5	0.344916030779912	7.22737279012428	34.5240613430783	7.28590050841698e-09	3.37305235479975e-08
DNAJC5B	1.11895189073072	-1.29537703070537	27.9231934380089	1.82030352032935e-07	6.78125825755204e-07
DNAJC5G	0	NA	NA	1	1
DNAJC6	0.0737131963655885	1.97979688037536	0.26476253404195	0.607072962517139	0.658477171658126
DNMBP	0.0271681992747535	5.55999196837275	0.121558195288386	0.727483587681691	0.768315649466642
DOCK5	-0.253451149542955	5.46829533787747	9.1445959533662	0.0026105487249707	0.00484821706130888
DOLK	0.244304350250622	5.09597278248157	12.8899031603798	0.000359808747206523	0.000777563294031991
DOLPP1	0.359499694827992	5.0729114540183	33.1338061405168	1.428510283262e-08	6.33772135562372e-08
DPAGT1	0.240310710294281	6.01390855770498	14.1137876626012	0.000190380550183728	0.000431932751139382
DPM1	-0.0703964488608477	4.81285391769647	2.50136299418053	0.114320773718617	0.152161173942228
DPM2	0.5277899917467	6.04569925261737	35.1151813946717	5.47595692574476e-09	2.58334582347789e-08
DPM3	0.272789469347404	5.32339737936782	5.29608025603033	0.0217452056218329	0.0337330676971804
DPP6	-2.26150678051874	0.201108697666272	88.8996529994196	1.13900383322343e-19	2.17745633870415e-18
EDEM1	0.165257041570707	6.109790712387	4.85272746443741	0.0280150363174247	0.0425501972485463
EDEM2	0.18255529246507	5.31278878035306	6.95034157614537	0.00861626597739804	0.0144960552777603
EDEM3	0.469938616125394	6.73029367265242	15.8023893527773	7.96627933595267e-05	0.000191642345258697
EEA1	-0.348943417247045	5.2498538303459	17.748848658368	2.944046829797e-05	7.61475044939256e-05
EIF2AK1	0.564658163318754	8.09493005409363	76.4155330660016	2.76800300053443e-17	4.00070399156645e-16
EIF2AK2	-0.0500434821228589	6.39984296116102	0.428214630282226	0.513138934962435	0.570305727203626
EIF2AK3	0.220329191016842	5.73462840301228	7.34818410659575	0.00692204855479663	0.0118674487917343
EIF2AK4	0.2172236301155	6.75668938118165	9.05437209311361	0.00274032836664717	0.00507012216028408
EIF2S1	-0.0951934399611926	6.01518492496505	4.09942318840433	0.0433789073725813	0.0634160596635769
ERLEC1	-0.417509345209636	7.02029318966954	33.4122291841505	1.24808562749385e-08	5.59256349672593e-08
ERN1	-0.182562549618083	5.87654005817841	5.0695175697559	0.0247426815834155	0.0379726393802174
ERO1A	-0.601373175203409	5.00596417121454	70.0303994894035	4.8140383919105e-16	6.02534351792685e-15
ERO1B	0.429427236564554	4.98588419398898	9.84253108325417	0.00179619368463029	0.0034372198794784
ERP27	0.63052913907798	2.93193310838361	9.1442361815564	0.00261105359766357	0.00484843778631792
ERP29	0.269680978870757	8.27005333655783	8.84691954686996	0.00306424803958704	0.00561771352754535
ERP44	0.197578103683876	6.81980649434551	10.2881848651849	0.00141646326317562	0.00275954375453479
EVI5	-0.261676961656611	4.51067311100726	17.1773696095408	3.93982568315492e-05	9.99580054144547e-05
EVI5L	-0.052783056811635	5.13485425798045	0.716372627756146	0.397703219171861	0.457159422761047
EXOC1	-0.0577013945356014	5.11337566701343	2.3105153849885	0.129074176687284	0.169543156158992
EXOC2	-0.106212960687428	4.90459203199748	4.11003330690741	0.0431096601584282	0.063056006124035
EXOC3	-0.0783354212692559	6.04312833502537	3.53609808886163	0.0605729946951602	0.0858493357448897
EXOC5	-0.176818540037378	5.84729403582612	7.0517512234831	0.00814762501079393	0.0137684886019096
EXOC6	0.264488093722128	4.92539053817698	11.7096292385952	0.000667853035331695	0.00137466963680205
EXOC6B	-0.436054125762159	5.06003719838529	54.6510216414548	5.37113207554902e-13	4.52154281963108e-12
EXOC7	0.0619641503460819	6.70038991738303	1.23505384360819	0.266910394804814	0.322531706633487
FAM71B	0	NA	NA	1	1
FBXO2	-0.824260270585775	3.3964706539944	29.7394911283504	7.46677111128741e-08	2.9635849315143e-07
FBXO6	0.246307122070738	4.11668463551892	10.7344532283762	0.00111764124235767	0.00221710084561515
FBXO8	-0.185157038031657	4.6682610136782	12.4484829648866	0.000453196056073159	0.000963545063779751
FUT8	-0.523494088477747	4.22689161640188	44.9556195100061	4.99467250327885e-11	3.1555878592144e-10
GALNT1	0.290900755698411	6.76865758774932	14.7136869016223	0.000139578693417689	0.000323064293619491
GALNT10	0.437679597280616	6.04239059601768	24.9056126907406	8.08305065082785e-07	2.71307098274714e-06
GALNT11	0.163103799617816	6.44541468364603	7.39198634695658	0.00675768591474646	0.011609428954892
GALNT12	0.382558213269635	4.75407060599234	2.34888994752512	0.12594533132668	0.165962688082999
GALNT13	-1.0680720836247	1.17444578069715	21.1241023563591	5.34055554468698e-06	1.56871656789967e-05
GALNT14	-0.278371386968215	1.67641252305739	2.84844641030761	0.0920273410357847	0.125385193188638
GALNT15	-0.835371241066341	1.15180159512462	29.9700883725389	6.67014087452541e-08	2.66720692085448e-07
GALNT16	-0.34114127122235	3.40460547114512	9.74259437115956	0.00189469549784483	0.00361003875196164
GALNT18	0.55828295818909	4.9554079401839	17.3394832257631	3.62702902463142e-05	9.260185902911e-05
GALNT2	-0.00875876185853579	6.33744120983963	0.018070660460088	0.893113822410648	0.912697580202412
GALNT3	0.771593053363385	6.56070032576392	30.7792355479925	4.49204140810163e-08	1.84832236153174e-07
GALNT5	-1.10453882552331	1.71692191359665	38.9851291003029	8.52689397241279e-10	4.52940529894289e-09
GALNT6	-1.20383826290839	1.89447685308446	97.8920707789571	2.3388223373098e-21	5.49076795450675e-20
GALNT7	0.913988812528036	8.02006253313414	42.3865799128169	1.68566578442631e-10	9.87728586535779e-10
GALNT8	0.254419587061662	-1.60016937883277	1.94900528046753	0.163255449947857	0.209009576611293
GALNT9	-1.67749286560746	-0.362361642778484	79.4624417460196	7.1644819514487e-18	1.10751868689472e-16
GALNTL5	0	NA	NA	1	1
GALNTL6	0.338576411787765	2.08270704639556	1.77278333477542	0.183587741923196	0.23194307081983
GANAB	0.179099633872524	9.09402675821355	8.00782467080918	0.00482714377172561	0.00851230969082115
GBF1	0.0406757009283031	7.09504121522765	0.415629564670474	0.519393810617786	0.576364912431805
GBGT1	-0.215654958397429	2.44906944090255	3.55555281347756	0.0598715572446176	0.0849510572743331
GGA1	0.371817225358018	6.33563086171152	44.777229300759	5.43369228097965e-11	3.41834084894087e-10
GGA2	-0.496903454351867	6.60369703053188	126.157320898188	1.6647810137545e-26	6.70181074767838e-25
GGA3	-0.0576284957176157	5.08966749610606	1.81074617822358	0.178971367450477	0.226749420000806
GIT1	0.184534235000159	6.15818280889939	12.429676637081	0.000457680065426052	0.000971844737405107
GIT2	-0.363762616380854	4.25073746245031	22.7643117532244	2.34771309325678e-06	7.30751162174845e-06
GLT1D1	-1.17162477453518	-0.24628674924159	29.8913273016698	6.93213365814336e-08	2.76405075385018e-07
GLT6D1	0	NA	NA	1	1
GLT8D1	0.185292956308356	6.00074590670768	17.2802944033491	3.7382202131147e-05	9.51602064789636e-05
GLT8D2	-0.547717646334283	3.04100589894645	22.080983054539	3.30449588987932e-06	1.00482915813786e-05
GMCL1	0.199683733264179	5.38277677007885	9.38295144074576	0.00229697564044357	0.00431402079162186
GOLGA4	0.135055271557512	7.51746927548054	2.4939466073629	0.114857835541282	0.152778863055177
GOSR1	0.0633057355393893	6.02587032581386	1.6199079860541	0.203640588648269	0.254019842429463
GOSR2	-0.116314935649066	4.53747698450382	6.58070156609764	0.0105721489732106	0.0174833694672185
GPAA1	0.280723350465374	7.33487490744449	10.3002977859536	0.00140736663045927	0.0027435239606656
GPLD1	-1.21863859887769	1.11027896484118	108.725549571972	2.33707621833353e-23	6.92303709959177e-22
GXYLT1	0.10509370345604	4.57770867720323	2.70366536110444	0.100687367024919	0.135989389734178
GXYLT2	-0.77009212712529	1.72864922934471	33.2787513536233	1.33153077333873e-08	5.93471487336214e-08
HAS1	0.25640513556647	-2.38411552489461	0.736650010581161	0.391108751894946	0.450630760829329
HAS2	-1.34859334579054	0.817779660732109	54.132515612648	6.82920991477118e-13	5.65797338585264e-12
HAS3	-1.5229840247297	2.42253926374562	63.4097787878968	9.63245773664677e-15	1.01538958600322e-13
HERPUD1	-0.278397262534652	8.82539484460179	7.18043016453236	0.00759036796439395	0.0129136500687827
HSP90AA1	-0.309960658743463	10.1020967114283	18.1550291812589	2.39441852464203e-05	6.28766394930043e-05
HSP90AB1	0.190279581732198	10.6591284695814	11.3233722664546	0.000818578997640706	0.00166284202011439
HSP90B1	0.342772362392049	10.5037737913657	14.6209541490289	0.000146429499285672	0.000337676399711382
HSPA1B	-0.975169984697382	7.61103758667059	37.3644075429151	1.85417374317889e-09	9.38481652803822e-09
HSPA1L	-0.423067501708275	1.90251273134414	42.5294351018368	1.5751413356181e-10	9.28597755238833e-10
HSPA2	-0.756366205009043	3.50127022695417	31.314574139495	3.45981159661585e-08	1.45068381417109e-07
HSPA4L	-1.47301313202579	3.12473322755295	142.360717122707	2.3469489973173e-29	1.26785717876582e-27
HSPA5	0.190906565226282	9.79955412386459	5.07602629167896	0.0246508285702388	0.037850171985599
HSPA6	-3.6041782851977	3.24971211836584	204.46482524554	1.10654632143275e-39	1.38290764151198e-37
HSPA8	0.225478638112403	10.1780792575104	6.34348984476635	0.0120629090335964	0.0197265981982906
HSPBP1	0.396800856592631	5.62181944392142	16.9117130626107	4.51237419940144e-05	0.000113282870166864
HSPH1	-0.62140311522098	6.55344119693995	46.7078189965691	2.18705763220025e-11	1.45995250755355e-10
HYOU1	0.353020890432754	8.27391698093393	11.2591017444707	0.000846818972650361	0.00171549133814331
IFT27	0.312387848080177	5.1591564830518	20.676785202172	6.68789753872908e-06	1.92682631233942e-05
INPP5B	-0.581040340005482	3.75402543777852	98.0019878128516	2.23112920466997e-21	5.24774959001027e-20
INPP5E	0.14975118781786	3.94434382304798	4.89884208270243	0.0272830196298396	0.0415262635180302
IQSEC1	0.176719141785429	6.64179018144561	11.8894197808091	0.000607611299598308	0.00125937014791213
IQSEC2	-0.362972923653179	4.46932290476978	39.9970972086916	5.25748700828301e-10	2.88043781129922e-09
IQSEC3	-1.50151254024471	1.27119615237154	81.3073710135724	3.17152399219506e-18	5.12998600669285e-17
JUN	-0.258177553480512	8.93110816447252	3.10809171201391	0.0784576404032311	0.108587103412075
KDELR1	0.162720601273215	8.13390777845509	8.23785502559083	0.00425988887960028	0.00759571327765184
KDELR2	0.385686038358065	8.86068388011988	35.2618880737908	5.1016060406238e-09	2.41751261536446e-08
KDELR3	-0.0658939596701288	5.07256331787116	0.292023803578044	0.589144569878489	0.641718480415733
KIF20A	1.51250975884869	2.15204403432466	46.9938479094536	1.91178769225605e-11	1.28854593049295e-10
KIF23	0.520876746436716	1.84543784255036	11.0973152158628	0.00092236187300648	0.00185491395804361
LARGE1	-1.24298378801009	4.90715711379169	193.413791413975	6.55506053028279e-38	7.45081993306351e-36
LARGE2	0.375834471478044	5.66038519283252	14.0173017602369	0.000200145330745466	0.000452574552914403
LMAN1	0.00221000663113171	7.95621679892433	0.000624903293960663	0.980065543323252	0.984651699727236
LMAN1L	-0.231086789750499	3.26431758020114	0.993415478716952	0.319345876681906	0.377646569167192
LMAN2	0.142521699792092	7.76636947493211	3.21736440318756	0.0734082380493832	0.102178475081759
MAN1A1	-0.581840886548666	5.17267872365718	23.0520253728962	2.03347177116948e-06	6.38749667272443e-06
MAN1A2	-0.352803601090895	6.06975547137572	22.9277858094554	2.16361092943485e-06	6.77173019529074e-06
MAN1B1	0.406921015223789	6.84335927737813	32.7111712060323	1.75377248240105e-08	7.67504612507219e-08
MAN1C1	0.149972647268786	5.94310926144736	2.21430476813449	0.137307852179675	0.179205759170439
MAN2A2	0.1910134423552	5.8443062182003	6.4902016258994	0.0111171535499896	0.0183095237746008
MAP2K7	0.0331832259767481	5.50618137181002	0.623330950180327	0.430151268875105	0.489752067902944
MAP3K5	0.00739893612183939	6.27498469540187	0.00359142162274065	0.952234300619744	0.961806418639645
MARCH6	0.189132626633817	7.32480754198177	10.2139083241294	0.00147356513595798	0.00286124729189646
MCF2L	0.427046266354085	6.15427951839816	27.0312847555532	2.82429695595066e-07	1.02095754113513e-06
MGAT1	-0.0318003474930645	7.30482915921708	0.395508828788751	0.529678082927789	0.586223237083388
MGAT2	-0.00506621643920072	2.01025244432464	0.00161937859623791	0.967915144210497	0.974939990479477
MGAT3	-0.855135983504022	0.946556562115414	30.826035160052	4.39060811101088e-08	1.81073839679188e-07
MGAT4B	0.678964466917372	6.52681114157293	90.5154798991555	5.64201391552539e-20	1.11684310132386e-18
MGAT4C	-2.2006074197987	-1.52557595232052	128.839923296923	5.55295130750574e-27	2.35227886753026e-25
MGAT5	0.127794840589799	5.94537998031632	2.65935637659149	0.103512958445306	0.139341166933503
MICAL1	0.129375636522209	5.70590831861594	1.23168355114501	0.267563263922473	0.323227334314347
MICALCL	1.17906030865233	1.74830334128275	26.0353039083901	4.61869713342923e-07	1.61365329612993e-06
MICALL2	0.824956936852655	5.56665728146782	55.5845364768062	3.48772821876537e-13	3.01381949966928e-12
MOGS	0.58972004068302	6.75790518440286	79.1211900470446	8.33243080758483e-18	1.27550677566442e-16
MON1A	0.43127673582614	3.79102342279614	32.3045701121271	2.13684512136381e-08	9.22611712764849e-08
MYO5B	-0.116567181218902	5.98287264497843	1.89183768441936	0.169552867519675	0.216223374560576
NAPA	0.0838405453804472	7.22574353430555	2.0054883774173	0.157295007949544	0.202348061642472
NAPB	-0.179878530008465	3.67713317137442	11.3045174151225	0.000826763244184085	0.00167797468642678
NAPG	-0.310753785907691	5.26573950403199	32.6429404934567	1.8128627686142e-08	7.91571575657721e-08
NCKIPSD	-0.0749313419400073	4.97193940128009	1.81455561720262	0.178515605311046	0.226263282981658
NDE1	-0.65887073358178	4.27410592628355	68.3974260031573	1.00461771168036e-15	1.20746396734022e-14
NET1	0.311219725880525	7.40136702005814	10.5032587658926	0.0012634718411701	0.00248558326025475
NGLY1	0.223436613891995	5.29515115862157	18.3086019484894	2.21466657257611e-05	5.84742740205085e-05
NPLOC4	0.143942589073385	6.64036959693655	13.4212903767008	0.00027277040112379	0.000602214139236211
NSF	0.634998427347091	6.22695300294264	49.8823687667307	4.93623762861195e-12	3.60460143112593e-11
NSFL1C	-0.100146040985835	6.36641937634725	5.62406649682269	0.018057761778536	0.0285146452022143
OCRL	-0.141926417986863	6.60636987207926	3.52915385677983	0.060825487136553	0.0861947470036749
OPTN	-0.74387344146964	5.67464125378791	65.6389667940931	3.49822956744717e-15	3.88657791836678e-14
OS9	0.0290628831879627	8.56890405654345	0.214416991887589	0.643509776960047	0.691993390292653
OSGIN2	-0.000773247567858033	4.62041118397865	0.000118121363214818	0.991332397857697	0.993111458990442
P4HB	0.653974226789589	10.985996692811	51.6334694035415	2.18065317715191e-12	1.68963626804615e-11
PAK1	-0.605893534531271	5.42758128625862	46.5666899299047	2.33721282156009e-11	1.55401763042852e-10
PARK2	-0.686583010622086	2.18919137970876	56.5017869198934	2.28358760158563e-13	2.0219852150804e-12
PDIA2	4.20673482871086	2.05528162919744	65.0116108120724	4.65010320583911e-15	5.10982469513029e-14
PDIA3	0.573284700603591	10.0337368078269	38.6630054536464	9.94814581710311e-10	5.21706519677725e-09
PDIA4	0.549579596196261	8.68764161037525	34.3962895090304	7.75022987442719e-09	3.56698011076605e-08
PDIA5	0.798104033844592	6.88549089416933	62.8078108326562	1.26717272129909e-14	1.31480292271925e-13
PDIA6	0.00627801855337528	7.84928540933663	0.00513363030961765	0.942906919765108	0.954457681515938
PDILT	-1.42963860961911	-2.10678598340197	34.5547811586203	7.17849663813149e-09	3.32700803597533e-08
PGAP1	-0.960134675930822	3.94886152342492	101.763504184907	4.46823248920161e-22	1.14415902271911e-20
PICK1	0.442381287788726	6.13238131509922	23.2894717452111	1.80625573898565e-06	5.73037940936089e-06
PIGA	-0.257986163581987	3.56330646877693	7.43649239850183	0.00659477477064804	0.0113536249906572
PIGB	-0.0828615352721531	3.50587775584777	2.7254363681568	0.0993300861927013	0.134372974589943
PIGC	-0.334091919001346	4.86739815051525	42.2362772771942	1.81037581796825e-10	1.0571046152339e-09
PIGF	0.0675423993677891	3.63579165267028	1.38206106766638	0.240257342123901	0.294288298915175
PIGG	0.156724512562672	5.56937182152817	8.9467951309166	0.00290369541251653	0.00534639219837391
PIGH	0.0962316460841033	5.36763056485037	1.12418700196885	0.289482510764316	0.34673854045392
PIGK	0.0606749793828314	5.53345332036181	0.583753676403508	0.445171307083781	0.5046118511775
PIGL	0.403677996939052	3.25924960695489	21.1192480493144	5.35359939266587e-06	1.57179075203093e-05
PIGM	0.23292658993978	5.42260401907413	10.4103378820182	0.00132739795398936	0.00260176627685805
PIGN	0.0603254463382469	5.71938664020365	0.520235842977241	0.471046565173122	0.529829835541523
PIGO	0.256414546845017	5.88850831085403	9.34099975862698	0.00234924660664121	0.00440461820860034
PIGP	0.0828506044764373	4.79510666884337	1.51979454328116	0.218175521486704	0.269859131407061
PIGQ	0.251193755501135	6.16028443929565	9.32049530036537	0.00237523370752998	0.00444670373626122
PIGS	-0.0264444903075031	6.13367802726629	0.16355526871452	0.686060838681599	0.731301377734098
PIGT	-0.0176936599267029	7.17014281785258	0.0650682649088633	0.798752629131606	0.831351400198299
PIGU	0.241082222301314	5.02738836966405	14.8639930108152	0.000129155161829224	0.000300433157250681
PIGV	-0.015915223170663	5.00131426648616	0.0799334683574798	0.777493609951743	0.812794518373123
PIGX	0.240303634609314	5.28194084030408	13.5260403574277	0.000258305347240569	0.000572694644543962
PIGZ	0.46937545458078	3.44590702589729	24.5884861213376	9.46143788826403e-07	3.15213951927311e-06
PIK3C3	-0.329497368431678	5.17755419073372	44.6774925952221	5.69583225539015e-11	3.57340924713788e-10
PIK3CA	-0.353672220800674	4.61160481829487	16.689546975527	5.05522320395148e-05	0.000125904983291838
PLAA	0.0810599510121851	5.18415862329478	2.27042812263117	0.132435693541201	0.173495938553063
PLIN3	-0.0475360271093292	6.32193047933205	0.657993819694232	0.417618816490568	0.477213513635221
POMT1	0.344939005338928	5.84581841499406	35.7408104308931	4.04938686646559e-09	1.94717837070474e-08
POMT2	0.101904303187673	4.38943665951445	3.7926543557427	0.0519847563284065	0.0747913561838242
PPIA	0.481696970360846	8.21839678805636	43.5409852815727	9.75063697004116e-11	5.9034948345971e-10
PRKCSH	0.39822229874565	8.9057706843323	34.368020774211	7.85691379036287e-09	3.60880735808951e-08
PSD	-0.603576360599468	2.48260731798711	28.7823235818068	1.19355269043977e-07	4.57461757458757e-07
PSD2	-0.989472928552876	-1.44978093243979	46.8272034350992	2.06762642886751e-11	1.38651297098644e-10
PSD3	0.298438398539813	5.29685766354559	5.19118727978912	0.0230830283881098	0.0356345669314969
PSD4	0.411366916996043	7.14371879540523	33.0854606454236	1.46241162754995e-08	6.47897355979802e-08
QSOX2	0.860385581599198	4.78237485652725	141.768346234229	2.97514130401434e-29	1.59350851933561e-27
RAB10	-0.0392757092970023	7.28460339660638	0.411675891296046	0.521386525637749	0.5781930745197
RAB11A	0.279302681110576	8.06537076895586	15.975042211774	7.29039614068065e-05	0.000176515422702552
RAB11B	0.00376548287897845	7.17459517110218	0.00397416498873972	0.949756700608105	0.959805620922702
RAB11FIP1	-0.281921690172601	5.29754862401681	3.61296918078787	0.0578514504375871	0.082359219891878
RAB11FIP2	-1.31905884546933	4.78431968463226	305.416801639588	9.35216841184984e-55	2.3972088827109e-52
RAB11FIP3	0.458628487746411	6.37702152945166	57.0062779984687	1.80966098902853e-13	1.62468491938515e-12
RAB11FIP4	0.154365527317204	4.74392572095719	4.42989928856138	0.0357661518880683	0.0531341732466897
RAB11FIP5	-0.0559829942287617	5.44186028132107	0.853057635137925	0.356092458250975	0.415069017133287
RAB12	-0.675095821428995	4.51495672719615	110.316491620828	1.19629303631103e-23	3.66474159416256e-22
RAB13	0.105779940059828	7.04597395774561	2.2628295528467	0.133083852284765	0.174272343710227
RAB14	-0.164541167073006	7.12293551138124	11.1993390671767	0.000873964414363214	0.00176592552194369
RAB15	-0.0456376379966145	4.5382641734172	0.36660631692212	0.545108883055565	0.600365448191679
RAB17	1.33854979768416	5.41729034377557	110.474972574298	1.11919673588558e-23	3.44537034380464e-22
RAB18	0.180254322076373	7.14372265427851	4.47540400663404	0.0348334794956562	0.0519174679560273
RAB19	1.0819104971728	0.611574460777451	44.1380553786108	7.35028947101867e-11	4.53993782916127e-10
RAB1A	-0.0615499559655273	7.44071304558272	1.70815704679436	0.191769020737977	0.240994436987242
RAB1B	0.149433265561178	8.30281680550317	6.65923266829061	0.0101215171573371	0.0168034175528589
RAB20	0.288888883674156	4.56121422320674	12.1992465329799	0.000516412177014012	0.00108554593193238
RAB21	-0.0520662412744547	6.37362683516629	1.10283697550953	0.294104031251324	0.35170395434796
RAB22A	-0.0156568890777956	5.51772569748498	0.145353633275094	0.703162478633131	0.7464267014564
RAB23	-0.814095288874375	4.87192301307455	42.0944846158347	1.93651253064329e-10	1.1255925114056e-09
RAB24	0.726475541970916	3.80634185638305	45.1454831839425	4.56647393712284e-11	2.90551735816935e-10
RAB25	0.252281560825827	6.59633166715686	9.05065753673473	0.00274581016594936	0.00507951626545754
RAB26	1.21622179004674	3.67786017079703	47.0620256873398	1.85148280057338e-11	1.2495767853413e-10
RAB27A	-0.0366955893841084	6.92437320276328	0.0520876642951063	0.819554144901303	0.849635040891625
RAB27B	-0.114906792831534	6.66973424066277	0.885042673560579	0.347235872185555	0.406078450153685
RAB28	-0.083835497888755	3.95750566730276	3.74343437229535	0.0535260965082641	0.076815330455187
RAB29	-0.10544293028547	5.30989464465535	1.60441494257232	0.205813039532422	0.256411424542699
RAB2A	-0.0133512661477343	7.59076981606749	0.0488524623363215	0.825153998934625	0.854651731878026
RAB2B	0.0836960110223704	5.01676024850799	1.28844122119754	0.256828198435455	0.31193909412526
RAB30	0.158702556745713	4.84239434300694	1.80395030232749	0.179787778802303	0.227668952135598
RAB31	-0.921420406886344	5.14561019367879	71.0332746942376	3.0673401121724e-16	3.94529358001898e-15
RAB32	-0.211062680562473	3.52871110009782	4.34683136514253	0.0375369654644328	0.0554925007336718
RAB33A	-0.209201865201786	-1.43486202262999	1.58936122228475	0.20795019873873	0.258701911267675
RAB33B	-0.254498467604515	3.82887761845249	13.1723741311895	0.000310519364147019	0.000678695416981912
RAB34	-0.880085945331803	5.4370037394563	53.2270509496499	1.03937465566273e-12	8.39790651342808e-12
RAB35	0.102115150485049	5.72402131119248	5.54422399791232	0.0188911295379919	0.0296869048479422
RAB36	-0.174544229613768	3.9942928966724	1.52025296435906	0.218106204418569	0.26978667790991
RAB37	-0.69430779726618	1.97017174654204	34.1408383088242	8.76966571991458e-09	3.99807627739118e-08
RAB38	-1.51493407779795	0.783049512294855	134.88930660258	4.74646915842976e-28	2.27975727074103e-26
RAB39A	0.181685388606084	-1.37952919358269	0.555925880812366	0.456223908968362	0.515395961201892
RAB39B	0.808428817365428	3.20336830181167	19.5390233259556	1.18721563820299e-05	3.29134276919314e-05
RAB3A	0.302654136174955	3.12275455140721	8.23572442025894	0.00426481767987576	0.00760342229371746
RAB3B	1.00309340589173	7.94275803324164	40.5861183623096	3.969715381601e-10	2.20813220517753e-09
RAB3C	-0.149772629836323	-0.882159945158391	0.370475803345758	0.542995492831275	0.598405140823095
RAB3D	0.74816523563044	7.00818205059381	69.6147026083315	5.80432055381313e-16	7.18248927644266e-15
RAB3IL1	0.115836970990979	2.91836106315775	1.29555804496586	0.255520115516042	0.310560414011699
RAB3IP	0.545081657817327	5.88496511294245	52.7357000364737	1.30583709505463e-12	1.04135326437373e-11
RAB40A	-1.54790154848363	0.295162880918215	122.668048009524	6.99074666123159e-26	2.61710217779639e-24
RAB40B	0.119754359021118	4.7483937440461	3.53772813188346	0.0605138885286094	0.0857704045499447
RAB40C	0.376843479376962	5.54323061286329	26.0128452508596	4.67028579022412e-07	1.6287321817358e-06
RAB41	-0.267943746123065	-0.564754845690546	11.7066501298504	0.000668900651070714	0.00137671317942616
RAB42	-0.197271628585288	0.130601132720892	2.28020717402562	0.131606733800949	0.172517933156596
RAB43	0.206813059121319	1.88443265778968	2.91878029833491	0.0881163646300594	0.120546949107237
RAB44	-0.352985252091944	-1.4925081450766	4.6952375284854	0.0306734900134896	0.0461968984434834
RAB4A	-0.164198549415149	6.59267271729165	7.40552371315937	0.0067077016672068	0.0115330229897491
RAB4B	-0.0080311600220122	3.73077805968142	0.00701162847719927	0.933297124223709	0.946790394980195
RAB5A	0.00960723108337045	6.18029433625159	0.0314068363446173	0.859400818364376	0.883963170801454
RAB5B	-0.0769006743668632	8.15924698547041	2.86113705733288	0.091307927290174	0.124533344202909
RAB5C	-0.239113947424151	6.38026899823177	24.4247608195333	1.02633140540944e-06	3.39930437533228e-06
RAB6A	-0.0733449565029702	7.31155110760989	1.33916713590051	0.24768156569133	0.302261996218724
RAB6B	0.178528991928675	4.33281750830792	2.43700588510605	0.119075506219541	0.157787451402377
RAB6C	1.05844447254404	1.81270335746175	60.6382373318364	3.41346760594038e-14	3.36523964918455e-13
RAB7A	-0.0279016849047561	8.04775593626648	0.329401272510355	0.56624570307864	0.62032673621175
RAB8A	-0.0440273314561262	5.31232744353882	1.13155289519891	0.287909603173086	0.345101361440469
RAB8B	-0.266800582879233	5.36198740282488	13.4425974521068	0.00026976314689336	0.000595993865431945
RAB9A	0.00910202638006588	4.72479954940903	0.0308414200250247	0.860659068694174	0.884931267880874
RAB9B	-1.93572178272208	2.56005842432871	226.921318271312	3.32407385613588e-43	5.00004402791217e-41
RABEP1	0.121569326246698	6.81855200619431	2.63354064619056	0.105199271829625	0.141368732057999
RABGAP1	-0.426104533514732	6.5881083922816	73.4999399563426	1.01576238557005e-16	1.37775114068681e-15
RABGAP1L	-0.5817829033441	4.65796186841501	81.7715901877923	2.58459792209172e-18	4.24069887674356e-17
RABGEF1	0.398787986832281	3.56929040310566	15.2665031100417	0.000104948275497823	0.000247423808588017
RAD23A	0.0300371955368682	6.62423607690506	0.399031594088266	0.52785139624254	0.584459253035333
RAD23B	0.311810057575419	7.89728537616195	27.8012043258176	1.93288916572611e-07	7.17620098182677e-07
RALBP1	-0.249023598010005	7.03515864240608	8.69829617528101	0.00332008936864127	0.00604922353958575
RASEF	0.512725338096876	6.31893401490212	21.2943914685292	4.90267522108676e-06	1.4475828490322e-05
RBSN	-0.295315882148863	5.28201509985862	42.0802846763033	1.9496211770571e-10	1.13261988824409e-09
RBX1	0.211938144575929	5.83686571502243	7.38193583108546	0.00679504231447177	0.0116656275929149
REPIN1	0.584231308651023	7.26701386698822	74.9141039083285	5.40215205324631e-17	7.50564488813868e-16
RER1	0.0913208389516412	6.90770117691952	3.04609442230222	0.0814881529776454	0.112391281106817
RFT1	0.102011295209926	4.63396632921956	3.88579162888838	0.0491955094709893	0.0711083030042725
RFWD2	-0.00724838129603806	5.38033830934751	0.0309852667743445	0.860337838801811	0.884637188321797
RNF185	-0.333319609197533	6.19171734206438	31.9255022096948	2.56946612425158e-08	1.09789061134887e-07
RNF5	0.0547101095351919	5.99483450839178	0.855757685265406	0.355332957719295	0.414313214719118
ROCK1	-0.363895988335335	6.02977655344958	17.7511512841467	2.94059705479026e-05	7.60739423443166e-05
RPN1	0.109489602146519	8.7714552662779	2.44823961644124	0.118230007275898	0.156809104765167
RPN2	0.132948935829088	8.99626174734632	2.76571295941946	0.0968715787113794	0.131351293167972
RRBP1	-0.00257265436078084	8.84809962677956	0.00113103559215167	0.973183664214956	0.979186639633089
RUFY1	0.0983341856505281	5.9997286085713	7.03305942724351	0.00823199523132833	0.0138970242077263
SAR1A	-0.0925081850682354	7.01741330367397	5.19445369771683	0.0230401028785196	0.0355792330674625
SAR1B	0.113355530752161	7.07112744313797	1.73150702982417	0.188764930597248	0.23768296023072
SEC11A	0.0699813965779628	6.77762366354891	1.78453030525636	0.182144673457237	0.230365915490377
SEC11C	0.532652827242215	8.12511772602057	14.2722222183798	0.000175379098751158	0.00039973894933573
SEC13	0.148740277582113	6.94864074595892	6.13498002883186	0.0135518358836118	0.0219443123442486
SEC16A	0.788270074049193	8.3924215065182	94.4763160068978	1.01634745574885e-20	2.22392404951316e-19
SEC16B	0.252221156351291	-2.70345650710166	2.00480358092695	0.157365768544958	0.202418357614283
SEC23A	-1.15600216790019	5.45487726070792	194.799635627872	3.91580980060275e-38	4.51216248583216e-36
SEC23B	0.158063186548689	7.18944671760788	3.02679452098269	0.0824572100922446	0.113547040758534
SEC24A	0.011339519045645	5.52486524984156	0.0159992190829273	0.899391704912582	0.918104666263169
SEC24B	-0.15567343481683	5.75799528256139	6.47618736544302	0.0112040999813625	0.018434989947719
SEC24C	-0.0491832092742711	5.97322720705424	0.143932234231804	0.704548661600435	0.747771775367708
SEC24D	-0.00890997961793725	6.23383265700986	0.00729631208770415	0.931959705066715	0.945662780387618
SEC31A	-0.119697414992984	7.9133875605586	3.70180244536617	0.0548677098179392	0.0785163991470111
SEC31B	1.04307718244868	3.07552515674855	42.6138078624424	1.51331383974216e-10	8.94457497748776e-10
SEC61A1	0.378399721022762	9.36142101416066	28.8423496165466	1.1589131871754e-07	4.45476652820904e-07
SEC61A2	0.161771547298209	2.66730439713954	5.5869991627109	0.0184398162602394	0.0290540164622226
SEC61B	0.367861552326013	7.01817614863823	20.3532263578598	7.87156236898959e-06	2.2449324104112e-05
SEC61G	0.719395578639176	6.26685981763638	47.5296014467113	1.4863016715888e-11	1.02122259273279e-10
SEC62	-0.290346811344315	7.8672154080366	18.7177502282389	1.79936253283656e-05	4.82802679180244e-05
SEC63	-0.0628740420332488	7.33552365254932	0.989363494792561	0.320333940989445	0.378654585556203
SEL1L	0.575024651707556	8.14404973534928	23.1711630567865	1.91608090269765e-06	6.04369064236125e-06
SELENOS	0.0461536925051914	6.45547959649765	0.40341782024759	0.5255926802034	0.582240612396781
SGSM1	-0.610858561819882	2.65119422260342	25.4456553125045	6.18414821850509e-07	2.11527509870435e-06
SGSM3	0.603240997558785	7.539096084474	46.1090316500306	2.89917070103523e-11	1.90497431362817e-10
SIL1	0.341225583293174	6.97747275292507	11.5927182046475	0.0007102404859156	0.00145666566020574
SKP1	-0.186790699114559	8.1259256922487	14.1111137226711	0.000190644566407766	0.000432492685646444
SMCHD1	-0.113665391349739	6.07057463537477	1.87004393085951	0.172026747062022	0.219011296244387
SNAP23	-0.00530162050284301	6.24759078153192	0.00680571004356147	0.934281635157581	0.947521283667425
SNAP25	-3.1252701037971	2.13256660600516	408.95200570515	1.860542331592e-68	6.97564527904345e-66
SNAP29	0.032474123833068	5.56012238302042	0.642066770525723	0.423308260323047	0.482858209940739
SNAP47	0.129922236919474	5.13596805783487	7.1707978981505	0.00763069407282513	0.0129778629051704
SPCS1	0.0588973975644428	6.97721763304085	0.831703548445363	0.36217861950845	0.42130671151189
SPCS2	0.0569918392392187	6.01986919784694	0.872627601762632	0.350637473898484	0.409503619151514
SPCS3	-0.0584622116587508	7.32175693122694	0.687527656076532	0.407365107472817	0.466983594200573
SRP14	0.0355062043983032	8.17318195739077	0.35997068942565	0.548768800256492	0.603602428515767
SRP19	0.276352992440498	4.91948160812272	12.118735176934	0.00053868622425493	0.00112755586645145
SRP54	0.138751942329492	6.22703726601461	5.48718159014102	0.0195108543859214	0.0305651800545273
SRP68	-0.0724007976035867	6.69316349314805	3.69189774719862	0.0551921284222102	0.0789266916751635
SRP72	0.0713898737463322	6.82980871634951	1.33613657198464	0.248216651858706	0.302767907870772
SRP9	-0.0888908002122435	7.12315442169829	2.15379748342635	0.142787458045267	0.185605223601403
SRPRA	-0.00034914910654754	8.25111549839513	2.73660167487372e-05	0.995827972925044	0.996700879746478
SRPRB	0.35900601657512	6.82129984079977	17.8017467816725	2.86581559528574e-05	7.42693570139046e-05
SSR1	0.0715513304032561	7.85629114267085	1.22837939560567	0.268205259040614	0.323893856405952
SSR2	0.479703159284514	8.45462231265167	32.9553293988633	1.5577367256493e-08	6.86979398671182e-08
SSR3	-0.143357272357506	8.03755544005612	4.35284019887967	0.0374058328110394	0.0553181749801783
SSR4	-0.0232741478241802	8.37681049860913	0.0428306150237535	0.836120886393454	0.863873510722806
STT3A	0.105117115361197	8.00268167330156	2.16089502317808	0.142132118944173	0.184828065618329
STT3B	-0.207690989818241	7.63983200972539	14.1517506427557	0.000186671828318141	0.000423939637225541
STUB1	0.166229883921288	5.90324654085147	4.24371015645185	0.0398643342705758	0.0586535510382981
STX10	0.33392176979969	4.97666868654934	18.2765665470235	2.25100471478179e-05	5.93526172303124e-05
STX11	-0.412377934921668	0.494313431411476	8.1866553600968	0.00437995678540841	0.00779486464395745
STX12	-0.447264411274225	5.99627116471208	106.233998020621	6.69317310881994e-23	1.89125431376329e-21
STX16	0.138456008260156	5.83940605015529	6.20108213355121	0.0130603306320891	0.0212195527765395
STX17	-0.121895840598874	4.54195954375634	2.23443909511106	0.135537203349519	0.177170970918453
STX18	0.176644635715788	4.90596410560822	19.0291263760473	1.53667235751871e-05	4.17581237785267e-05
STX19	1.46353546602312	3.62884301875672	87.2892796150563	2.29832686736414e-19	4.25452991217297e-18
STX1A	-0.000518929983420979	1.98438916129947	3.12757852155374e-05	0.995539894297219	0.996452251055749
STX1B	-0.167587966965833	0.265409921918757	1.92062507344452	0.166347556680486	0.212524190001719
STX2	-0.718386888197861	3.13668534804533	68.3627769982276	1.02044623577634e-15	1.22590193413207e-14
STX3	0.0436079556015243	5.42780425450672	0.470465923530812	0.493060964125718	0.550955881989173
STX4	0.155173920240949	5.34634114451416	5.82764491527505	0.0161007071367212	0.0257120002081651
STX5	0.155216439145143	6.3714073037103	7.50791134183272	0.00634171036603253	0.0109434474407321
STX6	0.152623855980002	5.33953023571749	6.82018611827976	0.00925859786547914	0.0154761763628451
STX7	-0.493776165213231	5.602933187198	117.029194204232	7.22336597219017e-25	2.50969506530314e-23
STX8	-0.146223588552681	4.8343608761563	3.00146930032034	0.0837477722557141	0.115122252329186
SURF4	0.146172393977797	8.56864771331976	6.77544226660232	0.0094906080019082	0.0158365931319207
SVIP	0.122424907009907	5.9611870565907	3.52079586465911	0.0611308744267253	0.0865765104357749
SYTL2	0.170014994902636	5.55454574144782	1.31960452562559	0.251160723038069	0.30597271400176
SYVN1	0.386054173715892	7.12645670947623	32.9121481671643	1.5907291579134e-08	7.00177263830115e-08
TBC1D1	-0.993159932459826	5.65161471646788	131.019966054506	2.28274435196547e-27	1.00955172748895e-25
TBC1D10A	-0.32692128396515	4.56815225671974	34.2950876528304	8.13902426424962e-09	3.73156213757895e-08
TBC1D10B	0.0217389971570393	5.83880740682075	0.217014460622066	0.641508038981603	0.690165828909927
TBC1D10C	0.643151148965524	2.51845249393155	16.2186757484787	6.43385365197722e-05	0.00015704829825835
TBC1D12	0.00381758946431142	4.06824259265295	0.00278200227316675	0.957954419447538	0.966495903948998
TBC1D13	-0.0482215316777138	5.70558482681965	0.882445310116372	0.347943795910381	0.406754847043409
TBC1D14	-0.140511960042413	4.86735409859671	1.11887759233483	0.29062308336696	0.347988553037706
TBC1D15	0.182082171917996	6.05654071551107	10.1754845086771	0.00150401671760423	0.00291496797671617
TBC1D16	0.412254278056076	7.13099629625684	15.4653033605583	9.4738175362823e-05	0.000224847762276613
TBC1D17	0.0356749568705066	6.16880126288587	0.399298684736857	0.527713360228902	0.584357928540887
TBC1D19	-0.389936364058569	2.72317898050152	53.8481816635242	7.7913588925389e-13	6.41280915401629e-12
TBC1D2	-0.843868357564536	4.10899904683563	92.7560255742389	2.13672339277402e-20	4.47287430220694e-19
TBC1D20	-0.182043418880441	6.04537616292023	23.6232096939097	1.52939517611662e-06	4.90970055259418e-06
TBC1D21	0	NA	NA	1	1
TBC1D22A	-0.157046023277757	4.77014413133087	9.24514399297071	0.00247327318282718	0.00461373996380653
TBC1D22B	0.255275689498157	4.6748643966053	13.6175284278233	0.000246307388165155	0.000548222717588933
TBC1D23	-0.226421831265885	4.94721236247222	17.9986926290455	2.59253152013537e-05	6.76968729582125e-05
TBC1D24	-0.150483460473121	4.6207743632712	5.43386233638553	0.0201091994745221	0.031408511521482
TBC1D2B	-0.485038969016029	5.08300087336089	49.1368792051453	6.99567221410394e-12	5.00658934525045e-11
TBC1D30	0.353047728643759	4.52559623843758	12.864372025969	0.000364636667494973	0.000787048727227507
TBC1D4	0.558985093417765	6.51858995691378	20.6183561774174	6.88752889370908e-06	1.98070664922693e-05
TBC1D5	-0.336085665870357	5.9948609962573	30.3561180727462	5.52303973747291e-08	2.24097493466838e-07
TBC1D7	0.413734156403832	4.07925694184277	28.8536787817241	1.15248971545416e-07	4.43346732805642e-07
TBC1D8	-0.0277533181908913	6.2541718517826	0.0988460898785721	0.753337619414126	0.791043179957257
TBC1D9	-0.33840431587643	6.24616715657681	18.4740215656186	2.03622732024103e-05	5.41384740521325e-05
TBC1D9B	0.165470466670726	7.57501106684543	7.98683704603383	0.00488259962509191	0.00860044194532704
TMED10	-0.0818831331421251	8.88405006027833	1.68468202873686	0.194845729307928	0.244457332944519
TMED2	0.134466243250113	8.83466848067909	4.21300837196031	0.0405862121570724	0.0596318447321552
TMED5	-0.131644717785699	6.31813359655098	2.46619687261645	0.116892253118204	0.155271185993829
TMED7	-0.259358000972336	7.11725539063197	9.60780861956954	0.00203631221140311	0.00385792011090173
TMED8	-0.0192836341793356	5.21949052774075	0.0951190829936218	0.757883857997274	0.7951734405184
TMX1	-0.272529040349903	5.26944160615235	19.0976491996205	1.48426029121809e-05	4.0446237191558e-05
TMX2	-0.00771737020278518	6.63667727640247	0.0237617647552936	0.877548993776338	0.899279187519341
TMX3	0.0683020097828112	5.46052551235202	1.22112066889998	0.269622400899087	0.325433149653328
TMX4	-0.713715293275139	6.88948352227618	133.808306811674	7.35405854768521e-28	3.45297104145519e-26
TOR1A	0.115357427717539	5.7455790624999	5.76647637196864	0.0166645299520063	0.0265364812928303
TRAM1	-0.210250815431881	7.79159428634964	8.38805068831836	0.00392669153885995	0.00705204205810028
TRAPPC1	-0.0134631235151714	6.23552764166621	0.0239802164801677	0.876991882532071	0.89885495488211
TRAPPC2	0.0685746663622693	4.1438201376474	2.1404374078882	0.144030303771889	0.187085228333929
TRAPPC3	0.0739543111304304	5.98240388921991	2.1054762870215	0.147340844655644	0.190842632656996
TRAPPC4	-0.0140157918023848	5.98233603487001	0.041295068703282	0.839044335268665	0.866395104285315
TRAPPC5	0.384955467901861	1.04933616171666	14.9817817726622	0.000121538882206978	0.000283846850226784
TRAPPC6A	0.499694481260396	5.60080091100311	19.7154853567629	1.08593343431741e-05	3.0299508908201e-05
TRAPPC6B	-0.221935638221034	4.84634155579442	35.4967575967796	4.55507438111141e-09	2.17246000481334e-08
TRAPPC9	0.0972742316687491	5.65455898814715	3.09298033399765	0.079184910774767	0.109491107979421
TUSC3	0.336618873000631	7.04985215767348	10.612995554671	0.00119198765134298	0.00235472867267503
TXNDC12	0.0695486984418331	6.23873528499905	1.63854896770376	0.201062517070273	0.251140690607392
TXNDC5	0.162598385429513	3.16042383254661	1.33254477926143	0.248852668347841	0.303418496326208
UBA1	0.206288894011827	8.69130784228693	17.853846469233	2.79081400166346e-05	7.24826796130956e-05
UBA5	0.0978216398262956	5.71430672894544	3.19077135700334	0.0746039789219152	0.103676253071394
UBA7	-0.358215129355928	5.40798759086178	10.9787284785524	0.000982045978469807	0.00196628367441109
UBE2D1	0.0035771597918038	4.27688636543323	0.00266386625016174	0.958856012030598	0.967288985270015
UBE2D2	0.00290150128968032	6.32190825114534	0.0054740354150396	0.941047759652131	0.952959756609753
UBE2D3	-0.10617293126053	7.89519097653847	9.13258232576848	0.00262746150757623	0.00487710286487215
UBE2D4	0.0794299523319375	4.83409158147713	1.72627806182275	0.189432857686083	0.238380592379241
UBE2E1	0.171195209568769	6.35612412603032	10.5763704745726	0.00121537740728596	0.00239659945608159
UBE2E2	0.270049135582808	5.2772200209749	16.0896585100872	6.87396806928668e-05	0.000167109336979078
UBE2E3	0.490626200936922	6.09444031299379	14.4966154044245	0.000156151686605977	0.000358614954063097
UBE2G1	0.157815435462026	6.0890909403393	5.0708303119714	0.024724127131601	0.0379511196789379
UBE2G2	0.0282078405304776	6.44048188676474	0.406108483604192	0.524215620449287	0.580920080540237
UBE2J1	0.231041122380975	7.51549637210197	8.20435267569235	0.00433806893361004	0.00772633945067246
UBE2J2	0.423367778815854	5.75512094277745	42.7241620840641	1.43611136218045e-10	8.52638085983758e-10
UBE4B	-0.0248820950465789	6.20841929394577	0.226552149722191	0.63428060605121	0.683489379317965
UBQLN1	-0.037518619341906	7.29673745211978	0.506940414201693	0.476767233955056	0.53525778399781
UBQLN2	-0.233875218408983	6.16367151585787	20.8457636644298	6.14274756784149e-06	1.78326877305637e-05
UBQLN3	0	NA	NA	1	1
UBQLN4	0.0693592907942166	5.73997499220869	1.66775691437514	0.197099918563558	0.246829351129996
UBQLNL	-0.282943131275902	-0.869681037309734	3.45838462546239	0.0634637035868386	0.089627718789081
UBXN2A	-0.30003156506725	4.25144566428713	42.9384064099575	1.29734052106143e-10	7.74642117638769e-10
UBXN6	0.103349181269325	7.55843344176222	2.12023275223533	0.14593314770955	0.189214445672751
UFD1L	0.241129423414456	5.95550937639534	16.8854375643195	4.5733809019596e-05	0.000114654020216792
UGCG	-0.0273180835610899	5.63122361203467	0.125377610825656	0.723408931047635	0.764655263956095
UGGT1	0.0352563175290031	6.74442165595115	0.168589267221775	0.681528005295244	0.727179352377205
UGGT2	0.0929843581307999	4.44492828384465	1.800468336803	0.180207750652678	0.228166264939277
USE1	0.500258554687617	4.93061299642155	27.210974590858	2.58486623269025e-07	9.39815309960619e-07
USO1	-0.1519561716458	6.88048286546603	4.91730620222493	0.0269955428110233	0.0411086345424895
USP6	-0.489137286537792	0.230790637169809	15.0630893235432	0.00011654766710867	0.000273104234866586
USP6NL	0.0204036406344333	4.65753049675267	0.0900382169424062	0.764241575573236	0.800840496345724
VAMP1	-0.127853330612819	2.93536285165546	1.68273707701496	0.195103225505047	0.244694843710958
VAMP2	-0.119344343857899	6.97370843927202	2.88889504956082	0.0897556158518003	0.122622563234743
VAMP3	-0.498930963103248	6.39713744970868	150.612417852934	8.81092946547515e-31	5.63182056419175e-29
VAMP4	-0.479884605155207	4.24150368313142	113.676088756609	2.92473388510593e-24	9.55387713834343e-23
VAMP5	-0.587528973727802	4.16623473079505	20.9438470195617	5.84707763453735e-06	1.7047190132263e-05
VAMP7	-0.00076884333972265	5.53072553593759	0.000126482629562053	0.991030885263478	0.99292820029589
VAMP8	0.0444719129929766	6.64495877063876	0.206550973664206	0.649662969774017	0.697893166298465
VCP	0.25983301414818	8.95026902486553	20.3393613809391	7.9267559731597e-06	2.25964718617535e-05
VPS45	-0.189520226881302	5.32716185435091	27.2633657494129	2.51897973444313e-07	9.17320541159922e-07
VTI1A	-0.166098528849597	4.19545348237419	13.3199676893342	0.000287541697589431	0.000631661341796808
VTI1B	0.0523268684671161	6.45331240651064	1.62172665688454	0.203387353826953	0.253741759529826
WAS	0.107590291397017	2.63436502192025	0.778546264875322	0.377970303058318	0.437409331188707
WDR38	2.13317540987695	-0.591564492495025	21.0648909298221	5.50187044839378e-06	1.61249545751548e-05
WFS1	-0.562768824530726	6.74655861667857	48.9086309762621	7.78466924330738e-12	5.54596969347366e-11
YKT6	0.286676772075544	6.81475934751465	24.43609535532	1.02056610708819e-06	3.38124777236289e-06
YOD1	0.379961481762941	3.77350690163112	25.7789957802514	5.24314693287207e-07	1.81615900377477e-06
YWHAQ	0.1453109659625	8.45392166385105	5.88268678464787	0.0156102182478766	0.0249890824870418
