pspGenes	logFC	logCPM	F	PValue	FDR
A3GALT2	0	NA	NA	1	1
ABO	-0.269012906642459	1.76405004290809	0.312336264651567	0.578410728640868	0.962173910019683
ACAP1	0.375858521409322	2.73314529530403	1.66872603881982	0.201574915147857	0.905251778953435
ACAP2	-0.190635489734779	5.47726756900015	1.17319950152079	0.283246210167747	0.927914067900577
ACAP3	0.0419183338479397	5.45126961343919	0.0328346970359407	0.856842298874385	0.994693153361369
AGAP1	0.293868727915919	5.89188008318161	2.55145560883168	0.115650267872771	0.852790920675508
AGAP2	-0.0854974162014095	3.54994211305536	0.0288737195207667	0.865664766787907	0.995208417805402
AGAP3	-0.0115956630382142	6.98765200439624	0.00347032217798738	0.953227600574733	0.997369761723442
AGR2	-0.0870626823897935	5.3309488399613	0.0137629035729964	0.907017153517356	0.996652884299726
AGR3	-0.803209953338325	1.86219164935785	1.16951909464371	0.283995084331514	0.928687313028167
AKAP10	-0.161923391424487	4.47453860020116	0.770639569513903	0.383656690078042	0.944408123521426
ALG1	0.0532810427924254	4.10703779819563	0.0845735760613124	0.772234337178584	0.987663018001725
ALG10B	0.123774301138126	3.97005252132032	0.287480738767286	0.593898660051687	0.965756754992652
ALG11	0.0610459887680155	2.68664346333412	0.0801706520755105	0.778078721069688	0.988171959666618
ALG12	-0.0559021286681941	3.56503685253675	0.103726120146782	0.748566044020061	0.984440803233852
ALG13	-0.0385849967977401	4.47300115517465	0.0557985371018089	0.814099924029412	0.993460446991143
ALG14	-0.11485425632821	3.4861161177158	0.422516899491373	0.518261100170399	0.954515914526446
ALG1L	0.392215498014634	0.843338860088141	0.691920206048337	0.408938200933997	0.946032094534855
ALG1L2	0.0473737497411699	-0.158791815457439	0.0240504029342058	0.877297462643942	0.995705710430349
ALG2	0.224296783961539	4.76404295070212	2.11263572847887	0.151500060178026	0.874426520468092
ALG3	-0.0102605170460435	6.28861992638817	0.00279170992531275	0.958044408864492	0.997824076798122
ALG5	-0.0663477069130718	4.83168293605097	0.11733959156224	0.733181602463477	0.981919361965916
ALG6	-0.0785940844771522	4.05433690651931	0.196116304693891	0.659528389983871	0.973080723347044
ALG8	-0.0393506359553014	5.53238114190933	0.0611135207736168	0.80562125746892	0.992523570859894
ALG9	0.0879393671057788	3.50105637801581	0.275290866027819	0.60181273487523	0.967089719743573
AMFR	-0.121347237972176	6.10997593517171	0.674094384105434	0.415003973772338	0.946032094534855
ANKFY1	0.1017804989172	5.63145929698482	0.268714135172608	0.606176056442986	0.968172987677819
AP1B1	0.083184312461753	6.98727309158061	0.242054028079567	0.624591424552766	0.970435098560644
AP1G1	0.0492741721143444	6.00820636512963	0.100086924122259	0.752865972399229	0.984440803233852
AP1M1	0.181163835239486	6.72414683607273	0.88919584379567	0.349623332088315	0.941076366480474
AP1S1	-0.137185752559636	5.90683663498071	0.52676354806886	0.470901693274159	0.950263266438821
AP1S2	0.114315648520466	5.93346766042712	0.178457508833804	0.674270820137788	0.974374607600118
AP3B1	0.0821346184561839	5.87913908198384	0.289464234266974	0.592631466253632	0.965756754992652
AP3B2	-0.500866330275235	2.34609447961908	1.70194605401465	0.197208460148357	0.90371687719677
AP3D1	0.31894174828456	7.27708343100345	6.71791928647712	0.0120682626879023	0.526784522309988
AP3M1	0.0600375802908357	5.95357865501017	0.163615247524815	0.687343779315406	0.976680600916202
AP3M2	-0.0395810384438728	5.2538057340823	0.0397439296768499	0.842682319221157	0.993816915680763
AP3S1	-0.00018413149891557	5.99998375865751	1.8028812427827e-06	0.998933296661764	0.99972555130201
AP3S2	-0.187596903812404	4.47979813729642	1.67734968820665	0.200430363101738	0.904592866627827
APPL1	-0.105320138576536	5.5360710782983	0.390554120027806	0.534469694228328	0.957470716823972
APPL2	-0.496590254034325	5.34672192432367	7.01352935918822	0.0104133511857396	0.512359748688482
ARAP1	0.182014833714176	6.85612296796792	1.7012609654099	0.19729735622197	0.90371687719677
ARAP2	0.0390842088050469	2.87694743695929	0.00715661918060782	0.932874509305722	0.997369761723442
ARAP3	-0.261666427179376	5.19554831957407	1.04107974392421	0.311825662554846	0.935965576801944
ARF1	0.0121577624999101	9.31079162559542	0.00992614673852207	0.920983064392198	0.997369761723442
ARF3	0.068580577612286	7.45975218496738	0.192693297955748	0.66232232322805	0.973080723347044
ARF4	0.038059986594528	7.90641802257974	0.0504808053262574	0.823021770893834	0.993460446991143
ARF5	0.144086266440481	7.64196257156623	0.559283980992178	0.457583318260606	0.94723168855074
ARF6	0.11221680943325	6.61557046259253	0.520780666373071	0.473420463579321	0.950799049763229
ARFGAP1	-0.116639650292309	7.68020229608607	0.425360402897822	0.516861756818424	0.954515914526446
ARFGAP2	0.0134419760831257	6.65609269999877	0.00841558742226233	0.927224845233711	0.997369761723442
ARFGAP3	0.125005306455048	5.66952423850332	0.497266979849105	0.483537867152086	0.952623677056836
ARFGEF1	-0.234984577699879	5.96505014115814	0.976342492560245	0.327225152296114	0.940539454810327
ARFGEF2	-0.109623382589956	5.51374557687985	0.315965918230426	0.57621732663051	0.96209822851708
ARFIP1	-0.037050836922037	5.04747219418723	0.0631770067354383	0.802435428931997	0.99204255133076
ARFIP2	0.00356334997040706	6.0551423468615	0.000472617706911402	0.982730473870726	0.999040940502626
ARHGAP1	0.104916289057802	6.60985074367528	0.439920417678019	0.509799683452112	0.954515914526446
ARHGAP24	0.0738438775074717	4.03351291590855	0.0538428904685708	0.817326646886184	0.993460446991143
ARHGAP5	0.280076410310052	5.81692046565795	2.54418558036861	0.116159261091779	0.853494423252113
ARHGDIA	-0.27742472544037	8.11692150426825	2.54832855440261	0.115868891025512	0.852790920675508
ARHGEF1	-0.15117802368359	6.91001221096844	0.607483976920088	0.438918967379992	0.946032094534855
ARHGEF11	0.0576379031203081	6.31401828835965	0.124802344486565	0.725169473650725	0.981140102749498
ARHGEF2	0.296821925904126	7.42547728203805	2.3319576929164	0.132200835340531	0.861263541111829
ARHGEF6	0.587481932242787	3.97059614507472	4.26081862974779	0.0435029550027588	0.738065052837736
ARHGEF7	0.22281337080279	6.12846090827592	1.58560746712687	0.213020424808817	0.910778216141275
ASAP1	-0.224857926519288	6.38174039074339	0.904725623299519	0.34548148209873	0.940539454810327
ASAP2	0.0269299867631487	3.755055479561	0.00527052451184802	0.942376558024496	0.997369761723442
ASAP3	0.098337690048229	5.88175313881028	0.349914585057085	0.556469896548858	0.960392836235317
ATF4	0.324713235612581	8.27470210527211	3.13868038518364	0.0817312149686418	0.816039416040563
ATF6	0.108058215274167	6.11212080309063	0.760091228003501	0.386909961324207	0.944408123521426
ATF6B	-0.0305929579255808	6.87220945687152	0.0396414949506942	0.84288246975665	0.993816915680763
ATXN3	-0.0722581051339418	4.73496484886349	0.354795414313012	0.553738179431537	0.959934433315356
ATXN3L	0	NA	NA	1	1
B3GNTL1	-0.198690412775809	3.450528961228	0.780013988631554	0.380798442071179	0.944408123521426
B4GALNT1	-0.754844010332913	3.18939625467381	2.03792545044864	0.158803696360317	0.882725387308746
B4GALNT2	-2.31472235189645	2.79294263807224	3.01635045445604	0.0877601634429321	0.826527005774489
B4GALT1	-0.00587007022229787	7.13520225678036	0.000583576486442062	0.980810389974414	0.998896118815739
B4GALT3	-0.0694201437808949	6.21827777344153	0.156686728293111	0.69368400485021	0.977777079673345
BAG1	0.283242532587497	5.85037488213081	2.32223090744258	0.13299444814655	0.861263541111829
BAG2	0.0371762790700257	4.97995582170576	0.0212956361360644	0.884484608972073	0.996345253134021
BAK1	0.17887118938928	5.18009270793967	1.16220306488843	0.285491325301782	0.929518572366561
BAX	-0.0192304337395439	6.36955571882298	0.00751528836641489	0.931217182498449	0.997369761723442
BCAP31	0.0461348269107349	8.02325826268582	0.050613154422864	0.822793871904344	0.993460446991143
BCL2	-0.230025623346019	4.51891301049414	0.433737454625709	0.512777784158975	0.954515914526446
BET1	0.135447385147203	4.78651658116377	0.952006900977058	0.333278234634066	0.940539454810327
BET1L	0.237122073536932	6.25888273478711	2.35769427890432	0.130126957169158	0.861263541111829
BNIP1	0.0218828726877551	4.01918749893288	0.0190072836204606	0.890825155872192	0.996499226602511
CALR	0.188474828798428	10.6064331927886	1.14073846998437	0.28994041738108	0.931983451578232
CANX	0.0614725323313449	9.37930713515971	0.123418823029863	0.726634097379504	0.981140102749498
CAPN1	0.0187021638527714	7.62005132836008	0.0116614221876102	0.91437944868333	0.996809046761201
CAPN2	0.170576063057988	7.02257545434855	1.04822374042842	0.310185910135264	0.935415543992686
CKAP4	-0.172420951990916	8.29426336388641	0.886014954581106	0.350480137638768	0.941076366480474
CLTA	0.0315410779347309	7.48886374439588	0.029154848894689	0.865018779496928	0.995150001928558
CLTB	0.317575208812422	6.31807918870353	2.62880918073584	0.110387802589985	0.845724393912383
CLTC	-0.0904539180321146	8.69710314268303	0.349798020987587	0.556535450290861	0.960392836235317
COG4	0.0136331358991217	6.17158628441539	0.00864602153638038	0.926238094187876	0.997369761723442
COG6	0.118678685808517	4.61533172861889	0.416467862781096	0.521260430417166	0.954515914526446
COPA	0.142350772865592	8.35690633296823	0.922011442397319	0.340950256829501	0.940539454810327
COPB1	0.384647245044552	7.10380576542768	6.97551832927143	0.0106119903247782	0.512359748688482
COPB2	0.102685514491702	7.72135445746879	0.446101372264244	0.506852607198446	0.954515914526446
COPE	-0.045585613349191	7.82317118435776	0.0461388708247293	0.830680233177273	0.993816915680763
COPZ1	0.124088977919141	7.54753441095733	0.808662506258792	0.3722501103431	0.944311646390602
COPZ2	-0.163743634688486	4.47821997618203	0.155187175143727	0.695077539635366	0.977777079673345
CRYAA	0	NA	NA	1	1
CRYAB	0.642368839236959	6.65920495846429	1.05875860829702	0.307788622684396	0.935371895930203
CTBP1	-0.290004336315883	7.68522521584799	3.60661289554041	0.0625488751289806	0.790142928597512
CTSA	0.033185889397187	7.41360979379396	0.0270389091346167	0.869962770807611	0.995328220191744
CUL1	0.0715311435605279	6.56467510649087	0.230923193948182	0.632655469725877	0.9717197969956
CYTH1	-0.408198024394183	5.77757676418252	4.79854898953004	0.0325340521861998	0.6900314709794
CYTH2	-0.188334988288666	6.852335107786	0.994782610124829	0.322736868493451	0.940539454810327
CYTH3	0.0837768292067434	5.85196998541325	0.176561498259235	0.675904281860968	0.974945620231202
CYTH4	0.356871499392954	3.48533190604527	1.21286608847332	0.275333981307163	0.926867415213679
DAD1	0.156422827648795	7.10879667215985	0.859035506960728	0.357865855336837	0.942387416651614
DDIT3	0.530499670464231	5.34687523110255	3.79072345346821	0.0564058956595082	0.784807631392275
DDOST	-0.100855972451203	8.63210567915487	0.404106894664307	0.527486874886864	0.956494848239319
DERL1	-0.21008112943978	6.68058326706413	1.49020426954601	0.227145334162854	0.914647226722865
DERL2	0.0163920629766808	5.67739780042722	0.012719267216014	0.910596288243791	0.996652884299726
DERL3	0.709696842297708	3.64217252801348	3.14133184068832	0.081605727791487	0.816039416040563
DNAJA1	0.190160782332012	8.13534174773225	1.34472135547981	0.2509748137409	0.922944441670746
DNAJA2	0.143879062179669	6.1509043731645	1.49767568708992	0.225998655262225	0.914647226722865
DNAJB1	0.289251770748196	7.52026643416349	0.923969981759859	0.340442002721482	0.940539454810327
DNAJB11	0.255798082635335	7.23415162756326	2.21772038267347	0.141875206219527	0.864571555966627
DNAJB12	0.0291742445388709	5.79738090622099	0.0346106267239507	0.853065827492108	0.994693153361369
DNAJB2	-0.0540124040355936	7.04908963119116	0.0776434495222539	0.781511990162144	0.988171959666618
DNAJB9	0.361079001855292	5.15260191641495	1.77284889930332	0.188261573060401	0.901746211983965
DNAJC1	0.0929903499309608	5.18353700865189	0.178067672906778	0.674605834353459	0.974374607600118
DNAJC10	0.00859141768252479	7.12789253699415	0.00346339370217241	0.953274259436191	0.997369761723442
DNAJC3	0.205859367372707	6.08722874980217	1.27477165403649	0.263541394767112	0.922944441670746
DNAJC5	0.0748499047837504	7.04910606587462	0.321310384372143	0.573017735502789	0.962058452191093
DNAJC5B	1.65028374230648	-0.0926781026749505	8.77991433945599	0.00441753726168511	0.430556996041465
DNAJC5G	0	NA	NA	1	1
DNAJC6	-0.0935792338592424	2.18227207337388	0.0516194571661839	0.821071219540403	0.993460446991143
DNMBP	0.153187175505254	4.79490647545614	0.723977315965536	0.398356403973068	0.945948509526698
DOCK5	-0.0244412022221396	3.34250687635663	0.00497373628068529	0.944019665093937	0.997369761723442
DOLK	0.191157329601725	4.41104162111149	1.50683535032543	0.224602534667903	0.914647226722865
DOLPP1	0.156351588931455	4.49049544126597	0.869578024574794	0.35495428427138	0.94179829240625
DPAGT1	0.00630263538969045	5.55036685531804	0.00161739810744679	0.968058919162146	0.998390164187905
DPM1	-0.110541493076647	5.75702890034155	0.654488985878825	0.421832644605805	0.946032094534855
DPM2	-0.276744262631622	6.08740988144714	1.55512182161366	0.217414503523146	0.91289676157826
DPM3	-0.146012235718655	5.16703560496985	0.239713337588719	0.626267794226031	0.970770874265767
DPP6	-1.65679617897678	1.23859395480988	4.52104567486988	0.0377659710149734	0.71438748820872
EDEM1	0.323553754443271	5.06953464301846	2.36070779576265	0.129886564911185	0.861263541111829
EDEM2	-0.192313264010899	5.39020753834471	0.820519648389119	0.368791880776782	0.943646570818138
EDEM3	0.0502317846280106	5.46754401719341	0.104693311032734	0.747437315092737	0.984440803233852
EEA1	0.135260067726879	4.24093182997716	0.313512203032134	0.577698277885755	0.962151870364566
EIF2AK1	0.0404993515438873	7.75429317463903	0.107077390558734	0.744679462680638	0.984440803233852
EIF2AK2	-0.18611243830495	6.54825897438725	0.912301676006903	0.343485418590949	0.940539454810327
EIF2AK3	0.166440375776882	4.58000202333387	0.990240575700101	0.323834668440781	0.940539454810327
EIF2AK4	-0.0795601934434602	5.87910463307996	0.263352827312825	0.609783551323392	0.969060356565576
EIF2S1	0.174750457140264	6.27142172805828	1.40134361370878	0.241348221526301	0.920825291544226
ERLEC1	-0.111601574795227	6.0692070554685	0.698004125464171	0.406898206143314	0.946032094534855
ERN1	-0.148869343554398	4.26619888481917	0.775062574994776	0.382304292100656	0.944408123521426
ERO1A	0.653054439189881	6.25895148510999	7.0682028497308	0.0101344964730774	0.512359748688482
ERO1B	-0.655397500309697	3.72660032847204	3.30871113459617	0.0740990128956921	0.806083208328453
ERP27	0.562040839935896	3.21062026417338	0.952537780115865	0.333144575992427	0.940539454810327
ERP29	0.0799220731131178	7.47406513087915	0.146513670330724	0.70329468419547	0.978002173901418
ERP44	0.124009486469964	6.20173905524049	0.71414289224335	0.401559249540699	0.945948509526698
EVI5	-0.0242107306660449	4.18481446205749	0.0260481198406351	0.872346128781374	0.995328220191744
EVI5L	0.344297412292456	4.65984935844715	2.54407149870644	0.11616726841316	0.853494423252113
EXOC1	-0.0580336780005995	5.19688327823254	0.154813245888915	0.695426245167799	0.977795804477755
EXOC2	0.16164687315243	5.48182050964502	1.01815819446028	0.317165195406838	0.939311785076418
EXOC3	-0.146171856316269	6.27027476482917	0.995485169344404	0.322567507763209	0.940539454810327
EXOC5	0.22299169945876	5.7270219392666	2.15899985430648	0.147163425874393	0.870451574942743
EXOC6	0.299148814701372	4.15395310375173	2.07577713149421	0.155053430519133	0.878094417170258
EXOC6B	0.034546022003965	5.07620432232577	0.0428395272012036	0.836755750652689	0.993816915680763
EXOC7	-0.216044540342338	6.11075578863376	1.08697263110225	0.301487568579014	0.932701128778279
FAM71B	0	NA	NA	1	1
FBXO2	-1.38706457068747	5.37350557928757	6.02027238963386	0.0171811376998761	0.585623738552446
FBXO6	-0.244320109447709	3.72282419525719	0.712210576593616	0.402193015448802	0.945948509526698
FBXO8	-0.00374388976446188	3.5037069753162	0.000463530383043491	0.982897279489011	0.999040940502626
FUT8	0.20568129670767	5.03613555979714	0.652948130692112	0.422376516826834	0.946032094534855
GALNT1	0.190489214033334	6.70468203441024	1.28788023751985	0.261127046969713	0.922944441670746
GALNT10	0.16187614883579	6.14854928770507	0.397330689890098	0.530957327384599	0.957126964496872
GALNT11	-0.344313256997681	5.71719594857424	2.68958259271599	0.106442397914673	0.845207251442014
GALNT12	0.17135955627092	2.99712994593525	0.486025619076513	0.488502467411088	0.953216146916054
GALNT13	0.179023525688872	1.32822077780309	0.073095734467358	0.787845415021436	0.988653569265202
GALNT14	0.421891152711505	4.79902965214982	0.88576382077775	0.350547906805138	0.941076366480474
GALNT15	-0.151644131461604	1.06150771969555	0.0925595823765627	0.762041565315034	0.985469068882481
GALNT16	0.196485972981746	4.44797629209843	0.227028668697212	0.635533610571858	0.971759565750888
GALNT18	0.361858431801017	4.28614345060617	2.23842764873464	0.14006281293281	0.864419435510633
GALNT2	-0.0968184837979628	7.50836573545683	0.274224534956597	0.602515638204548	0.967089719743573
GALNT3	-0.0745208430412114	3.94156419558597	0.017460158452852	0.89533529253193	0.996652884299726
GALNT5	-0.515673788747257	2.2738257561629	1.01969655047808	0.316803044349846	0.939311785076418
GALNT6	-0.348147477987697	4.27339354313292	0.671489219512228	0.415901733071145	0.946032094534855
GALNT7	-0.0249589937411095	5.12805661493528	0.00817314273089623	0.928277851234894	0.997369761723442
GALNT8	0.208783890358469	3.15657080068223	0.0991759881050295	0.753955732110073	0.984512838535098
GALNT9	0.299865276470035	0.549669844625517	0.190861859304842	0.663829382245809	0.973080723347044
GALNTL5	0	NA	NA	1	1
GALNTL6	0.0185764149754162	0.0154582097897909	0.000978617751172514	0.975151812509996	0.998682167184858
GANAB	0.00699681810884519	9.13295295274209	0.00167902048246653	0.967456474191795	0.998390164187905
GBF1	0.129326704933165	6.68386019708165	0.551356728742663	0.460773364797459	0.947458540870712
GBGT1	-0.184415680834814	3.55835652632053	0.431672741678543	0.513779081354934	0.954515914526446
GGA1	-0.196221319652422	6.38562183470797	1.03118452742372	0.314115952758716	0.936859227387069
GGA2	0.138862997373818	6.77976357418942	0.851765922240475	0.359892970598516	0.943249162737681
GGA3	-0.203827690238714	5.68965601018097	1.7200493624065	0.194876681688549	0.903074887994573
GIT1	-0.0938375257856836	6.76310962672017	0.27539234016111	0.601745935979557	0.967089719743573
GIT2	0.268815369130761	4.41370259975813	2.17008574463027	0.146147881451517	0.870056545405515
GLT1D1	-0.0799340026154052	1.71541317672748	0.0189720131759938	0.890925846370617	0.996499226602511
GLT6D1	0	NA	NA	1	1
GLT8D1	-0.019712071394903	5.87667022949793	0.0192289234832868	0.890194583525591	0.996499226602511
GLT8D2	-0.276887696275005	4.96171904060549	0.646206226428428	0.424768755510703	0.946032094534855
GMCL1	-0.0620835634225473	4.77108808419639	0.167773416826232	0.683613532972735	0.97572468340895
GOLGA4	0.404517579874941	6.06919518692891	4.74410229151736	0.0334955801544802	0.692680231169634
GOSR1	0.110963760220895	5.58353440139999	0.689728652652453	0.409676778550256	0.946032094534855
GOSR2	-0.0197143411806995	4.81300028898403	0.0165466571432086	0.898094316277051	0.996652884299726
GPAA1	-0.339996627700806	7.60663310040258	2.1847083033705	0.144820699967651	0.866831835040189
GPLD1	-0.417683966091342	0.956188402448155	1.6602288929712	0.20271036869969	0.906002789094044
GXYLT1	0.103137381468331	5.37529540988425	0.291569485062435	0.591292613204378	0.965756754992652
GXYLT2	-0.0079569170542433	4.42571566888722	0.000462125847652105	0.982923206409451	0.999040940502626
HAS1	-1.8632872020548	1.06706984412941	5.1681730910867	0.0267402380099963	0.66227798883305
HAS2	0.253163678499584	4.60711617269007	0.33597343427662	0.564417040274592	0.961324310122923
HAS3	-0.0637248732767873	1.87027650183303	0.0284175446697723	0.866719905166905	0.995208417805402
HERPUD1	0.368330371521867	6.25392933978955	2.86623345009232	0.0958444955192116	0.833164448870346
HSP90AA1	0.142224154470487	10.3685797943468	0.561153446556353	0.456836165857387	0.94723168855074
HSP90AB1	-0.0500886024808784	11.1262501471485	0.121250027539284	0.728948735863408	0.981292178310615
HSP90B1	-0.00940504279798388	10.5382588372726	0.00405023585897285	0.949475476048744	0.997369761723442
HSPA1B	0.0524652871876519	7.31005721820798	0.0227427774063737	0.880653393450499	0.996101325325991
HSPA1L	0.664620152320622	1.44759179586644	7.32942007227312	0.0089068751155867	0.50053654333513
HSPA2	0.059140043891863	4.62731868749592	0.0216604936671293	0.88350643484784	0.996101325325991
HSPA4L	0.481324775009565	3.80805206563039	1.61121430817555	0.209412563974733	0.910078529072688
HSPA5	0.280266612631233	9.84238765335597	4.33082859559581	0.0418723152289364	0.731487574707765
HSPA6	1.62139966954214	4.21388206943536	8.29513294366217	0.00556850325135096	0.462904916142057
HSPA8	0.316754212382941	10.185204555979	2.36965056402651	0.129176167596589	0.861263541111829
HSPBP1	-0.201740507456279	6.66168634871088	0.926910414035679	0.339680885025798	0.940539454810327
HSPH1	0.14867694823891	7.71534197167467	0.585149533371127	0.447415479993828	0.946032094534855
HYOU1	0.240313223674382	7.80981279495754	1.94831145071436	0.168112033857001	0.893426888730235
IFT27	-0.158058814165145	5.15966613526108	0.555267408795889	0.459195209688745	0.947322537243436
INPP5B	-0.0292457441966341	4.04531770231041	0.0514201569569356	0.821410981743764	0.993460446991143
INPP5E	-0.108378942659967	4.5439849364169	0.402160262337285	0.528479635178619	0.956494848239319
IQSEC1	0.223472941682936	5.97765453269818	1.36930538837509	0.246737445056352	0.922764103029555
IQSEC2	-0.328066286477354	4.54366010383769	1.5244932130099	0.221940773915563	0.914036354404045
IQSEC3	0.371787324218201	3.86376515188067	0.391974919146334	0.533729771676058	0.957470716823972
JUN	-0.283139028063779	8.1558778152286	1.09162576498002	0.300464723288831	0.932588835271806
KDELR1	-0.0622842362312886	8.2315364142028	0.0691600659308696	0.793499592061329	0.989213840666227
KDELR2	0.218105430886851	8.44830120752336	1.74094073072198	0.192226627434403	0.903074887994573
KDELR3	0.319259822196911	5.28989115312843	1.55887913972455	0.216867026066472	0.912806757362185
KIF20A	0.114193112803477	6.14800000994643	0.267925153763592	0.606704057094591	0.968172987677819
KIF23	-0.0753333913831626	5.21834838230705	0.128129934617351	0.72168388239691	0.980910149490703
LARGE1	-0.158625063227337	4.72535790962677	0.243278537744095	0.62371846576748	0.970435098560644
LARGE2	0.280376002590404	4.82740746986329	0.377005960789923	0.541621112901128	0.957788263806657
LMAN1	0.21689223825862	7.36197444742101	1.89493830779206	0.173959449702493	0.894716621481524
LMAN1L	0	NA	NA	1	1
LMAN2	-0.0894763920641389	7.92583443158446	0.279702830307197	0.598922832752166	0.966600825419669
MAN1A1	0.228778344951136	5.03765724283108	0.30920076134735	0.580319059963391	0.96254685407714
MAN1A2	0.109854671323399	5.6686363321478	0.63248839287342	0.429700457572472	0.946032094534855
MAN1B1	0.129656729825418	6.75130505298621	0.494951627848798	0.484553491148529	0.952623677056836
MAN1C1	-0.0118638898724047	4.76357553555424	0.00107130631867163	0.974002105335466	0.998484679281393
MAN2A2	-0.070818563354047	5.21840433319764	0.0885827494737238	0.767054687677975	0.986103273201451
MAP2K7	0.0928151942137946	5.67723093573997	0.332164914661355	0.566626493551878	0.961324310122923
MAP3K5	0.0792649294775312	3.38682106713792	0.0712194921084345	0.790520007076783	0.989017972493944
MARCH6	-0.252234054824661	7.28863076955437	2.29727659013488	0.135055541785342	0.864419435510633
MCF2L	0.0557767248632576	5.10499742137954	0.0515713108778607	0.821153234850752	0.993460446991143
MGAT1	-0.000252475980612972	7.66425733237846	2.25523909667262e-06	0.99880695628651	0.99972555130201
MGAT2	0.434662556685876	1.58099357908892	1.98397149732674	0.164333567131855	0.886980384924483
MGAT3	-0.364419690086634	4.87997232093184	1.54012860672714	0.219615983565102	0.913708975158616
MGAT4B	0.0994940394936839	6.85962244199986	0.252506042440886	0.617226721812692	0.96935585375957
MGAT4C	1.16846855570493	1.77381394926431	1.87463557922233	0.176246342124349	0.894716621481524
MGAT5	-0.237521897016625	6.51730465147515	1.40765534837039	0.240303819983204	0.920476397034141
MICAL1	-0.107430510465741	5.99476822404443	0.271241473453091	0.604491327784993	0.967865015876713
MICALCL	0.019422115423763	-1.37472462178209	0.00164072253329377	0.96782956029772	0.998390164187905
MICALL2	0.510275062990703	4.48372021592778	3.11581103083611	0.0828224827887544	0.819712976193044
MOGS	0.0185963259008307	6.58177408498461	0.0176920546446812	0.894646667501571	0.996652884299726
MON1A	0.026766909291489	3.65211084599968	0.0195141645441186	0.889388491652107	0.996437026266646
MYO5B	0.204237379667783	4.5577781629843	0.235319883740607	0.629441986851472	0.971127381107057
NAPA	-0.0503607972209253	5.97301438787721	0.11709960627051	0.733443931524068	0.981919361965916
NAPB	-0.0488422824914657	3.92010993494485	0.10463427973025	0.747506040023583	0.984440803233852
NAPG	-0.0452233824442756	4.74674562403942	0.0893146900778606	0.766122930151487	0.986103273201451
NCKIPSD	0.0500462754969442	4.99673268676172	0.0865321307359043	0.769687677121395	0.9867465833277
NDE1	-0.309543169514157	4.98444861650503	1.83098405131936	0.181284468089768	0.897594305693507
NET1	-0.0272972978045124	7.17240387679748	0.0140994078249809	0.905892657067891	0.996652884299726
NGLY1	0.299862414461048	5.08596330466717	4.51462125208198	0.0378973391447023	0.71438748820872
NPLOC4	-0.252839440772897	7.35118878087293	2.81765513737389	0.0986360012929332	0.834196520565549
NSF	0.168087196951751	5.49345410049571	0.968032036567982	0.329275401046561	0.940539454810327
NSFL1C	-0.217986816729822	6.81791846558199	2.05690177810976	0.156910532876529	0.881045520422777
OCRL	0.0315921439355665	5.321585837102	0.0386303194576831	0.844872849293167	0.994003369484074
OPTN	0.302067318492382	6.19907506951639	1.31659178839982	0.255935697779284	0.922944441670746
OS9	0.0243871720040804	8.06691701100232	0.0206869739453249	0.886135666196964	0.996437026266646
OSGIN2	-0.0611589887298149	4.79242663432687	0.0845953838448727	0.772205805667321	0.987663018001725
P4HB	-0.108207632688872	10.3339429394988	0.312995740260434	0.578010963550987	0.962151870364566
PAK1	0.124620790795276	6.1202040524749	0.711461816661444	0.402438992354335	0.945948509526698
PARK2	0.255561957644663	1.5637191816734	0.802645089388493	0.37402275921028	0.944311646390602
PDIA2	-0.243519953617296	3.06558899520165	0.138343024857325	0.711295107813794	0.97889464573785
PDIA3	0.0967686927598327	9.26091165287869	0.259242102478991	0.612581197529887	0.969060356565576
PDIA4	-0.146963787394305	8.9711611222685	0.427646978719397	0.51574133008512	0.954515914526446
PDIA5	-0.151376000582187	5.4309064561395	0.441091867915001	0.509238846629123	0.954515914526446
PDIA6	-0.0373234429288087	8.54250918168812	0.0270386164388475	0.869963468207079	0.995328220191744
PDILT	0	NA	NA	1	1
PGAP1	-0.234957989097422	4.95006053614077	1.19407782285704	0.279045768521144	0.926867415213679
PICK1	-0.302669402651519	5.10123834678474	1.64702262042565	0.204490404418887	0.907014674548145
PIGA	0.314894593614297	3.38879821520546	2.90545615107728	0.093654932505392	0.833164448870346
PIGB	-0.0991387378567882	2.5907327979356	0.234567502947479	0.629989243127347	0.971127381107057
PIGC	-0.128705924924873	5.8287688063689	0.837334362705951	0.363965102015165	0.943305872470891
PIGF	0.0522227254968921	3.69483062557083	0.112933865136311	0.738046269615621	0.982987788774741
PIGG	-0.264803016767578	5.27529213115121	2.94384627123601	0.0915657512635631	0.833164448870346
PIGH	0.101146964468564	3.71714811957898	0.292029283919518	0.591001033216145	0.965756754992652
PIGK	0.121068563711108	4.9590769041013	0.542048797406915	0.464564864836544	0.94877479487629
PIGL	-0.264357040955264	2.94640920287677	1.42887544595657	0.236833360372206	0.917667118578338
PIGM	-0.174028884277495	4.60064024475669	0.87289791740165	0.354044243497349	0.941076366480474
PIGN	0.00109959967058226	4.42347687694703	3.43770027743671e-05	0.995342083487929	0.999417710811627
PIGO	0.0471715489421961	4.77564181392433	0.0636865266119573	0.801657331405832	0.991941300061382
PIGP	-0.255591095730046	3.85307054901078	1.67885240331305	0.200231718432344	0.904592866627827
PIGQ	-0.0321310226875556	6.21052627858282	0.0231462127301047	0.879607706792675	0.996101325325991
PIGS	0.390895317750179	5.73647963031172	3.58074778896178	0.0634689649810292	0.790142928597512
PIGT	-0.332618010627835	7.89289062349994	3.3304623611985	0.0731807730023914	0.803363598333629
PIGU	-0.16683123594262	5.85951743249287	1.08649442727391	0.30159294544569	0.932701128778279
PIGV	-0.228401944063275	3.50517590074682	1.42434512327367	0.237569038920196	0.917667118578338
PIGX	-0.174557520031094	4.97501292701619	0.939506706749077	0.336446559042932	0.940539454810327
PIGZ	-0.389987692911579	2.71153878609832	0.973473508770128	0.327930998609525	0.940539454810327
PIK3C3	-0.10619336933099	5.36800826627473	0.451022177930196	0.50452746295234	0.954515914526446
PIK3CA	0.0352852354021599	5.02334712728711	0.0271556010332864	0.869685040054551	0.995328220191744
PLAA	0.207249502056504	5.2906184081261	1.41237311198701	0.239526831813152	0.919827588028908
PLIN3	0.256899138045679	6.18151693705235	1.76470717483393	0.189263968715858	0.902060041271994
POMT1	-0.204017437902513	5.29804587155815	1.91703622896933	0.17150993347914	0.894278865449746
POMT2	0.262379263237204	5.02913037063128	2.81805400461863	0.0986127137128884	0.834196520565549
PPIA	0.0846232718800877	8.64761158323397	0.23972558821016	0.62625899406599	0.970770874265767
PRKCSH	-0.0621792669314267	9.22609560663143	0.13697200242716	0.712663791127549	0.97949188289165
PSD	-0.340269267311763	5.00602309096893	1.11453532569673	0.295494504316054	0.932588835271806
PSD2	-0.896299946033257	1.30840026007349	3.07129462195992	0.0849933088167991	0.82122661909125
PSD3	-0.283671032152762	4.79380630468562	1.08839612193828	0.301174174438581	0.932701128778279
PSD4	-0.36621274141038	5.30417892640088	0.992119470183967	0.323379936547635	0.940539454810327
QSOX2	0.0524590246284115	5.23964826817248	0.0859420511645458	0.770451615377721	0.987022501548966
RAB10	0.0862392621904204	7.30408904051365	0.416767141782403	0.521111310954849	0.954515914526446
RAB11A	-0.0787079296428222	7.11036790915534	0.364596160882666	0.548329119958919	0.958188412357757
RAB11B	0.0396541400994214	7.09639961350918	0.0533316576631002	0.818180311095235	0.993460446991143
RAB11FIP1	-0.167798043765169	3.88487878367962	0.195903203512081	0.659701471476214	0.973080723347044
RAB11FIP2	-0.0662737584303174	4.53740341292067	0.1192826941364	0.731068560762582	0.981550532997436
RAB11FIP3	-0.24040445098217	5.99041905123915	1.65058593509329	0.204008268180744	0.906786128206168
RAB11FIP4	-0.140911808409152	5.70785413462487	0.228633038608894	0.63434429030992	0.971759565750888
RAB11FIP5	0.124423574976706	5.36894244574598	0.66057816685372	0.419693703620508	0.946032094534855
RAB12	0.0401424872704381	5.3648906597565	0.0398441435545606	0.842486767595282	0.993816915680763
RAB13	-0.0439011733303869	7.1574851570502	0.0404675956923248	0.841275905846348	0.993816915680763
RAB14	0.0513139766780163	6.25351080786318	0.146039803564726	0.703751589595201	0.978002173901418
RAB15	-0.103917319355275	5.14916313353705	0.272225533490634	0.60383805681044	0.967621750812383
RAB17	-0.202782663108849	3.61813468683732	0.144258206083726	0.705477073173253	0.978002173901418
RAB18	-0.0926007803492376	6.00725472091795	0.399178983590121	0.53000662256243	0.957126964496872
RAB19	0.36164771394958	-2.19666900239989	0.392567619043663	0.53342165917006	0.957470716823972
RAB1A	0.0983600976772625	7.51197285869302	0.637240449886595	0.427982186255479	0.946032094534855
RAB1B	0.105572467518694	7.42676758090945	0.54049771916544	0.46520157465243	0.949406013169524
RAB20	0.0430734570027057	4.54279795432251	0.0260051913906959	0.872450436900744	0.995328220191744
RAB21	0.128504539489795	5.68709713189061	0.813398724073695	0.370863265129192	0.944311646390602
RAB22A	-0.2299697411123	5.95739120646439	2.58798294007265	0.113130759652408	0.849512013465029
RAB23	-0.13270685217061	3.78991192930529	0.17460069050248	0.677604481868073	0.974945620231202
RAB24	-0.0564000932581065	3.98647020704905	0.103732125758001	0.748559017453801	0.984440803233852
RAB25	-0.566253447098608	5.68041978215674	0.669157141739121	0.416707862925824	0.946032094534855
RAB26	-0.379215519989726	2.3385987891732	0.843217029678426	0.362297435134691	0.943305872470891
RAB27A	0.22112419684616	3.70472746458836	0.762103160446521	0.386286384226701	0.944408123521426
RAB27B	0.241428411103127	1.99876146600449	0.247120265577971	0.620997334784694	0.970110017952719
RAB28	-0.110671902011218	4.26235812473971	0.70784998149419	0.403628650351765	0.946032094534855
RAB29	0.0151783970098754	4.83494077791644	0.00616004375243696	0.937712811246573	0.997369761723442
RAB2A	-0.0172442079473223	7.34663709857861	0.00884647715285273	0.925390451651147	0.997369761723442
RAB2B	0.0583112694872176	4.76011898299312	0.132116481937925	0.717574742713316	0.980471417607825
RAB30	0.251917962416791	3.70868563866266	1.33461972644392	0.252742324344074	0.922944441670746
RAB31	0.33683648897314	6.00009435373046	1.70693383031052	0.196562697606023	0.90371687719677
RAB32	0.554622197915344	5.08862414752781	4.9174899686795	0.0305350833169769	0.68468021590749
RAB33A	-0.910431707012341	1.13459995143713	3.47438283059743	0.0674116083062369	0.797015522914317
RAB33B	-0.0346505323523381	3.13600685683001	0.0404239315994682	0.841360392194844	0.993816915680763
RAB34	-0.0135383747646384	7.32081133878751	0.00400672382948904	0.949747233006828	0.997369761723442
RAB35	-0.0546364974227712	5.71256856272305	0.145199120834166	0.704564280238249	0.978002173901418
RAB36	-0.195358948199138	4.25122415171705	0.343357429432601	0.560180714165463	0.960925520063348
RAB37	-0.154029166145091	1.08273670003537	0.127909850378138	0.721912827460136	0.980910149490703
RAB38	-0.00293531057422326	3.05426875216529	5.41958460700124e-05	0.994151570805709	0.999417710811627
RAB39A	-0.414811445377515	-0.811525421481439	1.03435371949786	0.313380004505637	0.936859227387069
RAB39B	-0.61274166434499	1.87441337358861	3.83948611413954	0.0548914056952382	0.783072348816623
RAB3A	0.0989648201750258	3.0684448289842	0.187407850501366	0.666695275965168	0.973080723347044
RAB3B	-0.697646503912433	3.09402765748994	3.15592307595942	0.0809189642353596	0.816039416040563
RAB3C	-0.651576654058374	0.704600156831399	1.27806092368181	0.262932930524906	0.922944441670746
RAB3D	-0.0166194233809696	4.73825584864316	0.00378737955900336	0.951140295843094	0.997369761723442
RAB3IL1	-0.0749733617055552	5.31325896620846	0.0535733970948147	0.817776115746328	0.993460446991143
RAB3IP	0.47218741143841	4.39548451873143	3.28326958830578	0.0751891889545413	0.807164844606589
RAB40A	-0.0500286189050475	0.151332044175075	0.0323810048415755	0.857823892802901	0.994693153361369
RAB40B	0.0205827617990541	4.78869248099431	0.00703730527690152	0.933435068165284	0.997369761723442
RAB40C	-0.122648641073019	5.35039240842938	0.696978061169928	0.407241193233031	0.946032094534855
RAB41	-0.0648218801742557	-0.631942528842175	0.0520250882611666	0.820381835333593	0.993460446991143
RAB42	-0.245160032472625	3.02600361356757	0.479529528372784	0.491410548496122	0.954073978134279
RAB43	0.208631742919305	0.750247353239876	0.683243814608963	0.411873929711392	0.946032094534855
RAB44	0	NA	NA	1	1
RAB4A	-0.0386180037206694	5.86031775329925	0.0678828458847225	0.79537139319062	0.990001090273192
RAB4B	-0.233618420947248	3.88327497282279	0.860941336615	0.357337055722293	0.942387416651614
RAB5A	0.112504672094019	5.63909720753236	0.731565499752545	0.395910678588693	0.945948509526698
RAB5B	0.00364097717906987	7.60754154192366	0.000679409748763909	0.979294959345733	0.998716587504965
RAB5C	-0.00952702829930433	6.44051722741171	0.00377313437560045	0.951232150832172	0.997369761723442
RAB6A	0.222810695622533	6.81754472680035	2.69347562384498	0.106195123311688	0.845207251442014
RAB6B	0.0591464458085467	4.75666321516373	0.0337353803461367	0.85491416494738	0.994693153361369
RAB6C	-0.410505129928353	-1.70266534717486	0.747277200772663	0.390915958634557	0.944408123521426
RAB7A	-0.160182016738353	7.98558443593315	1.28551207635033	0.2615611404891	0.922944441670746
RAB8A	0.241049085112171	5.29355599464757	3.30064918327056	0.0744425715543089	0.806467841822448
RAB8B	0.0119067305325162	4.60670191539378	0.0048072222382086	0.944963162861164	0.997369761723442
RAB9A	0.0990769243093874	4.51278385112926	0.216036007977978	0.643824651315676	0.973080723347044
RAB9B	0.0608315905575865	1.91285780889588	0.0379899684635034	0.846147335508332	0.994218523779416
RABEP1	0.202817091983814	5.80646680924172	1.54128376079309	0.219445407552553	0.913708975158616
RABGAP1	-0.110559683698017	5.87450836792669	0.635829100443472	0.428491409264851	0.946032094534855
RABGAP1L	-0.153542555347526	4.72464543736703	0.551236054975134	0.460822201105631	0.947458540870712
RABGEF1	-0.160217771215821	3.09349728037095	0.44373095846164	0.507979304714825	0.954515914526446
RAD23A	0.128180856575695	6.84314066524754	0.430321015121445	0.514436474888257	0.954515914526446
RAD23B	0.152349638174666	7.27866256155714	1.53858468903685	0.219844218895512	0.913708975158616
RALBP1	0.0812679027069528	6.2568904640501	0.233657911331731	0.630652301566393	0.971155948911394
RASEF	-0.263942712599815	2.79542676406009	0.359342951806331	0.551215878587536	0.959100556254431
RBSN	0.151303134178792	5.06722653990091	1.13527490579145	0.291087211664009	0.932170706008435
RBX1	0.137751355211247	6.17823931648605	0.566158090945871	0.454845555793687	0.947023623000198
REPIN1	0.0526624696236805	6.87098652522555	0.0989365128363824	0.754243131973895	0.984512838535098
RER1	-0.109444165374253	6.70907335970445	0.498828086553308	0.482855093016983	0.952623677056836
RFT1	-0.0158324046170914	4.78780413726075	0.0129646726937194	0.909741679973033	0.996652884299726
RFWD2	0.0448770900495086	6.04782166060907	0.116502226954757	0.734098238537953	0.982158790661212
RNF185	0.157517761624164	5.07906345846477	1.21658210013477	0.274607355852708	0.926867415213679
RNF5	-0.0727630325656853	6.39561358382485	0.209034249291046	0.64924060260992	0.973080723347044
ROCK1	0.103107199307267	5.39825044238817	0.245254914740645	0.622315256464078	0.970110017952719
RPN1	-0.0146194167355194	8.88699130699145	0.00986581755674596	0.921222750474627	0.997369761723442
RPN2	-0.113013360621825	9.13304579886242	0.545233483173923	0.463261971506255	0.948048068578418
RRBP1	0.119554421687548	8.96860274566485	0.396635766847115	0.531315576008333	0.957251704595101
RUFY1	-0.0731688764184732	6.0762926482246	0.20329036234391	0.653766263629239	0.973080723347044
SAR1A	-0.146558706237128	7.37552118408505	1.25622919260048	0.267005046334341	0.922944441670746
SAR1B	0.093558006413255	5.37366673560274	0.289944967496178	0.592325186070789	0.965756754992652
SEC11A	-0.0623427848189292	7.14703120218517	0.176296797216984	0.676133150194338	0.974945620231202
SEC11C	-0.20247100076826	5.15311323429251	0.771124753602049	0.383508002069034	0.944408123521426
SEC13	0.205079816752783	7.31127270743522	1.63365293044799	0.206311680892933	0.908454686029556
SEC16A	0.0700307819401727	6.87525648321371	0.246053705104197	0.621750125207669	0.970110017952719
SEC16B	0.33088927514922	-1.49970643490271	1.10135042128498	0.29834170629932	0.932588835271806
SEC23A	0.175915019419748	6.23012504788982	0.555839939129137	0.458964892420584	0.94723168855074
SEC23B	0.0945565643111762	5.92131264596813	0.329676880375623	0.568079044333335	0.962002585141319
SEC24A	0.223894425951475	5.10281911561916	1.52548773038512	0.221792009617811	0.914036354404045
SEC24B	0.0233685731618021	5.07473052250663	0.0265297736493436	0.871181795849325	0.995328220191744
SEC24C	0.248497217072549	5.12718240840716	0.582386740673812	0.448484406034344	0.946032094534855
SEC24D	0.275851481156427	5.90173049881956	1.88191879461906	0.175421912189006	0.894716621481524
SEC31A	0.102802819447421	7.6990137373132	0.581457539082926	0.448844818968408	0.946125670982029
SEC31B	0.132847268130591	2.42975081215109	0.147956797649676	0.701908418334782	0.978002173901418
SEC61A1	-0.10092483800887	9.15022815541711	0.562421915433473	0.456330316898237	0.94723168855074
SEC61A2	-0.118130448904106	4.3270044171391	0.3471730424225	0.558015625065047	0.960808964503799
SEC61B	0.221478448319693	6.68692156228215	1.20963187933933	0.275968399404847	0.926867415213679
SEC61G	0.197780043677403	6.59790033474577	0.940076757596908	0.336301183156109	0.940539454810327
SEC62	-0.0941053417112797	7.10695243799706	0.319938651902392	0.573835577188005	0.962058452191093
SEC63	-0.0221702454354059	7.12261927434681	0.016348089726914	0.898704216954334	0.996652884299726
SEL1L	0.190996296321957	6.34353735206188	1.37943828110475	0.245016919555669	0.921208333976314
SELENOS	-0.0286643841527197	5.64487578959305	0.0304569277334691	0.862067840173321	0.994693153361369
SGSM1	-0.978170877907033	2.0970657665272	6.09217025443222	0.0165611110989257	0.576976078493015
SGSM3	0.191881574336987	6.31323150318194	1.31550840892433	0.256129211941233	0.922944441670746
SIL1	-0.0917428860992769	6.11977098832401	0.143362666079377	0.706349022693161	0.978002173901418
SKP1	-0.0215131576158126	7.99908855616845	0.0204772928918449	0.886710179018739	0.996437026266646
SMCHD1	-0.184172545480107	5.8485636698433	1.02011224535406	0.316705278470853	0.939311785076418
SNAP23	-0.116219390087186	4.99958208565061	0.613994782362011	0.436489388135992	0.946032094534855
SNAP25	-0.218127114279861	3.34794360933669	0.338770576327401	0.562804983332614	0.961324310122923
SNAP29	0.206267117884251	5.43344491974967	1.19201166334898	0.279457865066441	0.926867415213679
SNAP47	-0.0853609156334135	5.84119709017243	0.319170265436771	0.574294712105631	0.962058452191093
SPCS1	-0.0937733408621575	6.4013128764483	0.320841522285466	0.57329701558607	0.962058452191093
SPCS2	0.0579459173126249	5.28168825003054	0.142262405524808	0.707424581441734	0.978002173901418
SPCS3	0.146429772268083	7.01705758233543	0.866172925426684	0.355891065200979	0.94210319740804
SRP14	-0.208576680626005	8.15443575423316	1.22093585804535	0.273759142922361	0.926697043221063
SRP19	-0.000970004545075277	4.8795801947897	3.5307517387904e-05	0.995279465046498	0.999417710811627
SRP54	0.118951419864659	5.86333070853132	0.797203498999579	0.37563613804623	0.944311646390602
SRP68	-0.110031167260208	7.03088778058575	0.596250662237321	0.443160533651556	0.946032094534855
SRP72	0.121172097551453	6.77921184625843	0.922408182984095	0.340847216152779	0.940539454810327
SRP9	-0.0706517454933813	7.5770760316625	0.238106082272868	0.627424787772607	0.971112737200885
SRPRA	0.00652757823072498	7.18845459095647	0.00210107215780519	0.963597935025853	0.998225232902583
SRPRB	0.0555785565162166	6.50844143152691	0.10793220107267	0.743698933338762	0.984440803233852
SSR1	0.213781485506953	7.79007051990709	1.95227776392497	0.167686780180437	0.893426888730235
SSR2	-0.315272705007966	9.03402794149359	2.03118373585411	0.159482672195238	0.883001506288512
SSR3	0.242576055595959	7.60456340785827	2.59235062236255	0.112833667654688	0.849512013465029
SSR4	0.325418250499633	7.95832056798552	1.54363237093526	0.219099097311806	0.913708975158616
STT3A	0.122615071290091	7.46434449303807	0.65994240384143	0.419916259550473	0.946032094534855
STT3B	0.295671999308471	7.48845591240617	3.31836365778203	0.0736899689261574	0.804796930450708
STUB1	0.00112431042067077	5.71630160954839	3.96104151572889e-05	0.995000092069553	0.999417710811627
STX10	-0.105805750607336	6.02806817477068	0.220761930318374	0.6402292776772	0.972134806149808
STX11	1.16426556671557	1.43955769460528	6.43135886968865	0.0139400702682424	0.543118640585314
STX12	-0.0599615867490762	5.29315823181833	0.228246682260977	0.634630225718372	0.971759565750888
STX16	-0.2214898451188	6.45922572175113	1.24637454560674	0.268869375947621	0.924355609256674
STX17	0.147595476844867	3.11317470624723	0.799058087068785	0.375085158857487	0.944311646390602
STX18	-0.216259731747694	5.45794269600669	1.10005395894625	0.298623603241477	0.932588835271806
STX19	-0.448806515133451	0.253388943194458	0.448449467561484	0.505740790303306	0.954515914526446
STX1A	0.0412974713454542	4.05193218685786	0.0317901412704761	0.859112977009552	0.994693153361369
STX1B	-0.246374249263805	1.97479489647372	0.324513347973454	0.571117064005318	0.962058452191093
STX2	-0.0104986213058172	4.23812627836224	0.00235803647389693	0.961437793117815	0.997987324589494
STX3	0.139957322563244	4.95191596076668	0.187178299577827	0.666886851925631	0.973080723347044
STX4	0.295766076941231	5.76227615186403	2.83046980490673	0.0978908928671357	0.833729749539978
STX5	0.232062739628243	5.90156796621176	2.16027508516198	0.147046192045978	0.870451574942743
STX6	-0.150137329430931	6.18436103360031	0.835113270750355	0.364597561149359	0.943305872470891
STX7	0.0109132495249164	5.78018071961121	0.00573402551520132	0.939900897683501	0.997369761723442
STX8	0.0211835838372481	4.79171742200198	0.0107210187865567	0.917891253274875	0.997369761723442
SURF4	0.200102179306652	8.06303889132941	2.26527965411002	0.137752092677513	0.864419435510633
SVIP	0.10016919672922	4.55790331680985	0.152683748422073	0.697421442288293	0.978002173901418
SYTL2	-0.0425527652809761	3.31806896215767	0.0174945435232577	0.895232892023873	0.996652884299726
SYVN1	0.115584326365854	6.26782770171842	0.684366685497296	0.411492228337764	0.946032094534855
TBC1D1	-0.206111008362926	6.24209511031658	1.8781150319665	0.175851913973667	0.894716621481524
TBC1D10A	-0.0254369565721825	4.24202931368491	0.0119657846015659	0.913273768063566	0.996655753203896
TBC1D10B	0.332514907914229	6.53764316112236	5.67767483673327	0.0204939555331235	0.609872756314339
TBC1D10C	0.121343085904033	2.66479747447934	0.0695030731031329	0.793000062016331	0.989204781947375
TBC1D12	0.0310225480439935	3.4207504058047	0.0184814825191477	0.89233623382281	0.996652884299726
TBC1D13	0.0636470593860513	5.94276981910872	0.126709353119803	0.72316559213402	0.980936255492415
TBC1D14	0.192372912281702	4.22894276893164	0.485236511278724	0.48885417566379	0.953355531326711
TBC1D15	-0.0124551771526744	5.23477959122297	0.00681752366988215	0.934480316519921	0.997369761723442
TBC1D16	-0.125327696111088	7.09745584314367	0.595476385862616	0.443455244952196	0.946032094534855
TBC1D17	-0.532525015727713	5.87311000585578	10.0594811815247	0.00242728921394435	0.334937015224154
TBC1D19	-0.280865976843186	2.90908964496432	2.560270975309	0.11503646261167	0.852783870050412
TBC1D2	0.271853133503618	3.34524602024259	1.21301446711941	0.27530492036364	0.926867415213679
TBC1D20	-0.142084732763446	5.95452765429835	0.852858974291053	0.359587150794626	0.942751358554885
TBC1D21	0	NA	NA	1	1
TBC1D22A	-0.0853445917355957	5.15484996535871	0.183774891634482	0.66974376768754	0.973273706568765
TBC1D22B	-0.0803493278749635	4.64515877473506	0.38084665132216	0.539575940674967	0.957470716823972
TBC1D23	0.0384831911712507	5.23576557097642	0.0472227447137014	0.828734248565893	0.993816915680763
TBC1D24	-0.0553060294289091	5.01640993075973	0.118525506451849	0.731889661036191	0.981613530237326
TBC1D2B	0.116417684362596	5.28771032713054	0.487009171012109	0.488064689917556	0.953090666753941
TBC1D30	0.276252684743348	2.95716605311803	1.31135377300466	0.256873024792233	0.922944441670746
TBC1D4	0.473739440545246	5.18312955576302	3.45139422697389	0.0682985751984522	0.797532978826457
TBC1D5	0.175290036333136	5.72462437174648	1.02344736940521	0.315922355744933	0.938696750945787
TBC1D7	0.259520425266946	5.10077615487985	1.93885330764217	0.169131213977291	0.893426888730235
TBC1D8	0.11841820422488	4.99190710787198	0.195615516431686	0.659935310962074	0.973080723347044
TBC1D9	0.0392451745545139	4.80484030762542	0.0204800913912675	0.88670249158726	0.996437026266646
TBC1D9B	0.0585982331185552	7.29146411912286	0.134901665965867	0.714745461292442	0.979885949285927
TMED10	0.0870981511732662	8.12735439194001	0.446892686178655	0.506477448725516	0.954515914526446
TMED2	-0.110443891305149	8.06827895619275	0.415661517730309	0.521662580940296	0.954515914526446
TMED5	0.334004603546373	5.5070637501493	3.87862051566641	0.0537079814949719	0.781179277728705
TMED7	0.0127037483000004	6.25398822678813	0.00808430750093857	0.928667622937734	0.997369761723442
TMED8	0.198700298376151	4.47812374120141	1.75492878858258	0.190476279136369	0.902186321482125
TMX1	0.155557886646121	5.30414255323837	0.546172917079145	0.462878763548954	0.947775185146617
TMX2	0.22682077144078	6.30178691278568	2.0402839229163	0.158566963641548	0.882721218328722
TMX3	-0.162674789580282	5.38315175848227	0.658466246883428	0.420433693282069	0.946032094534855
TMX4	0.239627245684931	5.91513546476554	1.59430366394757	0.211786798745735	0.910078529072688
TOR1A	0.0676781296303196	5.44654367216945	0.23460840955601	0.629959461140447	0.971127381107057
TRAM1	-0.226199619804722	7.8248836013972	0.721141235547214	0.399276184364613	0.945948509526698
TRAPPC1	-0.0362692189814823	6.63249219079279	0.0360468146293781	0.850084576501686	0.994693153361369
TRAPPC2	0.128146101413271	4.35172554163295	0.644235053092304	0.425472083020898	0.946032094534855
TRAPPC3	-0.190912455860518	6.16583128630423	1.1107899023822	0.296299683174827	0.932588835271806
TRAPPC4	-0.246895296611691	5.52522520301951	1.58019686007611	0.21379236099047	0.911726881043458
TRAPPC5	0.519407248993588	0.62573403916018	3.81088204939763	0.055774350869287	0.784807631392275
TRAPPC6A	-0.418216809180868	4.99637958852652	1.79135296414531	0.18600676849434	0.899792317879861
TRAPPC6B	0.0376559123811105	4.76891611756873	0.0632095971137144	0.802385559790157	0.99204255133076
TRAPPC9	-0.112430603408195	5.67526049880211	0.406884853925613	0.526075963256549	0.956494848239319
TUSC3	-0.561118029284941	6.5816768222832	2.98681284663405	0.0892888669554558	0.828675728788013
TXNDC12	-0.0576352509965888	6.74936990322561	0.132400225422377	0.717284967499755	0.980401435758634
TXNDC5	0.544452764919499	2.83919563310578	2.69968906926459	0.10580179926371	0.845207251442014
UBA1	-0.0902430459462577	9.29772847708489	0.191047906608225	0.663675894207644	0.973080723347044
UBA5	-0.0144548162190514	5.28151925208037	0.0114186462703181	0.915271909833167	0.997062503524776
UBA7	0.315036455435316	5.22257381272768	1.14404718343038	0.289248773258106	0.931669111779385
UBE2D1	0.177738312616255	4.6079482008487	1.10633954400579	0.29726013585427	0.932588835271806
UBE2D2	-0.0248907845867502	6.77539827547643	0.0362819778718964	0.849602325456096	0.994693153361369
UBE2D3	0.159236186623987	7.76290627370939	2.9261988041047	0.0925195998304933	0.833164448870346
UBE2D4	-0.042413657257353	4.77234735368098	0.0517573716349877	0.820836510225285	0.993460446991143
UBE2E1	0.166469780621574	6.43501219538697	1.86344943755559	0.177521482580395	0.894716621481524
UBE2E2	0.198462805550958	5.19946443764097	0.947046452958603	0.334530645162793	0.940539454810327
UBE2E3	-0.0330361365214667	6.95475898119669	0.0506853573149709	0.822669673950195	0.993460446991143
UBE2G1	0.193950446011254	5.57469528729222	1.5141911173812	0.22348900263745	0.914647226722865
UBE2G2	-0.238821767580561	6.67531729007821	1.81558492135658	0.183102296898988	0.897988981001559
UBE2J1	0.0743454741342842	6.29253330137441	0.358123553578688	0.551890078286921	0.959495709828063
UBE2J2	-0.114826966047414	6.49451192536276	0.384071110638374	0.537869910698722	0.957470716823972
UBE4B	-0.0890829320605578	6.29441912796146	0.355622778023131	0.55327765055925	0.95980114684352
UBQLN1	0.0463133347748975	6.78906578251043	0.126905033461258	0.722960936541154	0.980936255492415
UBQLN2	-0.0737597463630191	5.88121101491411	0.168907469282203	0.682605589151763	0.975114787263752
UBQLN3	0	NA	NA	1	1
UBQLN4	0.0424432863552879	6.35824263447731	0.0530772418585121	0.818606746084222	0.993460446991143
UBQLNL	-0.335734414905503	-0.275838086226722	0.456857146895229	0.501794168955742	0.954515914526446
UBXN2A	-0.0442617230082328	5.07628149840326	0.101526038756766	0.751155425831014	0.984440803233852
UBXN6	0.269359851182431	6.76885695365073	2.06615695537506	0.155996726384228	0.87953663116519
UFD1L	0.110905264675365	6.27034058758142	0.290110418976211	0.592219851163734	0.965756754992652
UGCG	0.122993821018687	5.4640552455973	0.311029112179092	0.579204750835783	0.96254228029015
UGGT1	0.0396109932327324	6.77336273984722	0.0881450911755353	0.767613830771694	0.986141383536493
UGGT2	-0.0695962756912511	4.84167583932163	0.15196359270922	0.698099814729784	0.978002173901418
USE1	-0.0432871365941513	5.26112162049743	0.0314813915886723	0.85979149636126	0.994693153361369
USO1	0.322406931585827	6.36409563693088	3.50038843143844	0.0664234473630497	0.795107290787681
USP6	0.50673935198317	2.01764218849806	1.18627102758269	0.280606950281845	0.927301428094035
USP6NL	-0.0437976099808764	4.90209827759524	0.0558706337440013	0.813982118588975	0.993460446991143
VAMP1	-0.0733509090835753	3.07626381701831	0.134732229880775	0.714916626938298	0.979885949285927
VAMP2	-0.03705466386141	5.54158070699762	0.0399663930646317	0.842248563041983	0.993816915680763
VAMP3	0.125759869430105	6.16162478267536	0.550392494337969	0.461163819922364	0.947458540870712
VAMP4	-0.189497166935216	4.13807162178097	1.072771369375	0.304637690619472	0.934244000848573
VAMP5	0.581303064296097	3.83069855528279	2.03583428208429	0.159013942602076	0.882725387308746
VAMP7	0.254824128696305	5.07815162167135	1.86843741654989	0.176951548638731	0.894716621481524
VAMP8	-0.0099360168651085	5.7341238998819	0.000631912000836339	0.980031658321009	0.998807828703142
VCP	0.0094203143955548	8.6376562120517	0.00541729534451805	0.941581186118297	0.997369761723442
VPS45	0.0660293325752435	5.94948508654448	0.236496044737201	0.628588653927102	0.971127381107057
VTI1A	0.126319082966216	4.39310064049124	0.686430598778856	0.410792012041231	0.946032094534855
VTI1B	0.0879931179714131	6.14236464096783	0.484910620240787	0.488999550806736	0.953355531326711
WAS	0.210653361822139	3.11040670151109	0.392605786918837	0.533401828898443	0.957470716823972
WDR38	0.532504237345487	0.849206282298433	0.425062899684909	0.517007850404003	0.954515914526446
WFS1	-0.243546251740126	6.05399101440408	1.98950688210536	0.16375599896899	0.885689464776241
YKT6	-0.0224102125765597	7.48841085601283	0.0186109403901375	0.891962178856087	0.996652884299726
YOD1	0.0766286448250198	4.04977258782467	0.195300319614922	0.660191747744009	0.973080723347044
YWHAQ	-0.0487137300429663	8.41515166089402	0.0967104398990653	0.756933204400327	0.984713242686689
