pspGenes	logFC	logCPM	F	PValue	FDR
A3GALT2	0	NA	NA	1	1
ABO	-0.616545114698043	1.76491454488034	1.21236278148016	0.275427896136543	0.525635051969263
ACAP1	0.0578130442366612	2.72563536853908	0.0295668695807927	0.864077174704125	0.940276157560021
ACAP2	-0.0702597405093521	5.47501924451418	0.124143441018013	0.725864536158315	0.869417831165001
ACAP3	0.411295977419778	5.44902752360897	2.72084792717609	0.104469038427132	0.308832476408011
AGAP1	-0.34695700331844	5.89300470213467	2.51957730184176	0.11789544277951	0.331590286898955
AGAP2	-1.24222511073253	3.55395942493144	4.23736598820364	0.0440597435631404	0.188349414204051
AGAP3	-0.0457017761200348	6.98798770972296	0.0413490239452402	0.839579723415846	0.92909882953034
AGR2	0.900557267006147	5.33209373933477	1.32398693469585	0.254614798331282	0.504243235018013
AGR3	0.491679456731851	1.86092602944027	0.391582513359741	0.533931405989592	0.746725714184112
AKAP10	0.14803236789437	4.47468628290652	0.513766243348172	0.476398789097691	0.704119444290577
ALG1	0.405471918316595	4.10378047980276	4.37980888518159	0.0407662131202024	0.180310958249084
ALG10B	-0.393660211721988	3.97107418098503	2.1590755621956	0.147150886363176	0.373914529408504
ALG11	-0.206002591513263	2.68842981245516	0.684539006389847	0.41143019771562	0.653941226176458
ALG12	0.143586043224839	3.56297360286752	0.556559937942296	0.458672403669552	0.691470069889315
ALG13	0.316576254416733	4.47293584247066	3.21042413169124	0.0784043336852605	0.262915201809293
ALG14	-0.050820811910333	3.48592390117651	0.0639880189418541	0.801197552159556	0.90989372870859
ALG1L	0.598942605192329	0.83862481687403	1.32550987930463	0.254344831208435	0.503913330735776
ALG1L2	-0.942638280471515	-0.156382453661832	7.03951355451857	0.0102773201166486	0.0793375256771753
ALG2	0.577940798341565	4.76194885482052	13.9958561196811	0.000423041869665154	0.0117962664687836
ALG3	-0.529698011858387	6.29032404108796	5.79270185107749	0.0193082590169282	0.11577516485043
ALG5	0.276194553745504	4.83194246187344	1.68372392418112	0.199584075102126	0.441785966786005
ALG6	0.230153386595693	4.05532439078123	1.36992359632717	0.246627109654918	0.495119555678696
ALG8	0.157407530558792	5.53456181183962	0.76694179012901	0.384788906280369	0.630560142210791
ALG9	-0.193228005662159	3.50270853680801	0.989888082492636	0.323915812132674	0.574857284183724
AMFR	0.158056580294505	6.10789451960192	0.936556679765956	0.337196107439421	0.58685187425203
ANKFY1	0.714031624414966	5.6300677198923	13.8328558001414	0.000453618735385522	0.0124075670034574
AP1B1	0.199071754014613	6.98309921044298	1.14805834803742	0.288408580221549	0.53910782760909
AP1G1	0.419099545104643	6.00785231604392	6.55982097986937	0.0130627026940106	0.0914802090102679
AP1M1	-0.485223719130871	6.72656929261049	4.7348676383095	0.0336573726877203	0.160615592279701
AP1S1	0.303868803077414	5.90726617340545	2.16139613072368	0.146937644534798	0.37361276712881
AP1S2	0.463654281057678	5.92914291170814	2.52320695223063	0.117636682884914	0.331053533324277
AP3B1	0.450588594506786	5.87673209094016	8.25402131504904	0.00567784288118258	0.0555189658217266
AP3B2	-1.03150548725518	2.34950354471295	5.3532087024432	0.0242603521346089	0.133374473691079
AP3D1	0.249895052668807	7.27758275499738	2.98186068072155	0.0895425393793205	0.282930277092366
AP3M1	0.185422746821434	5.95270541643574	1.26155521716681	0.265999516488029	0.515282871583082
AP3M2	0.168630922661896	5.25304091418966	0.580496474413603	0.449214884689303	0.683298961101173
AP3S1	0.257879391097008	5.99927680070611	2.99412615678294	0.0889021239323629	0.281730337788618
AP3S2	-0.0902825028345595	4.48195379889396	0.287648111577551	0.59378939415489	0.78736577581696
APPL1	0.575219823167064	5.53457627580678	11.9119684507558	0.00104890964509571	0.0206486082072921
APPL2	-0.45024056898311	5.34444111801934	4.27439875059991	0.0431766865001093	0.18630146742629
ARAP1	-0.0932981614274548	6.85693282674832	0.322977777875905	0.572024460616279	0.773197170516289
ARAP2	0.647447825679928	2.87368600999468	1.70851648901454	0.196353002196667	0.437975381341294
ARAP3	-0.459110273132886	5.19348457694178	2.45842762410478	0.122353335856839	0.337693978909581
ARF1	0.0937012116490196	9.3130774614057	0.446770131183479	0.506532782050517	0.726800731901863
ARF3	0.206877646639761	7.46017848518647	1.40479761354869	0.240771008832327	0.489475330017737
ARF4	0.363606817611124	7.90263708662218	4.1168328418515	0.0470719154543835	0.196662667407115
ARF5	0.43494714286722	7.64181281163257	4.39269193269122	0.0404817244460869	0.179476097230413
ARF6	0.718365980138986	6.61310294273004	26.5290322178601	3.26866177578559e-06	0.000590078193612376
ARFGAP1	-0.499254540654196	7.68162567918551	6.15463190246281	0.0160386008274542	0.10340654517616
ARFGAP2	-0.0134618781287623	6.65444776870351	0.00660073537235445	0.935527795591026	0.973516136052472
ARFGAP3	0.446531716286008	5.66736139560448	5.68669455402065	0.020395015509248	0.119655012752981
ARFGEF1	0.635536279915471	5.96421751546559	6.79024469735056	0.0116365192594751	0.085291311540652
ARFGEF2	0.0370562157801339	5.51089652974845	0.0287220854969317	0.86601393066675	0.940955216419053
ARFIP1	0.446021717630023	5.04609206111726	8.80512870387099	0.00436343895292124	0.0472575698803135
ARFIP2	0.0292414259321773	6.05575291237329	0.0244966779260997	0.876173047079997	0.945710349421718
ARHGAP1	0.477231804246566	6.60751162697315	8.64510737919993	0.00470844349417911	0.0493829130678667
ARHGAP24	-0.841985676633705	4.03208275104722	5.19795663861363	0.0263201895368271	0.139627631519811
ARHGAP5	0.31289129691956	5.8161202868847	2.50261089430978	0.119113572481221	0.333238001521325
ARHGDIA	-0.0791405267987452	8.11793727609309	0.15518677073033	0.695076423760133	0.852269446742715
ARHGEF1	-0.0503414824496671	6.9087524635978	0.0523678705299053	0.819800635684988	0.920149844620887
ARHGEF11	0.129336202109855	6.31242219533491	0.500507149057095	0.482119594224255	0.708284805041854
ARHGEF2	-0.617473536389267	7.42746604456507	7.42904242371462	0.0084786763442377	0.0707280780432296
ARHGEF6	0.388249218585791	3.96876823880097	1.38042638886165	0.244844993402079	0.493154080107676
ARHGEF7	-0.375111227592621	6.13153362954448	3.22983280796959	0.0775316399818441	0.261381048277427
ASAP1	0.337219261338609	6.38111746111503	1.71229903829728	0.195865570470493	0.437408578570182
ASAP2	0.0992877096349453	3.75661460442398	0.0559730788976566	0.813814000440028	0.917000997186347
ASAP3	-0.0930015372091144	5.88202774964521	0.234816896095429	0.629805837286942	0.810169370675226
ATF4	0.29219799929559	8.27430559692195	1.94866628782745	0.16806844953763	0.402498514344379
ATF6	0.0167170619746891	6.11090314402731	0.0139381103884723	0.906429524827172	0.960192541607616
ATF6B	0.148717369199766	6.87054383250981	0.761699160049387	0.386407769701591	0.632038541869304
ATXN3	0.256643153343854	4.73526851779672	3.78237247380894	0.0566647470918794	0.218949989181045
ATXN3L	0	NA	NA	1	1
B3GNTL1	-0.61563628163844	3.45219841374424	5.83028796304566	0.0189378793941324	0.114444946201489
B4GALNT1	1.23675577343349	3.18872475469378	5.71367121849486	0.0201124193192801	0.118826611207315
B4GALNT2	0.16710617966172	2.78212017007863	0.0157071024320405	0.900698697277822	0.957552257518661
B4GALT1	0.347429363711636	7.13264816139689	1.7258187002693	0.19413517290474	0.435268344582003
B4GALT3	-0.0503007075923926	6.2191382559535	0.062854126340017	0.802929319683154	0.910699048261654
BAG1	0.478442780401583	5.84999539768875	5.61705678869397	0.0211442411319504	0.122259152418943
BAG2	0.240121085742822	4.98045773307515	0.714803550187388	0.401339317560021	0.644727137930647
BAK1	-0.145091782057244	5.17792058874714	0.572745475609838	0.452243205654085	0.686268721817193
BAX	0.607472077053673	6.37091466356818	7.01159799947449	0.0104208253140438	0.0800144718741532
BCAP31	0.226927168312226	8.02443183452847	0.980769136534595	0.326135849759348	0.577383175540103
BCL2	0.0908392287581248	4.52002370152158	0.053796922496087	0.817402385761606	0.918786122111042
BET1	0.153401508325004	4.78482383223492	0.968624414022492	0.329124467579893	0.579810062121553
BET1L	0.0426749965914849	6.25796995161921	0.0561001940780513	0.813606690105311	0.916920630962151
BNIP1	0.209518378041233	4.02065942432965	1.39692515618079	0.242077723844962	0.490903328991977
CALR	0.22034012240365	10.6076005302484	1.21211066967114	0.275477305980485	0.525635051969263
CANX	0.489247314458543	9.37846850491703	7.2555025758107	0.0092351021395648	0.0742893685952036
CAPN1	0.353447322802237	7.61932733340765	3.59740737725304	0.0628694733802063	0.232467294150965
CAPN2	0.444008640410878	7.02347094693299	6.17851026929522	0.0158446612500105	0.102690306548166
CKAP4	-0.0800029587444288	8.292160123886	0.148654969575759	0.701239087748999	0.855436456547683
CLTA	0.0786311407930201	7.48835872568596	0.14175383321319	0.707921925023587	0.85875477127293
CLTB	0.439195218517008	6.31870315542472	4.07841275655463	0.0480783726915791	0.199102467436954
CLTC	0.179461890418018	8.69638479374716	1.1222832499022	0.293833389610414	0.544350177022095
COG4	-0.108221032045348	6.17158534769473	0.414987177599679	0.521996699283151	0.738510481727021
COG6	-0.160076650476652	4.61595301976128	0.564332826785699	0.455566819589691	0.68870535079836
COPA	-0.00371034026555594	8.35548352238084	0.000476153009621477	0.98266593692161	0.993592148227048
COPB1	0.0608678483657371	7.10206603887762	0.119190287934909	0.731167319323714	0.872222705093814
COPB2	-0.158960418668439	7.72087368667242	0.806774519339675	0.372801166052083	0.619941964465204
COPE	-0.143234661142128	7.82528599542012	0.344246592088913	0.55967238149324	0.764390025183353
COPZ1	-0.0245870738899715	7.54816684713261	0.0235661624776651	0.878528525938839	0.94646669102807
COPZ2	-0.0296043808533782	4.47053528145143	0.00400881237492365	0.949733930099981	0.979655813412331
CRYAA	0	NA	NA	1	1
CRYAB	-0.899230051234175	6.67177224718959	1.32681841338889	0.254113158899084	0.503700024036566
CTBP1	-0.429118189143133	7.68659066083905	6.04939790431046	0.0169238297896245	0.10688019067192
CTSA	0.204389679421528	7.40731238967083	0.856041628445802	0.358694802698891	0.606803837040414
CUL1	0.196366303366436	6.56384442715001	1.40775324147955	0.240282678023687	0.489102533394446
CYTH1	0.0789359298191071	5.77563308218871	0.136974764832459	0.71265963255867	0.861092112299819
CYTH2	-0.0874460231010931	6.85328854343873	0.163240024855263	0.68768156064611	0.847584346413176
CYTH3	-0.372500575595401	5.85108384320532	2.65620973047636	0.108583328384034	0.315724491152762
CYTH4	0.691541102904746	3.47509327259161	4.00807991831719	0.0499818290070958	0.20335678710049
DAD1	0.407750419099784	7.10816341914778	5.05123422958826	0.0284394526532351	0.145888468277321
DDIT3	-0.00949698789927895	5.34545605422542	0.000842223422644829	0.976947724004299	0.990902664264706
DDOST	-0.0919024497329607	8.63338889524107	0.254397616674645	0.615912427023993	0.802253897932494
DERL1	0.258703831553694	6.68031793317096	1.86077697350349	0.177822297834247	0.41495451516855
DERL2	0.20457417095404	5.67853260515605	1.58710670616734	0.2128019226773	0.456772560997753
DERL3	0.349445522431528	3.63711642599909	0.560242965848955	0.457196683515774	0.690034594355945
DNAJA1	0.1534819144139	8.13445533229484	0.675750084562242	0.414431443854314	0.656511943495328
DNAJA2	0.220787019981058	6.15088645210894	2.81109711802907	0.0990142018735124	0.298758835441299
DNAJB1	0.494360705384475	7.52391316609644	2.19829706629232	0.143594207657831	0.3683778887244
DNAJB11	-0.320335917276757	7.23507907003938	2.4953436051389	0.119639698206291	0.333819570060771
DNAJB12	0.491084480511338	5.7964307438735	9.45100729854551	0.00321871374676439	0.0398391430789207
DNAJB2	-0.0339753288838206	7.05345864896376	0.0230544364582357	0.879844217552823	0.946974490660995
DNAJB9	0.0119878404415059	5.15356434500066	0.00141515329007718	0.970121436388684	0.988488273250518
DNAJC1	0.112071544667365	5.18377900731289	0.200935087337438	0.655642587218204	0.827095889698993
DNAJC10	-0.117782451668785	7.12821437528495	0.495113163416824	0.484479611717281	0.710039847084122
DNAJC3	0.196970513194009	6.08735150659021	0.900513312729045	0.346594144409152	0.596174480700064
DNAJC5	-0.0558230627468144	7.05001287413747	0.133384626327015	0.716280989885375	0.863103115093518
DNAJC5B	-1.85384876171503	-0.0868176403388739	5.4525900181261	0.0230326673158925	0.128715692537403
DNAJC5G	0	NA	NA	1	1
DNAJC6	0.309728200993125	2.18103559135463	0.465922398944185	0.497595086811128	0.719550189757282
DNMBP	0.0311579751235121	4.7951812165208	0.0225569856258102	0.88113760970164	0.947491618502309
DOCK5	0.985082708092399	3.34326929686746	8.11928690660353	0.00605864263436015	0.0575398452330349
DOLK	0.236741125303874	4.40919649263036	1.85405364697171	0.17859552428551	0.416034364592064
DOLPP1	0.396544754745723	4.49162891741564	4.7459081037633	0.0334589158952858	0.160260539974306
DPAGT1	0.0513766399616084	5.55129847033715	0.082735546807909	0.774652513729552	0.89584996913465
DPM1	-0.290447194758186	5.75703081984462	3.53598164632344	0.0650914161273682	0.236838295377738
DPM2	-0.0955296712345052	6.0894488092316	0.140363596397988	0.709290599205511	0.859279275897873
DPM3	0.21040563451693	5.17155123762335	0.398315301828165	0.530447928083217	0.744296957159045
DPP6	-0.26040563254055	1.23865219131588	0.0940950311786503	0.760136438088383	0.888588120330583
EDEM1	0.893698031377405	5.06740838609778	19.7980181333238	3.97619745931025e-05	0.00304729271323428
EDEM2	-0.143158992656387	5.39318692374678	0.342546224292168	0.560640758827048	0.764957697558528
EDEM3	0.0420845450297375	5.4672349603005	0.056847304360361	0.812393226101003	0.916387071060177
EEA1	0.217580263772212	4.24072446316901	0.642198063796315	0.426197383805745	0.666386346981068
EIF2AK1	0.19822991883299	7.75407959552338	2.09692467498954	0.152997460292055	0.381999908285798
EIF2AK2	0.178808382507548	6.54816777532416	0.67654484879868	0.414158701037209	0.65626009788448
EIF2AK3	-0.0839191978590119	4.58012810334922	0.18620491569353	0.667699110887042	0.834700950573383
EIF2AK4	-0.0293167785340687	5.88077383252625	0.0270801144516529	0.869864039144741	0.942365598239531
EIF2S1	0.500671674533453	6.27217112055282	10.6914787395602	0.00181604010370365	0.0285909001081147
ERLEC1	-0.172121004223869	6.06899136520676	1.27607304580819	0.263295649437835	0.512276726205451
ERN1	0.0810276105995996	4.26568062097619	0.181010529826555	0.672085811343555	0.837608149443891
ERO1A	1.13714668030679	6.25895181211737	22.3306884676839	1.51065710765546e-05	0.00165095176550095
ERO1B	-0.903319591377069	3.72793954986221	4.66419910504094	0.0349580211517885	0.164407863381759
ERP27	-0.787841471459326	3.20612184259836	1.23833877408355	0.270397142887623	0.520442960773516
ERP29	0.255435763821449	7.47202265960896	1.22416108851647	0.273128240909315	0.523363772498558
ERP44	0.325208726771981	6.19926906799881	4.25559507181988	0.0436226492648908	0.187335257310071
EVI5	0.0925963995240677	4.18307228255325	0.305866428423176	0.582360195637174	0.77980692350536
EVI5L	0.219949205607014	4.66137716964078	0.771427315043479	0.383411582610163	0.629228278002567
EXOC1	-0.0104738425754381	5.19615862790134	0.00392193949525874	0.950280826169215	0.979738341763228
EXOC2	-0.260322122339444	5.48258102020868	1.94924907942733	0.168005901892958	0.402498514344379
EXOC3	-0.403177824625559	6.26769289435364	6.26383121812782	0.0151717667388497	0.100168891667928
EXOC5	0.62026295454155	5.72634762053678	17.2436191673034	0.000109594114582273	0.00576872174186731
EXOC6	0.34912303914154	4.15439008564971	2.22969681512539	0.140818113513837	0.364047761158983
EXOC6B	-0.000984310253945094	5.0764485384318	2.66656753739598e-05	0.995897614238641	0.9983907161094
EXOC7	-0.10230250357014	6.10995247377472	0.187514453236241	0.666604696647785	0.834231439971406
FAM71B	0	NA	NA	1	1
FBXO2	-1.09115902119701	5.37517996461257	2.72717077064028	0.104076082122095	0.308100985307743
FBXO6	0.450245236466903	3.7217311018248	2.09576744445818	0.153108845952338	0.382068377701321
FBXO8	0.24853330960861	3.5015761961577	1.71429731701199	0.195608650226883	0.437275583808417
FUT8	0.64719020782677	5.03188447785593	5.91992888673347	0.0180847048776545	0.111242388332488
GALNT1	0.43536940721871	6.70053003369616	6.04995785041148	0.0169189845505964	0.106877286802121
GALNT10	0.401578114750012	6.14549626884958	2.04315787198811	0.158273510370235	0.389546674831034
GALNT11	0.186677087991793	5.71331160584876	0.640655201125992	0.426750572275152	0.667030412834642
GALNT12	0.613569874481097	2.9933643409983	5.70258212157222	0.0202280760837163	0.119204051991209
GALNT13	-3.03565932423923	1.32929115293337	12.3838239709914	0.000851327463447108	0.0183121814754364
GALNT14	-0.308431851393122	4.80346751962778	0.33221612178716	0.56659437100078	0.769531398554392
GALNT15	-1.13873096385248	1.05668861928266	3.70361201048587	0.0592209925422558	0.224564308269382
GALNT16	0.835633838793762	4.4383844910145	3.74469491241508	0.0578722590567114	0.221483169829006
GALNT18	-0.250241762323077	4.28223700106682	0.76487669532202	0.385425412682421	0.631306050976764
GALNT2	-0.473967024001467	7.51045476927663	5.10693063633524	0.0276142200535744	0.143219016157834
GALNT3	0.275736994329526	3.9440550152275	0.193948788676713	0.661292449468422	0.830397685799408
GALNT5	-0.167335228358325	2.26380156635839	0.0852962553997787	0.771289884134818	0.894140655464069
GALNT6	-0.456661645146629	4.27578322335376	0.86825859643325	0.355312881215386	0.603521761088665
GALNT7	0.16900928275203	5.1315147744567	0.295587559730111	0.588752412217493	0.783743626331936
GALNT8	-3.20966148936984	3.16521446203333	13.6422830031128	0.000492308432125368	0.0129708635668404
GALNT9	-1.45505328766809	0.551781655212234	2.84149726759746	0.097249179175606	0.295701143421247
GALNTL5	0	NA	NA	1	1
GALNTL6	-1.96907810950525	0.0228781443776267	7.029166451037	0.010330266362525	0.0796453405634602
GANAB	0.347894564397849	9.13191267096374	3.60172900820307	0.0627163044745681	0.23207699003184
GBF1	0.0453206800652755	6.68359397058886	0.0515623386767997	0.821167697843457	0.920610841889361
GBGT1	-0.380693577526238	3.55548510710967	1.40934399140102	0.240020361761876	0.489018848017034
GGA1	-0.48600941457832	6.38672249206879	4.91374846104232	0.0305917687775251	0.152581989265642
GGA2	-0.196630241967838	6.78206641528692	1.24102011333062	0.269884547231912	0.519784755854981
GGA3	-0.271978864427298	5.69100890012899	2.30728418136456	0.13421899760159	0.355084143707455
GIT1	-0.251009219181944	6.7640221165567	1.50154094747702	0.225403110893672	0.471932922301518
GIT2	-0.0956823914363592	4.41315485311677	0.198345936125532	0.657722487954222	0.828126636236065
GLT1D1	-1.05334142952296	1.71471338402289	2.29122123331406	0.135555575737831	0.35690395788479
GLT6D1	0	NA	NA	1	1
GLT8D1	0.204743929388228	5.87391942007488	1.75330175380871	0.190673536179915	0.43118722745112
GLT8D2	-0.525335273431695	4.95927994351428	1.75851289193253	0.190025495103789	0.430400682265282
GMCL1	0.306720822686343	4.76999627926605	3.54709288076802	0.0646832011617137	0.236199325069243
GOLGA4	0.0841565623286691	6.0674689442663	0.144622114561239	0.705122201919433	0.857137446512579
GOSR1	0.179573924278842	5.58409485971609	1.41624168260688	0.238887024151902	0.487677608987619
GOSR2	-0.234717757298035	4.81312706404165	1.80410625807828	0.184465988764967	0.423442840124475
GPAA1	0.524372714728234	7.60607937988419	4.66228760896214	0.0349939442596251	0.164407863381759
GPLD1	-0.447482582310849	0.953089894621014	1.44858622566859	0.233660069575173	0.482096982358325
GXYLT1	-0.33177924019793	5.37511217151285	2.2771223225711	0.136741310093301	0.35822019437642
GXYLT2	-0.67658303109964	4.41929441513738	2.4750561608785	0.121122442569932	0.33601309594443
HAS1	-0.0483474606152571	1.06197449119675	0.00307484749681466	0.955970110806156	0.982530469515679
HAS2	1.19838777931812	4.60632632262337	7.44476086072772	0.008413467530485	0.0704509694283629
HAS3	0.421046457020923	1.86631047627422	1.04957180720106	0.309873384878412	0.561063915608031
HERPUD1	0.266591847125872	6.25245202399047	1.13684849484102	0.290751758147672	0.541395455206331
HSP90AA1	0.557554579919724	10.3703248906668	7.8956862170263	0.00675106596124403	0.0611636537328915
HSP90AB1	-0.0727769118686162	11.1269464385886	0.195838445928204	0.659752389480184	0.829190113146386
HSP90B1	-0.0538048257773235	10.5390102712975	0.101166833040597	0.751579942512095	0.883398667157764
HSPA1B	0.449572516082719	7.31249250871743	1.39191393446765	0.24291410416779	0.491576819120918
HSPA1L	-0.454575063045563	1.45010158095153	2.14104307201751	0.148820169493276	0.37607801231031
HSPA2	0.653080465182219	4.62255349433351	2.32332899317883	0.132898971413108	0.352934600883607
HSPA4L	1.73919181959679	3.80988663643394	27.4339397762087	2.37617562190731e-06	0.000486636773794143
HSPA5	0.233400277199882	9.84160333094052	2.27771588717053	0.136691151467133	0.358154572967593
HSPA6	2.12170932806816	4.21952388147003	13.3549386072821	0.000557268764658879	0.0140921517229494
HSPA8	0.309733155769043	10.1851110930818	1.75810030775818	0.190076707046795	0.430474334256015
HSPBP1	-0.340784551966865	6.66546974961639	1.97927807493216	0.164819645619163	0.398088697318515
HSPH1	-0.0831293462990181	7.71750806872269	0.134718734393384	0.714928885087385	0.862517517347927
HYOU1	0.0783588526684597	7.81048822617654	0.152417306357777	0.697670731844846	0.853946733252511
IFT27	-0.615876598837772	5.15571726400101	6.85364401281202	0.0112737106254285	0.0836891872227593
INPP5B	0.227152174980664	4.04418572804954	2.63394602333909	0.1100424157938	0.318244181240144
INPP5E	-0.00717009795664596	4.54290262791122	0.00137590387713546	0.970538496294463	0.988548238107258
IQSEC1	-0.396848412564427	5.9768752055555	3.19347685763035	0.0791752346914726	0.264398416643721
IQSEC2	0.0809225072839157	4.54044877612959	0.0740550765498913	0.786491107657255	0.902743870515255
IQSEC3	-3.04575688295929	3.87085287892298	15.8127428021255	0.000196926938728735	0.00786771544878362
JUN	-0.293774433312201	8.15365840158134	0.90112548478716	0.346431541879293	0.595996266210663
KDELR1	0.187863296154483	8.23276881209866	0.503419179442316	0.480853441399609	0.707622630076518
KDELR2	0.0473078213673973	8.44637284187376	0.0615874401467424	0.804883667956616	0.911854772767325
KDELR3	0.158481706026112	5.28287786359788	0.295568424662591	0.588764445894099	0.783743626331936
KIF20A	0.642974145122557	6.14652633994694	8.08047190084762	0.00617326050882317	0.0581106727927885
KIF23	0.483945585840726	5.21845220093503	4.74140424297018	0.03353972233414	0.160399641484562
LARGE1	-0.579109281174757	4.72090741008182	2.4594040665883	0.122280665316202	0.337612109937824
LARGE2	0.490677891346936	4.82606000251154	0.940715539798779	0.336134226511719	0.58618441748244
LMAN1	0.305544243171866	7.36056337500486	3.06015662496965	0.0855407894056236	0.275974924358545
LMAN1L	0	NA	NA	1	1
LMAN2	0.141450300932503	7.92534001354318	0.560137398384715	0.457238876708143	0.690034594355945
MAN1A1	0.495982235931944	5.02790940527504	1.21205224495378	0.275488757900923	0.525635051969263
MAN1A2	0.179184862162783	5.66879597207001	1.32515128230211	0.25440836609431	0.503998235253165
MAN1B1	0.0902614194158808	6.7502032883438	0.185563476594832	0.668236847989552	0.835184194843788
MAN1C1	0.102398121490675	4.76131980031003	0.0630358586045512	0.802650652039066	0.910556615917387
MAN2A2	0.103935435193783	5.21676156009665	0.151884962811073	0.698172519791833	0.854131945175783
MAP2K7	0.041425040301204	5.68015931931735	0.049213146165833	0.825219916770554	0.922251497472915
MAP3K5	0.630633228312501	3.38190348625435	4.08688628012571	0.0478544103095044	0.198845398021372
MARCH6	0.134251451175195	7.28904453024204	0.507329981111752	0.479161681715092	0.706604315614242
MCF2L	-0.296824946356992	5.10831940405479	1.08097662156572	0.30280790425629	0.554015618951254
MGAT1	0.180893074316749	7.66217522993035	0.947976310177144	0.334291218481694	0.584233137830958
MGAT2	0.62792072180969	1.5792133656911	3.45125667590193	0.0682986459136407	0.244241570001664
MGAT3	-0.742413834043149	4.87901254149361	4.88302546508338	0.0310962103735651	0.153997425854681
MGAT4B	0.086725539591059	6.85744648453799	0.150242013385277	0.699727595380259	0.854761896138187
MGAT4C	1.72219355603639	1.749127937619	3.66714143518711	0.0604470981895467	0.226780071660014
MGAT5	-0.141564073920563	6.51792411075898	0.379398655994607	0.540342828720397	0.750740681732021
MICAL1	-0.272051775451848	5.9934964044934	1.34011158532918	0.251774578273017	0.501178031011917
MICALCL	1.21506422645277	-1.37496683677704	6.34573356867558	0.0145542902611453	0.0977680837801464
MICALL2	0.432658757156562	4.48003639832881	1.73188741825554	0.193364375341992	0.434530492527403
MOGS	-0.240577976526709	6.5818683166513	2.28085501415556	0.136426233081331	0.357841997232335
MON1A	0.46184916199891	3.65064341580672	5.25565406284893	0.0255336524323709	0.137580434304444
MYO5B	0.684896940896034	4.55469049240707	2.28897061627878	0.135744062130506	0.357173188477951
NAPA	0.258751728478107	5.97269390606753	2.5957559660327	0.112597034253835	0.322797591083426
NAPB	-0.0132405521072063	3.92210704879512	0.00582716702070584	0.939415433965303	0.975128899623037
NAPG	0.252390798423938	4.74575929751559	2.34127268287967	0.131440280440614	0.350838110824127
NCKIPSD	0.556252048459548	4.9955118842218	10.5680421304428	0.00192116913194064	0.0294075317306408
NDE1	0.566949383305464	4.98453031989534	5.62835794992931	0.0210206869750673	0.121833869112092
NET1	-0.626534284791033	7.17465263884175	5.71563012653293	0.0200920616262463	0.118763917994967
NGLY1	0.337282581695814	5.08476126582399	4.54526768693373	0.0372706118201135	0.171026563861417
NPLOC4	-0.0563260237615721	7.35162524753965	0.104330532306037	0.747858805383536	0.881313153440204
NSF	0.397483232757984	5.49224091578645	4.65828720933897	0.0350692530885054	0.16451833821366
NSFL1C	-0.0451208576819106	6.81855278042788	0.066263633560115	0.797770717250984	0.908377293385918
OCRL	0.602177615337339	5.3198450842364	14.963970083487	0.000280641274833683	0.00935072072788625
OPTN	0.055630483799984	6.1962632780354	0.033376087449354	0.855679431989062	0.935908324815647
OS9	-0.0485678812678388	8.06490053315498	0.0638849170205589	0.801354338663872	0.90994371492031
OSGIN2	0.484790262278625	4.79201061302008	4.78183526853668	0.0328217648100367	0.159120594825026
P4HB	0.103249033645455	10.3345049928844	0.224919919194983	0.637102875715956	0.814672028127056
PAK1	0.228076591376563	6.12089239881266	1.89362127575284	0.174101278864673	0.410145015736171
PARK2	0.0539390800733039	1.56271346767673	0.0269711331019815	0.870123772700649	0.942410630881296
PDIA2	-0.259660890819435	3.06956833041914	0.120086894173605	0.730198377132193	0.871676200690021
PDIA3	0.423039685900674	9.26071973090917	4.30430206339137	0.042477596261706	0.18443283422306
PDIA4	0.727450521402484	8.97000266348662	10.721191657986	0.00179164385942471	0.0284032751520285
PDIA5	0.69742456935305	5.42757435976551	9.46381747920079	0.0031994919246489	0.0396818410664725
PDIA6	-0.0975633803018113	8.54497339418837	0.140024843611782	0.709625270306995	0.859428388543049
PDILT	0	NA	NA	1	1
PGAP1	-0.0815779942540777	4.95002825290774	0.110598792225466	0.740666322918472	0.877885135011914
PICK1	-0.408464922458275	5.09885844300268	2.30488987269264	0.134417264448041	0.355224805016612
PIGA	0.378656899024136	3.38713203525674	3.3885194938957	0.0707853199385203	0.249149195872571
PIGB	0.371946206428796	2.58988726734479	2.8636288338103	0.0959863535256022	0.293474271957402
PIGC	-0.112736984634444	5.82665005320768	0.50306822142376	0.481005745314769	0.707652818039721
PIGF	-0.0484656111041534	3.69802506598996	0.0719164525435284	0.789521139249388	0.904542106273356
PIGG	-0.275422157860275	5.27550292302233	2.39822844049454	0.126929916142222	0.34421496334377
PIGH	0.489607177794812	3.71830044429749	6.11200106193704	0.016391139476758	0.104819853106289
PIGK	0.0516797950258974	4.9561494960526	0.0772916711498397	0.781993624764824	0.900117222119425
PIGL	0.379676158391432	2.94728585136737	2.50614274976844	0.118858826342024	0.332840222541821
PIGM	0.102998507191598	4.59928207435176	0.24354200979494	0.623529068119964	0.806991025199378
PIGN	0.552890380142063	4.42264601690085	8.32901415676459	0.00547687007708996	0.054391524306748
PIGO	0.476153588550316	4.77500030982902	5.88097160637501	0.0184503560968597	0.112469641930107
PIGP	-0.111754200745259	3.8496391807281	0.250174084299803	0.618851135983221	0.803764308045358
PIGQ	-0.1500510403534	6.21219127796374	0.381482157314497	0.539236413967853	0.74998473624497
PIGS	0.148015474266003	5.73483313801359	0.372897550139117	0.543822370595423	0.753596121782059
PIGT	0.00162487610162463	7.890470975806	6.11259764939178e-05	0.993788870705389	0.997805823537233
PIGU	-0.36724348462352	5.86023036968849	4.08644946681039	0.0478659279542784	0.198845398021372
PIGV	-0.117646511453323	3.50583013285236	0.287465560686329	0.593906260512413	0.787405585624416
PIGX	-0.168506463648736	4.97252714664365	0.681821682018361	0.412354628299633	0.654818182465
PIGZ	-0.454874001535894	2.70625879822789	1.01006620355909	0.319074986494897	0.570184520887751
PIK3C3	-0.290652040331696	5.3664687325152	2.66189955006926	0.108213941609332	0.314899339816242
PIK3CA	-0.750806090654662	5.02236926977649	10.0089416866859	0.00248350355655544	0.0345267913159228
PLAA	0.207834924724846	5.29068203834824	1.09927908577742	0.29878776911568	0.549815518054835
PLIN3	0.57178567843142	6.182201152301	7.79569313455433	0.00708721766297219	0.0630396353543561
POMT1	0.207451688419193	5.2987543321736	1.58320724693725	0.213357249793595	0.457461496580067
POMT2	0.0359244990621577	5.03123753603135	0.0373986754693002	0.847333428055312	0.932633139514769
PPIA	0.38478158921991	8.64774361779232	4.27484765819747	0.0431661002906032	0.186293789655089
PRKCSH	-0.0929760249213796	9.22672103815195	0.234061207306633	0.630356235120573	0.810477975755442
PSD	0.139035395243793	5.00884649270391	0.148525941082643	0.701362381296736	0.855436456547683
PSD2	0.95875641718919	1.31628653840808	3.39735230835121	0.0704292767398048	0.248527324327746
PSD3	0.569100681231676	4.79695469605825	3.90548405998775	0.0529067492778823	0.210122790109101
PSD4	0.0298703275970693	5.30599884976463	0.00521973337531083	0.942654133396358	0.976420804175374
QSOX2	-0.00585747485732525	5.23846241637081	0.0008279518886865	0.977143814383928	0.991010066598032
RAB10	0.0510136046987014	7.30625351440358	0.108352847632852	0.743216777369556	0.878628963437956
RAB11A	0.254388014858212	7.11157385115586	3.1511358092832	0.0811381393311526	0.268010401402445
RAB11B	-0.041728888526067	7.09926034325872	0.0440719399801531	0.834457900027676	0.926548168033047
RAB11FIP1	1.27348748648578	3.88259122505876	12.7482167010724	0.000725524880160403	0.0165870233155621
RAB11FIP2	-0.276932260655836	4.53587261620611	1.61395151662201	0.209026066893588	0.45276257043233
RAB11FIP3	0.0331391231192936	5.99169705140738	0.0240302102791897	0.877348009091443	0.946249792295558
RAB11FIP4	0.175034775212039	5.70916515413773	0.282629028881876	0.597020122669403	0.789258335208897
RAB11FIP5	-0.235325195841764	5.36752322061022	1.80016857162359	0.184938443546857	0.42424085162655
RAB12	-0.297191862627209	5.36439393635492	1.66013393541762	0.202717825436441	0.445968236478741
RAB13	0.345979457011964	7.15479955601503	2.14917030255591	0.148065130250929	0.375438950195832
RAB14	0.411753866449845	6.25245763022183	8.874736570692	0.00422174556968985	0.0463683792093232
RAB15	0.102975950291631	5.15041804252467	0.209734996969474	0.648691883168713	0.82297084251456
RAB17	0.0147245471155314	3.62120439083884	0.00059937607499045	0.980552322915432	0.992773073896888
RAB18	0.152779519447852	6.00637359369519	0.8787786512266	0.352436159270759	0.601107259961345
RAB19	1.89119348462727	-2.19873017884746	11.9176360160545	0.00104627168409373	0.0206133283856493
RAB1A	-0.0630226266703859	7.51263268248745	0.194010370719429	0.661242119197443	0.830397685799408
RAB1B	0.24182670891829	7.42859158925835	2.25390904907667	0.138719591246043	0.360747178029981
RAB20	0.159538797965965	4.54307574754947	0.281922960716707	0.597477566723754	0.789648903396128
RAB21	0.0334165463639533	5.68655996440075	0.0416795553092561	0.838948795742811	0.929007130448561
RAB22A	-0.156613433803987	5.95494961231632	0.926406464758639	0.339807042923735	0.589752293227118
RAB23	0.251211924866867	3.78538839542205	0.516845314955421	0.475086311930157	0.703366904440511
RAB24	0.0866411101616437	3.98705613260337	0.192122027315925	0.662789807913407	0.831362014349781
RAB25	0.436673843684773	5.68713653409652	0.344173877661959	0.559713727081703	0.764403656077792
RAB26	0.701230623892567	2.35055600918363	2.58448968043412	0.113363396315362	0.324003674399166
RAB27A	0.846585855196033	3.69884383444013	11.4347956799197	0.00129792242631686	0.0235418334535279
RAB27B	0.75391893386961	1.99919663198972	2.07922509032665	0.154711409515184	0.384602838994779
RAB28	-0.22062331836724	4.26227885924473	2.18117889426716	0.145134177931457	0.370994865782205
RAB29	0.239862622802142	4.83126028910341	1.28410497546343	0.261814691981804	0.51078176899524
RAB2A	0.188883387685279	7.34676981461272	0.853841280349833	0.359308676380845	0.607345800532499
RAB2B	-0.00481603956661049	4.76167707755941	0.000678950300561079	0.979301867316822	0.991919114266999
RAB30	0.64649387737222	3.70596541803717	8.18758697655752	0.00586235845223553	0.0564932929376956
RAB31	0.513916549155204	5.99628140040704	3.32100784070398	0.0735730004715992	0.254418539291067
RAB32	0.51258807463346	5.08615177565575	3.25015462545451	0.0766293686040274	0.259841615839407
RAB33A	1.85048913483224	1.13510450086937	19.2223747660452	4.97964636328981e-05	0.00350374007371856
RAB33B	0.48373668463942	3.13429905454261	7.48882092188539	0.00823348473558179	0.0694792008520813
RAB34	-0.410684119391026	7.32306909948343	2.78459506682779	0.100582189005019	0.301697049629702
RAB35	0.0128870890387138	5.71149250214547	0.00632379951164924	0.936891802233702	0.97389593142408
RAB36	0.484726676306133	4.24916256398335	1.83660179625706	0.18062121225309	0.418732900722964
RAB37	-0.982332056574197	1.07810419909685	3.7889387113898	0.05645713389834	0.218538248131583
RAB38	-0.174731862692012	3.05577655666625	0.145121444236483	0.704638068329737	0.856984942157629
RAB39A	0.726164331389616	-0.812489496478659	2.89424547685082	0.0942694598135434	0.290641605347751
RAB39B	0.0782609099752074	1.87422132728234	0.0491689303910628	0.825297150069848	0.922290757719748
RAB3A	0.419408959715216	3.06902029788833	2.85221780631973	0.0966351622409068	0.294636811369031
RAB3B	-0.957860476119481	3.09143070777295	4.42725607117592	0.0397289971157225	0.177518050557625
RAB3C	-1.59054422190351	0.69716226770036	5.36939022309772	0.024055788500699	0.13266884398066
RAB3D	0.377089642492548	4.74073195132195	1.62110385155565	0.208033762087192	0.4521051445358
RAB3IL1	-0.286593834895977	5.30501336396061	0.60279117491262	0.440679931870045	0.677505085768664
RAB3IP	-0.0469212750877137	4.39539466579234	0.0225851596179617	0.881063968743195	0.947491618502309
RAB40A	-0.261906237861248	0.14935943496271	0.672720698726598	0.415473527198889	0.657390251107207
RAB40B	-0.491537525561876	4.78768378570415	3.04875717680983	0.0861108630767764	0.276794677891578
RAB40C	-0.174415363147726	5.35255621959966	1.05340246637826	0.308999982877743	0.560190328253624
RAB41	0.135536526397753	-0.634785591397436	0.18080185009851	0.672263592355257	0.837699969797013
RAB42	0.465769635848192	3.02148058046154	1.50389802590924	0.22504398013801	0.471505058454561
RAB43	0.202532146350485	0.747645511171685	0.504641152672853	0.480323770185666	0.70758545170417
RAB44	-0.0727311960391777	-1.42430196216716	0.00840547835414887	0.927268117222137	0.970671782959712
RAB4A	0.0217494879086019	5.86283965461432	0.0162231348828823	0.899089492979804	0.956745865572845
RAB4B	-0.18064857687734	3.88192020250223	0.396569659854641	0.531347124628421	0.745078295415377
RAB5A	0.192666072747565	5.63752245205695	1.74172045299275	0.192123208459708	0.432818886427393
RAB5B	-0.209492198554704	7.60687577258971	1.74634338999902	0.191542968454125	0.432173692088607
RAB5C	0.15820515707896	6.43747474281156	0.85839386874998	0.358040171891445	0.606135434340329
RAB6A	0.430863281601535	6.81859531606289	8.74179750815698	0.00449669481743022	0.0481286558610417
RAB6B	-0.566423540679961	4.75741804436625	2.27325593910324	0.137068552367574	0.358665289401567
RAB6C	-1.6579458194816	-1.70345048070648	8.44439079934627	0.0051821445077601	0.0521770476913216
RAB7A	-0.141621173611438	7.98438831405958	0.776054416321992	0.381998212033395	0.627971563269199
RAB8A	0.113117155475668	5.29268924390635	0.536247840584853	0.466950340160992	0.697922101991678
RAB8B	0.202432341400835	4.60454687870122	1.14394438620084	0.2892656599927	0.539909784313725
RAB9A	0.657085443189021	4.50705116668584	9.50874520660477	0.00313302266414229	0.039136286698007
RAB9B	-0.213712804856381	1.91101988488642	0.353597363737478	0.554403946922026	0.761116190373293
RABEP1	0.307554484349542	5.80770113388341	2.82464586857864	0.0982231773124027	0.297255315321069
RABGAP1	0.097582866273477	5.87424047545192	0.390326839351322	0.534585700993221	0.74734056782572
RABGAP1L	0.498659306683418	4.72187938931553	5.36814266926975	0.0240714941238188	0.132695404499342
RABGEF1	0.129353973844056	3.09284692594475	0.231607377715359	0.632151069247596	0.811833134665848
RAD23A	-0.183043302028098	6.84553392160762	0.644699200326745	0.42530292932802	0.665878047709956
RAD23B	0.434622311769505	7.27816400443214	11.9205804706599	0.00104490392536927	0.0206133283856493
RALBP1	0.236444925842904	6.25601680948259	1.61113208686149	0.20941880198373	0.453223126111844
RASEF	0.58915337275454	2.79696604144819	1.57243335898454	0.214900738467697	0.459376010630317
RBSN	-0.000910235924524106	5.06484932833918	3.14788374697345e-05	0.995542727453293	0.998246114411199
RBX1	0.221120140473176	6.17826404358658	1.15561606220329	0.28684260335929	0.537700260477599
REPIN1	0.307891702726049	6.8712972724433	2.82732530547148	0.0980675810229413	0.297048051822762
RER1	0.0431073859681111	6.70998004355643	0.0596431138015338	0.807925545633293	0.913869503694865
RFT1	0.233923141072518	4.78566810185972	2.41349774682489	0.12575090963569	0.342402183893953
RFWD2	-0.148316521589328	6.04809338338622	0.964209858354197	0.330219980307863	0.580564935801683
RNF185	0.0980867523162274	5.07586942850166	0.371515698864343	0.544567348801622	0.75431800428999
RNF5	-0.194584990716111	6.3958864905119	1.14329188790729	0.289401901136424	0.539909784313725
ROCK1	0.429961405703089	5.39684053228473	3.69283452538862	0.059580468895223	0.225366383275722
RPN1	0.078348125505314	8.88656648756802	0.223246254246037	0.638356282513478	0.815419097496513
RPN2	0.0258227728168022	9.13251179510568	0.0222323006380669	0.881989687229629	0.948040788419814
RRBP1	0.255647119074251	8.96496189276048	1.49848101744508	0.225870377814807	0.472545881854637
RUFY1	0.577836263256965	6.07716147786244	12.8572340932795	0.000691780301094464	0.01607185673782
SAR1A	0.104651248474342	7.37478931827977	0.506379867275514	0.479571780153514	0.706959039408583
SAR1B	0.654075148244336	5.3715628097894	15.0972782391017	0.000265363965804614	0.00912155883021755
SEC11A	0.39585166661273	7.14729840349021	6.42465340999556	0.0139844554540855	0.095412979807256
SEC11C	0.106208091347225	5.15379564766239	0.167583802098645	0.683780892807481	0.844862968276858
SEC13	-0.0559772303666403	7.31007836103396	0.0899051761777375	0.765373166267865	0.890949055937817
SEC16A	0.287825676428919	6.87435278949981	3.53373801816076	0.0651741867789988	0.237104061201818
SEC16B	0.0741923346718571	-1.50469096683027	0.041113284935347	0.840031315671569	0.929121356422631
SEC23A	0.64417645347604	6.22823314663874	6.89722117231032	0.0110312839887912	0.0826447654752011
SEC23B	0.469326808186864	5.91999179727894	7.51947173733589	0.00811067490464175	0.0688249505922786
SEC24A	0.453812513417978	5.10150317107249	5.41902595553374	0.0234397084664827	0.130451960501633
SEC24B	0.226152479464163	5.07436389896208	2.04938070100465	0.157652173220832	0.38868397709306
SEC24C	0.20933298309011	5.12539553250203	0.321223332528048	0.573067309087629	0.773837732146199
SEC24D	0.597475638466577	5.89915405244453	8.06029690793627	0.00623373454929725	0.0584766530796472
SEC31A	0.109875290675562	7.698757710427	0.515360522498434	0.475718471912114	0.703604042787636
SEC31B	0.278814042524025	2.43175942194852	0.519481443878777	0.473967358761166	0.702619130192723
SEC61A1	-0.0800927209640794	9.14971914336474	0.273441191123305	0.603031057765587	0.793545891404164
SEC61A2	-0.424410059103267	4.32942135406698	3.42144136976973	0.069468234868104	0.246758541316217
SEC61B	0.474837610364073	6.68575806524333	4.7870935460423	0.0327296104019463	0.158736982110613
SEC61G	0.219945064297047	6.5996924787386	0.89809180769717	0.347238365935626	0.59648136865534
SEC62	-0.341469396667377	7.10531871708207	3.33385251504779	0.0730334446963416	0.253582858055925
SEC63	0.00188539163096962	7.12151582120137	9.22369006394078e-05	0.992370295382266	0.9973848135991
SEL1L	0.0571740287676134	6.3421698729873	0.0933239968301131	0.761090400050848	0.888963444317325
SELENOS	-0.0515675220509953	5.64400756670972	0.0762731300411512	0.783397835148714	0.900829887723379
SGSM1	-0.691048587795904	2.09920876228953	2.22340899198938	0.141369046273607	0.364940139290524
SGSM3	0.262877127993814	6.31468533658854	1.93354906754021	0.169700473619595	0.404555437991113
SIL1	0.40103823129876	6.11771297415445	2.3629730756528	0.129700578999905	0.348619478416972
SKP1	0.100731499253974	8.00069246741137	0.347764118047162	0.557679304959424	0.763079127570946
SMCHD1	0.0318949927370975	5.84635707149474	0.024134087765394	0.877085352973081	0.946109287713317
SNAP23	0.240930781953603	4.99941466039765	2.19116732305126	0.14423330713302	0.369467093560945
SNAP25	0.0881121859585687	3.34394876900915	0.0444095150658591	0.833834562808387	0.926309696882268
SNAP29	0.25267395850589	5.4309014151698	1.43170287995222	0.23637062182952	0.485245222163922
SNAP47	-0.0546965233050052	5.84333044353219	0.0983660792129447	0.754928105219616	0.885174541847835
SPCS1	0.420644850103882	6.40000988744279	5.89717837546441	0.0182972942557692	0.111844333661237
SPCS2	0.408359943086888	5.28214051905337	6.30481401563398	0.0148593896149179	0.0988638231791327
SPCS3	-0.289713754792954	7.018978364171	2.49648332861621	0.119557012349664	0.333721675406444
SRP14	0.118598908221657	8.15596280835815	0.308499575675143	0.580745346750977	0.778920133441018
SRP19	0.305175652486788	4.88004350244955	2.9433954646839	0.0915844544080402	0.286191144810661
SRP54	0.246254373978494	5.8644044087549	2.73698941018155	0.103469151922647	0.30706126823463
SRP68	-0.146282988458488	7.03187639124512	0.79737028050058	0.37558273441086	0.621690205795534
SRP72	0.11647291827432	6.77978350319596	0.649670258790256	0.423533646506666	0.664131932763735
SRP9	0.223397723836166	7.57807270388578	1.93843874931834	0.169170568110973	0.403924357346185
SRPRA	0.115864654418099	7.18715158148775	0.530798315015174	0.469212377901299	0.69919781996155
SRPRB	0.186477677256278	6.5071364612868	0.981149623253998	0.326042810347328	0.577302334421296
SSR1	0.186369363143924	7.78843111987087	1.15361915398849	0.287255295358653	0.538101368423192
SSR2	-0.243472708358655	9.03640558700879	0.906262497394805	0.345071199709632	0.594722677830998
SSR3	-0.0946260980647504	7.60555537089495	0.279204991042861	0.599245373475198	0.79108439396371
SSR4	0.340877837373728	7.95790837224284	1.32798211990384	0.253907350402067	0.503455864994612
STT3A	0.241496311202832	7.4640001237411	2.07216333008616	0.155401452166864	0.385426484695466
STT3B	0.398918490948705	7.48624489377778	5.01212683937845	0.0290346534889185	0.147744752482851
STUB1	-0.0370376171187279	5.71804512547936	0.0325473979288191	0.857462420021309	0.936702614186857
STX10	0.0769816046828473	6.0335219005916	0.0896417172240197	0.765706865682746	0.891282303320274
STX11	-0.41753396150359	1.44063075475863	0.498476927616521	0.483005619548855	0.70881736340249
STX12	0.432082055283987	5.29141075384829	12.0266562445802	0.000996853612129713	0.0200779499018291
STX16	-0.159524981635577	6.46011171027158	0.489844216738025	0.486803606059646	0.711631707791265
STX17	0.34753027703712	3.11203402543456	3.76587437867542	0.0571900714507067	0.219838995477156
STX18	-0.0608063463482271	5.45602774164529	0.0676401503667591	0.795728241371296	0.907515230963538
STX19	0.473575869474777	0.248887859044918	0.433507407882866	0.512886486984357	0.732102102124442
STX1A	-0.511972179046759	4.05529249997777	3.66019516954126	0.0606837548049405	0.227364227985582
STX1B	0.0874300586060944	1.97427844757786	0.0327035451689212	0.857124679349546	0.936557817451031
STX2	0.53864281887597	4.23626965445369	5.73494040449754	0.0198925520372413	0.118054530297579
STX3	0.0885204959059765	4.95003049357765	0.0579825080080966	0.810565452953149	0.915440504839019
STX4	-0.278880544638132	5.76004222750298	1.81257520751289	0.183454701816067	0.422185803039493
STX5	0.0062715256647478	5.90153682296077	0.00114784279923206	0.973089680182315	0.989655667491347
STX6	0.300167486167385	6.1839440073408	2.82311518998054	0.0983121885483171	0.297428249461937
STX7	-0.156470995445314	5.78047833779108	0.896613797244522	0.347632389928026	0.596798321705828
STX8	0.0761915374585197	4.7950218657799	0.10617895673251	0.745713507736184	0.87997186918107
SURF4	0.0958849803392954	8.06167148925337	0.393016828026115	0.533185815580104	0.746314036795956
SVIP	0.209410518463928	4.55898341478523	0.527396917683213	0.470633314393484	0.699974276999648
SYTL2	0.414464824902972	3.31548865053653	1.40729650031454	0.240358060790218	0.489125442511556
SYVN1	-0.00264572699636318	6.26746829126588	0.000270489603450351	0.986934755619951	0.995378216159624
TBC1D1	-0.0815173383444377	6.24178504409702	0.222612274990677	0.638832573885136	0.815754522194791
TBC1D10A	0.358863094426458	4.23839246207894	2.0408566336733	0.158504006024713	0.389758967897112
TBC1D10B	-0.0146068422368546	6.53737735173599	0.00745022555944515	0.931514507718361	0.972255075009246
TBC1D10C	-0.800275680931665	2.66069619209557	2.14419026936502	0.148527260393223	0.375816762621867
TBC1D12	0.284185625939172	3.41817011178725	1.28754159788522	0.261184252107241	0.510252212828272
TBC1D13	-0.465933645840905	5.94407204035566	5.24796903277784	0.0256369492146037	0.13774208318102
TBC1D14	-0.337369442752044	4.22933661172471	1.08962520270728	0.300899458368729	0.551701828160118
TBC1D15	-0.18363489692925	5.23264844331399	1.16243873160955	0.285438366258752	0.536204264823037
TBC1D16	-0.375947926869424	7.0990760401345	4.1441254134806	0.0463708378357942	0.19451010135906
TBC1D17	-0.345623057941226	5.87449296405403	2.91274250868542	0.0932488217368181	0.289277881179734
TBC1D19	-0.286922513997818	2.90949660485803	2.02188368767747	0.160419338401673	0.392331128568707
TBC1D2	0.984523381164234	3.3420056522603	17.6730264843511	9.21599433313623e-05	0.00531933045217802
TBC1D20	0.126047548262403	5.95305418497866	0.539276930121764	0.465700641392225	0.697228951228467
TBC1D21	0	NA	NA	1	1
TBC1D22A	-0.265694877405391	5.15745441023083	1.34057203068508	0.25169405957913	0.501149551002706
TBC1D22B	-0.159692954978771	4.64326939818741	1.18936358566315	0.279982518711581	0.530925456234044
TBC1D23	-0.0913490325223338	5.23597782730081	0.202074553793201	0.654732347412177	0.82676072739804
TBC1D24	0.0865633974851543	5.01800333023173	0.225091988844833	0.63697433776216	0.814672028127056
TBC1D2B	0.116638817936142	5.28612291724706	0.383432759074032	0.538204361400755	0.749305576360882
TBC1D30	-0.210191291527795	2.95793948648802	0.547002241154766	0.46253781576411	0.694890217481637
TBC1D4	-0.513969000765994	5.18553016936416	2.73717923914352	0.103457457033962	0.30706126823463
TBC1D5	-0.121934242994646	5.72329785271992	0.368647103798985	0.546119958232126	0.75549125856134
TBC1D7	0.263390330439556	5.10401830528688	1.51651037816614	0.223134184483512	0.469278841046571
TBC1D8	-0.372337792486987	4.99422483503438	1.42042137866914	0.238203496941003	0.487152993635364
TBC1D9	0.717955796217759	4.80010615986635	6.56949225610408	0.0129992657463981	0.0911669368361058
TBC1D9B	0.580288139595609	7.28957785774195	13.8023889303219	0.000459584776817739	0.012458888315712
TMED10	0.428125770288191	8.12688078040841	10.2908947672754	0.00218107534803122	0.0318293337166879
TMED2	0.443261134157628	8.06806079873681	6.10494935486043	0.0164502426113525	0.105059974497188
TMED5	0.202009311949756	5.50774338646794	1.03543540278249	0.31312498258335	0.563976716468762
TMED7	0.223017460065215	6.25293401009861	2.0700267187701	0.155610935957924	0.38568027257506
TMED8	0.492569111694165	4.47875300165052	9.86166654944026	0.00265863110810112	0.0358358872530387
TMX1	1.14575275085055	5.30380299919317	46.9717879115744	5.23554687139033e-09	1.06329594002211e-05
TMX2	0.195763363584425	6.3018010433243	1.15947160020214	0.286047964488625	0.536747377775815
TMX3	0.836610049091557	5.38323759170276	20.4225351225562	3.1216480809106e-05	0.00256153822827852
TMX4	0.0432612756757957	5.91335326510552	0.0388492702418773	0.844438882169046	0.931719485573244
TOR1A	0.241411310211909	5.44394535700358	2.53684750597038	0.116669973732069	0.329359889936782
TRAM1	0.0683170655873975	7.82427196060226	0.0520557918475089	0.820328939512453	0.920241039579194
TRAPPC1	0.00653773572585615	6.63435380226811	0.000896168954408101	0.976221134597594	0.990816478064216
TRAPPC2	0.228769761814473	4.35125272402099	1.65133426086156	0.203901922285365	0.447079959335728
TRAPPC3	-0.0271877876001116	6.16663782980428	0.0172076818460573	0.896089876054588	0.955486802998179
TRAPPC4	0.119401831162384	5.52857100341825	0.285064628605411	0.595447777007747	0.788250531425401
TRAPPC5	-0.20848602633456	0.62888293413356	0.410173890675053	0.524411633604854	0.740065729386337
TRAPPC6A	-0.48923761049614	4.99937128116061	1.83413756994811	0.180909425896517	0.419021442551227
TRAPPC6B	0.480903558021592	4.76862499772385	9.92168855340738	0.00258574626264398	0.0352878692691636
TRAPPC9	0.216892988403472	5.67456262463201	1.24073743448734	0.269938528982543	0.519806471233051
TUSC3	0.486657070368797	6.5865926184914	1.9133994679314	0.171904791714488	0.407142048481417
TXNDC12	-0.196891811206908	6.75093126480896	1.16777869352338	0.284345491041007	0.535118452676477
TXNDC5	0.211846563833819	2.83556445906876	0.300234827746089	0.585844709626657	0.781945775761097
UBA1	0.269188790427603	9.29356956329939	1.44057751066442	0.234941024566955	0.483593556564295
UBA5	-0.00180090450487026	5.28165334893274	0.000136291825679978	0.990725574121489	0.996670503003646
UBA7	0.312244663170879	5.21602594716098	0.892500954860352	0.348732087592665	0.597585235558786
UBE2D1	0.175379829822538	4.60629461157531	0.845237820658928	0.361723111096904	0.609443395115277
UBE2D2	0.363899802291415	6.77572530980495	7.0106895910651	0.0104255305705585	0.0800253875701044
UBE2D3	0.155741655087984	7.76287121436442	2.13141414401876	0.149720489610225	0.377419876871652
UBE2D4	-0.188442207243216	4.77573184886275	0.76239539293084	0.386192215320777	0.631924968415648
UBE2E1	-0.0171557178975685	6.43345494090299	0.014812978549834	0.903551873320996	0.958620850593008
UBE2E2	-0.234144731011711	5.1999066303677	0.963749466770459	0.330334514520391	0.580682519718441
UBE2E3	-0.337330034094534	6.95863650754832	3.98280852864651	0.0506856119959478	0.20546255777485
UBE2G1	0.376045165578444	5.57481440925946	4.77831779833834	0.0328835660829596	0.159356808313344
UBE2G2	-0.163640075293767	6.67465732698692	0.648727103406904	0.42386846988849	0.664315014768642
UBE2J1	0.236923395668268	6.29114840904256	3.06210606405534	0.0854437202154164	0.275771276038924
UBE2J2	-0.255115842188069	6.49619300415804	1.43511384042985	0.235819888647188	0.484596925193672
UBE4B	-0.181897535669054	6.29451654007417	1.13562192046735	0.291009644634676	0.541573741976072
UBQLN1	0.178377869462947	6.78935454786543	1.50655538354301	0.224639937880701	0.471220589415426
UBQLN2	0.0350632796318499	5.87876688842775	0.0302970617139952	0.862425975053939	0.939519901540292
UBQLN3	0	NA	NA	1	1
UBQLN4	-0.0568894596125199	6.35918451500194	0.0721834413828093	0.789140246693787	0.904443951951392
UBQLNL	-0.0777940791459464	-0.278044161239154	0.0192621325774385	0.890099925488335	0.952433495085889
UBXN2A	0.0418744030659073	5.07767605846596	0.0694742285612362	0.793041052670271	0.906104242598555
UBXN6	0.227958572282071	6.76911095475863	1.12916328994548	0.292372482499736	0.542598977383572
UFD1L	0.342394254291608	6.26854408408599	2.31323368330293	0.133727781941616	0.35428631087065
UGCG	-0.0693707472370992	5.46436666336943	0.0743858989557743	0.78602661330481	0.902743870515255
UGGT1	-0.152644156249315	6.77353283120805	0.994810210552029	0.322725939512272	0.573680078180421
UGGT2	-0.113883181266365	4.84216422529848	0.31090887563426	0.579275681477147	0.777825213954796
USE1	-0.467782025637385	5.26624047321654	2.73484485951559	0.10360137546137	0.307205792581476
USO1	0.344161138754782	6.36350547646916	3.12206417233073	0.0825170517033103	0.27048057391545
USP6	-2.20203214726387	2.02359511192133	14.5433843195807	0.000335130300097067	0.0103647976442457
USP6NL	-0.202030922864809	4.90320642509742	0.901974373038907	0.346206237619391	0.595945205327178
VAMP1	0.0801942757163083	3.07824553932589	0.125524914305684	0.724406852857027	0.868568307142508
VAMP2	0.375357844416803	5.5434557276891	3.4980094020175	0.0665079360729803	0.240163714629516
VAMP3	0.101745799263568	6.16082420443558	0.278685223946866	0.599584693852976	0.791318020897373
VAMP4	0.300078757832042	4.13573768209571	2.29386379337767	0.135334647325683	0.356643673223856
VAMP5	-0.369686291442834	3.81608301668211	0.570799733667444	0.453008485113872	0.686925696286098
VAMP7	0.70941217798452	5.07485911758005	14.9592224320535	0.000281201951612851	0.00935072072788625
VAMP8	0.115021704564709	5.73311885769438	0.0668193813841157	0.796943396659827	0.908051218850654
VCP	0.131124258297191	8.63753222260805	0.836244130661084	0.364271448055184	0.611956949097187
VPS45	0.0566977520249456	5.94993418614576	0.133358805862268	0.716307234248964	0.863103115093518
VTI1A	0.131018591756164	4.39192451525214	0.57946207189369	0.44961717044107	0.683654857800058
VTI1B	0.229044255626372	6.14341348780023	2.63500228571027	0.109972694856474	0.31811804704417
WAS	0.18233033495123	3.09853517472713	0.234181489636134	0.630268555275603	0.810440297611024
WDR38	3.76301437231478	0.843959518788917	33.4053006313616	3.16414756301483e-07	0.000132954207341783
WFS1	-0.225228976505281	6.05354110940647	1.29231166987501	0.260312368622158	0.509697366503077
YKT6	-0.382248558452219	7.49084465134857	4.15452176885539	0.0461067641229045	0.193769261672583
YOD1	-0.111896060756896	4.05039029655123	0.313607906014292	0.577638145402625	0.777039203047269
YWHAQ	0.1235642206274	8.41720538519322	0.484212297232853	0.489308438090475	0.713512591677315
