pspGenes	logFC	logCPM	F	PValue	FDR
A3GALT2	0	NA	NA	1	1
ABO	-1.02470859380225	1.76496818911456	3.75959146451401	0.0573971492281202	0.551725508793922
ACAP1	0.478926390180732	2.7263899830952	2.49785641747643	0.119463715566088	0.66356261298645
ACAP2	0.0741164042268721	5.47525159318381	0.158925144570461	0.691618316680366	0.947613486087858
ACAP3	-0.253292161812313	5.44905812347304	1.03700538285933	0.312766473257692	0.810959595845794
AGAP1	-0.140817648755974	5.89329630986017	0.466818341838783	0.497186733428253	0.891217080759493
AGAP2	-0.773909623586604	3.55346641577271	1.93869097072574	0.169149369885067	0.713779509633972
AGAP3	-0.0946760125953464	6.98850393405487	0.199264692214335	0.656984485921433	0.939805270039426
AGR2	0.445226710368798	5.3326264569739	0.335904864539865	0.564456924990691	0.912525536339089
AGR3	-1.32398083839731	1.86050334230062	2.59937508794564	0.112358319502085	0.658529913805081
AKAP10	0.112855509063135	4.47472400336434	0.333798988412625	0.565676699200327	0.912897067029402
ALG1	-0.0414964338170845	4.10384395268482	0.0453149175395317	0.832175706349751	0.974711651551051
ALG10B	0.293996977128108	3.97123328399637	1.47116942803619	0.230099697911263	0.763839178356479
ALG11	-0.104849508210569	2.68849650930283	0.201231319753278	0.655407565526429	0.939769076582933
ALG12	-0.0711333576258498	3.56309790891897	0.148414403575772	0.701470626478334	0.949607870799154
ALG13	-0.00266671462806615	4.47288017783551	0.000233422104171839	0.987862931122161	0.997144394635129
ALG14	-0.0814129088890752	3.48591756574798	0.184943553098122	0.668759425107795	0.941861003339704
ALG1L	0.14676765873651	0.839059127874375	0.082462359657207	0.775015740005402	0.966359506105922
ALG1L2	-0.278657122554229	-0.155658407737805	0.697189411173077	0.407170896039257	0.859527794519345
ALG2	0.259843839761097	4.76223565135235	2.5584364856372	0.115164506416494	0.660102138251971
ALG3	0.139814372188994	6.2905073638817	0.458116658700335	0.501207822521464	0.892787512153329
ALG5	-0.0217341227060769	4.83197415858739	0.010984228095079	0.916893192097001	0.988756195537084
ALG6	-0.181427978872743	4.05529824864737	0.902798740991693	0.345992146414796	0.829963746218712
ALG8	0.331219282357113	5.53463317555861	4.13170946230517	0.0466936755711475	0.52569072702489
ALG9	0.0150803661619648	3.50295945490391	0.0068674322889606	0.934241519079406	0.991447741857114
AMFR	-0.0551954937401819	6.10807246591179	0.12358327064808	0.726459671486541	0.955086227450246
ANKFY1	0.147003096669919	5.63023674871203	0.498470172332207	0.483011809594339	0.88687872751543
AP1B1	0.0977520816633674	6.98325240635636	0.303195292918536	0.584010092521098	0.917553340064273
AP1G1	0.147027721265581	6.00811308253044	0.79726276114755	0.37561893051538	0.844501848706111
AP1M1	0.218730778962516	6.72672914289741	1.1266330968242	0.292913675742251	0.799398749491769
AP1S1	0.0502760493666691	5.90755634353656	0.0621348134586057	0.804037547877157	0.969111817059164
AP1S2	-0.0900746556938488	5.92904546673128	0.0958162869493827	0.758023427017781	0.961861626723067
AP3B1	0.0618823868970457	5.8768966813617	0.146126360805735	0.70366822500917	0.949607870799154
AP3B2	0.184555329026524	2.34969523627	0.211018227659444	0.64769511644186	0.937119371790905
AP3D1	0.00968910040908926	7.27776294849883	0.00465347892550969	0.945849017098848	0.992342972353069
AP3M1	-0.086797940559806	5.95288273476444	0.295962108836498	0.588519357038897	0.919641441102767
AP3M2	-0.369285862789279	5.25336556487559	3.04853253099101	0.0861282246495983	0.619595335265008
AP3S1	0.228004266710134	5.99942490511142	2.60646275599849	0.111880370694839	0.65780667022661
AP3S2	-0.0877745161795779	4.48210168690355	0.307370113730018	0.58143935171591	0.916885137526326
APPL1	0.0562881948841219	5.53476297825613	0.0996366588216995	0.753404070674143	0.961109758169241
APPL2	0.166875683375967	5.34454144161566	0.679933836908404	0.413002568856641	0.861110309807507
ARAP1	-0.0513871149101452	6.85729221398313	0.110695567839394	0.74055845134981	0.958210857930791
ARAP2	0.659196224639738	2.87431533413035	1.98337429148006	0.164396624865026	0.711332083793333
ARAP3	-0.167533951594443	5.19350730963026	0.37316240059192	0.543682537050358	0.906726136319627
ARF1	-0.117966958270714	9.31316673753795	0.781427664497258	0.380370482314946	0.846556981604208
ARF3	0.300419512942286	7.46027095380155	3.48941998875271	0.066838849295396	0.576831680320243
ARF4	0.222640744339823	7.90264495886705	1.63605022396097	0.205984251502142	0.745946256573119
ARF5	-0.509522282602947	7.64222061427154	6.16502907173268	0.0159573182195417	0.390279811794234
ARF6	-0.0866270574744732	6.61314085272685	0.269919015214125	0.605371851901718	0.925116822601115
ARFGAP1	-0.157638471130047	7.68194079664414	0.665877837210238	0.41784578199447	0.862896299320173
ARFGAP2	-0.178358281803988	6.65463450673845	1.31028090736353	0.257066073839925	0.779527624372391
ARFGAP3	-0.165553927062825	5.66757569585186	0.749720074412705	0.390148028149119	0.851994929646931
ARFGEF1	-0.0158515374249749	5.96431340975316	0.00391016065256803	0.950355691073988	0.992529682303652
ARFGEF2	0.0681304342793383	5.51122449291149	0.109971649310764	0.741376946595687	0.958210857930791
ARFIP1	0.0809571862045917	5.04627777149437	0.271248266541901	0.604487037075673	0.925037119756387
ARFIP2	0.187303105247543	6.05601161641684	1.17854426714546	0.282163712869772	0.793587406670708
ARHGAP1	-0.206871228261114	6.60743833829772	1.4978826648664	0.225967548596947	0.761268691126665
ARHGAP24	-0.373051279986656	4.03231766128557	1.16124473936269	0.285688574574197	0.796189521368305
ARHGAP5	-0.1515022019868	5.81631808360933	0.602714976461091	0.440712281620983	0.871136158927536
ARHGDIA	-0.124012408617479	8.11797199263698	0.430437369345163	0.514380122472545	0.89727499122439
ARHGEF1	-0.254376517940412	6.90892458769225	1.50855702888449	0.224341855389648	0.758961259989232
ARHGEF11	-0.306586650522548	6.31255668296777	3.13649125160452	0.0818355783248474	0.610127498851087
ARHGEF2	-0.433800128275089	7.42758753352401	4.05886751292804	0.0486046965917287	0.531684805759794
ARHGEF6	-0.131117355287518	3.96853752598715	0.162362947166413	0.688478188503579	0.946527268819859
ARHGEF7	-0.398521759044907	6.13161082541833	4.195463732488	0.0450878003116874	0.520657029978777
ASAP1	-0.277386231383725	6.3810785371761	1.19584163033842	0.27869510357642	0.79163825198479
ASAP2	0.287356535357796	3.75664391628289	0.544468163366909	0.463574870237312	0.879815786372566
ASAP3	-0.227824202775635	5.88230234940521	1.60167859737988	0.210747952572515	0.748914483529631
ATF4	0.196843392110994	8.27472480152606	0.963538646338233	0.330391644794846	0.822330181740519
ATF6	0.0841621367040866	6.11093779665194	0.405995758233153	0.526527072916101	0.900331072772141
ATF6B	-0.00681094814103432	6.87048729958076	0.00174607991475022	0.966813342341658	0.994134870566639
ATXN3	-0.224178010306566	4.73549027901863	3.01498098475538	0.0878309944090934	0.62141128334767
ATXN3L	0	NA	NA	1	1
B3GNTL1	-0.199079165069714	3.45269188879196	0.67173507678027	0.415817263013428	0.862056655926266
B4GALNT1	0.557963822283084	3.18832265611981	1.11038785782151	0.29638677660115	0.801582294583411
B4GALNT2	-4.1643213717743	2.7812999590045	6.79480027487567	0.0116130045940441	0.357454522524312
B4GALT1	0.0537958073132065	7.13263421022462	0.043572899516004	0.83538481055121	0.974942210567247
B4GALT3	-0.17433531788845	6.21917515435734	0.852216400264644	0.359767321104098	0.836023937473691
BAG1	0.214612302108296	5.85041511898636	1.13834379721047	0.290442831033859	0.798801961911346
BAG2	0.292492380865077	4.98057264891195	1.20931789171708	0.276030602979103	0.790905830961069
BAK1	0.143255987057097	5.17808050048941	0.655595861308957	0.421442981762984	0.863807216838671
BAX	-0.0668154203189352	6.37117503152836	0.0780823885302293	0.780911509039963	0.966390885575885
BCAP31	-0.146506209205862	8.02457105719435	0.434736122893521	0.512294996670789	0.896857239246832
BCL2	-0.53196182886329	4.52051616492913	1.98179354967338	0.164562071471594	0.711332083793333
BET1	0.0728715468702388	4.78494721979969	0.240722354874747	0.625544116555369	0.9306521818779
BET1L	0.344726244685308	6.25794618617562	4.62996125336929	0.0356123777937289	0.485282219904661
BNIP1	0.0768298507178415	4.02099214013008	0.203107319381759	0.653911936935344	0.939522137104769
CALR	-0.0607037235211002	10.6075992976005	0.0980015132801445	0.755369053558044	0.961503686045713
CANX	0.133086372401144	9.37861933923981	0.516052921731111	0.475426809615506	0.884751612078708
CAPN1	-0.335323058343332	7.61950678879172	3.31990109939798	0.0736256323746499	0.592344142516685
CAPN2	-0.310866718747859	7.02366665172532	2.93556390435187	0.0920126478574627	0.627631154323914
CKAP4	-0.175930441781148	8.29205386041021	0.812958091615044	0.37099240122348	0.840391838692432
CLTA	0.0836722038663965	7.48878575998165	0.180770637301384	0.672291997494104	0.94248375473976
CLTB	-0.254009521171019	6.31902329808528	1.34108937272179	0.251609059251907	0.777122453329413
CLTC	-0.0627039206624501	8.69634240504183	0.147374992965191	0.702466518649139	0.949607870799154
COG4	-0.194909185166705	6.17173304778567	1.53573690268777	0.220266525709103	0.754857028064989
COG6	-0.0873420753657681	4.61598525253124	0.190763699529585	0.663910582837726	0.940953143392211
COPA	0.123804027778455	8.35558936731331	0.614222072901806	0.436405308975535	0.868851339616606
COPB1	0.469250181408737	7.10217118383112	9.78675651747449	0.00275390363111358	0.207324072033227
COPB2	0.235999825797477	7.72089468425639	2.16375011898884	0.146727884399152	0.695909745455743
COPE	-0.157170812875233	7.82561664554113	0.468442091723691	0.496442496723454	0.891010283761866
COPZ1	0.134715466126725	7.54842210419463	0.824838039089249	0.367544104694111	0.839352937045262
COPZ2	-0.599578565587971	4.47008091287618	1.77858269171294	0.187560015588857	0.730579778497123
CRYAA	0	NA	NA	1	1
CRYAB	-0.767201622014173	6.67250351660366	1.11925602275073	0.294484221104338	0.799907164651993
CTBP1	0.0186939034784089	7.68654761913159	0.0125276141789418	0.911269575052127	0.987992470189351
CTSA	0.344114834666093	7.40749502086729	2.86851060751911	0.0957164318321316	0.633233861903371
CUL1	-0.106711705735997	6.56409178012743	0.442988264603914	0.508333514346404	0.896498981144371
CYTH1	-0.468734503003318	5.77587772930491	5.54927380275781	0.0219057447832661	0.422995095024884
CYTH2	-0.42583942270829	6.85350709036015	4.50064568597775	0.0381853103772356	0.493776060099935
CYTH3	0.0325380229176662	5.85119866702826	0.0231772899253575	0.87952760411781	0.983128198270398
CYTH4	-0.314981023470475	3.47534071696589	0.77787151718841	0.381449385175934	0.846784835862793
DAD1	-0.363336655398972	7.10828479037887	4.02236392539253	0.0495941435182822	0.534441443859481
DDIT3	-0.0722427073219676	5.34587981899578	0.054585583621263	0.816094160440044	0.971098540253505
DDOST	0.124762596215159	8.63339701392698	0.547445620110635	0.462360761845143	0.879180834329669
DERL1	0.167624766562409	6.68043139820067	0.854119098742948	0.359235469583182	0.836023937473691
DERL2	0.151028217297226	5.67856362750709	0.958455900909432	0.331659949398214	0.822563879164489
DERL3	0.651448291242638	3.63762243444723	2.32417137291126	0.132836304376041	0.682123048705019
DNAJA1	0.454074282474353	8.13466484025099	7.71990850983982	0.00735602014994235	0.308369251016075
DNAJA2	0.290905223712767	6.15115065609701	5.80452144054855	0.0191947467335954	0.408409122428535
DNAJB1	0.172585713982657	7.52444130826638	0.279137328694265	0.599291832871602	0.923186859187711
DNAJB11	0.0685704004470757	7.23504708843034	0.131065667342021	0.718651127970181	0.952759103606395
DNAJB12	-0.0752822795976997	5.796453622597	0.200704008824001	0.655829471436731	0.939805270039426
DNAJB2	-0.571452518607968	7.05386053152365	7.78059015847072	0.00714177849908193	0.303640776186774
DNAJB9	0.153831508512887	5.15370455463292	0.268734415924846	0.606162720077703	0.925140006573126
DNAJC1	-0.0532333846404378	5.18368477916373	0.0499655708209467	0.8239120742219	0.973564440878435
DNAJC10	0.0911843397527334	7.12826954485417	0.343946809510395	0.559845484074309	0.911455741648527
DNAJC3	-0.125575109168124	6.08721813773769	0.393211877884062	0.533087390240224	0.903332945322339
DNAJC5	-0.181156875100665	7.05025234815521	1.6004023978541	0.210927376218076	0.748948822680153
DNAJC5B	0.522263572827672	-0.0859484596387743	0.634395888686873	0.429009836365012	0.867675137077881
DNAJC5G	0	NA	NA	1	1
DNAJC6	0.385636087030021	2.18146607958859	0.821310233244742	0.368563343549374	0.839352937045262
DNMBP	-0.215943431299825	4.79542285583147	1.2081561974738	0.276259001353647	0.790968929292049
DOCK5	-0.105963750690462	3.34391362766302	0.080621446201061	0.77747259639875	0.966390885575885
DOLK	0.315282203740036	4.40915626881125	3.86130472335531	0.054228695725358	0.543634702029031
DOLPP1	0.104622462788301	4.49158189175184	0.332872563098562	0.566214937913785	0.912932118191289
DPAGT1	0.0715719214378776	5.55150622749826	0.181830239319806	0.671390455413246	0.942370110460789
DPM1	0.311355401881113	5.75720405764827	5.09183415055836	0.0278397705635626	0.451526095097878
DPM2	0.200968100566931	6.08987628845128	0.734812013246774	0.39487141324091	0.853472524491852
DPM3	-0.252328783780541	5.1723041190292	0.609291563702857	0.438242705387148	0.870165003510497
DPP6	0.0037554119760484	1.23899342454481	2.28442283089347e-05	0.996202947705241	0.99907029209941
EDEM1	0.421565782096182	5.06726988078139	3.68834439723836	0.0597366179501399	0.555761382058478
EDEM2	-0.107358864100521	5.39325235148268	0.218530932927495	0.641920848792126	0.935388524796122
EDEM3	0.0819724860690268	5.46727531654595	0.245579103003663	0.622085971776504	0.928736693152184
EEA1	0.235525052921905	4.24080605899691	0.850745414050763	0.360179253513671	0.836135012737176
EIF2AK1	0.277132238781136	7.7543061937443	4.86285396388505	0.0314369034535838	0.469949021759813
EIF2AK2	0.0542165296611646	6.54819506110983	0.0682841461774456	0.794781367424199	0.967588297879186
EIF2AK3	-0.138578771656378	4.58023105299736	0.57393318849378	0.451780585681409	0.874585280677743
EIF2AK4	0.344785066228664	5.88086139083365	4.79467523343128	0.0326019381796553	0.474385442886685
EIF2S1	0.0795361965307619	6.27221671207863	0.243928485439264	0.623256437766814	0.929127543645839
ERLEC1	0.0142550727624058	6.06897466205083	0.00995828749113129	0.92085570939143	0.98930885830962
ERN1	-0.13770341684991	4.26588265208103	0.576658208598098	0.450713998549624	0.874375574584291
ERO1A	0.621996602735946	6.25912082516359	5.53706486240544	0.0220452413577111	0.424169753422821
ERO1B	-0.212659581253321	3.72873304659386	0.300791005816986	0.58550110108118	0.918182605086878
ERP27	0.868168903260998	3.2064054814585	2.12840252234051	0.150009549527116	0.697680628362035
ERP29	0.168798965043325	7.47232741650593	0.587486103784196	0.446514936078667	0.87249303395979
ERP44	0.140273909005671	6.19935651890724	0.822509744754187	0.368216338153942	0.839352937045262
EVI5	-0.0933104938083126	4.18301158314867	0.34271831699598	0.560545205359033	0.911529688772731
EVI5L	-0.693838625243361	4.66141028725897	8.72576059577109	0.00453285591957829	0.256652682186337
EXOC1	0.45023621534427	5.19637319985762	10.155555454214	0.00232226755505518	0.192242107798283
EXOC2	0.238590891430733	5.48267178869285	1.97652991950257	0.165114388799288	0.711332083793333
EXOC3	0.0578462910225927	6.26808655393252	0.140163463218735	0.709489830310425	0.949930758253755
EXOC5	0.0726191620302672	5.72637391212286	0.191696043320706	0.663142064423291	0.940727417122308
EXOC6	-0.103903118729235	4.15474933751637	0.202253074888004	0.654591941196921	0.939564033259115
EXOC6B	-0.462632088433525	5.07649687082348	7.03688432976579	0.0102935277091743	0.343126629060059
EXOC7	-0.394139416951276	6.11013126306562	3.18782782655525	0.0794400718365649	0.605437103819259
FAM71B	0	NA	NA	1	1
FBXO2	-0.710597354102512	5.37584925438589	1.36341005971372	0.247745921725	0.775426882704656
FBXO6	0.185118417856162	3.72216305170887	0.372857300771131	0.543846775991442	0.906726136319627
FBXO8	0.202109518376922	3.50155261492597	1.25584242889015	0.267078426132855	0.785556958869877
FUT8	-0.210681045601549	5.03163081514573	0.579833475339382	0.44947619694293	0.873375149009305
GALNT1	0.0634007882639327	6.70037236000953	0.125122017083716	0.724832508967105	0.954935318222364
GALNT10	-0.166991379384559	6.14543082733929	0.359477391926021	0.551141906573854	0.909142719479774
GALNT11	-0.28622127832537	5.71355119656204	1.62360493475809	0.207693922384038	0.746565244642259
GALNT12	0.378724167426548	2.99373534057915	2.22678671764499	0.141078991942336	0.691772094623029
GALNT13	0.786700785616964	1.32927340390586	1.35478567080394	0.249229730683616	0.776197440265948
GALNT14	0.616945831456829	4.8031851553693	1.72509246195472	0.194233576504074	0.736472497480073
GALNT15	-0.853836036300352	1.05624133985615	2.43111137254839	0.124412580565259	0.668530931218619
GALNT16	-1.21014659406631	4.43864050423149	7.12135389786378	0.00987122581535732	0.337710376935713
GALNT18	-0.00766797254359482	4.28279518644383	0.000826302605156629	0.977166697313869	0.995685133205146
GALNT2	-0.208268166138677	7.51065917173311	1.08566536242695	0.301776240394439	0.805415629105374
GALNT3	0.502120822070418	3.94431533906097	0.747857323986798	0.390733701381022	0.852141957195577
GALNT5	-0.58199032540041	2.26327679448327	1.12596737479815	0.293054956474488	0.799398749491769
GALNT6	0.702242447285853	4.27620654179331	2.76766802903624	0.101604413254866	0.638973097145631
GALNT7	0.459346813710118	5.13166557743936	2.64386143862981	0.109396100488126	0.652800007588232
GALNT8	-0.548550348602932	3.1654120720452	0.5475815012509	0.462305476290385	0.879177163888825
GALNT9	1.03447293022361	0.552137813087543	2.23271366300458	0.14056086490263	0.691558270734396
GALNTL5	0	NA	NA	1	1
GALNTL6	1.32000289941066	0.0225636361692839	5.38486770383141	0.0238660108406086	0.43265678560405
GANAB	-0.100241533136091	9.13188211301645	0.300858414059008	0.585459192368752	0.918182605086878
GBF1	-0.343852621982908	6.68381269830421	3.36804754924886	0.071624069124269	0.589798478272877
GBGT1	0.503192959114574	3.55583590625918	3.20323367961453	0.0787364019647503	0.60412108674377
GGA1	0.0610306990010054	6.38722552607215	0.0870324503578718	0.769042281346729	0.965396529726957
GGA2	-0.15942715025363	6.78247695794948	0.920898083787414	0.341240093490869	0.827621934739084
GGA3	-0.407226801584148	5.69118584690747	6.12943975905648	0.0162494459100026	0.391541226326694
GIT1	-0.0881966830791024	6.76418724475321	0.209784057591632	0.648655593054411	0.937337066730585
GIT2	0.0368211608969998	4.41347338702261	0.0336026730932141	0.855196643459744	0.979158179680481
GLT1D1	0.350709454847698	1.71483268458875	0.337381141207617	0.563604880520245	0.912525536339089
GLT6D1	0	NA	NA	1	1
GLT8D1	-0.162135080579552	5.8739058477107	1.17367902392714	0.283149332285243	0.794492579436441
GLT8D2	-0.655641666430899	4.95923255010384	3.13343981881895	0.0819804636134079	0.610261850883116
GMCL1	0.208538200443888	4.77025034622975	1.76462117186303	0.189275178155138	0.731643558136669
GOLGA4	-0.0178485045976424	6.06758575820374	0.00722676597835761	0.932547175164493	0.991174000335611
GOSR1	0.0986102212033321	5.5841339826865	0.469406381898062	0.496001418182673	0.891010283761866
GOSR2	0.18285957526626	4.81330861485351	1.29494134384887	0.259838634746505	0.780756879442532
GPAA1	-0.509219551932948	7.60631769440981	4.30110377574214	0.0425569455765848	0.511432068165758
GPLD1	0.219119929153638	0.953074073852297	0.422013815481719	0.518509666607659	0.897964255984801
GXYLT1	0.326450880000789	5.3751536275219	2.73630807897192	0.103517337721826	0.640036840224898
GXYLT2	-0.716102761630459	4.41970490017816	3.1779919848997	0.0798929642088423	0.606910241079275
HAS1	-0.908140740216135	1.06191851879419	1.11312109369313	0.295798688869796	0.801087682048748
HAS2	-0.278735903605058	4.60635811721081	0.33542526916574	0.564734267028715	0.912525536339089
HAS3	-0.340362086492519	1.86628940890115	0.69467154364453	0.408014158877194	0.859527794519345
HERPUD1	-0.0253499504585812	6.25288407004955	0.0109200124097036	0.917135575753655	0.988767444002372
HSP90AA1	-0.0784181745012246	10.3706143945937	0.142443024373568	0.707247847522318	0.949636763228538
HSP90AB1	0.110176603166332	11.1271180991817	0.519799684775178	0.473835885369424	0.884096149784051
HSP90B1	0.293463176373602	10.5389560214614	3.77028714876012	0.0570546611398143	0.551664504344898
HSPA1B	-0.0909873248768153	7.31311582814652	0.0584119664591925	0.809879910018658	0.970464840307695
HSPA1L	0.408663963321114	1.45020260885099	2.18729377589949	0.144588095825619	0.69499144491696
HSPA2	0.413912983359553	4.62282066045893	0.99060268428062	0.323747430285774	0.817257292626058
HSPA4L	0.710937341570514	3.81006923959795	3.26523846294895	0.0759731232272536	0.597756071692369
HSPA5	0.053523358230913	9.84153642787029	0.127166001736945	0.722688421724677	0.95413319638414
HSPA6	-0.0742808928075864	4.22180040290428	0.0116781026650192	0.914318518911244	0.988359127654015
HSPA8	0.162107050050114	10.1853245761672	0.519389653294684	0.474009563777264	0.884129699410658
HSPBP1	-0.372709872871994	6.66566583496145	2.70711958080157	0.105334192747045	0.644224900420441
HSPH1	0.064939109343597	7.71780151706522	0.0944559904933564	0.759692574806839	0.962605436378368
HYOU1	0.112552084373776	7.81049436694449	0.357479039604856	0.552247321905733	0.909152307219993
IFT27	-0.536642096056835	5.15600419262287	5.89805899905435	0.0182927172620815	0.401619458045222
INPP5B	-0.0696068795475926	4.04434755923361	0.257165738498913	0.614005189951527	0.926933495374435
INPP5E	0.317698267916745	4.54328326132028	3.34768657193695	0.0724631178626549	0.591858782323252
IQSEC1	-0.165814766117829	5.97706503045985	0.624781814885958	0.432509978459685	0.867961555204088
IQSEC2	0.163155847112115	4.54052243479689	0.344306841739249	0.559640737067979	0.911455741648527
IQSEC3	-0.0653810019141865	3.87088358785717	0.0100266071375193	0.920585604083811	0.98930885830962
JUN	-0.567732388061292	8.1534645808903	3.86993699790986	0.0539686987746644	0.543634702029031
KDELR1	-0.14429898071979	8.232922697428	0.319560613901938	0.574061621791833	0.915108560254044
KDELR2	-0.122935787888961	8.4463972734521	0.462610064649798	0.499124470857777	0.891848344519516
KDELR3	0.0834903544139567	5.28264263440262	0.0912878830445382	0.763631746197204	0.964039932433946
KIF20A	0.10487042251749	6.1465295469574	0.198620159187162	0.657503332913928	0.939836025708306
KIF23	0.0298006759373719	5.21850752086134	0.0176360998876818	0.89481245682455	0.98525155102896
LARGE1	-0.497305682908075	4.72129560166064	2.07266164196309	0.155358795859981	0.701124903475737
LARGE2	0.443139909821932	4.8263853622201	0.851867620287165	0.359864933200043	0.836023937473691
LMAN1	0.310056168575678	7.3605687092981	3.57477121112516	0.0636842370612553	0.567470703800082
LMAN1L	0	NA	NA	1	1
LMAN2	0.112502120315488	7.92543355338577	0.396511320016316	0.531380056958583	0.902308655738779
MAN1A1	0.351451172088773	5.02755170352018	0.663638231601353	0.418625358533423	0.862896299320173
MAN1A2	-0.0635542018054962	5.66881582968647	0.178994497692171	0.673810230501173	0.942551373670945
MAN1B1	-0.169352225120295	6.75009913439735	0.720645672221974	0.399437616644018	0.855845437027483
MAN1C1	-0.311003152088716	4.76133983221178	0.627944697417992	0.431353660802802	0.86793421231893
MAN2A2	-0.234483747866787	5.21702750666536	0.844252810515894	0.362005344040723	0.837649277540238
MAP2K7	-0.276818559284827	5.68042019365005	2.47994105523354	0.120769758479253	0.664947086613305
MAP3K5	0.369507522138454	3.38202305530946	1.45401492095536	0.232802273524278	0.766067368527658
MARCH6	-0.191837333947224	7.2894313482525	1.12983480405865	0.292235440474249	0.799201081448073
MCF2L	-0.699193404321755	5.10850208898978	7.10584042123017	0.00994739119161516	0.339068834238331
MGAT1	-0.176247939301658	7.66220932835459	0.970012487707194	0.328785700601233	0.82089159767035
MGAT2	-0.0388063934014251	1.57900368030336	0.0128293479554197	0.910211959999032	0.987992470189351
MGAT3	-0.407919139647515	4.87925688037599	1.66771828348641	0.201709756682061	0.74301407101474
MGAT4B	0.193553575430438	6.85798700916891	0.862684049682541	0.356854903084965	0.834972987691721
MGAT4C	-0.0190264824576825	1.74992829699727	0.000384558624580092	0.98442195420954	0.996920573651345
MGAT5	-0.352420204522098	6.51816891087103	2.6903690887164	0.106393001991091	0.646095786887264
MICAL1	-0.299452651455244	5.99379518318074	1.84825451471768	0.179271674827137	0.721208568358574
MICALCL	-0.193398142295832	-1.3750942501314	0.137460868995665	0.712175019594105	0.950931335512072
MICALL2	0.241883416948599	4.48066577537181	0.580479549580183	0.449224997630567	0.873375149009305
MOGS	0.128950263497914	6.58205960827945	0.757909810150085	0.387588120068076	0.84951146468815
MON1A	-0.125274955741373	3.65070950176014	0.371684389179882	0.544479031276741	0.906726136319627
MYO5B	0.520644441220575	4.55501618850324	1.42620873302485	0.237266614126997	0.768861948792868
NAPA	-0.365206460073215	5.97273712918865	5.65854253650542	0.0206983519870974	0.416283307738307
NAPB	-0.13458660028445	3.92230231641611	0.675507233746579	0.414518691574854	0.861501659125872
NAPG	0.16597350780091	4.7458086368491	1.10406703033773	0.29775263899408	0.802622839165498
NCKIPSD	0.055356986571446	4.99570371182639	0.0933556848858212	0.76105236335671	0.963060483503727
NDE1	-0.360440261870898	4.98423762873877	2.15045827991658	0.147952064724084	0.696464617332404
NET1	-0.275481039358848	7.17469381671589	1.22560480866132	0.272853755520315	0.790170252743892
NGLY1	0.0225497288571831	5.08483653964946	0.0203814789412019	0.886973758514431	0.984337599072502
NPLOC4	-0.324102376210438	7.35177652697093	4.02734757334553	0.0494577801358708	0.534441443859481
NSF	-0.0835870073819405	5.49219003137083	0.202719474350313	0.654220459136449	0.939522137104769
NSFL1C	-0.326007162253008	6.81863022196591	4.03266007346342	0.0493128666806354	0.534200205082828
OCRL	-0.0194895610379068	5.31986985137095	0.01294653584746	0.909804602812176	0.987992470189351
OPTN	0.294953205303345	6.19694514328041	1.10683736760064	0.297152988614005	0.802163762794658
OS9	-0.0451961568319706	8.06473540782448	0.0626572305277749	0.80323273742172	0.969111817059164
OSGIN2	0.360150794361771	4.79218910551605	2.81897215119712	0.0985597407021103	0.636858901602355
P4HB	-0.389633401529549	10.3343917631883	3.58839667627826	0.0631959081020824	0.566678558501692
PAK1	-0.0322118719930684	6.12122434388779	0.0398180953688091	0.842537650816059	0.976459172432419
PARK2	-0.457582363910768	1.56295260633811	2.12032376884795	0.150771450966715	0.697680628362035
PDIA2	0.141786535202618	3.06977914964383	0.0425421750330642	0.837315212902984	0.975014958515602
PDIA3	0.247119513889123	9.26076900745632	1.54012010865549	0.219617802598753	0.754478498297238
PDIA4	-0.140143051133285	8.96984981154794	0.340080967759638	0.562053101634777	0.912172544799035
PDIA5	-0.195690202386458	5.42764803332856	0.649609820145491	0.423558860075379	0.86431603289714
PDIA6	-0.0697064947478889	8.54473501223218	0.0811030043112444	0.776827007868365	0.966390885575885
PDILT	0	NA	NA	1	1
PGAP1	-0.338203478045458	4.95031348101415	2.15007211065695	0.147987806983558	0.696464617332404
PICK1	-0.159294511023842	5.09936343408539	0.397476809633798	0.530882334972041	0.902161262160691
PIGA	0.177616697822642	3.38731625490158	0.779646169864741	0.380910423371878	0.846556981604208
PIGB	0.140302359952958	2.59011267266147	0.424998370590654	0.517039838982867	0.897964255984801
PIGC	0.112677040333201	5.82677806103482	0.585799132913411	0.447165082281004	0.872628478410344
PIGF	0.00186251145262199	3.6980670217122	0.000120416390334384	0.99128245997569	0.998029410666689
PIGG	0.24157348680301	5.27558588007243	2.22552885293147	0.141189235478565	0.691772094623029
PIGH	-0.0252704374078455	3.71845376978434	0.0154766070475418	0.901426643101674	0.986608320004221
PIGK	-0.0384802633477327	4.95597756876381	0.0478887349383955	0.827550208420734	0.973860277873453
PIGL	0.141878856249466	2.94754476800604	0.36687277205991	0.547087167765732	0.907565622549068
PIGM	0.228129896030497	4.59936664523136	1.39406568441913	0.242560047542045	0.772524108999173
PIGN	0.182232333068361	4.42257110995087	0.860299688879344	0.357515402047287	0.835342158700349
PIGO	0.171649002792224	4.77516621570801	0.758858754322636	0.387293078091627	0.849466671257486
PIGP	-0.124591813050134	3.84975406354763	0.351216049324363	0.555739236632863	0.910081980387799
PIGQ	-0.148458886336904	6.21248503410327	0.422617295046137	0.518211869223246	0.897964255984801
PIGS	0.060411889172959	5.73488550303509	0.068870225393904	0.793922833775952	0.967486403765188
PIGT	0.075582460224666	7.89050782351099	0.151101053484436	0.698914916700954	0.949193393114521
PIGU	-0.258577704883599	5.86038483928483	2.26483249860033	0.137790824841166	0.688846621470127
PIGV	0.04293360553594	3.50589437496444	0.0439124989055095	0.834754019475858	0.974788586913962
PIGX	-0.123483574631617	4.97273447459902	0.414580125053319	0.522203063697445	0.899429757743444
PIGZ	-0.220897999209541	2.70676526139689	0.275189922016679	0.601879426368899	0.924217758018099
PIK3C3	0.269983495221926	5.36665416319569	2.79762468225254	0.0998140292245941	0.638099711485926
PIK3CA	0.0377714607254455	5.02238571845059	0.0273321874308316	0.869265986863436	0.982302861405552
PLAA	0.592789689720193	5.29086418367433	12.5530296864545	0.000790850344751776	0.113024901077657
PLIN3	-0.194082266527092	6.18224105267889	0.819082103870991	0.3692091448103	0.839664067463297
POMT1	-0.270225621849397	5.29900712399463	2.90800013616911	0.0935154630026531	0.630818621039294
POMT2	-0.202151393584253	5.03134048642293	1.32607172842677	0.254250729783515	0.777600143532824
PPIA	-0.0640221216354455	8.6480758036211	0.11704047033759	0.733508759273286	0.956800626675265
PRKCSH	0.0704082152375998	9.22695212257173	0.154355753161293	0.695853703557864	0.948157196059891
PSD	0.514722552128403	5.00903797956707	2.49018809811767	0.120020770226063	0.664206084842945
PSD2	0.732326975998128	1.31676862718211	2.09782511917171	0.152917019931838	0.700262623638697
PSD3	-0.268652587937389	4.79717064990326	0.834954025305414	0.36464339286525	0.838264377673994
PSD4	-0.541754365412844	5.30643896415302	1.85558886873653	0.178424641060557	0.720845125007281
QSOX2	0.154434812494408	5.23860533471579	0.670218373289148	0.416341114024014	0.862374795151919
RAB10	0.0137053631002661	7.30630164612344	0.00877797241734342	0.925679065574147	0.990424611067613
RAB11A	0.130519703582092	7.11166890385083	0.885438832653606	0.350636073137305	0.831633172768439
RAB11B	-0.491699483236292	7.09944084955265	7.34447910142442	0.00884132084330469	0.326919696231841
RAB11FIP1	-0.149759774377003	3.88295687047251	0.136331986478831	0.713305539102066	0.951114972670534
RAB11FIP2	0.118195024684212	4.53597576918247	0.34278717750063	0.560505939336994	0.911529688772731
RAB11FIP3	-0.250590168917418	5.99192776183747	1.53405415104289	0.220516196971421	0.755127923924653
RAB11FIP4	0.105591434394395	5.70957857162607	0.114330553577559	0.736492934450509	0.957542987856194
RAB11FIP5	-0.126134530458558	5.36767155789942	0.582156284043169	0.448574100766664	0.872936753883056
RAB12	0.246676296414581	5.36448509056545	1.38156534279999	0.244658194577934	0.77300800700679
RAB13	-0.186741263720757	7.1552277529681	0.640636036681374	0.426761190610496	0.866536612270039
RAB14	0.0355441644590569	6.25259415709641	0.0615757456884993	0.804902815117129	0.969111817059164
RAB15	-0.303187384779973	5.1504576714599	2.00817516369087	0.16182614277928	0.707782394866679
RAB17	0.0657873795591684	3.62186782512702	0.013571609398783	0.907662667667383	0.987895692153305
RAB18	0.0805384691124057	6.00645039172234	0.270123818146586	0.605235344451098	0.925095271121348
RAB19	0.588660695005341	-2.1983197957166	0.948126165697341	0.334257952687758	0.823133496871228
RAB1A	0.0972771036555872	7.51266093041788	0.536970214682129	0.466655200221647	0.880720523056833
RAB1B	-0.189967427111743	7.42871761023709	1.46341236659635	0.231316959857248	0.765271727186355
RAB20	0.013812837293394	4.54337931409553	0.00232356092911365	0.961720524463383	0.993577701028833
RAB21	0.129616147304971	5.68672020430792	0.724663484950856	0.398134732471044	0.855425703055972
RAB22A	0.0465425071346907	5.95500908047378	0.0937780478843296	0.760529362694907	0.962744709491168
RAB23	-0.0696539164450499	3.78536549341844	0.0425651128329988	0.837271989749638	0.975014958515602
RAB24	0.103195085655187	3.98747614190115	0.307305789949926	0.58147878657061	0.916885137526326
RAB25	-0.398563058181995	5.68741106831281	0.289201588116157	0.592799172332326	0.921639008798262
RAB26	-0.119534807282488	2.35124135286778	0.0727028531051045	0.788402499367554	0.967213289882627
RAB27A	0.115786990793563	3.69894881358654	0.18317054753157	0.670254525628029	0.942176830360808
RAB27B	0.375509036077738	1.99944216616852	0.535895280859716	0.467099523605132	0.880720523056833
RAB28	0.153391825531792	4.26234815226509	1.23164570146029	0.271687331163514	0.789407255912211
RAB29	0.209074110600674	4.83132952077906	1.08931829464339	0.300971866699716	0.804697339579974
RAB2A	-0.0489951732523703	7.34683243272301	0.0619663295004409	0.804297872776105	0.969111817059164
RAB2B	-0.112951793685032	4.76184608052054	0.418765314379116	0.520117930610514	0.898523661157135
RAB30	-0.150920498499819	3.70602241036162	0.399181736514051	0.530005489317985	0.90171941412608
RAB31	-0.120640078441926	5.99557951462495	0.180508945035189	0.672515134613559	0.94248375473976
RAB32	-0.0905282782058376	5.08637374374419	0.100041733249793	0.752920033895031	0.960937995036785
RAB33A	1.29464686267556	1.13572348652819	8.41072085545649	0.00526829887677282	0.270212719382862
RAB33B	-0.114433008554821	3.1344552989756	0.387710898854232	0.535956313639548	0.903343534551659
RAB34	0.0314806635747535	7.32309237112326	0.0187724619607752	0.891497386710958	0.985059896267592
RAB35	0.0409922181905184	5.71151616471146	0.072702911972424	0.788402415792252	0.967213289882627
RAB36	0.263502867280789	4.24930597496614	0.579157158439811	0.449739392463742	0.873460273649971
RAB37	0.521488873654459	1.0785039823914	1.42192459749315	0.237963814514084	0.769049474892275
RAB38	0.446611922183312	3.05595625464204	1.17619184975817	0.282639721487508	0.794161287143434
RAB39A	0.521262739572237	-0.812234367014669	1.59633382276669	0.211500621986631	0.749047756255703
RAB39B	-0.149846418919219	1.87417224216405	0.197686659666724	0.658256593148051	0.939836025708306
RAB3A	0.102010633964778	3.06940074407301	0.173508956197688	0.678556164089197	0.944081429077809
RAB3B	0.208399629692623	3.09149820427794	0.260091820482322	0.612000834783447	0.926542012424552
RAB3C	0.255206555062952	0.697318552240546	0.186875148894943	0.667140247414602	0.941229644287459
RAB3D	-0.128920208046421	4.74091644951963	0.194926558652502	0.660496337992594	0.940075453616873
RAB3IL1	-0.481657625424813	5.30527570654386	1.92345043589594	0.170807136768765	0.713779509633972
RAB3IP	0.183751151799316	4.39535963418767	0.405140592971253	0.526961351387719	0.900331072772141
RAB40A	0.178258079704849	0.149686816473809	0.371907528340564	0.544358642990773	0.906726136319627
RAB40B	-0.100217404433635	4.78819494635058	0.144096208203921	0.705634730129007	0.949607870799154
RAB40C	-0.0971163057209441	5.35277420791855	0.368778926879675	0.546051143973906	0.907304177431009
RAB41	-0.074463535070516	-0.634157096796627	0.0600490669301878	0.807287130254167	0.969941566438672
RAB42	-0.0541080570100022	3.02158904800806	0.0207942542928864	0.885842930833531	0.984286286638601
RAB43	0.256292933293082	0.747812694008691	0.920520612121614	0.341338283174054	0.827621934739084
RAB44	-1.5019446490336	-1.42330744987467	3.55084469813785	0.064551780167547	0.56980529884068
RAB4A	0.039634454641241	5.86303818925671	0.0609695250798999	0.805845790619656	0.969122803095286
RAB4B	-0.426883190411075	3.88208602561112	2.51364856413153	0.118325726682821	0.66356261298645
RAB5A	0.228558499272974	5.6375153880553	2.82907341290855	0.0979723881968857	0.636858901602355
RAB5B	-0.206273293903614	7.60702101260205	1.92405308273968	0.170741223578077	0.713779509633972
RAB5C	-0.0540871401354506	6.4374412337994	0.108900115232777	0.742593987587415	0.958210857930791
RAB6A	0.0890790083987061	6.81882451195174	0.351138257446844	0.555782873986344	0.910090619992546
RAB6B	-0.0444083640915234	4.75784729306682	0.0163623741456177	0.898660267058109	0.985841865147812
RAB6C	0.939221043463525	-1.70333774991622	4.20236343661301	0.0449176264382253	0.520514491782498
RAB7A	0.0918201474629736	7.98460134341832	0.376902117755024	0.541676880186629	0.90632218813369
RAB8A	0.139419254525191	5.29269840002628	0.928858529688589	0.339178356201388	0.826146542353361
RAB8B	0.0479757411445693	4.604530177763	0.0697258413423465	0.792676451324044	0.967366140402626
RAB9A	-0.0245643760276573	4.50725341333037	0.0117520351652696	0.914048803446116	0.988359127654015
RAB9B	-0.469408044459612	1.91101046388431	1.91710182331148	0.171503321545889	0.714316151747661
RABEP1	0.0793393248131782	5.80773117064012	0.196729031593901	0.659031544930963	0.939893992580303
RABGAP1	-0.0103269810379633	5.87438584752628	0.00483267716220064	0.944817906349692	0.992292841414341
RABGAP1L	0.103139994680577	4.72194546570593	0.225373946019762	0.636765886288021	0.933707105999154
RABGEF1	-0.288846852358052	3.09290549849339	1.25410547031296	0.267405946625863	0.785820686183672
RAD23A	0.140799044654156	6.84570655968756	0.447925528804977	0.505988806986352	0.894860375081924
RAD23B	0.128324430738985	7.27832127034087	0.946457319648277	0.334680269594432	0.823133496871228
RALBP1	0.188165940197853	6.25599871281199	1.1334264848073	0.29147702389775	0.799156769902055
RASEF	0.086513826816661	2.79756486284677	0.0347310174975953	0.852813561775607	0.978631789368981
RBSN	-0.150364998926908	5.06497897874033	0.96803609313379	0.329274857173378	0.821162273896901
RBX1	-0.0497226022915681	6.1785275621262	0.0623623768244039	0.803686534229152	0.969111817059164
REPIN1	-0.00267012714717934	6.87168447496416	0.000218807405364569	0.988248997707413	0.997163436127164
RER1	0.0333278150424968	6.71029199048901	0.0400959856432254	0.841996543225965	0.976459172432419
RFT1	0.166802879172157	4.78583162793751	1.3438896762167	0.251120284813903	0.777122453329413
RFWD2	-0.0712359233460011	6.04832266990722	0.251073997948842	0.61822455972014	0.928569766052586
RNF185	0.0473813658396442	5.07616514090691	0.0964867075201421	0.757205570527985	0.961547042839619
RNF5	-0.108755181571142	6.39600107917641	0.404010615691988	0.527536179301473	0.900598771030728
ROCK1	0.119924552031665	5.39684825106742	0.293326228005599	0.590180414194971	0.920360227855222
RPN1	-0.0580364765587874	8.88663971677337	0.13556617423967	0.71407549841956	0.951322444337864
RPN2	-0.0639418253465517	9.13242364996181	0.152654873283329	0.697448768324106	0.948504565435441
RRBP1	-0.257848216275287	8.9647695231836	1.6132674470441	0.209127075054835	0.747757939636727
RUFY1	-0.113415965986963	6.0774261787058	0.419896438267876	0.519556930086397	0.898406100739444
SAR1A	-0.0397074911247842	7.37498872055441	0.0800664650873593	0.778219210268645	0.966390885575885
SAR1B	0.182742892770645	5.37174818180944	1.00469280707186	0.320359333606758	0.815716919371006
SEC11A	0.183909547737195	7.14749341403609	1.39718170674553	0.24204051907862	0.772386323720584
SEC11C	0.0177202884798196	5.1542507135326	0.00517637565871369	0.942892666122546	0.991873766180693
SEC13	-0.0783677406856282	7.31001730830057	0.199274667490784	0.656976463786686	0.939805270039426
SEC16A	0.22603756095571	6.8744414926889	2.38717806522347	0.127797250654563	0.675595136571296
SEC16B	-0.124008091794562	-1.50416111967562	0.127744157475941	0.722085484870666	0.953884736875255
SEC23A	-0.119819325382467	6.22810084675556	0.218471866652673	0.641965771401554	0.935388524796122
SEC23B	0.290489511721231	5.92005431549829	2.94089279179024	0.091725225591455	0.627539448025829
SEC24A	0.147252711264788	5.10165100234224	0.569032875259126	0.45370868485063	0.875416548192471
SEC24B	0.0604478273383387	5.07460955011107	0.156109294657361	0.694219859467663	0.948113058891879
SEC24C	-0.108556267459453	5.12561353423592	0.0930108068515772	0.761480377918692	0.963417917431351
SEC24D	-0.112750676543539	5.8989989226322	0.260282796305625	0.611870512965971	0.926542012424552
SEC31A	0.0416247897610914	7.69881937050621	0.0821125251014898	0.775480320772001	0.966390885575885
SEC31B	0.109542185776054	2.43227719983441	0.0873929893771203	0.768578363360614	0.965396529726957
SEC61A1	-0.195835161907485	9.14992237431601	1.86716046812724	0.177097843921892	0.719060285675676
SEC61A2	-0.0355002250407122	4.32954616646467	0.0269939568454951	0.870069987662067	0.98239277526801
SEC61B	-0.143201754383598	6.68608079427614	0.420469818543685	0.519272963037327	0.898311670261503
SEC61G	-0.215462847992654	6.60001233306612	0.917761740789906	0.342057110089027	0.827970060193619
SEC62	-0.182146177839203	7.10531967929476	1.05937094971594	0.307650516414168	0.806986405810953
SEC63	0.173313787253608	7.12172664285033	0.912024261845076	0.343558676388446	0.828461958856295
SEL1L	-0.184098944166273	6.34220595128224	1.07825525521884	0.303416635721055	0.805524086548159
SELENOS	0.229347369869117	5.64418504021122	1.81718802990217	0.182912641666959	0.725397364564251
SGSM1	-0.538782263492465	2.09934235732173	1.55354771633681	0.217644930838428	0.753150984824742
SGSM3	-0.406260793833919	6.31529997261743	5.00051862812134	0.029218404399555	0.45724104615768
SIL1	-0.150313944257292	6.11781638770005	0.336378432329098	0.564183328759941	0.912525536339089
SKP1	-0.0985971565430987	8.00084136512543	0.366257688156954	0.547422262579198	0.907740669422583
SMCHD1	0.286871518892376	5.8464162094857	2.36525213021864	0.129525629784592	0.677588983684598
SNAP23	0.101611312311855	4.99937076686527	0.418919847597469	0.520041223626065	0.898523661157135
SNAP25	0.382016909995896	3.34414670340837	0.988687086373657	0.324211760498434	0.817492103516082
SNAP29	-0.100710631342523	5.43079919930521	0.240289880326631	0.625854149810722	0.930777573351904
SNAP47	-0.270167503245454	5.84363445821417	2.75627687863553	0.102294637953358	0.638973097145631
SPCS1	0.147998260015103	6.40027123451116	0.72740991934311	0.397247712939116	0.855304897011767
SPCS2	-0.0340950836441252	5.28217083868727	0.0422086841635127	0.837945009278729	0.975058041630478
SPCS3	0.246542886020658	7.0188583395122	2.18556526748244	0.144743962853276	0.69499144491696
SRP14	0.288786197481553	8.1561634301061	2.16812240999256	0.146327755781778	0.695909745455743
SRP19	0.18586444751838	4.88036897076995	1.17126254644757	0.283640521221726	0.795040154037147
SRP54	0.229403674275355	5.86441773486224	2.66833630180042	0.107803981340436	0.649252184090891
SRP68	-0.238358526515015	7.03194172499441	2.4367553562109	0.123985204881419	0.668172154700114
SRP72	0.309325213995892	6.77986849541891	5.75236217847257	0.0197181930884236	0.411428683227583
SRP9	-0.164480443006446	7.57827726796717	1.11009397452187	0.296450099911991	0.801584795833923
SRPRA	0.212869081941031	7.18717606756979	2.10073430906142	0.152637604300169	0.700014406421266
SRPRB	0.17399841775142	6.50725316898758	0.959903418358494	0.331298077890342	0.822337653167298
SSR1	0.0628642518096593	7.78822200214494	0.143477969612756	0.706236738168078	0.949636763228538
SSR2	-0.200947982396083	9.03659061627852	0.700166934131089	0.406177025282226	0.859527794519345
SSR3	0.198423203082208	7.60569679223017	1.46801762247527	0.230593336177913	0.763956339056931
SSR4	-0.160215409060987	7.95819392243169	0.304022802057012	0.583498703076998	0.917296615982951
STT3A	0.0499621035250181	7.46400495557124	0.0943405481918312	0.759834832820001	0.962605436378368
STT3B	0.128505549932164	7.48616221477031	0.525344109093328	0.471497614637841	0.883268992551721
STUB1	0.0390995532218033	5.71837860833526	0.0413154810723383	0.839644713396241	0.975596590293488
STX10	-0.0834005490774258	6.03404636658911	0.116125229671558	0.734512267259477	0.957111420147103
STX11	-0.439036985297558	1.44155747985634	0.624362616259934	0.432663590987889	0.868056048359892
STX12	-0.0703927831368966	5.29151328942438	0.280409907307658	0.598462637754574	0.923186859187711
STX16	-0.109861437823081	6.4604007544313	0.263314008109101	0.609810061193601	0.925904490460572
STX17	0.0896218976930103	3.11219719060381	0.255960475808154	0.614834971546721	0.927281083936269
STX18	0.0025535028958594	5.45598834051025	0.000135814759043821	0.990741865247379	0.99794374851074
STX19	-0.971814324592978	0.249265634793323	1.73649555525183	0.19278745681096	0.735568908268061
STX1A	-0.262246606308959	4.05576099277794	1.07909645273852	0.303229828739023	0.805524086548159
STX1B	-0.78321670525902	1.97456434642961	2.76192081790949	0.101951999416938	0.638973097145631
STX2	0.217678200917996	4.23628028291733	0.932778235971883	0.338169413836771	0.825468790396497
STX3	0.31515493478237	4.95019174958421	0.862390774276249	0.356936052365337	0.835021290436372
STX4	0.0334564271729783	5.76013550466244	0.0298645215196248	0.863402269130114	0.981331999978394
STX5	-0.316131637566375	5.90172997779988	3.34252603870731	0.0726774913655052	0.591858782323252
STX6	0.0150773228818507	6.18416169858877	0.00736873340133925	0.931889491019497	0.991174000335611
STX7	0.179117372574737	5.78053783747743	1.40018427656359	0.241541213347675	0.771964209008048
STX8	-0.219437087477072	4.79520801156142	0.970511551404879	0.328662337856455	0.82084275221671
SURF4	0.127038093046273	8.06164330037519	0.78719537507813	0.378629893521033	0.845800497599963
SVIP	0.442014313307625	4.55907423763209	2.82177450552413	0.0983963998535193	0.636858901602355
SYTL2	-0.314217874956723	3.31531463846167	0.820274603843643	0.36886331163061	0.839416134784134
SYVN1	0.0217509706679693	6.26770368227934	0.0207016539585497	0.886095611871602	0.984286286638601
TBC1D1	0.0179467636694227	6.24178026322356	0.012331365833592	0.911964387047631	0.988013318303967
TBC1D10A	-0.391481575664646	4.23867729704078	2.49827497720375	0.119433394359434	0.66356261298645
TBC1D10B	-0.0461075891033338	6.53741349944062	0.0837404198939683	0.773327492675575	0.966359506105922
TBC1D10C	0.789514896251391	2.66173774684985	2.92761118327135	0.0924434593855722	0.627810684620154
TBC1D12	-0.247367536492625	3.41822381228641	1.02004972064178	0.316720454206681	0.812874235675844
TBC1D13	0.364636022330098	5.94436676825889	3.96626854662807	0.051157515899737	0.53952302549516
TBC1D14	0.496386247598144	4.22956650280969	3.05909358745432	0.0855998532210505	0.617483108902119
TBC1D15	0.30217619490306	5.23276395270847	3.96410092707497	0.0512189919035298	0.53952302549516
TBC1D16	-0.230715997188439	7.09923328614238	1.73544674122701	0.192919927352027	0.735568908268061
TBC1D17	-0.334249558087743	5.87479503896679	3.10300089425818	0.0834413947982094	0.612445242502743
TBC1D19	0.000691752480938762	2.90953592122258	1.33204966292983e-05	0.997100525842592	0.999137748807776
TBC1D2	0.0882992449938906	3.34229926022727	0.109208421552093	0.742243136328874	0.958210857930791
TBC1D20	-0.20560051374896	5.95317905545062	1.57947961134198	0.213895514375954	0.750903817879926
TBC1D21	0	NA	NA	1	1
TBC1D22A	-0.13717963986517	5.15788615535933	0.404534960137804	0.527269300720276	0.900441757147122
TBC1D22B	-0.212540689249886	4.64337131536575	2.41964653825951	0.125285895435375	0.671247195869202
TBC1D23	0.0654606115800221	5.23606346868355	0.11949441433447	0.73083963402869	0.956205363008999
TBC1D24	0.158439924621815	5.01823237700419	0.866237749908105	0.355873634542376	0.834263449197957
TBC1D2B	-0.13911696228736	5.28617108780611	0.598021078617415	0.442488167298161	0.871552862396475
TBC1D30	0.368800391345303	2.95816577844103	2.09678003012351	0.153017541186244	0.700331337363003
TBC1D4	0.0360723945096883	5.18545605326903	0.0157252068233274	0.90064228674729	0.986328653039409
TBC1D5	-0.0283048539476348	5.72332740129384	0.0226237826863421	0.880963690794821	0.983484415143042
TBC1D7	-0.217167622387461	5.10429341771223	1.0828589521361	0.302396128664945	0.805524086548159
TBC1D8	-0.088192633850989	4.99469077331231	0.0915868579226791	0.763256842452166	0.964015909912212
TBC1D9	-0.123181082564784	4.80033464400437	0.175754432117544	0.676602903539967	0.94351208682818
TBC1D9B	-0.0892059528895028	7.28978246250989	0.272909596258908	0.603385051592174	0.924543496994945
TMED10	-0.142051910008809	8.1269418294084	1.02450924349489	0.315674095758969	0.812173763575537
TMED2	0.258599378166527	8.06806939397737	2.13801288270307	0.149108999453698	0.697680628362035
TMED5	0.281078608590999	5.50788042657985	2.32670774238383	0.132629120154406	0.682123048705019
TMED7	0.309871766091439	6.25305151187519	4.74929964007249	0.033402959182842	0.478925392780745
TMED8	0.158387515205683	4.47884508774149	0.952902950525839	0.333053137282892	0.822629112847405
TMX1	0.127485422459065	5.30378693983748	0.319537066087349	0.574075692496655	0.915108560254044
TMX2	0.216211459789219	6.30192884404142	1.60821705386516	0.209831588984567	0.748055089318513
TMX3	0.635192553090331	5.38334991681898	11.3214505963133	0.00136649477523079	0.150086676146182
TMX4	-0.0918743137726033	5.91317546323579	0.195293329347161	0.660197623430855	0.940075453616873
TOR1A	0.445298287226065	5.4439934830087	11.4169557555901	0.00130913421106096	0.148602392455551
TRAM1	0.00481948693351721	7.82409967088779	0.000289728213110389	0.986478213491461	0.996920573651345
TRAPPC1	0.0602574605184263	6.6345810359494	0.0865764603348841	0.76963051977069	0.965396529726957
TRAPPC2	0.0572128244180604	4.35148321032911	0.110636855796215	0.740624722741607	0.958210857930791
TRAPPC3	-0.230799261618401	6.16683537135	1.3973018052962	0.242020522957243	0.772386323720584
TRAPPC4	-0.0186191363000817	5.52905970104039	0.00762553052032153	0.930715857433811	0.991174000335611
TRAPPC5	-0.355325906675013	0.629407868768684	1.34431715809022	0.25104577531612	0.777122453329413
TRAPPC6A	-0.493231899152706	5.00023206892365	2.12446953089173	0.150379908964803	0.697680628362035
TRAPPC6B	-0.298659751995178	4.76871801921103	3.52947012087841	0.0653377520314556	0.572616486588198
TRAPPC9	-0.620264195347192	5.67468319031659	12.162177512906	0.000939420378970674	0.125267023816434
TUSC3	0.355455705013076	6.58708401223615	1.10882017740564	0.296724770563416	0.801856527719158
TXNDC12	-0.0245468477346118	6.75099813592002	0.0206157045952488	0.886330661085404	0.984286286638601
TXNDC5	0.104206472536052	2.8353153133258	0.08028799737469	0.777920849193481	0.966390885575885
UBA1	-0.0303968845766524	9.29376226369755	0.0194013672663017	0.889706588737024	0.984918829425463
UBA5	0.285418771133247	5.28193240410874	4.29190076267023	0.0427711964794045	0.512114124278148
UBA7	0.00361751302064253	5.21639029387777	0.000127491212282187	0.991030034922761	0.998029410666689
UBE2D1	0.300230216128846	4.6063875176179	2.93080148575965	0.0922703661774862	0.627810684620154
UBE2D2	0.0584461251250447	6.77602879288446	0.174681180080003	0.677534643815904	0.943798478650021
UBE2D3	0.121405204223996	7.76310091106112	1.43259500745475	0.236231995712462	0.767838373324009
UBE2D4	-0.121257824740661	4.77596415988439	0.357681949197673	0.552134888068554	0.909152307219993
UBE2E1	0.204849534900346	6.43348842553922	2.56568801521388	0.114661721378463	0.659592735994324
UBE2E2	0.106409440393133	5.19997225594172	0.232465902700152	0.631523857334268	0.931849234444469
UBE2E3	-0.213222551165466	6.95883151996736	1.76847752156218	0.188799569600023	0.731643558136669
UBE2G1	0.289993575003627	5.57493269898685	3.07111817204212	0.0850026369136467	0.615756506302093
UBE2G2	0.137222545972385	6.67499870002531	0.534112180857415	0.467838082779712	0.881018045933445
UBE2J1	0.142473625269394	6.29133764169867	1.19380876890162	0.279099896878156	0.79163825198479
UBE2J2	-0.013918303339765	6.4965795558836	0.00486310234738151	0.944644758729162	0.992284802129318
UBE4B	0.0472359656988361	6.29470628719532	0.0876507126732087	0.768247380141692	0.965396529726957
UBQLN1	0.164276029109447	6.7894344807051	1.43601709419165	0.235679890014997	0.767820613940647
UBQLN2	0.0339313071706842	5.87876830131015	0.0320462392071266	0.858552814061928	0.979853932233604
UBQLN3	0	NA	NA	1	1
UBQLN4	0.0436394203023736	6.35923260153684	0.0486140931992831	0.826270308305918	0.973598728233316
UBQLNL	-0.175712271097018	-0.278296795219535	0.10995894383025	0.741391338697654	0.958210857930791
UBXN2A	-0.189793023322571	5.0776156673172	1.61006577856076	0.209573365188422	0.748055089318513
UBXN6	-0.0388852377272422	6.76938198379136	0.0350666304528335	0.852112497977956	0.978533176921875
UFD1L	-0.0668879037516379	6.26844017450672	0.090934012487405	0.764076355097128	0.96411530549833
UGCG	0.274819778109476	5.46464109675272	1.40614622840597	0.24055356828421	0.771513892945915
UGGT1	0.245232970940935	6.77356504175197	3.17050871516799	0.0802394450933588	0.607569727160898
UGGT2	-0.146096928378413	4.84211023954713	0.57965892459553	0.449544101836223	0.873375149009305
USE1	-0.0999832928557356	5.26669049507025	0.142367779538721	0.70732152313982	0.949636763228538
USO1	0.326915675517181	6.36368692535804	3.15620171126238	0.0809065068774899	0.608119932656139
USP6	-0.457687239071968	2.02410373624899	0.749693085780501	0.390156504623346	0.851994929646931
USP6NL	0.32849727324662	4.90337851772602	2.98227702279538	0.0895268316866506	0.624515675660023
VAMP1	-0.264666826414625	3.07868487083979	1.50411392874991	0.225016788496802	0.759713118258897
VAMP2	-0.309597637081411	5.54378595274088	2.40683977960936	0.126269691306048	0.672632945579657
VAMP3	0.00303026393788943	6.16116488636859	0.00027355217024837	0.986861071352596	0.996920573651345
VAMP4	-0.0830552480626686	4.13578097860869	0.181696297310422	0.671504245377661	0.942370110460789
VAMP5	0.790905354646354	3.81720914545318	3.5699854921502	0.063856733797267	0.567817523465653
VAMP7	0.0380809508124199	5.07465900312587	0.035422358433795	0.851373198463495	0.978296746929266
VAMP8	0.000235083902346845	5.73370589462223	3.09295425494288e-07	0.999558178607298	0.999966186055082
VCP	0.155203209023773	8.63761018106237	1.33494360024204	0.252685948059352	0.777122453329413
VPS45	-0.0674661093404009	5.95019066926097	0.209819826412538	0.648627708285346	0.937337066730585
VTI1A	-0.0831243524332699	4.39219892760521	0.253916101935245	0.616248094704196	0.927787385980655
VTI1B	-0.0339013051580311	6.14356454630561	0.060256477232876	0.806961330009941	0.969776130548394
WAS	0.0555067151536662	3.0990891677129	0.0239056152154749	0.877664433793261	0.983009591919116
WDR38	-1.63480042499562	0.843919018540528	2.77404608601565	0.101220228499541	0.638973097145631
WFS1	-0.0973259488191473	6.05338666301344	0.273854109768398	0.602760448771722	0.924325327346159
YKT6	0.226930084450459	7.49113386087165	1.72152653927532	0.194688457963581	0.736719924010719
YOD1	0.240209901083209	4.05079360360676	1.7428945577041	0.191981577983053	0.734205015459006
YWHAQ	0.00478315957006271	8.41716501201787	0.000799771015344883	0.977536162095096	0.995685133205146
