pspGenes	logFC	logCPM	F	PValue	FDR
A3GALT2	0.00953003680864551	-2.98433609587648	0.00124906101601026	0.971850662299477	0.990750959780755
ABO	-0.255144805175132	5.25636837340381	0.553682102114731	0.45789909817491	0.767912154663669
ACAP1	-0.57531317118335	3.30816571170601	10.7709790173577	0.00126377129428189	0.048133689207149
ACAP2	0.0435928591998217	7.08266437315051	0.0786761204247838	0.779458806303561	0.921356748099307
ACAP3	-0.188990936855717	6.19637685855126	1.34683096104444	0.247546712863251	0.600534793464674
AGAP1	0.143163900354542	5.97968337386737	0.742534853963401	0.390128599367959	0.721816009563453
AGAP2	-0.442471077326144	2.65792745760879	3.16194037171805	0.077256436859469	0.362684733007364
AGAP3	-0.147006653925446	6.36020341320442	1.15962038078399	0.283151344343936	0.633293698307023
AGR2	-0.684248797158391	9.36875811535195	1.54345645849728	0.21590624102773	0.568386195837087
AGR3	-0.466567520737268	5.06292284952425	0.498381643954135	0.481229907524461	0.782822990326478
AKAP10	-0.0164965934728332	4.87993544802255	0.0361877981479936	0.849367261265198	0.946898310573353
ALG1	-0.0744875268128174	4.2863346587892	0.32719945583945	0.568108711150691	0.831632426788781
ALG10B	0.31512508518765	3.97183846399351	3.1988094807951	0.0755677780526825	0.358725216613267
ALG11	-0.13924774179836	3.14750380566939	1.04552069816159	0.308071224443549	0.655962529999469
ALG12	0.0934269616667027	4.31050862389367	0.674392598168366	0.412735761649626	0.738267075495921
ALG13	0.158761875943606	4.95455550397546	2.77314308517713	0.0977978087091615	0.402153364806135
ALG14	-0.118128484104215	3.01925766013815	1.0699959446358	0.302493874879018	0.65116557776896
ALG1L	0.274585974603942	2.53221333426005	0.77667132827156	0.379471699360181	0.71338353898988
ALG1L2	0.64062415596281	-0.466597979975716	9.67604204925861	0.00220788569890976	0.0646254102696375
ALG2	-0.110015191630052	5.15069273830127	1.1210078463957	0.291283642763916	0.641342472776729
ALG3	0.0840728419240671	6.86922818340552	0.326281625785712	0.568651436306529	0.831822428162651
ALG5	-0.265015379662788	4.68815069434325	3.85125076595726	0.0514283814016187	0.300260225758415
ALG6	0.0598736232515418	4.26553683868189	0.393523209612324	0.531339748411798	0.809861794740013
ALG8	0.0659199166157479	5.12138668004681	0.218873660702867	0.640530621350501	0.863869379911036
ALG9	-0.183891433247529	3.20726334718303	3.30328613800271	0.0709961900851047	0.348776780813095
AMFR	-0.197216162207579	6.66581450553595	3.31534251756717	0.0704882192394881	0.347748815985729
ANKFY1	0.0283171830512156	6.63657542585821	0.0547759374788624	0.815248539931149	0.933394045887372
AP1B1	-0.215856471765444	7.52818935151361	3.34725821038975	0.0691623869189672	0.345456019257105
AP1G1	-0.221722831309353	7.13748886932305	5.71734395455938	0.0179494769098262	0.182340051060731
AP1M1	-0.0697189360836082	5.73278375371446	0.26402597753389	0.608070447868366	0.850086423612758
AP1S1	-0.182543658178222	5.26797241400533	1.40158320336533	0.238199440689009	0.590598608166117
AP1S2	0.29015790667515	4.37542437344658	3.21168405032547	0.0749875733639324	0.357348922227964
AP3B1	-0.213074333956939	6.23741969000683	4.67352724160896	0.0321042801030285	0.240414555505233
AP3B2	-0.53919566722586	1.92088758061292	1.2755023977532	0.26041282534205	0.612075822241694
AP3D1	-0.143318863563036	7.97590899821018	2.4210320174093	0.121674869005528	0.440365243087796
AP3M1	-0.0240478661454731	6.23502037560069	0.0597097311508301	0.807265695047803	0.930935188726083
AP3M2	0.160592948876468	4.69204273359069	1.02996020514673	0.311687068430407	0.65903855987003
AP3S1	-0.443280011088499	5.51713204567715	11.9186037253028	0.000709695737215229	0.0345534547525389
AP3S2	0.0426632267850035	4.55112561913373	0.130144892122388	0.718753616091619	0.898673490736785
APPL1	-0.0645427245436515	6.12621880904283	0.374108343332007	0.541633988908023	0.81567693154422
APPL2	0.028921001670518	5.88327465996368	0.0598024310064018	0.807119116131925	0.930867686967438
ARAP1	-0.105220131550705	6.95907081961031	0.587041116538497	0.444684788540565	0.759026582845306
ARAP2	-0.290687819244322	5.60103493413406	2.63572853909531	0.10643575879654	0.415267835377215
ARAP3	-0.0652393990392913	4.96560746759627	0.147039044984746	0.701885818463621	0.891548467366202
ARF1	-0.162533522687891	8.98481201545141	3.40401442547841	0.0668707009964653	0.34045220343192
ARF3	-0.0663299949697016	7.54551052442564	0.431876693801946	0.512005621428456	0.798980529693581
ARF4	-0.217973190564601	7.52977749745519	3.65867464471781	0.0575489461810386	0.317804750528766
ARF5	-0.134137612797017	6.20909411659522	0.992380362492706	0.320652554968224	0.665764903676678
ARF6	-0.333350369229558	7.50959912263641	7.38780436136468	0.00728452032116144	0.118541877741172
ARFGAP1	-0.05722720943977	6.33857832285749	0.294972186532527	0.587801041165056	0.84188621132975
ARFGAP2	-0.159837605335805	6.265607027955	3.61172988150269	0.0591563517981758	0.321872598418682
ARFGAP3	-0.0976180440820193	5.83925419164831	0.85735877943463	0.355861407296968	0.695428582461419
ARFGEF1	0.0183918681543405	6.92578793302713	0.0227345229536322	0.880337779823998	0.959202945722443
ARFGEF2	-0.0840535818000002	7.15111909819767	0.511658554712064	0.475455300338146	0.779839969498667
ARFIP1	-0.295890128236774	5.4291421998902	9.38690159479856	0.00256173682813566	0.0705215914197381
ARFIP2	-0.367975271089091	5.6986769879553	10.1005863575504	0.00177676346068595	0.0581098214875864
ARHGAP1	-0.281867220481247	7.67171961937633	6.78093032248284	0.0100734137000491	0.138766154285162
ARHGAP24	-0.0743667001849282	3.48557325170373	0.126106749701007	0.722967008254424	0.900630323494136
ARHGAP5	0.138141656090972	7.50702381325291	0.84060802770433	0.360590970969747	0.699263103169684
ARHGDIA	-0.326280785877327	8.2168980319888	7.67585506257958	0.00625337769133917	0.110486131153673
ARHGEF1	-0.293813071741225	6.90481912473475	8.98259813590433	0.0031567055849431	0.0788887992901602
ARHGEF11	0.0232657808538813	6.9100529271373	0.056804971855073	0.811921349051241	0.93237705761404
ARHGEF2	-0.286148824002435	6.2548353712127	5.16170477969528	0.0244108286323872	0.210642262137187
ARHGEF6	-0.15358480772163	3.69620701903547	0.510243223429435	0.476065459712595	0.779864810987103
ARHGEF7	0.00720576137287084	6.23290749232194	0.00462347785321584	0.945872859692581	0.981791444557225
ASAP1	0.379701386155943	6.23467918109086	7.26407234701339	0.0077799441651829	0.121795390211336
ASAP2	0.204187315077075	5.86682355137966	1.50873698100681	0.221120165146623	0.57304664679457
ASAP3	-0.241264204394189	4.52162175873385	1.49425002255698	0.223340444178436	0.575104032938379
ATF4	-0.203957635920881	7.75133023621457	4.26766427801282	0.040442759040395	0.268381207759487
ATF6	0.0266802937614047	6.37228084218084	0.0938125974797432	0.759779826386354	0.9137885068446
ATF6B	0.147138179194795	6.87357622167236	1.56956922703858	0.212081803913773	0.564111711738415
ATXN3	0.118599386422464	5.05585994407027	1.56713038992909	0.212435540529062	0.564410296114464
ATXN3L	0	NA	NA	1	1
B3GNTL1	0.0536331895533138	2.46039275559394	0.126497848787976	0.722555637612879	0.900574579077968
B4GALNT1	0.187778594623627	4.16423685064737	0.178476108596119	0.673248437435053	0.878539866162864
B4GALNT2	2.48495067695283	2.15460310942852	9.99774448488386	0.00187256535668975	0.0598127590418661
B4GALT1	-0.269304309968166	7.88442583137738	3.34088327288308	0.0694250430592848	0.345834560464812
B4GALT3	-0.00109723380314349	5.43994555998789	0.000104784044285688	0.991845313614941	0.998089137971162
BAG1	-0.266243445154481	6.14048970330537	2.5512958216676	0.112159979207085	0.425195886127273
BAG2	0.525040396281484	4.38559619953767	4.62351185625236	0.0330255471098883	0.243794329487102
BAK1	-0.317503278880462	5.61681166523183	4.62892995046834	0.032924414429522	0.243346279972952
BAX	-0.218750163839908	5.21448285952128	3.49515764254576	0.0633601228185964	0.332017195313262
BCAP31	0.125851531566062	7.49565992849053	1.12963397928127	0.289441192361735	0.639564921349903
BCL2	0.223812651618454	3.57164664821991	0.778022476926918	0.379058465247276	0.713069300649305
BET1	-0.209181837808059	4.74624239758353	1.52378631055323	0.218841788393604	0.570544841360091
BET1L	-0.213496508666255	5.98776094935461	4.24297707741243	0.0410189108472886	0.26993212691067
BNIP1	-0.147749789362737	2.88201287902528	2.10856503972252	0.148417919923612	0.480342776442031
CALR	0.127748544584752	9.45955736294153	1.89750029930494	0.170265682882849	0.51118780006606
CANX	-0.213419253613105	9.5175093762066	3.75118513756646	0.0545167528338917	0.308987200760228
CAPN1	-0.303533390279277	8.72543017368082	3.86618795988735	0.0509836420445539	0.299151093112048
CAPN2	-0.189757393051202	8.40450805836387	2.02414749626354	0.156745816872856	0.491991511832653
CKAP4	0.0461339641560362	7.72685678081506	0.081419017752888	0.775749402191975	0.919391986866012
CLTA	-0.268585444309516	7.10836660022278	4.04401307889227	0.0459930955674565	0.284926138054189
CLTB	-0.657208674436533	7.19415260522793	12.3755334124467	0.000565171233468696	0.0304807159688325
CLTC	-0.0254571913119532	9.39679690720543	0.0543098931528949	0.816021899000003	0.933620400738092
COG4	-0.124314942323957	5.9794221631881	1.65361797856962	0.200309150345307	0.552084091301634
COG6	-0.0458039352309616	4.9996696752978	0.131493913499977	0.717362542395603	0.898138315042585
COPA	-0.0249943734701583	8.32866855136661	0.0711178712783477	0.79005649666489	0.924653444651639
COPB1	-0.158295420743034	7.38144417277464	2.89557424413768	0.0907487668652629	0.389100292208781
COPB2	0.0525822790260408	7.83799577947726	0.22432166793281	0.636406630483305	0.862205999732773
COPE	-0.184413570841962	6.98214520690581	2.70166136427483	0.102190443855666	0.40909345566415
COPZ1	-0.0272488746393147	7.15173167264721	0.0755763763955567	0.783735790577189	0.922513938979162
COPZ2	-0.0409936139982807	3.50253695309029	0.0168270931449258	0.896950057392188	0.964290509951477
CRYAA	0	NA	NA	1	1
CRYAB	-0.404999714926577	5.16747731877193	1.12529494319946	0.290366089181739	0.640435805408983
CTBP1	-0.103982079132273	6.82556251490591	0.809706368646718	0.369547776686364	0.706875571162449
CTSA	-0.294508834337003	7.72787761251611	4.97828088284371	0.0270453390423957	0.221255196334307
CUL1	0.0570086943537012	6.17646704044534	0.307492047838197	0.579990890360156	0.838160794392524
CYTH1	-0.128802885413295	6.25792016118625	1.71004265817692	0.192839574991813	0.543711047348282
CYTH2	-0.220135773065786	5.71899564080438	4.71310150717499	0.0313945492121916	0.237642916036637
CYTH3	0.0335694368112092	5.50480149801199	0.0665906667854779	0.79669580056145	0.927180884340277
CYTH4	-0.231733330049448	3.20503260242876	1.05959929243123	0.304846829684374	0.652985031835719
DAD1	-0.151506374730711	6.37418075120775	1.95298746195755	0.164183436379806	0.501907445969527
DDIT3	-0.148414138960901	4.29044368164332	0.75527800357869	0.386100920528311	0.718497644230003
DDOST	-0.0135614648383177	7.64529754114955	0.0188284925191423	0.891030345444359	0.96285016009209
DERL1	0.161021165683156	6.58828097930596	2.29535551096891	0.131717589571173	0.455075273005744
DERL2	0.0239513788731722	5.13546314147328	0.0669328735060874	0.796185673501968	0.926969603009626
DERL3	-1.23346250604069	3.95099231690088	16.8304551842616	6.46827168921272e-05	0.00781621794605308
DNAJA1	-0.0651444299386976	7.12472239990462	0.257357049519001	0.612634255111297	0.850811405278642
DNAJA2	-0.0687854040913905	6.0873368406809	0.58483625280119	0.445539661879027	0.759882263137856
DNAJB1	-0.0641522125937341	8.20632912265027	0.0947952706072612	0.758564244108827	0.913306539154647
DNAJB11	0.200723053218049	6.43114181884354	3.01557674053242	0.0843763076867833	0.377460410643417
DNAJB12	-0.119427684988704	5.66588168561614	1.43792579604686	0.232232930691723	0.58481878325908
DNAJB2	-0.0547515329876859	5.53814590816308	0.226481914296204	0.634788367562011	0.861830001823427
DNAJB9	-0.166049288139421	4.65110973528891	2.07966956141778	0.151210272766657	0.484369215111913
DNAJC1	-0.141103657440868	4.84356783984119	0.883797216458166	0.348568705082147	0.688872497025729
DNAJC10	-0.0579948208826049	7.22035376062862	0.191704958385248	0.662086789777874	0.87386627265107
DNAJC3	-0.164343102012116	6.55595168590577	1.69960070454034	0.194196774462315	0.545614852300029
DNAJC5	-0.270258576981633	7.20645754253323	5.41509202385859	0.0212058261056551	0.197137842076819
DNAJC5B	-0.13801598429169	-1.28302351712797	0.180066314122593	0.671881373609254	0.878022040105487
DNAJC5G	1.46728176432343	-2.66083224874129	6.30457984039847	0.0130266814714447	0.156486981198023
DNAJC6	0.396799188082178	2.21402518342168	1.46465555731998	0.227960369544807	0.579621334108515
DNMBP	-0.173885586574499	6.1024016470889	1.28790713674682	0.258116692609772	0.610235967937098
DOCK5	-0.188348284687415	6.13457962110621	1.00305494451818	0.318071694746311	0.664206398181636
DOLK	-0.0205978764191609	4.40130317349399	0.0259441279827405	0.872238295417595	0.95536303996287
DOLPP1	0.0780314214514646	4.50644835165436	0.304485713219924	0.581847114375827	0.839150545197443
DPAGT1	-0.200175972265477	5.69184880734098	1.98652536169829	0.160628688271457	0.496931585585016
DPM1	-0.059247390238461	5.56166894408198	0.374204162765919	0.541582286757006	0.815639893199437
DPM2	0.0841921344148788	5.83527614275307	0.38927499208299	0.533561635201596	0.811449285985937
DPM3	0.0154420584750614	4.07569715915258	0.00841124862817728	0.927039918899017	0.975031603738553
DPP6	1.8251332818466	-0.856220423429451	11.7528662280895	0.000771015675176914	0.0359894827825661
EDEM1	-0.209565495539584	6.19592009357382	3.0804849428534	0.0811343842225584	0.370167170109562
EDEM2	-0.102593280303547	5.00412739462283	0.779819751108009	0.378509776799452	0.713018199457798
EDEM3	0.0392991830899271	6.78585493378949	0.0521473360619863	0.819657091378738	0.935325478705053
EEA1	-0.042887544861667	6.11037065546548	0.0894220203871117	0.765297948477249	0.915404269757544
EIF2AK1	0.0378370934802881	7.90698060040088	0.154114703730666	0.695151809722809	0.888326799250453
EIF2AK2	-0.0477373476177606	7.35503303286411	0.159105070484492	0.690509073512925	0.886480780746596
EIF2AK3	-0.0400149761383178	5.21868491400459	0.107958731124299	0.742906108676622	0.907794233771126
EIF2AK4	0.129247773691237	6.12128388228158	1.48988930902809	0.224014028600897	0.576000521840061
EIF2S1	0.0171718295831469	6.51000382279734	0.0211090064404172	0.884663688031615	0.960407191123657
ERLEC1	-0.0162915688394601	5.99391732131648	0.0309719584278402	0.860523594860624	0.95095888077577
ERN1	-0.249975014113655	5.52576088304714	2.96821365656342	0.0868310300578	0.38208627316004
ERO1A	-0.750212867016289	8.23955618941046	15.6745306899298	0.000112561358806398	0.0113272867061061
ERO1B	0.30148678638811	4.02651835549072	1.69869613097678	0.194314875767433	0.545634277973602
ERP27	0.40451852329361	1.27280420721357	1.5374103176625	0.216803499009443	0.569158206178951
ERP29	0.0608958495112791	6.58979844072838	0.260177005499017	0.610695452165706	0.850757070380603
ERP44	-0.181038341434454	6.69244717331294	2.99881395859378	0.0852363132907359	0.379165498315339
EVI5	0.115791356584781	5.01685933629065	1.17841881810841	0.279296965730682	0.629920275981597
EVI5L	-0.120113186055423	4.76888211902613	0.633988314200597	0.427065808643079	0.748832966524049
EXOC1	-0.218436761230477	5.65317434009681	4.89644234503741	0.0283155842572	0.225393548866373
EXOC2	-0.0951269746801704	5.23688176831774	0.828801786942067	0.363976919788582	0.701447610293898
EXOC3	0.0925173964419533	6.35484822843974	0.53326327880733	0.466296827304075	0.773536511012918
EXOC5	0.128383275724232	6.50048412061074	1.04408034647832	0.308403611156899	0.656169150861475
EXOC6	-0.0283757194534267	4.33651878775388	0.0294141202119982	0.864041197650643	0.951788947143504
EXOC6B	-0.038279272766158	6.05899316214356	0.0407959609138837	0.84018665674217	0.942797402652885
EXOC7	-0.141763269428896	6.37390693363477	1.89042230241794	0.17106011232753	0.512652163328989
FAM71B	0	NA	NA	1	1
FBXO2	0.324335049748109	4.00217028816644	0.720830478496155	0.397129229404205	0.726160817820202
FBXO6	-0.336766168187397	4.14402662692619	3.51993887280181	0.0624403113739383	0.329550347119879
FBXO8	-0.0440585816952644	4.03209032850134	0.1241479598616	0.725038216797952	0.90143692017824
FUT8	0.0218208526196275	5.56896790125665	0.0110586447996008	0.916379362599013	0.970577871704555
GALNT1	-0.306108796052061	7.15091776519716	3.50206442489297	0.0631023053335044	0.331298411813466
GALNT10	-0.021737104297548	6.06103544638585	0.0149215395510857	0.902929223926605	0.965695424923796
GALNT11	0.213563084269109	5.1364496315275	1.85569187541859	0.175021023764541	0.518276506648092
GALNT12	-0.562447008526981	4.74722091443293	5.28415045403526	0.0228030485344998	0.203827526352221
GALNT13	1.36081988255317	1.26403129571051	5.18556056899949	0.0240885166640046	0.209540149726289
GALNT14	-0.198285786089008	3.84501971834093	0.202600825840424	0.653233700153471	0.870657879473049
GALNT15	-0.012269950127478	2.56865110498308	0.00122847673017685	0.972083477360795	0.990887585551493
GALNT16	-0.103358400880623	0.981252218920593	0.0769127360136567	0.781880526707494	0.922140611988617
GALNT18	-0.0307222059495418	4.47710945332117	0.0121197891864885	0.912474844429968	0.969381355193995
GALNT2	0.196924774091792	7.07922342246019	1.94299756207774	0.165259733213476	0.5030349127628
GALNT3	-0.308350981097844	6.84505173066198	2.42879220140237	0.121083474527903	0.439850376079932
GALNT5	-0.319473527433127	5.19573627334531	0.752083807199	0.387104877513026	0.719457162106525
GALNT6	-0.427407871154639	6.1158633892278	2.37814530621559	0.125002061707274	0.445455380249741
GALNT7	-0.0152035859860625	6.35362177668874	0.00563366420701791	0.940261728854034	0.97971829954173
GALNT8	-0.0339364776592927	0.117792449434156	0.0052705605925074	0.942215414598404	0.980388369686398
GALNT9	-1.62748028928838	-1.19879926949718	18.0318053032291	3.65752998222735e-05	0.00500233725614722
GALNTL5	0	NA	NA	1	1
GALNTL6	-1.36181268459601	-0.851348636691846	9.1309332550315	0.00292346516053655	0.0755705697726668
GANAB	0.0292102204103962	9.02293092803861	0.0697690687118944	0.792010307549935	0.92485730367796
GBF1	-0.194030790819283	7.46003855300233	4.36306251263262	0.0382956986110708	0.261110191594949
GBGT1	0.0330845190953655	2.02172101487725	0.0195038712212458	0.889105718640995	0.96196698914739
GGA1	-0.0557654686341265	6.006650495917	0.387621089479272	0.534431216133695	0.811982471331385
GGA2	-0.129940393711945	6.10694214715618	1.68452830518877	0.196175727077817	0.547471468272112
GGA3	-0.133956049322788	5.94275654394429	1.40885915668402	0.236990084681909	0.589468021657764
GIT1	-0.0387028314023587	7.00574013018312	0.0849960360524319	0.771012131899648	0.917681330566792
GIT2	0.0528139303643303	4.96188649366841	0.347234511510455	0.556506756765817	0.825595690973606
GLT1D1	-0.123005416466054	-0.375763943991864	0.128992100864075	0.71994881735065	0.899306960315772
GLT6D1	0	NA	NA	1	1
GLT8D1	0.00882795632221441	4.97606221491246	0.00796238807502708	0.92900800231817	0.975737286433658
GLT8D2	0.129776898797321	3.1538166919196	0.244710505079545	0.621497191955104	0.855610770897562
GMCL1	-0.0368851772773249	5.59851401447432	0.0897185940791353	0.764920616998231	0.915361670315231
GOLGA4	-0.0725087847013223	7.41007578524364	0.251342981171551	0.616814184631664	0.853311806865035
GOSR1	-0.232563581090672	6.08442487918907	6.54638662484182	0.0114293004572953	0.146901418820828
GOSR2	-0.244745320852273	4.1560149120172	7.22218127455659	0.00795546156729408	0.123309194531319
GPAA1	0.109007905992329	7.0436873791272	0.788688116387496	0.375818757867323	0.71128510538872
GPLD1	0.164838456810486	1.18242884505109	0.303792338396091	0.582276927595855	0.839359349653358
GXYLT1	0.0437473813001302	4.4254818715303	0.102273335532814	0.749532034579081	0.910097567618627
GXYLT2	0.278091927601021	3.52290798426404	0.590827062956079	0.443222827911538	0.758316062436994
HAS1	0.928674336680718	0.0761941681846211	3.72771844021363	0.0552693602598014	0.310845082362966
HAS2	0.927482481448737	3.281924227321	7.43553429658851	0.00710222669875811	0.117290260843224
HAS3	-0.357281230051088	6.66752421693646	0.671807701066044	0.413630877812927	0.739126632985814
HERPUD1	-0.489159933164108	6.75379569108602	10.5910928530422	0.00138436938689859	0.0506127466371709
HSP90AA1	0.310260648247189	10.5177720486998	4.81230908047725	0.0296870315854771	0.231173160811445
HSP90AB1	0.189342761518362	10.8742891379517	1.76662528514127	0.185676212811567	0.533805806161593
HSP90B1	0.195868294535126	9.77892265150843	3.69907750321276	0.0562030190482209	0.313114342440617
HSPA1B	0.524159763615134	6.85401268281992	5.02282808074803	0.026379204429529	0.218726857532708
HSPA1L	0.272857511908009	0.894266279323135	3.21827411446294	0.074692456654079	0.356743435576278
HSPA2	0.770652903482475	5.27130623676277	4.77043068938743	0.0303955793574512	0.233846225335297
HSPA4L	-0.324220828882254	5.5988689995685	1.57971646930285	0.210617553049197	0.563039548726304
HSPA5	0.0889438831392709	9.63184983007732	0.655918282250614	0.419197179700918	0.743172746045233
HSPA6	2.12832483382335	4.7334285700522	14.4559805291679	0.000203091059227716	0.0164021710722076
HSPA8	-0.0969250572354683	10.094475120008	0.525748525630032	0.469449775121923	0.776398667678886
HSPBP1	-0.182798079329853	5.74674519375009	2.91209835101227	0.0898408522687247	0.387761302837864
HSPH1	0.58242502567228	7.93860130453754	8.89190505211932	0.00330864841405258	0.080415122884029
HYOU1	-0.0624246487070007	7.92009987132045	0.189220445461093	0.664147353562026	0.874568729683806
IFT27	0.239032838104544	3.97894153948004	2.81288212986453	0.095446007343915	0.39850689713509
INPP5B	0.0775564284359669	4.46723338468519	0.345105277277115	0.557718085891747	0.825991907170732
INPP5E	-0.0362298789574111	4.52937599961723	0.082723044572839	0.774009578838978	0.918741339606533
IQSEC1	0.0180580714862522	5.88206993650215	0.0202110251885311	0.887126614773009	0.961111305953236
IQSEC2	-0.0835916036688313	4.41854382284337	0.386845821378167	0.534839720322952	0.812027818966543
IQSEC3	0.395655747393272	0.773970296656897	1.37487417260058	0.242704049430718	0.595460057348408
JUN	0.31810170652209	7.94307224767421	2.68180746772223	0.103448781140877	0.410875110079074
KDELR1	-0.125683629172301	7.8463703938389	1.47513054814333	0.226312045003435	0.578830794977426
KDELR2	0.0316116171527946	8.44313101196215	0.0607362264448103	0.805649248138805	0.930242151550271
KDELR3	0.240027968274579	5.33399032584558	1.16912287597227	0.281194583310446	0.631822840008236
KIF20A	0.314350247029416	5.42365541402808	2.93510173646918	0.0885934500487107	0.385048146542778
KIF23	0.500069388572808	5.52825618968865	11.1167234168593	0.00106126770669757	0.043456186899133
LARGE1	0.0776102009469926	4.56757923187071	0.146373057492195	0.702529157705086	0.891786005979689
LARGE2	0.0990311058671915	5.67775529254779	0.125507744065952	0.723598457535738	0.900912566259479
LMAN1	0.15794909843126	7.46467946968787	1.44019691036399	0.231866150525543	0.584600352200691
LMAN1L	0	NA	NA	1	1
LMAN2	-0.277358029562759	6.69661546998263	6.38776482688576	0.0124525078659215	0.154063942918467
MAN1A1	0.183272792784829	6.36888951581154	0.605978910217371	0.437445668433244	0.754727401751396
MAN1A2	0.156714657546068	6.60739354321484	1.97980667460472	0.161333667076436	0.497935040379823
MAN1B1	0.0645748791612517	6.14451106141419	0.303975552436835	0.582163293621023	0.839338487782081
MAN1C1	0.0307041091433465	3.31509202878268	0.0152055434090182	0.902014454230031	0.965354859968485
MAN2A2	0.0587209794576998	6.01719602727642	0.109346571931735	0.74131819325598	0.907597948256578
MAP2K7	-0.0405927775808403	5.35031179526853	0.173246927933534	0.677795129635007	0.881030386491896
MAP3K5	-0.22921443554776	5.56929407057238	2.54694247830679	0.112464245737766	0.425624574172929
MARCH6	0.200396127804972	7.47914125255401	2.94356595651576	0.0881392411317094	0.384393197407117
MCF2L	0.0287656475165353	5.71695988321459	0.0130271491475786	0.909271426666581	0.967986457065644
MGAT1	-0.290556530159829	6.99025961216272	7.23434761145326	0.00790406863783472	0.122716987225908
MGAT2	0.00329739275494026	2.24800136134012	0.000640966192598511	0.979833143951537	0.993591026510745
MGAT3	-0.283284640478283	3.98338094965509	0.544255728770769	0.461745651673704	0.76993432602993
MGAT4B	-0.559779678480741	7.68335152844781	10.4805440015907	0.00146426834051646	0.0523880738380495
MGAT4C	2.27854804678666	0.25323564601982	9.69520187667093	0.00218628837709332	0.0644933637042754
MGAT5	-0.0683065593377241	6.81001100551747	0.154166768141003	0.695102926818165	0.888326799250453
MICAL1	-0.309674454066929	5.41403710310737	3.34637393086841	0.0691987562249817	0.345499797161529
MICALCL	-0.671461167515405	2.67879396867133	7.25990609797107	0.00779721944922071	0.121938948028899
MICALL2	-0.129975562831987	6.0113394714286	0.571518963423754	0.450757990936101	0.763416480315003
MOGS	0.00201637751604367	6.10213289651752	0.00040897468246579	0.983890363412054	0.994996957299166
MON1A	-0.160335654713946	3.66840636248931	1.36907737450751	0.243695459084631	0.596433436505406
MYO5B	-0.458884604732957	6.59366661686668	3.87724137536701	0.0506571826100206	0.298225181624446
NAPA	-0.462793682987514	6.48653091861026	19.1437415948214	2.16836860086127e-05	0.00343389699112183
NAPB	0.362639698022346	3.92893024128126	8.14240970423679	0.00489130643106339	0.0973376449763666
NAPG	0.175208383476414	5.4235981617613	2.11549078534456	0.147757401027503	0.479435016732278
NCKIPSD	-0.0645516961941621	5.05785466257158	0.277066089563119	0.599353323524738	0.846451803324938
NDE1	0.00142308042885284	5.99203569919083	9.3527183960165e-05	0.9922957665495	0.998100799615829
NET1	0.00999920742485341	7.61356356959553	0.0047673237807342	0.945038630392789	0.981552570152904
NGLY1	-0.171196475573415	4.52573688335235	2.74910062054678	0.099251581382919	0.403926997989194
NPLOC4	-0.0799104936053549	7.46872031895957	0.706576846124734	0.4018261969679	0.72983429441976
NSF	-0.118373135665137	5.9411399163007	1.07216504554737	0.302005946612514	0.650890417744195
NSFL1C	-0.022207897463839	6.39684121143452	0.0455767069919518	0.831216570382067	0.939219474491195
OCRL	0.0382183297788865	5.89474485279359	0.124547829104038	0.724613912329966	0.901394978366331
OPTN	-0.429260369381123	6.51825664775912	12.4686348658497	0.000539621392284668	0.029899687293279
OS9	-0.0441124219782682	7.41715474823221	0.247165575485774	0.619754601835274	0.854836123985192
OSGIN2	0.286376148790092	4.82185624728018	5.88861642752849	0.0163401802909916	0.174657081625451
P4HB	-0.255163527520283	9.65210876001805	5.46025680017282	0.0206824328979342	0.195021536654949
PAK1	0.0108963181278049	6.65850226395546	0.00392544022064645	0.950120087311697	0.983410653948114
PARK2	0.259609735849571	0.811377699844314	0.943416993817441	0.332854093657447	0.675398933006972
PDIA2	-1.91175694029793	2.10981391361163	14.3368877977389	0.000215225431275302	0.016997160109298
PDIA3	0.0466898189105367	9.22703072957832	0.162901092237659	0.68703373689672	0.884593738556177
PDIA4	0.0713934273362042	7.97224274657184	0.234244652633101	0.629050283699174	0.859291026771788
PDIA5	0.0498718342813411	4.79393304648536	0.110031953704292	0.740538129289872	0.907505824926483
PDIA6	0.146500494643616	7.4081370625902	1.5687122632508	0.212206020324768	0.564111711738415
PDILT	0	NA	NA	1	1
PGAP1	0.16847188610194	5.47121527585635	0.623636061868398	0.430858028235937	0.751176181609116
PICK1	0.081541302737434	4.40983501491302	0.632833118919137	0.427486462939231	0.749162435125001
PIGA	-0.0813937715090537	4.37234454880649	0.378677948314449	0.539178407652273	0.814406286477223
PIGB	-0.0705067238060314	3.52425110581439	0.558241596465309	0.456056765818663	0.76635161547625
PIGC	0.104260942067642	4.49390088662462	0.989028037735012	0.321468783408418	0.666483444082953
PIGF	-0.0568845024038759	3.50039497930092	0.32753139075131	0.567912682592532	0.831613154385571
PIGG	-0.146522181339762	5.48333907474949	1.23820921526709	0.267471160312326	0.619579258697475
PIGH	-0.0208509923858768	3.72078893276379	0.0337615532828502	0.854445593605432	0.94897851366727
PIGK	0.105820703313886	5.08345018676906	0.923867346414816	0.337899442363871	0.679968254415771
PIGL	-0.358431797478817	3.48494305312554	8.37802703236805	0.00432360201967913	0.0911879630973357
PIGM	0.0133016339105625	4.56261621448186	0.0106857957968231	0.917795977624086	0.970977221993992
PIGN	-0.118193028758314	5.02275230629086	0.584675636150716	0.445602036302408	0.759912453592488
PIGO	-0.140087808917516	5.69383937167485	0.959897321760824	0.328679143626575	0.671843817383309
PIGP	-0.0205767134498969	3.69590649295337	0.0288513652294215	0.865335412652398	0.952430536305053
PIGQ	-0.134862709681073	5.48891322926421	1.53510235433292	0.217147184445149	0.569567472356443
PIGS	0.169719170679884	6.22610296246898	0.973107935993738	0.325382896316599	0.669796425468044
PIGT	0.111808138235802	7.68225441998668	0.592782589845056	0.442470610244541	0.758063257836844
PIGU	0.0885099425430328	5.2493403111542	0.720082732856947	0.397373641728001	0.726269544187196
PIGV	0.00737222320380002	4.17075418051194	0.00345828602598298	0.953178431155652	0.984633464423837
PIGX	0.108171024321619	5.67236845727212	0.306405464749472	0.580660412828751	0.838443764353791
PIGZ	0.30138312338569	3.36159319115227	2.20086391866837	0.139883708430923	0.467012664734056
PIK3C3	0.0116074913356911	4.97095915079613	0.00892962589822436	0.92483182668914	0.974109818451185
PIK3CA	0.36408011065239	5.65927851477756	7.15868787668671	0.008229332468998	0.125436871661439
PLAA	-0.227938000678041	5.32912675114636	2.93101399295858	0.0888137237991731	0.385504968450475
PLIN3	-0.564893256478391	6.62504424725006	13.0154004937627	0.000411613997005805	0.0255361928987787
POMT1	0.14411189469265	4.47631499795194	1.11850456757168	0.291821133772661	0.641707640291458
POMT2	0.400702150571191	4.67230178505841	9.68487050370085	0.00219790704135531	0.0645393071266408
PPIA	-0.0579743923091538	9.47440846555985	0.222496339940187	0.637781461956081	0.862849416455955
PRKCSH	-0.0115428565458232	8.39752140640341	0.0141588789505069	0.905430399805184	0.966732738360533
PSD	0.343955775960239	1.92595876890696	2.1937051280675	0.140525335291026	0.468081442397664
PSD2	-0.475512513806681	-1.12512371186697	1.85938903519942	0.174594350543681	0.51766850560241
PSD3	0.303729143668056	5.78439705682461	2.31953870353798	0.129714957477313	0.452375338903848
PSD4	-0.537806628497667	6.60201895144903	13.7764823405492	0.000283054358778126	0.0198527333363054
QSOX2	0.25150722797067	5.2485555841643	3.32596255345538	0.0700440203979071	0.34671417105544
RAB10	-0.470900251658671	8.24158419025092	10.273075386299	0.00162720750689475	0.0555120517505478
RAB11A	-0.423909227283613	7.6884309479331	11.7331510951993	0.000778661746533634	0.0359894827825661
RAB11B	-0.0946831258593636	7.02766404101295	0.90819674786734	0.342018469154431	0.682879476999846
RAB11FIP1	-0.733819046540375	7.73189629985806	6.69582088316089	0.0105450422837795	0.141268823364489
RAB11FIP2	-0.14686094690102	4.6323261493375	1.65218737075321	0.200502937032184	0.552314645460165
RAB11FIP3	-0.011844814425845	5.27424595133111	0.0102576992104831	0.919453671846663	0.971730992475468
RAB11FIP4	-0.0760553583197405	5.52692706286253	0.113090999797113	0.737088993644637	0.905977117352492
RAB11FIP5	-0.0351099684398091	5.70007512206928	0.0920162570017674	0.762020066234524	0.914289229437439
RAB12	0.208739736403243	5.2093460964691	1.53610009005848	0.216998528567732	0.569446077627289
RAB13	0.0594031315413186	6.46554927698332	0.327209755608747	0.5681026264999	0.831632426788781
RAB14	-0.10826045359037	7.05811723159544	1.06704246210113	0.303159893784094	0.65159170151383
RAB15	0.490208616267076	5.22754902514506	4.20948857928997	0.041814422750426	0.272293366111946
RAB17	-0.287894739883522	3.60742158722659	0.56841806847518	0.451986801532461	0.764297052450617
RAB18	-0.108885746770315	6.75546796335096	0.591440414084322	0.442986681596106	0.758063257836844
RAB19	-0.0935193922010436	0.810915582131324	0.0699134449515588	0.791800210198109	0.92485730367796
RAB1A	-0.135301069237153	7.25440634157007	2.71175900837743	0.1015569455036	0.40765033794795
RAB1B	-0.0512120347290636	7.37404921076507	0.168682515163738	0.68183014396423	0.882768819098794
RAB20	-0.30895069460125	4.00925490961075	1.68376415395667	0.196276689496606	0.54747824087432
RAB21	-0.0108512507173999	6.64555471821254	0.0092487183636821	0.923504668547407	0.973422965456558
RAB22A	-0.180203515653175	6.50847700736287	2.93660619519036	0.0885125307097509	0.384996319234033
RAB23	0.389404925995016	3.71243839452658	5.10120944154446	0.0252486131465001	0.214010580570077
RAB24	-0.366537356787306	2.73638011064997	6.76924470494687	0.0101368522934393	0.139126429600156
RAB25	-0.654258314231341	7.10629723689925	11.3144594077853	0.000960695486178578	0.0410133902913082
RAB26	0.353466107729993	1.43572484821457	1.43955233087209	0.231970177134988	0.584665162350485
RAB27A	-0.201791413445446	5.0843621977606	2.02867995242095	0.156285340817582	0.491478509351656
RAB27B	-0.343973106645715	5.91357576067652	2.0571988366884	0.153423231919948	0.486751542096088
RAB28	-0.0697331833303698	3.64736982319598	0.417123940137992	0.519292893525578	0.803053084920138
RAB29	0.156644824876164	4.49177964867035	1.12994939978054	0.289374105605217	0.639560559979094
RAB2A	-0.188667516275822	7.24584448045082	4.46920610863094	0.0360478758618627	0.253007822908231
RAB2B	0.140972310706944	4.66778713370515	1.56837089547844	0.212255525613726	0.564133276458661
RAB30	0.037367734866142	4.30962553723672	0.0501403445407475	0.82310245482482	0.936375750969933
RAB31	0.291764938873201	6.63356023869622	1.51801689038227	0.219711889170834	0.571517729499702
RAB32	0.341811973303641	4.26335477190121	2.78510424318599	0.0970832982988324	0.401062438307767
RAB33A	-0.194157319920084	-1.12451091618307	0.974404671582116	0.325061719448227	0.669595541622353
RAB33B	-0.0652500373843811	3.93520374751668	0.443801617398273	0.506244405447553	0.795591137339988
RAB34	-0.00229908984772363	5.70676934266835	0.000108628639126909	0.991697066212952	0.998065793400058
RAB35	-0.0693476943629309	5.87731956948724	0.543446463697462	0.462078280902091	0.770150874532701
RAB36	0.331201481715819	3.56950665544665	2.02252114650908	0.156911425094623	0.492095565020722
RAB37	-0.426186315688252	1.28384260580855	2.05197608906813	0.153942863337774	0.487628888827275
RAB38	-0.355860536535399	4.85420799945231	0.826064373039889	0.36476830032553	0.702073395285287
RAB39A	-0.108360662533672	-0.44315096327759	0.0765267047217068	0.782414657934313	0.92228629308143
RAB39B	0.504047154993496	0.0671036352985507	1.75471742260392	0.187157445708568	0.535862630500058
RAB3A	0.150212105475238	1.50827646508566	0.583066594732053	0.446227647934072	0.760219983407072
RAB3B	0.802364755666474	4.57664420922147	3.34172768192852	0.0693901904147135	0.345834560464812
RAB3C	-0.096034077953394	0.992032848907066	0.0413136119039756	0.839189816280135	0.942189861358937
RAB3D	-0.393310828800846	6.09698552884969	4.70295301739014	0.0315749626399614	0.23834898416302
RAB3IL1	-0.184053591224669	3.26736913755045	0.708880396856281	0.401061645969285	0.72937708465215
RAB3IP	-1.35345043535739	5.54617298380515	51.1029525086451	2.87278887069423e-11	2.2750783684933e-08
RAB40A	0.530779290743593	-0.83953703463458	3.59549088020325	0.0597235422010686	0.323148134594824
RAB40B	-0.0985574276885074	4.74391387086873	0.310992144417444	0.577844702673161	0.836988844111718
RAB40C	-0.171501149142636	5.65632779336385	1.88240961717713	0.171964635239253	0.514119893906474
RAB41	0.113447338747416	-1.11990740338931	0.362412938401958	0.548014008492662	0.820454972556188
RAB42	0.361982011310937	1.32648881790227	2.56060635233753	0.111512306362109	0.424344730761286
RAB43	0.169516460051945	1.96109742920564	1.08628484534664	0.298854594796997	0.648187511375356
RAB44	-0.595364978538031	-1.26904579482016	6.15239455439305	0.0141494323781619	0.163156986464342
RAB4A	-0.11822771403313	5.1347059249722	1.38778824490629	0.240513121426244	0.593289109512371
RAB4B	-0.172067845714232	3.61190870720357	1.49509748670827	0.22320982315064	0.574866076245794
RAB5A	-0.28945017516274	6.04988278108287	10.0569490744673	0.00181678471317311	0.0588430949781116
RAB5B	-0.215465826057893	7.46764678562457	5.0248427708714	0.0263494881430071	0.218651337213166
RAB5C	-0.161027572749991	6.70862236913633	2.73997355313347	0.0998096854511768	0.404401662261614
RAB6A	-0.383316405686941	7.68707075840503	8.48405272262199	0.00409071149461908	0.0882965696998518
RAB6B	0.348110617375179	3.61432344482143	0.951447456837326	0.330810926456416	0.673598833738046
RAB6C	0.225642501024029	-1.40995946355171	0.963401800599877	0.32780039882931	0.671133574154887
RAB7A	-0.135661997247703	8.57171494355162	1.16366236983408	0.282316903299975	0.632320148041946
RAB8A	-0.227338135356865	5.80063846285049	3.40618273049612	0.0667847910301752	0.340212181779327
RAB8B	0.0404170717299584	4.84761115783479	0.0821062569091014	0.774830628045846	0.919156202009523
RAB9A	-0.293245891496193	4.66008142593459	6.02332432543998	0.0151804217819298	0.168299082902168
RAB9B	0.576817803655367	0.617633841300941	3.16723034859447	0.0770116513361998	0.362006495399924
RABEP1	0.0041896908228586	5.80011249391139	0.00151523145751391	0.968997518178772	0.989552210306852
RABGAP1	0.108803937880795	6.24998868614426	0.920799960243175	0.338700405441624	0.680715661447725
RABGAP1L	-0.135855014539148	6.02719809032201	1.44199300481195	0.231576583608534	0.584212947446733
RABGEF1	-0.0778366432509496	2.7561570920267	0.44691305325776	0.504759593530529	0.79444204304584
RAD23A	0.0815499452816291	6.8143195949076	0.470566874984493	0.493710772750584	0.788286730766374
RAD23B	-0.100274618730839	7.7480356165737	0.813109466077039	0.368546279003156	0.706185280865049
RALBP1	-0.0171080136717148	7.0258310250576	0.0153162891087769	0.901660097758741	0.965323275648456
RASEF	0.288709004055718	5.69847123601425	0.7230560154748	0.396403067894986	0.72599500334118
RBSN	-0.145427577100514	5.11600876660704	2.34920913911406	0.127304522825582	0.448374784888087
RBX1	-0.0807527360271012	5.54098133356745	0.505772725997136	0.478001158062322	0.780839424345929
REPIN1	0.255085710820205	7.23432367676027	1.5767961871309	0.211037709630573	0.563203829585883
RER1	-0.206605295075605	6.30148119702358	3.47986541165936	0.0639349969197514	0.333254641641143
RFT1	-0.0242194983492159	4.21743229245133	0.0463712289198243	0.829774296137985	0.938729221070331
RFWD2	0.0323049330555775	5.81314872857293	0.124530386577362	0.724632404737029	0.901394978366331
RNF185	-0.171115718024285	5.40595799576445	2.89754390667562	0.090640018388485	0.38901095947461
RNF5	0.078201583085193	5.66503916319607	0.37084686331074	0.54339926821196	0.81723099821211
ROCK1	0.22723217671408	6.95612724008432	3.12348955175596	0.07906129468099	0.366262144504762
RPN1	0.0417981562053718	8.49185292523184	0.142799005627036	0.706010664948899	0.893432935090525
RPN2	-0.0565210241405425	8.74357615466392	0.226746188734665	0.634591047933768	0.861830001823427
RRBP1	0.0819999800737249	8.80839148376859	0.272693724355784	0.602246522035718	0.847131765767506
RUFY1	-0.325682806440901	5.38914220410453	9.32522320391914	0.00264446846576496	0.071987855052725
SAR1A	-0.0884926273740192	6.21053381466878	1.03011308862524	0.311651272705472	0.65903855987003
SAR1B	-0.287587180876859	5.95958092534726	8.37217716130131	0.00433684205294988	0.0912176609352327
SEC11A	0.0807056108289017	6.17016882519329	0.535450105411053	0.465385706053818	0.772877277263126
SEC11C	-0.268647634723305	4.5991575503529	2.76191356296569	0.0984738839800703	0.403016960701351
SEC13	-0.384872576284679	6.24184056685368	10.8845931827045	0.00119319581270548	0.0465655885972701
SEC16A	-0.0826330008401101	7.99775346954442	0.525461605306259	0.469570838999033	0.776527451203183
SEC16B	-0.279360402151989	-0.442293034188577	1.13976307978341	0.287296749749246	0.637497927964976
SEC23A	0.0825805462403161	6.58743530829473	0.435662028208432	0.510164572974041	0.797730274938573
SEC23B	-0.0807921753998895	6.44216402279768	0.456605865877516	0.500181614380046	0.792061712282575
SEC24A	-0.418914160686694	6.12707724283324	10.9800819224628	0.00113700479770003	0.0448967681863469
SEC24B	-0.298509881886881	6.10207941590614	9.80757399531856	0.00206390927250792	0.0628552288466505
SEC24C	-0.309585990107848	6.31451730285247	5.83891545050076	0.0167910645955703	0.177085994607821
SEC24D	0.0292328840790656	6.32075497736445	0.035628335031224	0.850522233028467	0.947547521830329
SEC31A	-0.198632278159692	7.97069787435884	5.70686183873833	0.0180531855168305	0.182829173000978
SEC31B	-0.0960767356137173	2.46882988877595	0.295829705873585	0.587259300446289	0.841711289054846
SEC61A1	-0.130226152895871	8.60146426714143	1.43061873405451	0.23341780282268	0.585717898702247
SEC61A2	0.116647779356195	3.19580472378967	0.83960019312858	0.360878299999656	0.699263103169684
SEC61B	-0.168876244333052	5.8424928557415	2.0711081534076	0.1520490896191	0.485347512739947
SEC61G	0.701917500081232	6.82672089276462	6.42245987560838	0.0122208562160493	0.152432283342515
SEC62	-0.0542330742502099	7.87833132571867	0.147807033822365	0.701146019369841	0.89119439639195
SEC63	0.00452709379134148	6.64072909442556	0.00254912997102728	0.959795220613626	0.986482609497639
SEL1L	0.0135504154592308	7.17038177588327	0.0114261318404782	0.915006559103016	0.969970136585775
SELENOS	-0.112393745084392	5.61318214279297	0.858141464645703	0.355642516160566	0.69535802472483
SGSM1	0.83385410847858	2.14151355605271	4.76489574894852	0.0304905497383387	0.234337203340197
SGSM3	-0.293567963691126	5.77682495746565	6.69005087431528	0.0105778334946725	0.141305614681489
SIL1	-0.177083342995068	4.8954545907977	2.3493902956945	0.127289960944621	0.448374784888087
SKP1	-0.144623627476926	7.29223268044133	2.2595343371348	0.134748272723229	0.459582949214376
SMCHD1	0.219233731069793	6.74315302598637	3.31995762620259	0.0702948124011658	0.347327943600495
SNAP23	-0.0875854561954959	5.27043077984443	0.955187506937385	0.329865089671129	0.672400967625133
SNAP25	1.34592843273835	1.22469274900307	6.62390207360249	0.0109614022225435	0.14388788766003
SNAP29	-0.0539155786921831	5.52352626308894	0.332583171628928	0.564945462996079	0.830092979592197
SNAP47	0.108783468097791	4.72079738421337	0.963564665112997	0.327759637014788	0.671133574154887
SPCS1	-0.238231100460172	6.0966001728999	4.0837544594819	0.0449505682276738	0.281715819079874
SPCS2	0.0668994404724451	5.70376826831426	0.217453226182752	0.641616129976031	0.86441499700603
SPCS3	-0.0449150526146192	7.07441514855532	0.229727150864709	0.63237504182818	0.860953578801833
SRP14	-0.0502882195627251	7.4276899458944	0.276269412813752	0.599878302838279	0.846451803324938
SRP19	-0.240079532482005	3.91528903486577	6.10850179897871	0.014491609633247	0.164916052290003
SRP54	0.0117820767753345	5.75602291363158	0.0119886963770127	0.912947575532505	0.969381355193995
SRP68	-0.169577023391919	6.55824951783341	2.81409003557459	0.0953755025721509	0.398355565920801
SRP72	-0.201709657192002	7.10145599572835	4.60066392212974	0.0334556394980119	0.244866635090168
SRP9	0.0293019523531931	7.37123818938605	0.0919179446214497	0.762143359932928	0.914309801262466
SRPRA	0.0906629139964324	7.89655932076007	0.267165894048075	0.605946890960227	0.848982536134874
SRPRB	0.0262652004510295	5.79964418117839	0.0512318802332285	0.821219826986674	0.935923706477678
SSR1	-0.0923275843953689	8.03426575849086	0.805996239845752	0.370643981628779	0.707542979495983
SSR2	-0.0620158587151192	7.39238967259731	0.332153055081702	0.565196922746744	0.830128560167273
SSR3	0.0485864935209068	7.68081992232905	0.18050495540643	0.671505538595645	0.877873846819483
SSR4	-0.172527518204918	7.00672884640248	1.72827308372973	0.190496727338338	0.54046453495417
STT3A	-0.0909369014317637	7.07156376155248	0.547810262230941	0.460289158501938	0.769179766870967
STT3B	-0.0801829038292213	7.6150971103771	0.648821054670894	0.421719678610939	0.745039772656245
STUB1	-0.185534881773243	4.86271332118475	2.4492397481947	0.119540513237451	0.436920793861557
STX10	-0.0997834974333615	4.8714278628402	0.836340643607523	0.361809759906827	0.699910256751578
STX11	-0.226797772327404	2.89839733435608	0.732919369912014	0.393207840767321	0.724146534188936
STX12	-0.361943255284347	5.70153668548039	14.1800143718747	0.000232345701433877	0.0177864396288949
STX16	-0.00442670162670805	6.10345410242255	0.00208891731190956	0.963602142082377	0.987667770980208
STX17	-0.216550435282811	4.49061873122633	3.72381602049587	0.0553955909149552	0.311056188855756
STX18	-0.299529949463052	4.50794224127107	6.9756006396076	0.00907499970964608	0.13207136119693
STX19	-0.439037568755869	1.63724752955354	2.45202999703042	0.119331670334881	0.436920793861557
STX1A	0.176310352715943	3.76953013175881	0.687162753293208	0.408355435962956	0.735044670536575
STX1B	0.0337134530752349	0.96377782691213	0.0223647601899182	0.881307547691401	0.959331673587431
STX2	0.172900871764959	3.77160086545169	1.18818068492478	0.277321699192447	0.628493724436043
STX3	-0.16560383573993	5.80026897448457	0.834826617320772	0.362243548269917	0.700125007958218
STX4	-0.160668593779265	4.97547436427987	2.63938569543971	0.106195238685801	0.41492217023402
STX5	-0.185060410503116	5.38978132255901	3.82986612690716	0.0520723137720248	0.302718523161683
STX6	0.0330927541317442	6.04951907074138	0.078690588874149	0.77943905797591	0.921356748099307
STX7	-0.127329729760029	5.96884167875201	1.08045011051637	0.300151637884947	0.649357393753249
STX8	-0.0511698187859508	3.89044421799591	0.1968106009433	0.657901834285608	0.872668325331496
SURF4	-0.0218832954035364	8.22785334824102	0.0388630765611925	0.843968226492631	0.944407005352998
SVIP	-0.183344283168452	4.52359493398764	0.402591270869244	0.526652448245103	0.807133169421225
SYTL2	0.1945844474279	5.36397275856525	0.325209441667737	0.569286717995527	0.831853237325912
SYVN1	-0.160465010009651	6.97438375660393	3.81437832617246	0.0525440574604581	0.303970661542483
TBC1D1	0.161204800202704	5.78198983253765	0.899613672274366	0.344303412324804	0.685081063051775
TBC1D10A	-0.259247289733087	4.33460797400125	3.0110625746615	0.0846069691122199	0.377812545239723
TBC1D10B	-0.136600405988319	6.36193413624612	2.00513720745568	0.158694187597912	0.494557163193534
TBC1D10C	-0.711234163283094	2.28253415626531	10.7556497537133	0.00127361548074856	0.0482576667933968
TBC1D12	-0.0120009806165608	4.02828547796249	0.00910405329813458	0.924103443511764	0.973747102497827
TBC1D13	0.0196594744060249	5.29703402858375	0.0304990812023342	0.861581517398231	0.951134659414271
TBC1D14	-0.303983271166418	4.99203920840535	4.42892408148994	0.0368840467977211	0.256069239523911
TBC1D15	0.00965588255863561	5.6064143197505	0.00945528339345784	0.922657821008696	0.972973440448977
TBC1D16	0.0456162053616978	6.36899527922989	0.10446406006898	0.746955363212518	0.909565313572979
TBC1D17	-0.13167528406578	5.52584594347899	1.88230019417803	0.171977025895465	0.514119893906474
TBC1D19	0.238765662740253	2.1420788845132	2.54321080767609	0.112725792100119	0.426132741004533
TBC1D2	-0.137921282957911	6.0130474381206	0.324567663385903	0.569667644124904	0.831875933430709
TBC1D20	-0.0121749813268634	5.84171450058066	0.0187215199035024	0.891338393430266	0.96285016009209
TBC1D21	0	NA	NA	1	1
TBC1D22A	-0.160691131023922	5.41791130482188	2.20464387120911	0.139546257978471	0.46684562636283
TBC1D22B	-0.00931565038604691	4.52985702110313	0.00765408257775243	0.930392389005549	0.976407515682036
TBC1D23	-0.037421441070319	5.83633154753907	0.123674457930977	0.725541648641339	0.901839247571745
TBC1D24	0.0373262857376874	4.37041996532194	0.09144531562687	0.76273709242956	0.914612428152963
TBC1D2B	0.0327574536671714	5.73270139265277	0.0716551216342281	0.789283793265079	0.924620517811459
TBC1D30	-0.298803818502283	3.82893721606565	1.2973375223379	0.2563879547614	0.608181459775483
TBC1D4	0.0823045878977073	5.79834375044852	0.15804077990656	0.691492073876593	0.886872473318838
TBC1D5	0.0243325963757886	6.26058060162013	0.0519864754266779	0.819930638371102	0.935424773562907
TBC1D7	0.0383668930985323	3.96587445999863	0.0777859256107996	0.780677644231595	0.921719525401066
TBC1D8	-0.252934876607107	5.62921066094261	2.86043438755378	0.0927131264713804	0.392970192818409
TBC1D9	-0.201894263786031	5.15717925431088	1.47023413738992	0.227080732567885	0.579417071739122
TBC1D9B	-0.360361584221112	7.51893248227998	10.6742464208602	0.00132722216799135	0.0489997396474746
TMED10	-0.144301474770366	8.43964579698401	2.10171841314911	0.149074200687128	0.481172231766994
TMED2	0.0233555408657355	7.99844939673737	0.0710368243364394	0.79017333406902	0.924653444651639
TMED5	-0.0888163616813012	6.33402363304606	0.614823269002375	0.434126847912809	0.752728552824715
TMED7	-0.228927479563476	6.66378496998064	5.73056712687463	0.0178195345664123	0.181808667968627
TMED8	0.188261606169291	5.34683581960142	2.76710949503646	0.0981604246706256	0.402532432914353
TMX1	0.129962213183913	6.32987433752468	1.01983034305305	0.31407092257343	0.660185449137592
TMX2	-0.104563117769743	6.46032502797608	0.89861462473759	0.344570719968168	0.685255259328828
TMX3	0.104727517253351	5.68348787710331	0.660899426141265	0.417440247894079	0.74211873671403
TMX4	0.162277685724021	5.98725313198709	1.03850193825783	0.309695361559543	0.65734132797257
TOR1A	0.0476021774084969	5.28759082854245	0.234599417101799	0.628790868206557	0.859291026771788
TRAM1	-0.0980509157065897	7.75654798643204	0.830674160997197	0.363436996207066	0.701219523398504
TRAPPC1	-0.0706985829162765	6.17143608827656	0.309596467107093	0.578698596386101	0.837389767875864
TRAPPC2	-0.00834779718078306	3.69861012597858	0.00657416603377884	0.935477815130772	0.978062491954965
TRAPPC3	-0.145388731819705	5.34821992873058	2.36545136004426	0.126006323989622	0.446310098001615
TRAPPC4	-0.293671284162767	4.81553449835167	6.26518003046074	0.0133081664596638	0.158209964679899
TRAPPC5	-0.200663252301165	2.00103155339006	1.80796297467366	0.180639526990596	0.526061046033687
TRAPPC6A	0.0654258609398086	3.41449075630016	0.15405816188193	0.695204907265366	0.888326799250453
TRAPPC6B	0.0155742111888549	4.92934438801291	0.0214857195390234	0.883646417600274	0.960168901779446
TRAPPC9	0.078176026236176	5.87531285641604	0.371255612733429	0.543177449282251	0.817060754459514
TUSC3	0.40269763137795	5.18637919118914	1.1272897798606	0.289940405304854	0.639997697538534
TXNDC12	0.0497593256587873	6.42184075746275	0.289561429824779	0.591243041064697	0.843323624678629
TXNDC5	-0.177226821929915	3.62974790715129	1.06064578199073	0.304608914268651	0.652665215511603
UBA1	-0.0325984228896148	8.97517913270974	0.130425163446011	0.718463939134016	0.898610028873234
UBA5	0.00670337946651412	5.213076795498	0.00380702033662042	0.950877244634502	0.98376871071786
UBA7	-0.416400149105138	5.35795732251542	4.56635582863705	0.0341125962851614	0.24655630786073
UBE2D1	-0.150837327671793	5.1038430066024	2.24353687425914	0.136127093088332	0.4616113355722
UBE2D2	-0.155265832874572	6.30883570396736	2.81803317182359	0.0951457419406446	0.39802782216749
UBE2D3	-0.336982698294104	7.65427336839446	15.0811352039147	0.000149915811008493	0.0136205050880706
UBE2D4	0.0868670527642844	4.04997703164466	0.628995354495168	0.428888468772109	0.74980100731416
UBE2E1	-0.187319245092071	5.38011161551838	3.63692394695069	0.0582877940392672	0.320082841392875
UBE2E2	-0.254321228834291	4.18238886062793	1.70172765925491	0.193919411960073	0.545366756150874
UBE2E3	-0.0665664914355048	6.03353388444081	0.429573367140669	0.513131543660283	0.799372248704036
UBE2G1	-0.216686545514907	6.38515301507535	3.10183521889762	0.0800978712511356	0.368480431246879
UBE2G2	-0.236409394797342	5.85028492270719	6.95314155500978	0.00918475968810208	0.132711502830569
UBE2J1	-0.149302050493731	6.55395392847982	1.72450343864487	0.190978418495117	0.541082569661758
UBE2J2	-0.15472770685627	5.41043394062076	1.91859421602393	0.167923307756288	0.507642439804964
UBE4B	0.136099027567367	6.66142367924532	1.33381073360082	0.24983554367994	0.602660384829204
UBQLN1	-0.0191029788334377	7.24342019758124	0.031108222142584	0.860220293092435	0.950900544312599
UBQLN2	-0.0127485878359936	6.58367469729386	0.0109672263125794	0.916724438459189	0.970628532226003
UBQLN3	0	NA	NA	1	1
UBQLN4	0.0161621118628564	6.25222886070223	0.0187478943424901	0.891262360108463	0.96285016009209
UBQLNL	-0.42291444238468	-1.52912570845826	2.61747680779522	0.107645169738396	0.417334816680661
UBXN2A	0.0621052770517218	4.96983186873695	0.345325019421653	0.557592841203333	0.825924041150151
UBXN6	-0.11500019076888	6.03877685301949	1.07592720285256	0.301162088744368	0.650141059565884
UFD1L	0.0601947167366113	5.83301977595801	0.303799415732222	0.582272537222964	0.839359349653358
UGCG	-0.443632666528832	6.34109325206757	8.21183708024484	0.00471646621809999	0.0956936965855769
UGGT1	0.0260427273029777	7.35596885747345	0.0647724634958586	0.799429941275858	0.927629498979061
UGGT2	0.0685963206009313	4.50686642256734	0.252171110839775	0.616234914954249	0.85324616244344
USE1	0.0691300444685612	3.81259223739002	0.234200645750292	0.629082479900593	0.859291026771788
USO1	-0.410989907011992	6.82516131300687	13.068281983911	0.000401006227670613	0.0251897210529876
USP6	0.358359564070764	0.0347843756370504	3.7308623484561	0.0551678890052317	0.310735045353504
USP6NL	-0.379083501471077	5.7678751470933	6.95490911280273	0.00917607183381706	0.132711502830569
VAMP1	0.0938980632115099	2.8366288979494	0.518278685092711	0.472618172361587	0.778658925161365
VAMP2	-0.0848866246207824	5.54317766090736	0.513956536413506	0.474467338925202	0.779618863437608
VAMP3	-0.16528363777355	6.84943891355459	2.7563038776415	0.0988135418328078	0.403638427940178
VAMP4	0.0658705384395259	4.53057290749999	0.421141177986382	0.517290579787166	0.801748503643506
VAMP5	-0.284199212729528	3.53385747502862	2.17482895619001	0.142233212792575	0.470175005542214
VAMP7	0.190694686555437	5.75627767168201	4.58393510314001	0.0337742909121292	0.24552661011236
VAMP8	-0.397695787189206	6.34551716419883	9.76714892171761	0.00210710412747807	0.0637192523534549
VCP	-0.354852999187399	8.68504420222672	8.05511347261523	0.00512066346492797	0.0998838828037324
VPS45	0.0565362323412766	5.21034081819466	0.487865643303521	0.485886187286701	0.784704497303931
VTI1A	-0.175301535297103	4.6419745974872	3.36943525567792	0.0682569915457094	0.343398885027676
VTI1B	0.00734784707230654	6.04362786912256	0.0062368507044271	0.937151350425831	0.978381977827376
WAS	-0.322472653951664	3.22876634731073	1.82257303240534	0.1788976683988	0.523267419505345
WDR38	0.475196056779238	-2.67408679077592	2.68735168161603	0.103095676521226	0.410300148931598
WFS1	-0.0838012630249775	5.86272299743863	0.16396596159819	0.686067301673881	0.88435579207275
YKT6	0.036563430038074	6.67100366496566	0.106335040688769	0.744778303675415	0.908612578762174
YOD1	-0.446440985106348	5.56757791584085	5.39650604374689	0.0214252165176008	0.197904732340237
YWHAQ	-0.00446343673879201	8.72349478744547	0.00105646820013769	0.974110802218788	0.991576843870263
