pspGenes	logFC	logCPM	F	PValue	FDR
A3GALT2	0.239306328989656	-2.84631550091799	0.39170578835918	0.533554190411516	0.806529590107221
ABO	-0.390046003871228	5.48627963841325	0.629725307205409	0.430288846768894	0.743331331935718
ACAP1	0.675460342564172	3.46566798475139	5.24531785441669	0.0251964589860982	0.241020620926752
ACAP2	-0.0920767486154423	7.14673854077259	0.148756095002298	0.700962491284332	0.89038943970399
ACAP3	-0.13336925938897	6.22102774633979	0.370046383973581	0.545058735614767	0.813257025083287
AGAP1	-0.278835707212933	5.96839472901317	1.84860225431086	0.178555158712663	0.524882623690353
AGAP2	0.85274711272548	3.0050740637999	4.56308244205824	0.0363666671260286	0.281741192914562
AGAP3	-0.110609007343601	6.40119481142009	0.327379253769802	0.569142673973906	0.82711757927021
AGR2	-0.794519286378016	9.37838271998743	1.04606512064217	0.310134884988238	0.652824729127806
AGR3	-0.630725818687588	5.38322125347494	0.482916598836424	0.489534054861481	0.77995191719715
AKAP10	-0.026116225347931	4.81917469882395	0.057361378293264	0.811455419147268	0.937909292302877
ALG1	-0.349887780041091	4.2516900072424	3.80939558758288	0.055194578242102	0.329068684019456
ALG10B	0.0358068752632718	4.01433962595733	0.0193281839545055	0.889851435456247	0.966271807797143
ALG11	-0.339010498732009	3.17998027023878	3.15781201391017	0.0801542929577753	0.381853060239836
ALG12	-0.37558512089375	4.25449463706547	5.74751095673087	0.0193387616283943	0.216298779776171
ALG13	-0.160198490080584	4.97595534439486	1.45904514155448	0.231375950052708	0.583522073103408
ALG14	-0.286734840918984	2.99597868371752	3.57122571657519	0.0631648202395894	0.347026883587848
ALG1L	0.333542589881919	2.53035498287076	0.584167875862248	0.447396719336989	0.756745231735869
ALG1L2	0.307758444416911	-0.433448402290525	1.16559944968898	0.284221713915966	0.632076484540489
ALG2	-0.193052276596463	5.13948832306934	2.06514980456361	0.155405786193755	0.49623558433051
ALG3	-0.0163298238371062	6.81346303691296	0.00706325019843951	0.933275541132202	0.980336221948664
ALG5	-0.162192613035667	4.72058112348179	0.696908207307165	0.406824526542857	0.726795621680629
ALG6	0.0682707532970042	4.23307884843538	0.241514837470253	0.624738214020695	0.85565550331845
ALG8	0.042838123179297	5.16246509245277	0.0479767103286496	0.827295438285276	0.944131768187349
ALG9	-0.416251145866329	3.26297470523633	9.34777870801608	0.00321811659930385	0.106565847108103
AMFR	-0.342217472107857	6.735791192407	4.81032964107048	0.0318040954623853	0.262864004122772
ANKFY1	-0.165833779755784	6.54651801581732	1.05232235040014	0.308703453237323	0.652086718529103
AP1B1	-0.35210139051346	7.55211465808331	4.45182287328875	0.0386444414006622	0.287417695163941
AP1G1	-0.433994134997866	7.18073813049265	13.5870011222649	0.000460863248167182	0.0504661692465292
AP1M1	0.0450031286961962	5.77518274263638	0.0449271919822631	0.83278864042789	0.946226044437524
AP1S1	-0.0433950661095446	5.12595657253838	0.0528410394889731	0.818899587506852	0.940433379915313
AP1S2	0.200310131651585	4.48877181602962	0.66766837882055	0.416794147644121	0.733706396323828
AP3B1	-0.372291214659035	6.17672709876287	8.25118296898595	0.00546559601670045	0.133598750523637
AP3B2	0.9851625366846	1.7811752471284	1.84682053710853	0.17876173844791	0.525055951784398
AP3D1	-0.222363343411888	8.0081045876945	3.20800964794983	0.0778459369301111	0.377274136627463
AP3M1	-0.127860967213326	6.27644409778047	0.832863451839112	0.364754589078952	0.694648874063328
AP3M2	-0.149281769925498	4.78911197546741	0.396737612279436	0.530945089276116	0.804988507894677
AP3S1	-0.528884028201978	5.51302848025133	7.94562513443045	0.00634967801788915	0.141126209086428
AP3S2	-0.25841603370167	4.61829018404007	1.97239683367424	0.164864199134934	0.509196639807371
APPL1	-0.0552241891102147	6.16516399076778	0.158059147392434	0.692227685209769	0.886695079149991
APPL2	-0.228010549876374	5.94043409543033	2.11600838883667	0.150487218262347	0.487910061358066
ARAP1	0.157956729503744	6.85636991517858	0.908645229602807	0.343938812928065	0.679562210651991
ARAP2	-0.281936173479121	5.55431251422771	1.06288869968662	0.306305966716642	0.650647981246376
ARAP3	-0.207783021730189	5.07288061905009	0.69657022664279	0.406937727904174	0.726795621680629
ARF1	-0.106604889948798	9.01205455760666	0.71725654994772	0.400093962325697	0.721317994844099
ARF3	0.0855404969946053	7.58453130644627	0.265666260421695	0.607969343076866	0.847031460061936
ARF4	-0.0381199521446599	7.59358044427204	0.0509293687635656	0.822148586628335	0.942050096496367
ARF5	-0.178253393367832	6.24722581178493	0.887787947246074	0.349500331832792	0.683492636268467
ARF6	-0.615558875785762	7.50644943144386	12.3214334310288	0.000810596998179874	0.0649828593540866
ARFGAP1	-0.07526377419614	6.4093983512668	0.274743233887968	0.601916688207548	0.844039595551281
ARFGAP2	-0.0275542148703536	6.27067162487516	0.0574123348681858	0.811373304335622	0.937909292302877
ARFGAP3	-0.393724151498732	5.93022070545881	6.71640224678038	0.0117403038202009	0.176658580123798
ARFGEF1	0.0264237417300115	7.02642201726584	0.0204741787292843	0.886654938727638	0.965111249852395
ARFGEF2	-0.22625615198925	7.18238452350657	1.81784199482998	0.182161514977582	0.529254571623216
ARFIP1	-0.236938210983375	5.4640670718723	2.43445386136557	0.12345927400277	0.452726545667996
ARFIP2	-0.458749010516103	5.76347230304824	7.73797108575887	0.00703512067572478	0.145960597627385
ARHGAP1	-0.276040779605126	7.68025686772864	3.38379501197581	0.0703207712947441	0.361331372184237
ARHGAP24	0.28947283945481	3.49592576926588	0.873636816467754	0.353344481916314	0.686690427271331
ARHGAP5	-0.188755842823918	7.59552167533774	0.585491197994858	0.44688494639847	0.756534266611196
ARHGDIA	-0.465264323240769	8.2291102968361	8.03884049529203	0.00606510380612326	0.138689855056739
ARHGEF1	-0.179679459193058	6.95075791796126	1.6144208015052	0.208314813668367	0.559398629131717
ARHGEF11	-0.438142069957145	6.95510239765691	12.3751062236005	0.000791218124063458	0.0648354478253196
ARHGEF2	-0.0617286622290796	6.4003907559867	0.0939217063315439	0.760210488025975	0.916748040907887
ARHGEF6	0.710881489291024	3.8155839335491	4.42572900501706	0.039200534012904	0.288631822648241
ARHGEF7	-0.371702457402346	6.28163678593163	6.99775204318583	0.0101821381345393	0.167901742080239
ASAP1	0.326246283353892	6.23572251707369	2.80428049782249	0.0987272702467248	0.413242065240679
ASAP2	-0.25807659659841	6.02300272691556	0.962318671561547	0.330171848889973	0.668041273324437
ASAP3	-0.305779481347068	4.61896088258415	1.02799008706741	0.314319427483476	0.656039913481635
ATF4	-0.0692943742409288	7.77391854727659	0.228628939986996	0.634116207696017	0.860187970213603
ATF6	-0.226059194493792	6.39428471886255	4.5899583570532	0.0358383340707971	0.279463339454204
ATF6B	-0.0232752086351612	6.95578202934711	0.0168562337513731	0.89709304174467	0.968707561800236
ATXN3	-0.0502508929607239	5.01973437822277	0.138911108985347	0.710555538010064	0.894585671140926
ATXN3L	0	NA	NA	1	1
B3GNTL1	0.0557787001465591	2.58608695416364	0.066519995269599	0.797272139478966	0.932214826182423
B4GALNT1	0.234772507093158	4.04567792041394	0.131537125851085	0.717997963819403	0.897782173741224
B4GALNT2	4.08765169297387	1.68077723583548	13.9990683029422	0.000384449724395637	0.0475055306523803
B4GALT1	-0.650441191016355	8.00819897875922	9.67218189045506	0.00275790622195191	0.10046104200114
B4GALT3	-0.181229538929714	5.48845402181731	1.54501904362365	0.218252942933754	0.570226502257136
BAG1	-0.411957667206813	6.31822992441344	2.99635708721065	0.0881065885649102	0.396375762006455
BAG2	0.603344744735798	4.29664605311356	3.4089078429452	0.0693124876754607	0.359058762521697
BAK1	-0.396469949848663	5.58830627142902	4.26258828935148	0.0428783432136822	0.298300542489166
BAX	-0.0495301867079315	5.28075606976646	0.081391019778864	0.776311043271782	0.923341621836124
BCAP31	0.0690112512497708	7.45850376852866	0.174172854736101	0.677778798743565	0.880185078915647
BCL2	-0.063364312331514	3.53408785073453	0.0373401831329157	0.847365216806944	0.951357127802381
BET1	0.158354696280384	4.53324899234535	0.773824076198944	0.382216017885856	0.708294065503641
BET1L	-0.289477016220218	5.98791793641671	4.01262840691792	0.049254024072632	0.315811104644651
BNIP1	0.0109191906282285	2.87510654260001	0.00577998288466529	0.939627349630164	0.981961373310116
CALR	-0.093395557122978	9.46262039325978	0.392229126282732	0.533281742165011	0.806495705786698
CANX	-0.315024529955069	9.57979734883807	3.29523204966558	0.0740070267056053	0.369427835696399
CAPN1	-0.555692871768531	8.57714829024249	8.367072568366	0.00516489728510201	0.130870196476705
CAPN2	-0.390834716224067	8.44456701554409	5.07719505764841	0.027557840923194	0.249152478180256
CKAP4	-0.290505526784782	7.58127502360731	1.81690612502543	0.182272577204072	0.529254571623216
CLTA	-0.268430182964727	7.17295345091726	1.75690710409159	0.189563021214602	0.53860722657681
CLTB	-0.713460969044881	7.15780947994911	8.25925775613118	0.00544406188121894	0.133598750523637
CLTC	-0.301909207936454	9.39698238662967	3.8538648343996	0.0538312914531666	0.3258285812716
COG4	-0.170864884368723	5.99367975277123	1.58617359211469	0.21229228213529	0.563800195520428
COG6	-0.240068038664896	4.99131089586179	1.9553035216112	0.166679537525003	0.510797395331532
COPA	-0.252921985006751	8.35812527714835	3.99594818979545	0.0497145056044928	0.316350584561659
COPB1	-0.155026563696926	7.30437999170324	2.04765244754503	0.15714080536482	0.498622132501617
COPB2	-0.139666333058018	7.85694161165687	0.910698053021229	0.343398020130645	0.679256458722212
COPE	-0.210599489216805	6.97599512071545	1.46111813079107	0.231048355242322	0.583096600571084
COPZ1	-0.024065109066025	7.16474019166572	0.0258476768785845	0.872762063869919	0.960302210397194
COPZ2	-0.190474123802251	3.46383877512646	0.166725425674939	0.68435517531332	0.883152127174556
CRYAA	0	NA	NA	1	1
CRYAB	-0.857475038873291	5.30865569673446	2.35893693885312	0.129328884663422	0.460972318066398
CTBP1	-0.0720632512932335	6.79948157226585	0.187118418459448	0.666730556520222	0.875178647491527
CTSA	-0.271989064356516	7.85398180197828	1.82458122455393	0.181364107181689	0.528107120635045
CUL1	-0.191748049947435	6.1269133100985	2.55924905646674	0.114408602721497	0.439291264596584
CYTH1	-0.130543251715803	6.31796341127271	0.772936970255095	0.38248739021054	0.708386715837951
CYTH2	-0.147185163862515	5.82479466652555	1.02424555810481	0.315195666125309	0.656653781307455
CYTH3	0.231369624378739	5.46428055753967	1.55086201337755	0.217394425541841	0.568978733049147
CYTH4	0.782817840122677	3.21053498397699	5.03208069570602	0.0282308819385708	0.251699178295879
DAD1	0.0717670134339645	6.44863696635291	0.206913593258863	0.650684269023655	0.868019979770251
DDIT3	0.316922154212423	4.36347980974833	1.54296851295808	0.218555206453592	0.570480072481048
DDOST	-0.339665716103636	7.64613128788354	6.04640625601025	0.0165539817050756	0.202560566998632
DERL1	0.0983555602754912	6.56587919505807	0.468361483959665	0.49612880189847	0.783464429863485
DERL2	0.0105862309816575	5.11324420031201	0.00719091983091915	0.932676665570856	0.980282857857389
DERL3	0.549411227241045	4.18168699945282	1.20697503749627	0.275908199908227	0.625849157157347
DNAJA1	-0.055207352553943	7.18136419367816	0.090650056319828	0.76429519527787	0.91863176251911
DNAJA2	-0.158919011930479	6.1227365572093	1.59255669235072	0.21138552145523	0.562590077000109
DNAJB1	-0.210844602450486	8.10534598951317	0.500841949981853	0.481612442438897	0.775515275070556
DNAJB11	0.00108920763454224	6.47022454854275	4.33145346645796e-05	0.994768633874784	0.998976743780147
DNAJB12	-0.15268702507112	5.71494784339682	1.21947618029355	0.273457738260248	0.624026763299001
DNAJB2	-0.161235790388486	5.50376890946588	1.09392248025726	0.299404434311414	0.645097349387187
DNAJB9	0.0288704052179113	4.68975749763078	0.0329693462926048	0.856470893787476	0.954533647816951
DNAJC1	-0.0808484505760545	4.87966692298106	0.172624507601423	0.6791322628313	0.880882933765509
DNAJC10	-0.216986610182982	7.24659957981245	1.51101537521441	0.223331782304999	0.575495564336108
DNAJC3	-0.387211031602877	6.57079327206652	6.81795881871422	0.0111507351799067	0.173110893692873
DNAJC5	-0.450699266704639	7.13144972982476	10.2577158127488	0.00209276715290308	0.0916451522705493
DNAJC5B	1.88228976100062	-0.988131690473288	15.2204493711336	0.000226213853248979	0.0395325274835689
DNAJC5G	0	NA	NA	1	1
DNAJC6	0.734662191681862	2.34889046510391	2.4076341521283	0.125508514136541	0.455965638914946
DNMBP	-0.28500023356333	6.25158875132679	1.77713068080183	0.187067717771077	0.53570504240804
DOCK5	-0.297511795779544	6.14413301936667	1.48198824134483	0.227781734327662	0.578988092636342
DOLK	-0.116361351700829	4.3636337895017	0.394618398220267	0.532041108336662	0.805706704417329
DOLPP1	-0.0962121923062692	4.46604166084702	0.235853657159887	0.628819135809628	0.85790386304223
DPAGT1	-0.296410847608736	5.69182455767953	2.59064080452656	0.112251440219503	0.435367448679686
DPM1	-0.0235146812259189	5.5919545853422	0.0259725043596938	0.872457879122062	0.960153649187769
DPM2	0.05770817253347	5.81848070807276	0.126687390110285	0.723022487856713	0.899743704577315
DPM3	0.0294295525856949	4.20876985535009	0.013333096589479	0.908422606202061	0.97214885036636
DPP6	1.83230836951676	-1.03915096738147	7.31356884995867	0.0086889081158387	0.158272214535857
EDEM1	-0.45461749341046	6.21140245582444	11.5427624991542	0.0011544964018932	0.0755498851226026
EDEM2	-0.0456343199411364	5.06654933577154	0.0594356186795241	0.808143492196959	0.936983943976108
EDEM3	-0.611956809553986	6.82396457085254	8.41205676876993	0.00505288842896649	0.129589239194153
EEA1	-0.0401159352650557	6.11267691551369	0.0345805391334129	0.853045501080284	0.953243750006197
EIF2AK1	0.110937876719605	7.89119556678436	0.691927819018351	0.408497369242791	0.727821351227292
EIF2AK2	-0.126613029324985	7.26706596863756	0.589120129476848	0.445486220132845	0.755633791311832
EIF2AK3	-0.178658977302835	5.22520309545898	1.11438174826044	0.294965480969281	0.640554294193802
EIF2AK4	-0.000254726053060966	6.08153557392546	2.66381105891157e-06	0.998702662460544	0.99974032455221
EIF2S1	-0.293549298197012	6.4542105526123	3.36130037851636	0.0712375914862519	0.363412315309655
ERLEC1	-0.0138133659810919	6.02169528673839	0.012170194092032	0.912490176834619	0.972952184595757
ERN1	-0.462319850169938	5.71615821740066	5.24825644072175	0.0251571536824277	0.241020620926752
ERO1A	-1.17957116342414	8.25011641971648	19.0096485215359	4.63986585396826e-05	0.0175566337426354
ERO1B	0.471902716503048	4.01686936141328	2.78465386963552	0.0998904249562597	0.415469941322575
ERP27	1.21281892108611	1.07181595805205	7.1947628703051	0.00922165424296551	0.161721164295405
ERP29	0.27621586942237	6.60294003402105	2.74636820397681	0.102203691103684	0.418292262738889
ERP44	-0.100966842576563	6.65396352504179	0.59212904078931	0.44433166598173	0.754483835870012
EVI5	-0.247985462765422	5.1021770682178	3.05095810167714	0.0853236487212792	0.390485377690886
EVI5L	-0.256446806036773	4.75308461365271	1.57351929425164	0.214103849538504	0.565529890734663
EXOC1	-0.290201454825319	5.63235380431992	4.42353179411414	0.0392477502570607	0.288631822648241
EXOC2	-0.187912122487361	5.20004660489014	1.68757292008394	0.198423698136212	0.547925713228267
EXOC3	-0.0886880234870629	6.36505277381732	0.284171678029606	0.595763464587221	0.841055386488702
EXOC5	-0.184777479550188	6.42770805561576	1.47139489294569	0.229432695503287	0.580878799686661
EXOC6	-0.112164443829939	4.4694790485627	0.339261755698456	0.562232606083324	0.822924294151352
EXOC6B	-0.347869109479735	5.92816012797177	1.85435596775029	0.177889966298708	0.523904042506334
EXOC7	-0.261028578915307	6.40324188757674	3.42267300788829	0.0687665409700566	0.358111948171624
FAM71B	0	NA	NA	1	1
FBXO2	-0.888882935639216	4.21284560978498	3.25632737949847	0.0756929902032625	0.373140700902769
FBXO6	-0.217259693232768	4.09075858922623	0.70703033937795	0.403455753884251	0.724525143294385
FBXO8	-0.651664239613204	4.08196184114508	11.5210785405849	0.00116600505280418	0.0755498851226026
FUT8	-0.254522016758115	5.59966554532807	0.756855229169389	0.387455343347903	0.712358935112946
GALNT1	-0.435352275079676	7.18419923662319	3.81608229310905	0.0549872132487668	0.328261621715288
GALNT10	-0.310039469794359	6.1345913855561	1.48492286351079	0.227326952289821	0.578437333366165
GALNT11	-0.0377884281683603	4.89364371026761	0.076101430819559	0.783510436456839	0.926044008005025
GALNT12	-0.354722074149911	4.81744943241481	1.33299735407715	0.252419864791437	0.604780946986349
GALNT13	1.59277293779479	1.61763796511074	2.99446653283538	0.0882047316546295	0.396572127225108
GALNT14	-0.548218044137152	3.70515936347107	0.819792240080598	0.368521633114111	0.697357833309685
GALNT15	0.439036193271848	2.85617634823283	0.741896995834297	0.392160317604092	0.715809083167425
GALNT16	0.201484815570993	1.1100596663477	0.156735546295834	0.693451957065382	0.887422127054404
GALNT18	-0.134879485278406	4.21551844562292	0.12691817386593	0.722780948093199	0.899640373944601
GALNT2	-0.216698215366362	6.96926016940718	1.40311772245692	0.240433937287394	0.594103152484018
GALNT3	-0.79891407614745	6.8908728793091	7.99948922178235	0.00618357251935111	0.139894416976305
GALNT5	-0.642455605313384	5.25632856382867	1.47303243059654	0.229176531514635	0.580608161617127
GALNT6	-0.754441310889841	5.98178600913495	4.83636428926457	0.031360603017311	0.261780861919848
GALNT7	-1.15425300503639	6.41327940106661	24.3110854657153	5.78587755480298e-06	0.00631528535106745
GALNT8	1.51258959849806	0.120183355636468	5.24706073102183	0.0251731391137696	0.241020620926752
GALNT9	2.67531898028472	-0.609024437768005	12.1137847890844	0.000890337141842669	0.0669522544480968
GALNTL5	0	NA	NA	1	1
GALNTL6	0.57880650499984	-1.53454865991703	0.969643349373315	0.328351357919681	0.666700188202298
GANAB	-0.0561908232149791	8.93151793518773	0.139063531323438	0.710404102266792	0.894560370058403
GBF1	-0.309137720412841	7.5226584009462	6.5682584764687	0.0126599258549606	0.180422605857956
GBGT1	0.829937204102687	2.00438805766278	5.91714508358285	0.0177022788101785	0.208724019892139
GGA1	-0.427686693797136	6.02305682230187	12.822080064055	0.000647382254453459	0.0603682099455461
GGA2	-0.0239117907712344	6.20252739837784	0.0273285696398111	0.869200550099856	0.959044663229223
GGA3	-0.666119689298025	6.03489681150728	16.8976847438713	0.00011098139224441	0.0274618964090754
GIT1	-0.196123685855749	6.98966757222512	1.27466761907107	0.262964011504862	0.614551703992399
GIT2	0.197617088579037	4.99115872986775	2.21518042215377	0.141403364840909	0.477554152133731
GLT1D1	0.711869117072491	-0.845094679449363	3.06828783390111	0.0844608210794709	0.388793778007187
GLT6D1	0	NA	NA	1	1
GLT8D1	0.182801611523225	4.99296328019594	2.06174261112083	0.155741892235459	0.496622410587608
GLT8D2	0.774797927136477	3.29393129616883	3.80024502574186	0.0554797282164887	0.329294086053214
GMCL1	0.143861523383383	5.65356274634702	0.729894720812908	0.395995778899647	0.718397522790361
GOLGA4	-0.157840498426647	7.46952148706749	0.88743551201061	0.349595367535533	0.683581766321255
GOSR1	-0.180051419342602	6.02517265528058	2.2041782456533	0.14237939865371	0.47929665701309
GOSR2	-0.193961460791953	4.19910543887334	1.91702977357755	0.170829630845441	0.515084370353034
GPAA1	-0.0931906810742966	7.06820703714148	0.283276141583315	0.596342227568268	0.841232989482934
GPLD1	0.977634015394579	1.49532304222402	4.35432588612822	0.0407666664079312	0.292587945785351
GXYLT1	0.0601742685636973	4.4911059441851	0.110751536289165	0.740340832621307	0.908303358775517
GXYLT2	0.779464096559989	3.56311655122503	2.116327849004	0.150456896689586	0.487910061358066
HAS1	0.685012853195562	0.176309584472354	1.07619086004762	0.303322444195079	0.648289474605523
HAS2	1.57932930327282	3.44657918125221	8.15742748538115	0.00572225889328091	0.136523509428884
HAS3	-0.965989134932149	6.62736992433137	2.25846657272135	0.137637067788935	0.472725506286281
HERPUD1	0.0803524674555984	6.93054361799719	0.131503097993702	0.718032849601988	0.897786237778332
HSP90AA1	0.087804634558444	10.4500915075285	0.189073484205142	0.665101851014023	0.874227528588544
HSP90AB1	-0.313165874443202	10.8581379869801	2.1865861642023	0.143956157360307	0.481023406302621
HSP90B1	0.043180321027623	9.78313636128421	0.0845426710922185	0.772141374146578	0.921433079218945
HSPA1B	0.712697302703493	6.85260533247853	4.83441485545564	0.0313935809153665	0.26183610104545
HSPA1L	0.519018597615675	0.879333490320364	5.68496277659535	0.0199819975999137	0.218692290739665
HSPA2	0.206603188639956	4.93748267352701	0.200342093780761	0.655904838891937	0.869873260638049
HSPA4L	-0.710598821301855	5.3701092401558	4.21867220543671	0.0439306659567784	0.30140039085886
HSPA5	-0.157632611122274	9.6493987047999	0.884084239857424	0.350500837070595	0.684294098383537
HSPA6	2.50257806705861	4.66500705568707	10.8884982503581	0.00156003068138631	0.0840078002031537
HSPA8	-0.304962019661537	10.0141099736638	2.92479915141159	0.0919072740478429	0.403003172157561
HSPBP1	-0.0511706999308984	5.69266812623548	0.11093353186092	0.74013544838274	0.908294222255299
HSPH1	-0.0570614576595758	7.94517767977722	0.0424186479757796	0.837455339714643	0.94795361516341
HYOU1	-0.34297992114255	7.96891438085459	3.15040072645781	0.0805014499013447	0.382864194193106
IFT27	0.169942722777571	3.9575916589526	0.588445056664544	0.445745898485953	0.75566444761845
INPP5B	0.339874563987404	4.61222594975982	2.15282224334067	0.147038953642859	0.484118340768994
INPP5E	0.169332054585698	4.50953611579433	1.05335676376936	0.30846765673345	0.652067309529876
IQSEC1	0.253093708809685	5.92450118378706	2.81043594326418	0.0983655920105834	0.412871116291057
IQSEC2	-0.255603230195159	4.49282592133825	1.55354389370909	0.21700174512862	0.568632735457535
IQSEC3	1.22575652478314	1.29987806634869	4.14016148882937	0.0458819865155115	0.306567616504833
JUN	0.26382878109442	7.79811093789906	1.15549320449254	0.286301094589394	0.633820014303177
KDELR1	-0.217999325740811	7.84429803551773	2.35935000702965	0.129295927750396	0.460965971561367
KDELR2	-0.169275179452808	8.41094040015926	0.89257075349327	0.348214141418148	0.682316606292386
KDELR3	-0.739269011092966	5.41451178057979	5.80901171097334	0.0187276631135637	0.212844353824519
KIF20A	0.0820530077406163	5.13843268467052	0.107893113608215	0.743591526199646	0.909602303653119
KIF23	0.00257637841890562	5.39043875323307	0.000143083146856233	0.990492086970741	0.997522088652637
LARGE1	-0.215305396538446	4.6146313740915	0.742221585931565	0.392057343380699	0.71578714280757
LARGE2	-0.0215552625484981	5.56782794097474	0.00302812408378729	0.956281438545288	0.987206654946407
LMAN1	-0.205374698184773	7.55080561970064	1.25311754145744	0.266999587265612	0.618055724857669
LMAN1L	0	NA	NA	1	1
LMAN2	-0.225611736175866	6.72388389069302	1.86822852736081	0.176298102929216	0.522578218406957
MAN1A1	0.031189167800587	6.50985278523958	0.00881250914877446	0.925491782041309	0.977575884265094
MAN1A2	-0.00745826916795279	6.66524697409309	0.00183832069936352	0.965929613671591	0.98980686922673
MAN1B1	-0.014825906767108	6.17348768869624	0.00856865459541931	0.926526860273506	0.977994961169259
MAN1C1	0.281607034438571	3.4860756582732	0.62083756341778	0.433546076609277	0.746229471836531
MAN2A2	-0.187049649648585	6.23012528587498	0.595908844254574	0.442887927663973	0.753210824559461
MAP2K7	-0.164171136875486	5.32730620272388	2.22782954832925	0.140290696137957	0.476062377818856
MAP3K5	-0.295168349194156	5.56036272384849	2.25828403786366	0.137652706954921	0.472725506286281
MARCH6	0.0334723483120826	7.55657262134673	0.0388457766322611	0.844357864694873	0.950211271151278
MCF2L	-0.630977715158688	5.88646731176786	3.41393105774091	0.069112711558626	0.35849929470339
MGAT1	-0.227301868559489	7.03528040243275	1.78322167955488	0.186323820036382	0.534881143153749
MGAT2	-0.331481509926982	2.14357535985298	4.30297594837712	0.0419345121220711	0.295783259446368
MGAT3	-0.802184417455057	4.10720904780635	2.84111404714852	0.0965849119782099	0.410088459081736
MGAT4B	-0.821632790962531	7.8439077805378	9.90345996516454	0.00247211438603628	0.0977113583085292
MGAT4C	4.06755015651581	0.861381954310134	12.2854640253164	0.000823859355999509	0.0652315846032572
MGAT5	-0.269653453983805	6.88555661550023	1.26130328987466	0.265457519241459	0.616381847369774
MICAL1	-0.209054410560627	5.64576267166508	0.697858784693221	0.406506395486479	0.726795621680629
MICALCL	-0.888272156091971	2.60158462548278	7.01628181280677	0.0100874728372385	0.167545129568847
MICALL2	-0.0988425586944848	6.11377023278363	0.156819810091829	0.693373838626087	0.887422127054404
MOGS	-0.148413106772007	6.08681475771647	0.974015648319677	0.327271099786005	0.665302760804229
MON1A	-0.299569306343407	3.75545941756133	2.50064970584408	0.118561615257239	0.445237538624478
MYO5B	-0.806333151534007	6.80887410121346	7.77153504395943	0.00691927500253162	0.145691877334746
NAPA	-0.276003081861572	6.57498444849563	2.85487289996261	0.0957979830239205	0.409004206444387
NAPB	0.188630587202615	3.94041930329419	1.02791319103095	0.314337389000682	0.656039913481635
NAPG	-0.163694674848735	5.3590922905578	1.36823816967356	0.24630539486717	0.598828222746338
NCKIPSD	-0.222215993563038	5.1209547850247	1.71287920531885	0.195133575888082	0.544377866105896
NDE1	-0.509299432904396	5.83015025540478	7.41199435562658	0.00827206222939051	0.156075045558023
NET1	0.101359209973876	7.53674849847508	0.216290148690689	0.643406169300322	0.865202031774727
NGLY1	-0.0558219268072171	4.59717167608416	0.155305292821711	0.694781629711381	0.887812924522933
NPLOC4	-0.214032064194274	7.48772142552322	2.84538258181963	0.0963400081794898	0.410022959227016
NSF	-0.203480172617076	5.94598582408551	1.8615507235396	0.177062273553535	0.523367384769896
NSFL1C	-0.129994661833296	6.35575615891421	0.801353533853513	0.373929577350491	0.700769165662655
OCRL	0.0156036166510546	5.92628594347411	0.0106857007792091	0.917980248051149	0.974675984685376
OPTN	-0.0457782216228375	6.60588681324113	0.0608521099702906	0.805916870718784	0.936189720594694
OS9	-0.118265770250074	7.48148845014417	0.816438533024238	0.369496984842053	0.697942493484502
OSGIN2	0.320204375252676	4.84226791757142	3.70348695062753	0.0585948087227398	0.337749678917602
P4HB	-0.440689690721161	9.69405694374822	7.58712559114941	0.00758144945015791	0.150904949157548
PAK1	-0.131914139500238	6.65784135462828	0.376405282652395	0.541633934481026	0.810836600023055
PARK2	0.345080228218323	0.949894529548891	0.850478891300062	0.35976289499685	0.691621135152121
PDIA2	-0.701605348579012	1.64840688716536	0.995994744285017	0.321912464237345	0.661391776359576
PDIA3	-0.258506308656897	9.27053018663025	2.20610852352383	0.142207600468998	0.478959113898611
PDIA4	-0.602208788386264	8.00625242752501	7.81318464696116	0.00677829709381126	0.144752560787852
PDIA5	-0.355990617051609	4.87131024354553	3.0887702126359	0.0834534416691842	0.386811700569529
PDIA6	-0.23057257906444	7.34144926157122	1.91960691445739	0.170546419626366	0.514906080174051
PDILT	0	NA	NA	1	1
PGAP1	0.114896283597305	5.51278100046071	0.106152392347408	0.745594591490088	0.910622693746652
PICK1	-0.371949878724841	4.43925495400947	6.32158094938504	0.0143637711471113	0.191234512343203
PIGA	-0.265544099038004	4.35120865763723	1.92492122158523	0.169964145089166	0.514341846389066
PIGB	-0.070843340010966	3.53503580961145	0.31828045708545	0.574547668789165	0.829813406238277
PIGC	0.121105343235457	4.56125680608871	0.658617163226035	0.419954478869667	0.735808369194435
PIGF	-0.282265167365754	3.50831863677764	4.01699653267248	0.0491341993630227	0.315460050825278
PIGG	-0.284160321225426	5.50192615574953	2.23226475955185	0.139902936151196	0.475463898382958
PIGH	-0.324806584168231	3.684467160447	4.74485688329698	0.0329493247267803	0.268235480901118
PIGK	0.00936487597120162	5.14828622194404	0.00372017735880089	0.95154818744165	0.98558290490188
PIGL	-0.25855128298222	3.53090696944039	1.92568714297237	0.169880417106185	0.514297155633906
PIGM	-0.0793194021611777	4.6117529313932	0.229658236505557	0.633355291700958	0.859694482533984
PIGN	-0.890924455872484	5.05726257596617	19.8033434511585	3.36555273304255e-05	0.0154050033888733
PIGO	-0.318266685957384	5.81038489427375	2.38932374189887	0.126929748204943	0.457356440364155
PIGP	0.144376223960629	3.710302357079	0.729990427679902	0.395964978752534	0.718397522790361
PIGQ	0.0127408078167936	5.51625735567557	0.00530869328847517	0.942136408892275	0.982451571188492
PIGS	-1.26629303885935	6.44288670931418	24.4352860658624	5.51973325554334e-06	0.00631528535106745
PIGT	-0.250607460166469	7.74658990208097	1.37861093794892	0.244540884651205	0.597621535341896
PIGU	0.168190653246461	5.20402954721254	1.25781078630928	0.266114070038508	0.616896846399511
PIGV	-0.173420142055333	4.16388847351128	0.995967234333276	0.321919097555269	0.661391776359576
PIGX	-0.123634109194654	5.5697830412152	0.219525760595428	0.640939326981176	0.863981349931067
PIGZ	0.279120890162825	3.34537611690146	0.896768535425359	0.3470906416879	0.681633172976128
PIK3C3	-0.00371391961983133	5.03500524628943	0.000478815682463919	0.982607962014387	0.994805851416241
PIK3CA	0.190340877545831	5.62683939532551	1.04844090830777	0.309590359183973	0.652416740875231
PLAA	-0.278295901520567	5.41374374321442	2.2197312228618	0.14100189644482	0.477049731577717
PLIN3	-0.611868388608918	6.55119332357469	8.5934147503675	0.00462646038196267	0.125161410085528
POMT1	0.114179164639244	4.45333169249573	0.33232491174564	0.566246579858347	0.825172564835218
POMT2	0.0791381230405703	4.5944633500348	0.211995755506801	0.646715205165469	0.866288265406618
PPIA	0.0525098970850898	9.4090414215295	0.0830589769956212	0.774093627237486	0.922405233766065
PRKCSH	-0.0680309664941677	8.39248985289617	0.269730584028985	0.605243177680159	0.845868026168878
PSD	0.0600249540980802	2.23643081937284	0.0310494685427373	0.860667538407653	0.95555275898716
PSD2	-0.392518372063487	-1.09867923470409	0.722499934519007	0.39838618265403	0.719877102312039
PSD3	-0.034985191329244	5.8205573289426	0.013155396249942	0.909032184514874	0.972276951884355
PSD4	-0.713144200510068	6.68108702751675	10.9002250491973	0.00155158553186949	0.0840078002031537
QSOX2	-0.0712933005377638	5.29599810989134	0.12941349001534	0.720185018340622	0.898747372081433
RAB10	-0.592943392544735	8.23206314744548	7.40594940336964	0.00829704793398663	0.156075045558023
RAB11A	-0.393639656047447	7.71424329055771	5.00878557956873	0.0285852571832297	0.252641227912084
RAB11B	-0.0971905788202734	7.01368353572446	0.56547106208673	0.454727277158225	0.761425849999003
RAB11FIP1	-0.37550638033386	8.11711721753894	0.760641233678232	0.386277444600668	0.711320978542753
RAB11FIP2	-0.315789923545345	4.73707441231035	4.0045992036819	0.0494751032754852	0.316000092473408
RAB11FIP3	0.000582929489563677	5.25605203242312	1.05528848490023e-05	0.997417821289789	0.99974032455221
RAB11FIP4	-0.646976018808039	5.53525605662368	5.98030544286546	0.0171310063944181	0.205752130301995
RAB11FIP5	-0.3491725422882	5.69523571726084	4.2712254412198	0.0426745926139199	0.29755929818613
RAB12	0.351496323965893	5.19640951463098	2.05512603388131	0.156397000060975	0.49763319483467
RAB13	-0.024160092432848	6.52551515838799	0.0241336685786382	0.87701758614082	0.961725940479224
RAB14	-0.156759433795549	7.07397823254218	1.36155424379799	0.247450787447328	0.600372315187526
RAB15	0.214050592383144	5.24890215521287	0.439847250744493	0.509497057834978	0.791628451540988
RAB17	-0.445045018927675	3.81149369784805	0.739950930375123	0.392778520200276	0.716128876504359
RAB18	-0.151855501296732	6.78667885264543	0.626600773919504	0.431429649746452	0.744514565530833
RAB19	-0.509150634993001	1.05548266609618	1.04532728173438	0.310304253679811	0.652934263748748
RAB1A	-0.256207839339325	7.23712954249633	5.1124216401722	0.0270442130268719	0.247292938335257
RAB1B	-0.244312131773567	7.33744696832544	2.18286174798726	0.144292540187287	0.481420448931956
RAB20	-0.2691818303398	4.12800005318415	0.654445652442712	0.421423183959883	0.736736249985589
RAB21	-0.401710146832704	6.73668848607166	5.76542219958123	0.0191586357968836	0.214837593193447
RAB22A	-0.302564356792926	6.51453844301133	4.52421449227636	0.037145574928293	0.283953809968774
RAB23	0.459357277619667	3.70600947252791	3.29479629897173	0.0740256802435075	0.369427835696399
RAB24	-0.000922818466559718	2.77484738098226	1.64149520075678e-05	0.996779523944992	0.999557746466772
RAB25	-0.702886022830443	7.19293065041413	6.28258714709008	0.0146545425282684	0.19352315607712
RAB26	1.51877291208578	1.87894380952365	8.3800921046972	0.00513221442404258	0.130391327788634
RAB27A	-0.20138012773157	5.18137388695441	0.960224740051616	0.330694781167014	0.668416814730241
RAB27B	-0.929665917649159	5.9521736150296	8.08835811239489	0.00591939867138836	0.138162778432675
RAB28	0.11162127928396	3.67674503090545	0.484672725630913	0.488748377418162	0.779361648229098
RAB29	0.168507916186099	4.5527824316181	0.59618198460412	0.442783882462184	0.753166565202866
RAB2A	-0.173759941210589	7.27373305834433	1.73766044627132	0.191974574375689	0.540998818385201
RAB2B	0.24344652151243	4.73626699308643	1.77777157320945	0.186989279688863	0.535692385250378
RAB30	0.304305515518681	4.27859294483063	1.7683298976816	0.188148791143182	0.536792454393521
RAB31	0.43764455531032	6.58273622135307	1.83091355299448	0.180618596870584	0.527193858159199
RAB32	-0.101835791429361	4.23482101320824	0.11383041212942	0.736891210582642	0.906547410487463
RAB33A	0.573615375400733	-1.01215712108892	3.6754898996346	0.0595312670669347	0.33895936877955
RAB33B	0.0137934250127802	4.0303034373568	0.00856531864314041	0.926541122555244	0.977994961169259
RAB34	0.31072144458871	5.63154124354639	1.03844700785378	0.311889502827284	0.654571232120654
RAB35	-0.1114720484566	5.874296636168	0.692304107192353	0.408370623153301	0.727687423990176
RAB36	0.396710558295106	3.65809184330736	1.37534289600613	0.245095111180885	0.598151129061467
RAB37	1.27543350365747	1.48708755815388	7.58674951566014	0.00758286582807534	0.150904949157548
RAB38	-0.623818711481695	4.48713063555488	1.31197827930221	0.256157182381494	0.608325077724219
RAB39A	2.38157467722468	-0.459887852842013	16.484681899869	0.000132032644104235	0.0307127410412629
RAB39B	1.2095755672084	0.283520080840323	5.24589706282474	0.0251887065660763	0.241020620926752
RAB3A	0.64211562011454	1.6103790090161	4.5974864848394	0.035691824492239	0.278958492774787
RAB3B	1.58470481849365	5.04702781396607	5.91621907187804	0.0177108028864826	0.208724019892139
RAB3C	1.93537867226444	1.71320495607554	6.37052356975485	0.0140074092639485	0.188843832542326
RAB3D	-0.593692283161405	6.11054734567302	4.33291743215143	0.0412492458078992	0.29353368775887
RAB3IL1	0.517733946183924	3.33989728502267	2.12801248540788	0.149352678757971	0.486299624091243
RAB3IP	-0.177539819694317	5.41960135817673	0.601454415757335	0.440782937393295	0.75193665213943
RAB40A	0.554154362208262	-0.841759039743568	1.98008402607367	0.164055330094706	0.508376184849289
RAB40B	0.302844252721713	4.94673555255306	1.3550428772471	0.248572992034696	0.600988211640473
RAB40C	-0.372261056646387	5.6797871958906	4.45523703125218	0.0385723108123726	0.287354539916477
RAB41	0.199203451094212	-1.16977075306251	0.608264397271895	0.438219209988669	0.749931658982353
RAB42	0.266995199810811	1.2272438160903	0.91807083228701	0.341465316409811	0.677843048013013
RAB43	-0.023745436935524	2.050555430279	0.00937547317819793	0.923156051132929	0.976744671355656
RAB44	-0.767178625371595	-1.16236315515556	5.4786696300605	0.0222694035544826	0.229303425794482
RAB4A	-0.145351450065514	5.12307825353622	1.14014671246751	0.289496367033414	0.636129879987709
RAB4B	0.0829494319980241	3.64209643594741	0.172455434389914	0.679280486931028	0.880882933765509
RAB5A	-0.103067782758855	6.09622897254082	0.573511766816068	0.451551627704784	0.759714649448423
RAB5B	-0.157353722322372	7.53657103157094	1.39331169858792	0.242066933813716	0.595486892966406
RAB5C	-0.142499614281735	6.68060567952428	1.04299843869537	0.310839635114095	0.653351131866833
RAB6A	-0.0455950662454936	7.61558874509717	0.088466990115963	0.7670657448743	0.91936697018771
RAB6B	0.82342844127298	3.77035682981634	2.99906044993419	0.0879664608440576	0.396065396207125
RAB6C	0.610976587908571	-1.50073413113835	3.68634517475115	0.0591662554946091	0.338492117970586
RAB7A	-0.228121708473703	8.59648878287684	1.95461018098021	0.166753662394106	0.510810531977707
RAB8A	-0.0049541643373014	5.8844924054229	0.000491091876141592	0.982386455328931	0.994804359412016
RAB8B	0.0114333754565241	4.8653199151422	0.00380403764617674	0.951005824827256	0.985433559218008
RAB9A	-0.430454877461067	4.72381563575261	6.25725280888576	0.0148467840402951	0.194523030599969
RAB9B	0.32584978708676	0.766855189913604	0.513245141613829	0.476255036593782	0.772587268977647
RABEP1	-0.0521721947861138	5.77740145709991	0.134441178182336	0.715039336892065	0.896661357960371
RABGAP1	-0.0305821237987261	6.26896259459065	0.0406549798085446	0.840823122496266	0.948770499794121
RABGAP1L	-0.153314389794865	6.09202949431208	0.940393831667052	0.335703302970511	0.672472932519245
RABGEF1	-0.111391238338429	2.70498563130664	0.518244494811322	0.474123331891366	0.771305114070654
RAD23A	-0.134430825647966	6.81556958674982	0.573218801715783	0.451666716114663	0.759714649448423
RAD23B	-0.0790905507095832	7.7314673744203	0.272149956799424	0.603632759438	0.844906391472112
RALBP1	-0.333049603199534	6.99807291330691	3.14847961079749	0.0805917085031244	0.383165035283995
RASEF	-0.185726577219442	5.96528543558972	0.147459053475525	0.702205081027475	0.890750849029086
RBSN	-0.0921751623100593	5.12759050215477	0.597025859901796	0.442462672415923	0.752948643151555
RBX1	-0.0277506649396453	5.51144088126649	0.0321343442691812	0.858280178296166	0.954956997563981
REPIN1	-0.182832922681184	7.2900587516541	0.613279962866806	0.43634576596302	0.748578441802488
RER1	-0.199327060526588	6.3188449012353	1.46042903529479	0.23115718989499	0.583224572750515
RFT1	-0.0331380100072674	4.20614529203148	0.0539141656517389	0.817102838474663	0.939820463435954
RFWD2	-0.216801110120219	5.87988865525373	3.32431908897196	0.0727734684002696	0.366990814324751
RNF185	-0.222968314601917	5.42084282332461	2.05529415899682	0.156380314486448	0.49763319483467
RNF5	0.197525602397931	5.74232965597948	1.12770151182315	0.292121521867262	0.638831522622411
ROCK1	-0.0491213942974886	7.08827514620745	0.0604747997101434	0.806507264088537	0.936519483938488
RPN1	-0.164483066947556	8.52786495017937	1.01023466234643	0.318503243412406	0.659151355757279
RPN2	-0.205551981148482	8.78055397129423	1.28108643703544	0.261776906344687	0.613373536002447
RRBP1	-0.0900072579105953	8.839412444153	0.177041047343633	0.675290192717469	0.879027397436588
RUFY1	-0.294374065809594	5.43710915013365	2.89974404629441	0.0932807743654558	0.405349780138011
SAR1A	-0.14193951602003	6.25596468273777	1.24915267958705	0.267750584444965	0.618737506917979
SAR1B	-0.35726645510445	5.98850602320626	7.81196307346216	0.0067823887780191	0.144752560787852
SEC11A	0.0888283201643091	6.21473058239098	0.308445995531665	0.58050572473171	0.833266712960304
SEC11C	0.315877089283327	5.1001858977642	0.927405338708287	0.339039625796636	0.675058271275011
SEC13	0.0813153487157388	6.35041222732378	0.15249454493589	0.697415505109056	0.888551995179087
SEC16A	-0.242060626914722	8.02314018664919	2.54557461749994	0.115362846615376	0.440576948499055
SEC16B	-0.730513031571258	-0.262434643331343	3.90941448129505	0.0521793902521397	0.322052830788489
SEC23A	-0.307660083559882	6.63152676499627	3.08660178011685	0.0835594601019288	0.38721977763433
SEC23B	-0.147939643386838	6.4105622504795	0.831629280448007	0.365107948018484	0.694976085372362
SEC24A	-0.317859466924907	6.16461811724065	3.35033022512377	0.0716894524809238	0.364209626200526
SEC24B	-0.325475052674878	6.10049924595241	6.55572628317833	0.0127411301092589	0.180422605857956
SEC24C	-0.458180336385346	6.35498307989869	7.51588534003981	0.00785477597791789	0.153334278605089
SEC24D	-0.35681508023666	6.3289660985627	3.34343919971147	0.0719749010080291	0.365071620322941
SEC31A	-0.288428568606247	7.99506510865597	7.097212620449	0.00968473517619715	0.164339715521234
SEC31B	-0.164509438993032	2.71218030015233	0.392917803194124	0.532923605241118	0.806260741717543
SEC61A1	-0.182625974597915	8.66180335649973	1.30940638438996	0.256619229322917	0.609218429726875
SEC61A2	0.154471311864309	3.30468512477009	0.703753213252743	0.404541894592813	0.725419842452259
SEC61B	0.0601427343703198	5.84633788644394	0.138683653800451	0.710781697268494	0.894791012144905
SEC61G	-1.43906530994603	6.97629999670842	15.2345012767993	0.000224851150061786	0.0395325274835689
SEC62	0.162717873344497	8.01779766055935	0.560206165054791	0.456825887028184	0.762289754099654
SEC63	-0.0758421731712404	6.70113984347614	0.433564175317913	0.512526818451737	0.793938668710724
SEL1L	-0.283125601459358	7.19547022468886	2.91391502644461	0.0925011528189907	0.403878088793016
SELENOS	-0.145804751187209	5.63862396043035	0.676106909868505	0.413879817282104	0.731441981233581
SGSM1	0.675961903368944	2.47079018403225	1.60502558267594	0.20962768825859	0.560595748683834
SGSM3	-0.469387450342608	5.75098041679984	7.88725863382	0.00653495849571508	0.143208947606099
SIL1	0.00646796110542836	4.91041353102008	0.00144553048179228	0.969785953043843	0.990927249453527
SKP1	-0.0283797566837596	7.28482783504248	0.0409481324912236	0.840258137637258	0.948719436347502
SMCHD1	-0.0288667168655448	6.78478426966179	0.0261238292299016	0.87209012873082	0.960084015953602
SNAP23	-0.225382340909801	5.31744155585951	3.17218535019137	0.0794857169012091	0.381034655395171
SNAP25	2.38646051852137	2.07393039040242	6.86274246682989	0.010900736115905	0.172563614619577
SNAP29	-0.154368235973004	5.54575660402068	1.41936558412351	0.237758061861818	0.59088612746346
SNAP47	0.177431097626758	4.67686730114541	1.32152155585032	0.254451801202143	0.606763101110463
SPCS1	0.0494995403344275	6.16176595613371	0.0916947956137758	0.762982189247279	0.918121099208049
SPCS2	0.137398579254103	5.61585691911781	0.856422183307645	0.358100285003901	0.690620217886624
SPCS3	-0.286804169695814	7.06434814549103	5.52127587053231	0.0217751595409791	0.227510621244709
SRP14	0.11392463784376	7.43497800510974	0.762217452917759	0.385788575327918	0.71078971494066
SRP19	0.00139994378339768	3.94903696775214	9.20169570554936e-05	0.992375196697946	0.998426479494133
SRP54	0.1569669429538	5.86621730279695	0.710493770168285	0.402312534920094	0.723479337716073
SRP68	-0.208248168679502	6.50345505823162	2.1214702011914	0.149969779144977	0.487442282166763
SRP72	-0.149450029546434	7.07114419376831	1.3195981416419	0.254794367222446	0.606968157591351
SRP9	0.026468173609452	7.37261294629721	0.0480056676109524	0.82724416703362	0.944131768187349
SRPRA	-0.349234355314595	7.73042448153	5.43657411552935	0.0227694433457921	0.231072573911684
SRPRB	-0.188078407684866	5.85072175297718	1.23168532888781	0.271091224488231	0.621339095165715
SSR1	-0.0498395968846603	8.00568205105088	0.136933229512735	0.712529266891195	0.8954264663176
SSR2	-0.010326023408922	7.45160746391538	0.00448813208799206	0.946788606934262	0.983846446596598
SSR3	-0.174952154059651	7.63978407058053	1.29499782363193	0.259227206947005	0.611623620381532
SSR4	0.371126131478207	7.11344788618262	3.46065415017763	0.0672844126015922	0.355056719008894
STT3A	-0.309577933242507	7.08567951419151	3.43050626329612	0.0684579657066049	0.357598422223956
STT3B	-0.00633428052466	7.62597015782976	0.00243935057120869	0.960757254650207	0.988362064042642
STUB1	-0.236366238202198	4.82360997714625	1.9586874888212	0.16631831006046	0.51029485892758
STX10	-0.178946633488392	4.87915689823068	1.07919021482789	0.302655001102471	0.647692200911472
STX11	0.529532636970214	2.90419866534578	1.84967780457426	0.178430591015265	0.524733859318363
STX12	-0.419725467554599	5.7522032354226	9.66749639150167	0.00276404009695644	0.10046104200114
STX16	-0.05326674378517	6.15243204846727	0.13833129458399	0.711132466929593	0.89495469086452
STX17	-0.378718928124268	4.46895538289526	5.88183499323468	0.0180304105010818	0.209621064977551
STX18	-0.00785543118433093	4.54549498677761	0.0020923258086268	0.963653514970242	0.988831550937686
STX19	-0.234905107204847	1.68895004403159	0.295080729881019	0.58880583124998	0.837853380967168
STX1A	-0.0740440756794667	3.9959873186789	0.0533174642546387	0.818099552010463	0.939991383720189
STX1B	0.0749551899475906	1.26879273968736	0.0474099700294644	0.828302183746988	0.944656706614667
STX2	0.160826195820313	3.87257244666354	0.572063473628464	0.452121027674273	0.759730085951578
STX3	-0.590935580311692	5.94473198419726	6.04244252703416	0.0165879966772903	0.202560566998632
STX4	-0.251771006835266	5.04295193983252	2.94291112218395	0.0909283801912483	0.401023416846401
STX5	-0.0861401697535241	5.3593890787504	0.531789453625081	0.46842556021394	0.768012424595987
STX6	-0.164807173305727	6.01363368200367	1.13665935997736	0.290228886064505	0.636802656380438
STX7	-0.168301805257041	6.0689096772173	0.943961896876099	0.33479460032161	0.671790706535174
STX8	0.0739861872380633	3.89527709322111	0.203169967482351	0.65364583551191	0.868965904623249
SURF4	-0.161703618638435	8.26892435137017	0.94535915922465	0.33443965974127	0.671527114306746
SVIP	0.0822418356348386	4.62660253560332	0.0552232344998747	0.814936397121543	0.939019852656236
SYTL2	-0.209351852869948	5.7275576069323	0.189342693032141	0.664878368122039	0.874071580531585
SYVN1	-0.228756384144555	7.00578143817221	3.90446675057872	0.0523242700883012	0.32235413440262
TBC1D1	-0.26303329614087	5.82655473965647	1.36675245153819	0.246559424241445	0.599118922899903
TBC1D10A	-0.387771200397742	4.33521081627896	3.30891944330745	0.0734237188471503	0.367948387279406
TBC1D10B	-0.18497536029115	6.40595232935224	1.81230450836643	0.182819828431355	0.529899286186645
TBC1D10C	0.616888202596277	2.51656025623498	2.84079147990559	0.0966034471824878	0.410088459081736
TBC1D12	-0.199465980011512	4.13440024288856	1.66620047761569	0.201254134634438	0.551345794651097
TBC1D13	-0.0578880622927573	5.28041825063561	0.148945093169551	0.700781948439139	0.890338492848383
TBC1D14	-0.377644245857218	4.92361345185242	3.58614455923012	0.0626304008450617	0.345862647515471
TBC1D15	0.0175282119908002	5.72669352553642	0.0127084295569818	0.910584147564128	0.972826749417487
TBC1D16	-0.14266236501117	6.31922688987729	0.605756022870998	0.439160829436094	0.75064417144895
TBC1D17	-0.00595350567640762	5.5751944563756	0.001709742781744	0.967141990283179	0.990069003781614
TBC1D19	0.420367700533238	2.13110335341304	3.79853954216785	0.0555330511526559	0.329360644390863
TBC1D2	-0.0200685172199579	5.88123250149722	0.00372023605626703	0.951547805684401	0.98558290490188
TBC1D20	-0.191016650996277	5.90720149196143	2.15143873130883	0.147166885623701	0.484225976477102
TBC1D21	0	NA	NA	1	1
TBC1D22A	-0.347670220013198	5.37581311230905	5.15296892622599	0.0264656099615763	0.245768175752479
TBC1D22B	-0.00780056058493671	4.62890145741261	0.00208346967090774	0.963730463664286	0.988831550937686
TBC1D23	-0.0750838322134791	5.88211682518124	0.30433905750091	0.583030791135822	0.834770651010831
TBC1D24	-0.0216888417574447	4.38073629298537	0.0177822960162056	0.894320557313262	0.967591425695504
TBC1D2B	-0.0785959477707774	5.719541410996	0.214707766066415	0.644620779896514	0.865688156280156
TBC1D30	0.00304030458533518	3.93612928845346	7.37716686664052e-05	0.993172827832395	0.998686782787671
TBC1D4	-0.523614529810959	5.81112731062769	3.56934532038193	0.0632325316266522	0.347026883587848
TBC1D5	-0.0171770913484988	6.25580183164645	0.0150331409812416	0.902787306287549	0.970562396694057
TBC1D7	0.0115710254005054	3.96086019496843	0.00344014171160118	0.953405255218972	0.986354406979666
TBC1D8	-0.477009693714275	5.76023628751542	3.43961922119872	0.0681008850401058	0.356860077603464
TBC1D9	-0.0624672637006276	5.27102331412881	0.0601182947371689	0.807066901250987	0.936797071070464
TBC1D9B	-0.317172436149233	7.54368878691598	3.22229484274387	0.0772024820634476	0.376334169897139
TMED10	-0.261742807944489	8.37871323161294	4.41260008981282	0.0394835738273571	0.289025366878964
TMED2	-0.0241301997486976	8.04007682771038	0.0371775126484252	0.847693883227167	0.951422342418096
TMED5	-0.291784061151898	6.3041960444092	3.91682860688623	0.0519631023229575	0.3214169313041
TMED7	-0.138196241226685	6.67246335047532	1.32842931826983	0.253226252500189	0.605730326451468
TMED8	0.0245728793516516	5.37347398020247	0.0228301753403718	0.880358619934342	0.963138966486916
TMX1	-0.180999759855172	6.26018988694109	1.39219718897342	0.242253401179502	0.595486892966406
TMX2	0.00546208921281811	6.45872590651287	0.00142834279440688	0.969966028831907	0.990927249453527
TMX3	-0.163657534090927	5.73424643602537	0.825449236245171	0.36688463090566	0.696157718659154
TMX4	0.0659150515857554	6.07037452809249	0.0917030141215432	0.762971892888758	0.918121099208049
TOR1A	0.0704934467691076	5.32865643917747	0.240751693201644	0.625284845343635	0.85589340728005
TRAM1	0.105644682029044	7.82905741623887	0.539031450257488	0.465424693752096	0.766942711879615
TRAPPC1	-0.0829935991657725	6.13575569565096	0.224309495308053	0.637332580096531	0.861536937452444
TRAPPC2	-0.293007938829499	3.80131884062295	3.29869543777524	0.0738589500576265	0.369042076122358
TRAPPC3	-0.174179533428351	5.34399278680469	2.03202425154237	0.158709496216282	0.500672930878353
TRAPPC4	-0.0175293166556188	4.94251060889145	0.0102432110092443	0.919690398770507	0.975551088686112
TRAPPC5	-0.0321578074021403	1.94218603679016	0.0212110058495478	0.884647765198625	0.964604354148854
TRAPPC6A	0.35894853288828	3.45770968151765	2.56919726279723	0.113719974968901	0.438206720154952
TRAPPC6B	0.0389142316027282	4.97704029110061	0.0606501654474772	0.806232619437429	0.936364866258023
TRAPPC9	-0.0025834988350209	5.92620557888823	0.000228647272997031	0.987981017984312	0.996089997663512
TUSC3	0.254795981018908	4.85072355721403	0.274252234705484	0.602240805249629	0.844039595551281
TXNDC12	-0.0107363387801768	6.41063033644435	0.00729628392374225	0.932186443198356	0.98019634189952
TXNDC5	-0.348107440383907	3.70955493040545	1.90492763486076	0.172166968406804	0.516428115042459
UBA1	-0.350482396058762	8.9859002699617	7.90647773367281	0.00647333082735051	0.142629390954488
UBA5	0.045806784281171	5.22489189252465	0.0929427039102768	0.761424514862633	0.917167500309281
UBA7	0.0731778004603229	5.46144764955362	0.0700288929414596	0.792116185307808	0.930108901066564
UBE2D1	-0.0413620212111824	5.15712207352593	0.0720617194655591	0.789192275137861	0.929033894323077
UBE2D2	-0.21524332715308	6.27641219642799	2.72166324922763	0.10372815935769	0.420911148275297
UBE2D3	-0.274158434149186	7.64149713297852	5.32689065184288	0.0241292490221669	0.236533318825587
UBE2D4	0.124576476701284	4.09660738722585	0.787526694359735	0.378059086271925	0.704949643763361
UBE2E1	0.00744338006945883	5.40047728682614	0.00282722962199098	0.95775509622582	0.98757836915168
UBE2E2	-0.206451095838165	4.19518196132567	0.433022460332982	0.512789514663521	0.794131167074273
UBE2E3	-0.236278679740652	6.0526881880991	2.7378278921065	0.102727835725454	0.419469532381679
UBE2G1	-0.397113794241606	6.35621551710548	5.31769112309137	0.0242471622794625	0.23711585745309
UBE2G2	-0.0913247819486962	5.87367103721169	0.447040108677118	0.50606670831631	0.789582689796657
UBE2J1	-0.0823524822011765	6.64155994324465	0.273907939754632	0.602468301396408	0.844039595551281
UBE2J2	-0.165823489971675	5.33029625630473	1.3521495544736	0.2490736774364	0.601571224848307
UBE4B	-0.0765968982134226	6.61763115595801	0.178696783420822	0.67386438898827	0.878587041269285
UBQLN1	-0.0457330714078246	7.27804242935041	0.0836995823863758	0.773248413477934	0.922017509499592
UBQLN2	0.0831470708425308	6.50751305943122	0.257757464921333	0.613350936827976	0.849314742865203
UBQLN3	0	NA	NA	1	1
UBQLN4	-0.283165834905261	6.25273984591769	3.24047324237841	0.0763921123544784	0.374426900951251
UBQLNL	0.280947218449755	-1.67192328659166	0.496378808534999	0.483564706341237	0.776412039675133
UBXN2A	-0.147273479371141	4.87913269396432	1.02728976418896	0.314483060489084	0.656068976523808
UBXN6	-0.0875284855785119	6.01522567559114	0.303199964233055	0.58373508462411	0.835096938375138
UFD1L	-0.055239432634018	5.78439298025736	0.155378192862904	0.694713685242177	0.887812924522933
UGCG	-0.472921443420233	6.46769481630949	4.10348388387631	0.0468254531109415	0.309100552196434
UGGT1	-0.296222799812305	7.3741693809235	5.464916065774	0.0224314821254049	0.230018376962498
UGGT2	-0.254332505479876	4.5889602635057	2.02335158969175	0.159587860548212	0.50223458120865
USE1	0.139671187483492	3.77785755074792	0.41687238245404	0.520731611816342	0.798348752692901
USO1	-0.0982250591051996	6.91711139647047	0.241368452912901	0.624842984208111	0.85565550331845
USP6	-0.0308217450827806	0.101576396381597	0.013471915959055	0.907949263090747	0.97214885036636
USP6NL	-0.350393697742839	5.81649617269722	2.84069820417311	0.0966088076864531	0.410088459081736
VAMP1	0.214331615914915	2.91787032335104	1.1236365054399	0.292985667247888	0.639230090081693
VAMP2	0.231271090381037	5.59857975717835	1.73378657781831	0.192464359646095	0.541054587656913
VAMP3	-0.38552284582309	6.84950740875988	8.19815469643527	0.00560924816535447	0.135361270139961
VAMP4	0.0118519528865414	4.60518557195113	0.00604958442491509	0.938238200013276	0.981693218254588
VAMP5	0.466341299097573	3.63713713976118	2.1596886180961	0.146405918533344	0.483703118479002
VAMP7	0.0393840140521865	5.72483845178707	0.132039761897093	0.717483249676369	0.897573601171067
VAMP8	-0.247773649446822	6.35833089762831	1.70805029503699	0.195756334654032	0.544963684110378
VCP	-0.520106760905253	8.7635118934651	6.44609160519958	0.0134753952075034	0.184532609148881
VPS45	-0.0808579793155221	5.27944886178616	0.366516655965256	0.546977275607108	0.814325259912607
VTI1A	-0.280182340663305	4.71736208078214	4.04180695585026	0.0484595621352319	0.313782180394138
VTI1B	-0.29779249033204	6.0115967335096	6.218977350205	0.0151422945676571	0.196489793111816
WAS	0.956855583139736	3.47037641599753	5.85139911491885	0.0183184166716123	0.211295979032281
WDR38	1.10501458782687	-2.45375931425894	6.7342038150519	0.0116346328718388	0.175826766526348
WFS1	0.365323109780994	6.01712379313595	1.47055905646375	0.229563582719135	0.58105748029154
YKT6	-0.0980652351109099	6.63174669103437	0.358325435348592	0.551478737042599	0.816529194893928
YOD1	-0.605876392242842	5.65166926885612	4.47997445661893	0.0380539856749088	0.28660670368053
YWHAQ	-0.160637341257778	8.62618978051394	0.712200074191694	0.401751067333055	0.72279025864364
