pspGenes	logFC	logCPM	F	PValue	FDR
A3GALT2	0	NA	NA	1	1
ABO	-0.582127967701608	4.73358962557906	8.15490384762548	0.00451150652874475	0.0178351296318314
ACAP1	-0.256487357173104	3.81838501900397	3.5420509311404	0.0605354923727774	0.134270848020591
ACAP2	0.160827713336679	5.87486479109397	7.14558919286459	0.00781316651333539	0.0274575459834403
ACAP3	0.0129277440433121	6.28916269081967	0.0248562232069565	0.87480302885813	0.921752729909532
AGAP1	0.0876664250229326	4.67077799273494	1.80763978835581	0.179530784729275	0.302836929673687
AGAP2	-0.597955635215958	3.63030546703109	20.6733436595576	7.16964103517893e-06	0.000102798373495981
AGAP3	-0.297944411628896	7.2358622289618	19.5961433666502	1.22647690901299e-05	0.000159609775111586
AGR2	-0.519499087293523	7.72499341562273	5.22558405767353	0.0227635144966215	0.0629460126315828
AGR3	-0.36912559905899	1.54366995541458	1.16786917966156	0.280471172745054	0.419846196200713
AKAP10	-0.0463022224547432	4.69359341825171	0.65981311712532	0.417094639523639	0.55650724351999
ALG1	-0.0203942576921625	4.28755405879817	0.160562671342182	0.688846551461936	0.789057721541395
ALG10B	-0.161745882246979	3.33864069799888	4.18368408896624	0.0414490405794673	0.100066959934796
ALG11	-0.0276691464506344	2.56596158205926	0.170567300010038	0.679822801627961	0.781845933293131
ALG12	-0.0786688373747296	3.93109750554055	2.29215722684883	0.130795217462407	0.239027441565639
ALG13	-0.28773680320788	4.72534257751013	29.9298201466516	7.78591982933374e-08	2.58007968931212e-06
ALG14	-0.0309972628498366	3.37986771545836	0.370403655723993	0.543119450721646	0.670216528149379
ALG1L	-0.285512758092203	3.92576912121913	4.13228507217197	0.0427126945432064	0.102428307838423
ALG1L2	-0.348132124203583	-0.63999136097905	8.53362237465677	0.00367804533814499	0.0152198573130363
ALG2	0.182197253960882	5.09143941903648	12.2893084209489	0.000505548132065279	0.00315905779590669
ALG3	0.229795987445021	6.39555587921472	18.171255128239	2.50495689890752e-05	0.000279565222462135
ALG5	-0.0687258397713789	5.23782072544254	1.60858128784153	0.205406966054855	0.334082477762913
ALG6	0.024546518144279	4.31275842113472	0.2512441846362	0.61646785789108	0.7311928194942
ALG8	0.0148221553163473	5.46337326018218	0.0649778367519006	0.798921628840602	0.868500192645414
ALG9	0.026697760601746	2.9883012428382	0.300021161577578	0.584165531491814	0.704485576081256
AMFR	-0.137644251838929	6.69635648678946	8.79176169623348	0.00320168035187051	0.013661322569399
ANKFY1	0.0239446121769692	5.83251011445081	0.156325753758248	0.692766558497649	0.791810838317808
AP1B1	-0.10997619160685	8.01710595118359	3.0333497027398	0.0823152039868737	0.169710261239853
AP1G1	0.000140461673395605	6.69771938013604	6.9549206885961e-06	0.997897082043838	0.998580840811879
AP1M1	-0.0859366637635973	6.05698444724709	3.02026073180095	0.0829768285284773	0.170644159735792
AP1S1	-0.102154168517121	6.30746005671272	2.99522207837421	0.084258606238374	0.17235413726393
AP1S2	0.256419909436721	3.92250691962089	8.31545240799535	0.0041368391166125	0.0166729376263078
AP3B1	0.00916358914190256	5.90959608998904	0.0359697863260685	0.84967122723448	0.904952748452163
AP3B2	0.481431507785995	2.2110430547032	5.48761117549438	0.0196264841665769	0.0563599852907067
AP3D1	-0.0345952177989882	7.5728592411531	0.747054091730373	0.387913059620276	0.528328698174538
AP3M1	0.0697433256412183	5.72687761850054	1.61861116175811	0.204002555587596	0.332379970638615
AP3M2	-0.0999884468148658	4.91483835988079	2.19448278824053	0.13926945550549	0.250373981118899
AP3S1	0.139586182984823	5.86536017506481	4.02031738395846	0.0456083928948021	0.107655183690501
AP3S2	-0.0799579627457326	4.3186093981103	3.1974393407363	0.0744878128213928	0.15729991953586
APPL1	0.131177112870299	5.74228501950261	5.0665697283389	0.0249176872147646	0.0673630877684882
APPL2	-0.016120568244819	5.25762710902571	0.0681375710889499	0.794198351505158	0.864883062310224
ARAP1	-0.0806869055956414	7.16871308996537	1.20656896801442	0.272653683539951	0.411476026989802
ARAP2	-0.20562921416424	5.03906181563821	5.42474278557597	0.0203357072495545	0.0578967950843313
ARAP3	-0.567609893550857	5.41219421906344	38.2281549102308	1.51535209584397e-09	1.04661009527348e-07
ARF1	0.0240389862833635	9.19946487045922	0.403154758831425	0.525816655823539	0.654741007610723
ARF3	0.00744005632627135	7.71656187296526	0.0274931072466682	0.868387386252615	0.918000542853057
ARF4	0.180603565985991	7.82156204003758	9.30261115883683	0.0024359407917537	0.0110394087407971
ARF5	-0.00629684226730738	7.60493042680821	0.0150321779060234	0.902479010443938	0.938273459144552
ARF6	0.0729025337181963	7.72722127767672	2.07194717037385	0.150788589657035	0.265457508535194
ARFGAP1	0.0932323069394254	6.99535008590048	2.74409901157312	0.0983748011591679	0.19381106036812
ARFGAP2	0.0534448438021401	6.71919773212822	1.42683602072809	0.232968166033239	0.366348801931672
ARFGAP3	0.0288389525600365	5.65804131812873	0.20341142001166	0.652218312759456	0.760667139506008
ARFGEF1	-0.0323671595053315	6.58709473666978	0.261555964144006	0.609326953169156	0.725036308240503
ARFGEF2	-0.0286104784770456	6.19284611615091	0.187680490589688	0.665080713755013	0.770946023311911
ARFIP1	-0.162988848138193	5.50320376078097	9.51459733503683	0.00217565751949579	0.0100755364991191
ARFIP2	0.126727957099503	5.77349663084681	5.9798198277116	0.0148878866348774	0.0455140146735501
ARHGAP1	-0.123787569831267	7.43317475629046	4.03882475554205	0.0451157972424501	0.106818016675537
ARHGAP24	-0.0783977047573745	2.74321451289928	0.37064213547483	0.542989710749657	0.670216528149379
ARHGAP5	-0.0734548494383209	6.15796383957615	1.02231215703537	0.312564138402119	0.452989121853189
ARHGDIA	-0.0235020610381581	8.35061995072528	0.219121620014002	0.639957351980459	0.750395339785291
ARHGEF1	-0.0322792439991266	7.0405580110044	0.308211173054531	0.579081012112261	0.700170926886297
ARHGEF11	0.0154545215743414	6.22302240805314	0.0792613463156787	0.778442153027426	0.85418495469322
ARHGEF2	-0.0507564998324324	6.13367096631579	0.543396384875659	0.46144779834394	0.598387669193285
ARHGEF6	-0.288367347133705	4.37700796579749	5.90269517093361	0.0155438969157123	0.0471668917095063
ARHGEF7	0.0978904272789119	6.10182270552844	3.02502590640745	0.0827352926143198	0.170421699858189
ASAP1	0.301995624173331	5.73730001229568	12.5887621239414	0.000432698728151322	0.00279967031512086
ASAP2	0.350450049842021	4.4063638947768	9.91221515338038	0.0017612304568533	0.00849295233981664
ASAP3	0.40463465594501	4.84497519308648	15.1151680679903	0.000117850397797796	0.000983096382445424
ATF4	-0.0369227189639013	8.35217432041181	0.435643038051672	0.509601425053514	0.64139587447527
ATF6	0.402697773569642	6.37975376711795	38.6288551318268	1.25589652913596e-09	8.88514201893211e-08
ATF6B	0.0674294171299489	7.28905041181229	1.87704061487773	0.171416409597045	0.292454932461713
ATXN3	-0.00729630476970138	4.76168497855972	0.034461987526652	0.852818838229261	0.907058295705112
ATXN3L	0	NA	NA	1	1
B3GNTL1	-0.232656708358551	3.1252182667814	12.312928452219	0.000499375222076451	0.00313197110140341
B4GALNT1	0.569992277979598	2.78880410796376	7.1795357173118	0.00766922079870392	0.0270586520190337
B4GALNT2	0	NA	NA	1	1
B4GALT1	0.111761859465064	8.11210306910739	2.10563969273801	0.14751730667845	0.261228031556175
B4GALT3	0.481044964531842	6.6134874704928	37.1055628557945	2.56745677667265e-09	1.5716832711332e-07
BAG1	-0.288842543583341	6.9140338163612	10.5631366206547	0.00124827726216126	0.00642393075815483
BAG2	0.213936144887508	4.00044560716451	2.67010967325912	0.103012221867777	0.200360339450967
BAK1	-0.0729240014632876	5.65132545811117	0.730191153723236	0.393317435226626	0.533875607823382
BAX	-0.203383765598402	6.64515632463037	12.4167582208694	0.000473133450260426	0.00300145408750378
BCAP31	-0.136450208889845	8.968069465251	4.93139945029949	0.0269157367672874	0.0716654712780256
BCL2	-0.225280973142033	3.33446584028546	3.67159903780092	0.0560381872098019	0.126491143264695
BET1	0.07653045876803	4.5505059990404	3.01126237838744	0.0834350215902054	0.171345163864337
BET1L	-0.00178863800081019	6.04063397447907	0.00154953833699895	0.968619093401345	0.980806897251549
BNIP1	0.0412369389627413	3.50924570405594	0.621108491109215	0.431088498984352	0.569921283401706
CALR	0.184318829436686	10.3546890430732	11.5824469565312	0.00073091452839623	0.00422293314493875
CANX	0.0469575903576757	9.16736359052662	0.864670205917452	0.352979128166652	0.493705809644952
CAPN1	-0.0979060975291301	9.06112217692606	2.53637160706844	0.112016458189445	0.213387543477255
CAPN2	0.0264525345865044	7.7986203587562	0.0665687248170309	0.796528566920168	0.866774340265568
CKAP4	0.0593613046864941	7.59097354908118	0.546926363191301	0.45999713022175	0.596997671988949
CLTA	0.12223713592973	7.40382477792245	3.58276238270867	0.0590820669372738	0.1317617736256
CLTB	-0.24278767794194	7.17417356892563	5.55499884053756	0.0188947260278185	0.0547507891673436
CLTC	0.0504819456250469	8.91791354738954	0.812784323933301	0.367824642587205	0.508694713361606
COG4	0.0843858691263086	6.6561440161406	2.08903742227063	0.149119093096796	0.263287836633491
COG6	-0.0278554229458876	4.72843850060464	0.17811490549155	0.673218251750277	0.776778671950982
COPA	0.436790490174844	8.23594099171326	45.7473810068012	4.62246470153709e-11	6.30072755250849e-09
COPB1	0.152036317275376	6.99501884075869	9.8441251185274	0.00182602669978762	0.00874559426185469
COPB2	0.155361981816483	7.55550803837587	10.8301602186276	0.00108449852501058	0.00574561590782693
COPE	-0.0628639226574297	7.33000925448478	1.38586776764856	0.239783261105582	0.374159242659295
COPZ1	-0.0718490819673308	7.55039252519672	3.0877323017608	0.0796268009991736	0.16551947674147
COPZ2	-0.0839387635484305	3.89475879866298	0.307142455670542	0.579739449083098	0.700832900314425
CRYAA	0	NA	NA	1	1
CRYAB	-0.188780234481056	4.54916046573821	1.000500108778	0.317776157685355	0.458456909401269
CTBP1	-0.142126890147225	7.31416423308756	7.84928802050908	0.00532357776283371	0.0204098764183195
CTSA	0.074951690386405	7.90810066555754	1.13454759373744	0.2874307322174	0.427000563170599
CUL1	0.119528431781923	6.42540710977062	7.90732692012522	0.0051585927264905	0.0198854801820937
CYTH1	-0.0217042035956696	6.03721490783739	0.121598265381661	0.72748545232584	0.817936076890521
CYTH2	-0.110932761188095	6.91897077083584	3.86570142741999	0.0499530682624781	0.115706404632902
CYTH3	0.242596388336282	4.91814657164325	7.49884292148441	0.00644140903983298	0.0236744650779121
CYTH4	-0.0626288423090565	3.90813451753265	0.128933557371053	0.719724135357985	0.812157385701714
DAD1	0.0300164691605292	6.93834311346674	0.345772722603708	0.556837815926349	0.681824528951379
DDIT3	0.0600272850851504	4.67341149606034	0.406169405227281	0.524273901760967	0.653735695273814
DDOST	0.144252126831589	8.48412831215792	8.47228436806941	0.00380151708730764	0.0156625177731542
DERL1	0.180952675039377	6.67275809965045	12.7861328747151	0.000390591965935214	0.00257199463301494
DERL2	-0.0526096796572299	5.47469283366837	1.22419807152565	0.269183449382053	0.407473351798887
DERL3	0.117095603993548	4.06847239057648	0.576573577770072	0.4480923870592	0.586071487673392
DNAJA1	0.287641162391772	7.76105172714978	16.0537099871766	7.30544646759367e-05	0.00066503632447204
DNAJA2	-0.000753428037403642	6.49500372932727	0.000263342097655182	0.987060491472398	0.991716894773693
DNAJB1	0.102776411889206	7.64644409076443	1.60282190057727	0.206218582094944	0.335002791157892
DNAJB11	0.300139182058834	6.76924598461768	36.3801211797228	3.61303893827107e-09	2.07506163291826e-07
DNAJB12	-0.0661239263852221	5.94441116535541	2.19512269841525	0.13921196662847	0.250292637151398
DNAJB2	-0.0880524212770507	6.79929462050517	2.0212094608203	0.155871471982977	0.272458589053941
DNAJB9	-0.100445055859534	4.55713148872353	2.46314894178432	0.117311977359771	0.221197511573211
DNAJC1	0.162367359664313	5.35455729022218	5.85979939414897	0.0159216330111655	0.0480421647795588
DNAJC10	0.280870616070984	6.6664970551908	19.9586623968574	1.02345816788231e-05	0.000137307255252767
DNAJC3	-0.00713648173051202	6.5764803233811	0.0164644547587591	0.897963131811873	0.93591039369045
DNAJC5	0.0768104403499066	6.87831019400572	1.58751796097278	0.208393752346099	0.337356980242941
DNAJC5B	-0.176487919688924	0.257188365088142	0.489715895184357	0.484448678605744	0.620037550748319
DNAJC5G	0	NA	NA	1	1
DNAJC6	1.39102204855026	1.12394174531823	46.5566697192119	3.18825594793888e-11	4.70269348034466e-09
DNMBP	-0.496965800210792	5.42015112155618	31.3214253710255	3.99383195776766e-08	1.49010744906054e-06
DOCK5	-0.255047877383877	4.83455546328012	7.25381242388108	0.0073636789710328	0.0262432944468776
DOLK	0.166403513829563	4.53019979025201	8.9628819942114	0.00292106170461715	0.0127098116295879
DOLPP1	0.250210619320479	4.90069006157849	17.967083388831	2.7759302345069e-05	0.000303836560892549
DPAGT1	0.106681126782822	5.779700561768	4.57416376510051	0.0330445355889907	0.0838873323382796
DPM1	0.229568138104379	5.61435968097793	19.942365046932	1.03181175072249e-05	0.000138044480270573
DPM2	0.2643259714072	6.07035162814246	16.6670373705128	5.35173356664063e-05	0.00051932389417909
DPM3	0.0025229056769567	5.24167882155472	0.0007190686493298	0.978619899190856	0.98609543437269
DPP6	0	NA	NA	1	1
EDEM1	-0.00369310916944582	6.59986253196482	0.00230981815208119	0.961691242311604	0.976884893695502
EDEM2	0.0951018494904247	5.64262672868775	2.82746521203908	0.0934217088594935	0.186205913369195
EDEM3	0.107671232986996	5.71596293752794	2.5993982000514	0.107669407274411	0.20719930653958
EEA1	-0.184282292811561	5.32034163201652	5.88858498851313	0.0156671155998057	0.0474773744706725
EIF2AK1	0.171937030316029	7.76344823340797	17.200602480681	4.08569836508378e-05	0.000417263680182333
EIF2AK2	0.240416403810886	6.51210809603621	14.0143286358728	0.000207184851288345	0.00154320636409526
EIF2AK3	0.0855492971179873	5.00441734155324	1.38320773490096	0.240234086755885	0.374735020414708
EIF2AK4	0.0745698845383099	5.83532474581192	2.2691838888288	0.132735079911474	0.241605589814215
EIF2S1	0.196427412908342	6.4035123678721	10.8069011585977	0.00109785247778938	0.00580317780788048
ERLEC1	-0.00102841883667108	6.11788054441965	0.000458274169754957	0.982931074522285	0.988734072108759
ERN1	-0.122640909928372	4.77319305015173	3.70664367329674	0.0548837713841177	0.124476271738178
ERO1A	-0.014584035846761	7.44386625416481	0.0269574934111669	0.86966409402814	0.918840363812013
ERO1B	0.0218597967864037	3.69239041865178	0.0502180672759857	0.822795249523845	0.886209063894296
ERP27	-0.210697747382866	5.26920243387396	1.03412284079815	0.309788611408802	0.45046141447012
ERP29	-0.00853959146299636	7.9830521884847	0.0178200597979564	0.89386957825891	0.933391392476073
ERP44	0.182249952058168	6.5046583490718	12.2525777089621	0.000515301498431195	0.00320044180951525
EVI5	-0.0450292898288408	4.39902044498635	0.681324731666327	0.409608229801439	0.548882544666419
EVI5L	-0.0959662231205401	4.83351667899817	2.38814852192413	0.123025479601649	0.228935752965804
EXOC1	-0.0385903300936351	5.64392852438518	0.755234438581362	0.385329587542772	0.525860949599488
EXOC2	0.0628721911325582	5.24133271566408	1.58271966946031	0.209081335758007	0.338091486722109
EXOC3	0.0575757565883238	6.29108563028552	0.896984334224099	0.344146316349889	0.485303509489608
EXOC5	0.151256629702757	5.72191065842904	7.09142897875915	0.00804859559007713	0.0280582413358426
EXOC6	-0.0321954840904226	4.0915931465942	0.303205467290086	0.582178024005408	0.702834900733028
EXOC6B	-0.0261912901967958	5.71503044670775	0.157745564626073	0.691446165282034	0.790753572837021
EXOC7	-0.158294307937545	6.33387956283236	9.96326039616734	0.00171419309057061	0.00831735585778781
FAM71B	0	NA	NA	1	1
FBXO2	-0.213462601410912	4.1285608666786	1.06392434801759	0.30292646556213	0.443352506434023
FBXO6	0.00940602696408092	4.70005393961533	0.0128012213861934	0.909972659743305	0.94333254264458
FBXO8	-0.284735349961153	4.24284119191637	20.3105803975099	8.58810691068975e-06	0.000118568873531341
FUT8	-0.00290621966972392	4.9521674849397	0.000978575880481626	0.975059623924865	0.983914177809091
GALNT1	-0.230536543031297	8.05030580095066	5.46956272115246	0.0198274223688416	0.0567934264154294
GALNT10	0.136459081621818	5.5402922174464	1.77829052342554	0.18309557797006	0.307253134206815
GALNT11	-0.301892526355675	5.70645384962123	22.4772132801731	2.933529451419e-06	4.99408352736993e-05
GALNT12	0.505513386827737	4.59387746139607	13.9447828686357	0.000214729833907355	0.00159013624921035
GALNT13	0.107197905141221	0.878025668510514	0.223372188294303	0.63673246707312	0.748025282795738
GALNT14	0.0830195485208341	4.83752815741001	0.221037682476365	0.638498958039969	0.749325547932798
GALNT15	0.0540226222864557	2.1189287975397	0.0740751851399257	0.785629411144693	0.858569615707114
GALNT16	0.579360703425268	1.80291793385324	6.21147227154277	0.0130842071543753	0.0411695443949457
GALNT18	0.221151745848279	3.95947505317791	3.68668760133141	0.0555380127178812	0.125583964612895
GALNT2	0.0118897711350789	7.07947129478854	0.0260047789277418	0.871967630139514	0.919977819589891
GALNT3	0.283709354489788	5.73691917130496	6.66116031627186	0.0101982781426949	0.0338343958716186
GALNT5	0.149185692659353	3.72468073260918	0.511089042363936	0.475072365241532	0.611324160093672
GALNT6	0.452851480819441	5.09047299191305	10.0426000741476	0.00164360646019738	0.00803183023068728
GALNT7	-0.282490573963512	5.62762078750978	11.8635220563034	0.000631104798702214	0.00375978109390019
GALNT8	0	NA	NA	1	1
GALNT9	0	NA	NA	1	1
GALNTL5	0	NA	NA	1	1
GALNTL6	0	NA	NA	1	1
GANAB	0.214155470958601	8.94759240050553	20.2190428437397	8.98875675682404e-06	0.000123262321026173
GBF1	-0.0374894883821845	6.51648071821976	0.725593630225174	0.394809661021348	0.535431166716074
GBGT1	0.156205078498051	2.57607609096085	1.69958836500766	0.193069212480438	0.319247320531745
GGA1	-0.224257680852513	6.33253070079104	15.3792845405018	0.000102985685231673	0.00087964689976341
GGA2	0.116131894639796	6.43212251533527	3.71989675176104	0.0544538168477193	0.123720717776249
GGA3	-0.130371853549296	5.77754249589572	7.8577431156959	0.00529921060488087	0.0203240780392786
GIT1	0.18576186798681	6.94973554747141	11.0768441525776	0.000952624588052745	0.00518428595350717
GIT2	-0.0443083485862626	4.55663929255621	0.657369554041628	0.417957854228525	0.55738102857301
GLT1D1	0.538358973531381	-0.613430388584856	7.32133956870335	0.00709674678854846	0.0255323042123283
GLT6D1	0	NA	NA	1	1
GLT8D1	-0.10188409853682	6.10062424955753	2.95720170942269	0.0862461997133901	0.175391863869104
GLT8D2	0.00962422187545111	3.39859046016888	0.00368173539883318	0.951645604666012	0.969824999897639
GMCL1	0.143102760978535	5.14431357099417	7.00170578448964	0.00845477329511884	0.0292102559635011
GOLGA4	0.09966284455459	6.85246992858892	2.10987738275365	0.147111582930018	0.260740549258676
GOSR1	0.133030350212366	5.74727706102849	10.0739819000295	0.0016165096106414	0.00792591471312274
GOSR2	0.155017642426342	4.36107894581555	12.3838625766911	0.00048129256421764	0.00304282862337473
GPAA1	0.104399591471877	7.21454958425058	2.59865871823746	0.107719319126931	0.207204613193514
GPLD1	0.0402500685555363	1.7093862076981	0.0493040427181855	0.824388681503472	0.887128999053683
GXYLT1	-0.000718512241461472	4.57595261126733	0.000129451316304661	0.990927633509076	0.993990403509129
GXYLT2	0.220742179047338	2.39545013310383	1.23445637897545	0.267189580507443	0.405199908746131
HAS1	0.236069737599227	1.46745734456086	0.657714481649352	0.417835843720001	0.55735070855292
HAS2	-0.238171024120665	4.15214917944582	1.3055073667155	0.253872702001381	0.390130121391976
HAS3	-0.50441745486692	7.43625170818165	8.26548799398093	0.00424990094410873	0.0170145828672894
HERPUD1	-0.117587114164492	6.59353816206048	2.79781428951397	0.0951514323705586	0.18888021225713
HSP90AA1	0.140086360462142	10.4925734218225	5.09589085267255	0.0245050606026228	0.0665909714355695
HSP90AB1	0.194931237966249	10.7397045533901	11.0242767785481	0.000979289217522642	0.00529893825978236
HSP90B1	0.191698220231202	9.97749716769848	10.4426140342001	0.0013302309744481	0.00675388688938812
HSPA1B	0.14185751148777	7.74632658460894	1.91227897924027	0.167458737584572	0.287284892486504
HSPA1L	-0.136209363768414	1.04328541139019	4.1141719923213	0.043167642263585	0.103313310748128
HSPA2	-0.143306817251752	4.65656736711068	0.962173724163243	0.327215002399414	0.468176202873228
HSPA4L	0.115377701762734	3.98475915747615	0.504992427951115	0.477716416499544	0.613646228903105
HSPA5	0.288852750373198	9.60081631870537	22.8361853495948	2.45748542499264e-06	4.30924073751283e-05
HSPA6	1.51743617126109	4.84649137520073	52.7559352246686	1.90036669541474e-12	3.92473711661109e-10
HSPA8	0.165245065351172	9.99814234352089	4.16889179381238	0.0418086183611526	0.100720986333466
HSPBP1	0.116737670001947	6.29931556413366	2.94370337336594	0.0869640514749858	0.176308080957616
HSPH1	0.216846256320065	7.70170766870684	7.70730144976869	0.00575036203538128	0.0216722400323328
HYOU1	0.258394377799599	7.6243637837273	14.2888605741753	0.000179928928995857	0.00137629138879509
IFT27	-0.191352505560515	4.91746187008686	5.77268099579439	0.016718317854924	0.0498501862128885
INPP5B	0.0205276983110427	4.25938437613393	0.151740212641734	0.697078979404524	0.795227465967467
INPP5E	0.0899744439944601	4.56178274523803	2.18650541006164	0.139988383404356	0.251334956716321
IQSEC1	-0.24523456378271	5.72656160802269	11.3632198567213	0.000819779682089677	0.00464111615905137
IQSEC2	-0.203369299500479	4.64233551041223	8.06962306379281	0.00472446095659983	0.0184837980709223
IQSEC3	-0.901724696277822	1.63944231875768	22.4313024857648	3.0007743581742e-06	5.08316756646476e-05
JUN	0.0615638170520349	8.00170928690698	0.301626583614367	0.583161788165803	0.703565582158377
KDELR1	-0.0356221726581429	8.2501277878934	0.568543654293433	0.451268584977365	0.588771456093881
KDELR2	0.256434787068443	8.41903441022595	24.8420538852055	9.17753236738446e-07	1.96280153539271e-05
KDELR3	0.358800572069983	4.88935150219579	8.02772916770883	0.00483281344780342	0.0188500007160986
KIF20A	0.44646659985154	5.47002170585173	23.2505690602625	2.00379997346443e-06	3.62884802988961e-05
KIF23	0.566362723714809	5.23391060395628	40.9600147820003	4.22928980963045e-10	3.6915283539661e-08
LARGE1	-0.268026779478272	4.66086982750184	5.13343091582478	0.0239871399658426	0.0655845230999755
LARGE2	0.403136182034039	5.15733055555832	5.05533508512234	0.0250777018125873	0.067697212999757
LMAN1	0.189286337327591	7.20292430553621	9.32436092936882	0.00240783459102934	0.0109425619133554
LMAN1L	0	NA	NA	1	1
LMAN2	-0.0951539840099213	7.7343478487291	3.08000251956027	0.0800030602226112	0.166132700519146
MAN1A1	0.196554912883059	6.17595382052762	2.72298842891047	0.099674165258908	0.195492948227777
MAN1A2	-0.100011168372752	6.04026112045374	2.85864916103865	0.0916394996840113	0.183512361463202
MAN1B1	0.233767923401324	6.84598272011155	13.7437262217951	0.000238144363159614	0.00173031259742767
MAN1C1	-0.434826110469056	6.16121771310061	3.62004991896923	0.0577835211652407	0.129473082054193
MAN2A2	-0.129444519398456	5.38422163325194	3.10327218585919	0.0788761504619689	0.16427643601359
MAP2K7	-0.0325335467251335	5.72275738602817	0.579026585129046	0.447129061193336	0.585237871145185
MAP3K5	-0.285735089542119	5.60834483500903	11.0798890049834	0.000951102881633436	0.00517738272573941
MARCH6	0.190222630575295	7.23728555709415	10.5257377633896	0.00127314346374374	0.00651744898840873
MCF2L	-0.188277032264607	5.30462440536837	1.95887032611472	0.16238606725379	0.280748547032346
MGAT1	-0.428590579828759	8.4283750168911	24.8734444119829	9.03768155575219e-07	1.94312648094754e-05
MGAT2	0.0870915207147817	1.62165756589679	1.1439142113516	0.285452456547198	0.424709716676177
MGAT3	-0.157997974336677	3.76539389454449	0.542900907373762	0.461652000292554	0.598575483415661
MGAT4B	0.0110686671627961	7.2102397605884	0.0357545967697678	0.850116210933887	0.905081198645954
MGAT4C	0	NA	NA	1	1
MGAT5	-0.0737884738672843	6.05133378170297	0.894692319663186	0.344762855116618	0.485971825971346
MICAL1	-0.102949736307872	5.92800402687806	1.35593729285151	0.244916113948307	0.379878232877188
MICALCL	-0.124955024550785	2.3570705314085	0.841801930119046	0.359418269202613	0.500365897560939
MICALL2	-0.0862777604794449	6.03845106343991	1.04953280932924	0.306215356907767	0.44666327939903
MOGS	0.115577039899076	6.88235519333108	6.02309807734225	0.0145323741915523	0.0446877609746545
MON1A	-0.0532809451019814	3.83466155447134	0.781923766923895	0.377068746954054	0.517454030486784
MYO5B	0.306090159202526	6.00679008756062	6.13396638048318	0.0136611052082291	0.0425849911705218
NAPA	-0.0829053317579202	6.42333718357432	3.00783518300859	0.0836102538495509	0.171463916771105
NAPB	-0.0168173814178121	3.89827507529784	0.0939183777734824	0.759408318137331	0.840123792106486
NAPG	0.148871117336729	5.21611546032892	9.09299653793429	0.00272457653658211	0.0120368824258768
NCKIPSD	0.167421650909087	5.10198956602032	7.60656313235721	0.0060742875912516	0.0225932115864527
NDE1	0.22617184742297	5.27264937344721	6.77766116632087	0.00956361677471101	0.0322084843643125
NET1	0.192181186055846	8.15581673722701	3.22031589184827	0.0734619711952386	0.155680292605498
NGLY1	0.0982796449712273	5.34657674084305	2.51137436021641	0.113793938922671	0.216089056860122
NPLOC4	0.0673080367730666	7.28621053865663	2.10296727575275	0.147773819946531	0.261614297569207
NSF	0.0251074024119144	5.76728441179486	0.16274079490998	0.686854679736653	0.787585148443475
NSFL1C	0.076928298647352	7.03861871974469	2.42714042662417	0.120017436937055	0.224796309601963
OCRL	-0.010696039868643	5.69210540734332	0.0397675265821588	0.842034108075725	0.89942729913566
OPTN	0.284669048937934	6.89294029220753	8.70678059201109	0.0033511180404358	0.0141593220613247
OS9	-0.0699927074547259	8.30740741527058	1.75709227940673	0.185721560882766	0.310259255969364
OSGIN2	0.166125294399437	5.0099699462283	5.78938496487717	0.016562425232647	0.049508091565307
P4HB	0.0703685076600841	10.3586813268072	1.7024033863629	0.192701696529194	0.318716946063412
PAK1	-0.0276743445925659	6.18682296262805	0.126420010171107	0.722354984613417	0.813778721439524
PARK2	-0.493548107217732	0.538049066029346	12.246268831982	0.000516995839109703	0.00320804155582306
PDIA2	0.10508581124755	0.304520604061304	0.209644384723549	0.647287462443078	0.756487899661849
PDIA3	0.137695070374284	9.35751833805871	7.03665356181953	0.00829411709252838	0.0287384705688694
PDIA4	0.243261900144293	8.5463010185305	14.3722739179338	0.000172388807881126	0.00133307926094459
PDIA5	0.242790047258165	5.2653825469639	11.3584308363717	0.000821838837331351	0.0046495066043378
PDIA6	0.377918509018424	7.91188726729248	26.4022504647054	4.28718721561544e-07	1.0485147106516e-05
PDILT	0	NA	NA	1	1
PGAP1	-0.254603157609501	4.64231029958827	6.20235879234748	0.0131507158496995	0.0413342868966881
PICK1	-0.267892117692955	5.32579591304972	15.0665336999672	0.000120815537091937	0.0010021072906214
PIGA	0.00671834405677255	4.42800523433192	0.00795511996878841	0.928973042344628	0.955121214111869
PIGB	-0.249793801457649	3.41501344696196	21.5527146348516	4.63385482650155e-06	7.15587581439961e-05
PIGC	0.23711163848679	5.31020528058178	18.1466960029998	2.53608464824815e-05	0.000282268844409808
PIGF	-0.048647929150916	3.93272009741476	0.767162089470569	0.381606371642906	0.52196128434411
PIGG	-0.114522388810965	5.56838622360609	5.49743707369884	0.01951797969812	0.0561574271620023
PIGH	-0.0446054610381624	3.70837617444722	0.867281116101999	0.352254052300253	0.492962789413481
PIGK	0.227719183670085	4.8832774548893	11.1584641521881	0.000912676169120855	0.00502844973156696
PIGL	-0.290223612533895	3.42558416197889	15.9206523119497	7.81673341770097e-05	0.000699741381165999
PIGM	0.362716841987347	4.6849880298768	20.6359105838482	7.30435428053829e-06	0.000104000576336968
PIGN	-0.0611480937750446	5.04661890013078	0.882031526563019	0.348195687811487	0.489294515939447
PIGO	0.170055467810674	5.48774532815375	7.42374868565831	0.00671072980076298	0.0244098170265789
PIGP	-0.0607482531308136	4.01064264998568	1.07502295031389	0.300421291161068	0.440632261053026
PIGQ	-0.162131271427292	5.92402181269909	7.49157803909661	0.00646697273010324	0.0237470769467835
PIGS	0.264684154883246	6.4065284864654	16.5800179496185	5.59298462590242e-05	0.000537126179714424
PIGT	0.248251715166134	7.63659000074092	14.9386118922207	0.000128980011916071	0.00105951198217597
PIGU	0.205208427024075	5.86595860463239	9.35296197271033	0.00237137714658432	0.0108129297812362
PIGV	0.0656400824510794	4.32848153037375	1.50806893587448	0.220134523699011	0.351246329916496
PIGX	0.218179106532509	4.85470115370018	12.5865500972557	0.000433195838023722	0.0028020000329747
PIGZ	-0.343548487664653	3.94060034550882	5.88025690970396	0.0157403152951925	0.0476360142852528
PIK3C3	-0.00624516965920679	4.98787431598939	0.0127545401735315	0.910136257850952	0.94333254264458
PIK3CA	0.20431992362916	4.86212566744992	14.3858494650681	0.000171192254105761	0.00132583213160848
PLAA	0.281978654116665	5.27951421208128	19.2176815967568	1.4819698016241e-05	0.000184983849597109
PLIN3	0.0647094321240636	6.67389222611655	0.754485396722394	0.385565123172599	0.52607899701507
POMT1	0.239603098865727	4.94428196969947	13.9372632927983	0.000215562113729739	0.00159572157035418
POMT2	-0.00586871054009903	4.63906814658176	0.0100003572496574	0.920391510248412	0.949892727198982
PPIA	0.0736710064486119	8.99605271941329	2.21006082827976	0.137877499590662	0.248527140670958
PRKCSH	0.0510375113389946	8.81410685041882	1.40331230343501	0.236852133325861	0.370853093371011
PSD	-0.529738529712262	3.48966026188767	9.00750097483075	0.00285210478002605	0.0124904189076118
PSD2	0.495344347852333	0.509804813166536	3.74054515513307	0.0537910687607336	0.122582723125497
PSD3	-0.14411076740704	4.80850167384702	1.97660384670696	0.160501741516849	0.278457242855622
PSD4	-0.416666714891335	6.12201683021741	25.2509205224382	7.51488076629114e-07	1.67191786885298e-05
QSOX2	0.423414853598186	4.71159800580691	31.3524262835322	3.93500906372492e-08	1.47353837576776e-06
RAB10	-0.0551963857973532	7.87498024779231	0.925254308448303	0.336662879568857	0.477649658987222
RAB11A	-0.258918074732386	7.89702652700875	19.243048413332	1.46327786145228e-05	0.000182873955716708
RAB11B	-0.0723096027576809	7.13602606295068	1.93251257354523	0.165233784906167	0.284149868016272
RAB11FIP1	-0.0201699776489874	6.03513598528197	0.0205893906060242	0.885973277412621	0.928744134360335
RAB11FIP2	-0.285845027028093	4.11269767220124	8.72462591756225	0.00331915752202051	0.0140620585775448
RAB11FIP3	-0.1823255175128	5.57106060472305	9.29734074192636	0.00244280169192294	0.01105723342773
RAB11FIP4	0.0897063644714417	6.10720180189303	0.550556927192383	0.458512663571523	0.595562538554308
RAB11FIP5	0.124174566838126	5.27675925951442	3.012880194325	0.0833524411503845	0.171261582932445
RAB12	0.270537457717931	5.56733922188315	20.7476606303282	6.90956911084616e-06	0.000100051735156063
RAB13	-0.0259386183111501	7.06324576771342	0.174006141210197	0.676792788124134	0.779572246454799
RAB14	0.0905620492801321	7.00221282742312	3.5862008312991	0.0589610293894776	0.13154923689407
RAB15	-0.475200710796459	6.51994691693331	13.0931492060128	0.000333181147362598	0.00226462405878777
RAB17	-0.225240216055988	3.89826900937602	2.54515756834161	0.111399019946285	0.212434572188925
RAB18	0.0703453516013505	6.43615178629381	1.92157758225572	0.166431988387654	0.285787220506759
RAB19	-0.182403967558474	-0.28108647251269	1.85019156383955	0.174504290069605	0.296683412170559
RAB1A	0.0172764830257425	7.57225069081121	0.177254813184032	0.673962465924578	0.777467647161698
RAB1B	0.00329057013853252	7.84789102052747	0.00517942376029902	0.942662099258696	0.963342978476408
RAB20	0.0871329805552177	5.03707226988945	0.851926322989789	0.356547744972505	0.497589534834309
RAB21	-0.360677486125129	6.28904342298214	33.9465987592439	1.14257419641472e-08	5.3214287061265e-07
RAB22A	0.0931073761251199	6.09246209055831	4.20442594237614	0.0409503214898582	0.0991321658988445
RAB23	0.141275876679209	3.52613348962706	1.27656763456338	0.259195037104859	0.396329678658729
RAB24	-0.160636523980442	3.3591958739872	6.15006256512533	0.0135391726726795	0.0423308187795777
RAB25	-0.216761119391759	7.51012560011214	3.24529012588912	0.0723594113461527	0.153918073697819
RAB26	0.277779007770355	1.73440679911231	2.1570801891964	0.14267660690479	0.254907683760956
RAB27A	0.0776154706650276	4.51138268557422	0.8753273352558	0.350032299400184	0.490760501511086
RAB27B	-0.12342518207342	5.52232039213328	0.726876283890657	0.394392528239103	0.535028385562562
RAB28	0.00855547135295891	3.92830478978954	0.0350379135736597	0.851608306016481	0.906307694400009
RAB29	0.218961290267022	4.99290654622543	8.78480332643883	0.00321365669722864	0.0136973993811834
RAB2A	0.0201952161501662	7.37103875201514	0.194059303386325	0.659790205636853	0.766611953426782
RAB2B	0.00453406486704472	4.40802739431771	0.00815639054303944	0.928082552626594	0.95467387008795
RAB30	-0.00760582211416804	3.34415603762165	0.00603539947846496	0.93811405659841	0.960686207423816
RAB31	0.348029654833475	6.74053626352419	7.1074737355118	0.00797810077539138	0.0278790375070334
RAB32	0.178833906799306	4.33660469235437	2.63949001011652	0.105001118978294	0.203416039286545
RAB33A	0.265629491640329	0.333324722157899	4.14446750154805	0.0424095561794776	0.101868630832425
RAB33B	0.0637947818539735	3.43606001020646	1.12570547314616	0.289314289963204	0.428936540942719
RAB34	-0.141907684409014	6.31292026869039	1.32947298084224	0.249566973329941	0.38542535967248
RAB35	0.0358620445381084	6.10896908003616	0.69233844093033	0.40585175956413	0.545672721513001
RAB36	-0.138018460494294	3.4445051949332	1.3126797163184	0.25257456723653	0.388748840839965
RAB37	-0.568981270678427	1.3754680045438	14.0285336172717	0.000205677064782339	0.00153309269651466
RAB38	0.15605403933316	4.6733107998318	0.744720272181389	0.388654650178873	0.529056789451214
RAB39A	0	NA	NA	1	1
RAB39B	0.714943674421472	0.458443889211893	15.9098894786483	7.85963914995861e-05	0.000702659300656116
RAB3A	-0.0481749342570315	2.01738951602467	0.266602685560206	0.60589666934691	0.72225765516948
RAB3B	0.278901709357102	3.07173446559503	1.9088693550394	0.167837049420731	0.287813160484464
RAB3C	0.506286605613748	-0.248666802331753	4.4978069581494	0.0345346720831733	0.0867581077693014
RAB3D	0.24722765613067	5.00816551086232	5.57213346821858	0.0187132157349771	0.0543331643312486
RAB3IL1	0.0152965380755031	3.36675150321021	0.0103385258612674	0.919061261048121	0.949046795120701
RAB3IP	-0.446711926616773	5.43474596503864	13.6634729122932	0.000248197589162121	0.00179126293964304
RAB40A	-0.279821406246899	0.238845399111447	7.05315029593805	0.00821937404877598	0.0285319731411331
RAB40B	-0.222256555250787	4.37811553980668	7.7963463389747	0.00547878354012888	0.0208874153014125
RAB40C	-0.331603374498536	5.72533173650041	24.088830029762	1.32732896856894e-06	2.58149153227709e-05
RAB41	0.102489175213098	-0.984411784612681	1.47415926661655	0.225385535002431	0.357460869596268
RAB42	0.630498095720498	2.0571936831766	21.708363967226	4.29005034377304e-06	6.78593346525807e-05
RAB43	0.200691177319615	1.34362214950104	6.06985677230037	0.0141581185145022	0.0437739136772286
RAB44	-3.73989901636721	1.0240517697235	171.655107942621	4.94561901620565e-33	3.37060421351136e-29
RAB4A	-0.141727050337574	5.3715840735752	9.25169381654261	0.0025030540161445	0.0112700820114711
RAB4B	-0.0795175514597221	4.48630997611368	1.03399592436111	0.309818265589954	0.450472497386731
RAB5A	0.0803165953600395	6.17019417151221	2.36770987047797	0.124635672004098	0.231075530449382
RAB5B	-0.232927693012926	7.80383234138486	20.5256227704039	7.71628248473089e-06	0.000108729918458172
RAB5C	0.0440602495179853	6.7583322693863	0.918207744051746	0.338507515780481	0.47931761238053
RAB6A	0.0271765475494889	7.30629277830039	0.263088886856699	0.608280626563823	0.724212757859659
RAB6B	0.223854919300903	3.14201586512125	2.29643334984203	0.130437657724215	0.238544575118901
RAB6C	0	NA	NA	1	1
RAB7A	0.0686642930279894	8.35201241087478	2.42253521296439	0.120368413019608	0.225288591413302
RAB8A	0.0129525387003307	5.47888993034165	0.13302885322377	0.715499050999771	0.808997046769967
RAB8B	-0.140022169295288	5.01959631886144	4.48460611256824	0.034799361026778	0.0872373388368689
RAB9A	0.162241136791364	4.73064385763457	6.19442082174912	0.013208930243945	0.0414762560384858
RAB9B	0.031114231489003	1.19195346177021	0.0414244238186212	0.838821277526777	0.896713366114842
RABEP1	0.00625115248451979	5.49713255960111	0.0152387834113769	0.901814504997462	0.937916443826141
RABGAP1	0.124628718453159	5.98789806697838	6.29089375972699	0.0125190942445362	0.0396784065918132
RABGAP1L	0.0791044195240908	6.36285789813319	0.782103843011135	0.377013864588193	0.517448175832059
RABGEF1	0.155947011891645	2.86361409190998	5.74833671203883	0.0169482412161607	0.0503887945187758
RAD23A	0.152877014973718	6.90135857521236	12.7700242177527	0.000393867252007324	0.00259022509956312
RAD23B	0.331733194177421	7.75039668947147	34.6270511302282	8.27391208478904e-09	4.04709106424872e-07
RALBP1	0.213430060895516	7.98094826714473	3.19644713123843	0.0745326538470524	0.157362106625034
RASEF	-0.00393295065995712	4.81858776266857	0.000674802734165756	0.979288278402461	0.986545374234298
RBSN	0.0996598208669783	5.19642443549854	2.2254011428748	0.136522058211895	0.246714689959378
RBX1	-0.12651502859076	6.19181775115697	5.71680515258419	0.0172509239196052	0.0511325587793922
REPIN1	-0.137207919562468	6.68599797340361	3.62848166919106	0.0574941241734011	0.129022594978527
RER1	0.0536968396223179	7.06948302011642	1.68238218453495	0.195333517992595	0.321855784561532
RFT1	0.0979792347565133	4.9445600259506	4.51816048401021	0.03413069826148	0.0859396325798695
RFWD2	0.132195443923825	6.1436873719105	5.72545984731205	0.0171672909602376	0.0509437490526877
RNF185	0.0214717017738602	5.07824187562317	0.193807998117589	0.659996656838623	0.766808253535771
RNF5	0.208797091728055	5.55213830618902	15.0247884800594	0.000123420770274125	0.0010216441574999
ROCK1	0.141419274176499	5.76590839723639	4.55987767056466	0.0333181187275171	0.0843827889883332
RPN1	0.278863106146321	8.84747380240864	37.6619591117918	1.97658898998782e-09	1.30365608029971e-07
RPN2	0.173721114621259	9.03399788537051	9.21140982836331	0.0025574851906475	0.0114596410712204
RRBP1	0.148383970173121	8.46162135502671	5.50670125306002	0.0194162483400844	0.0559286428106153
RUFY1	-0.0751109983053149	5.64638718771985	2.59415204198975	0.108024052078133	0.2076198316215
SAR1A	0.0554188821446377	6.92625268216015	1.42247884305714	0.233681710310788	0.367160243526809
SAR1B	-0.172762698158797	5.85923674629357	13.4988485939327	0.000270185649593865	0.00191547010804305
SEC11A	-0.0129987233949353	7.01163276770454	0.0989193038096934	0.753289468204511	0.835644103245046
SEC11C	0.11583258498186	5.08253950350914	3.15182787101218	0.0765795346203165	0.160523391926081
SEC13	0.301589420881161	7.33595160233863	25.3949338396395	7.00451545465596e-07	1.57551510435529e-05
SEC16A	-0.0082938689060959	7.10939617066176	0.018494252260939	0.891892729615154	0.932240406206728
SEC16B	-0.124465055447529	-1.33376188281693	0.751007436289923	0.386661459179605	0.527185929206868
SEC23A	0.125975698133148	5.92243185555736	2.63408424275696	0.105356614871468	0.203845877392358
SEC23B	0.151741854734169	6.1795885474962	6.28521489104718	0.0125586525174888	0.0397852818984468
SEC24A	0.0237654730805023	5.02405318339707	0.151274766560799	0.697520881489732	0.79558024524066
SEC24B	-0.133496291128106	5.46195727631048	7.35577586282989	0.00696446463106957	0.0251360006790553
SEC24C	0.0740649159443477	5.43640429276645	0.649446128150062	0.420775286501293	0.560138779074513
SEC24D	0.164291066574227	5.83448904641822	4.17547489615594	0.0416481887147557	0.100441008075241
SEC31A	0.0367264551889784	7.45997869249666	0.583043594897349	0.445558473118306	0.583817517391494
SEC31B	-0.305360573415584	2.68550204432796	8.10972509912552	0.00462307039427636	0.0181810535259424
SEC61A1	0.0920633569890591	8.97817239501624	4.61683263325831	0.0322413464152035	0.0822828349400145
SEC61A2	0.168948993974788	3.34739033908165	5.88273565639218	0.015718491422778	0.04759074124539
SEC61B	0.134716178930226	6.38089740775904	5.28490570999605	0.0220103568621204	0.0613027865962286
SEC61G	0.239196676674262	6.65695145720288	4.47231595645941	0.0350477045907647	0.0877111277092253
SEC62	0.0228197450765985	6.97596884505989	0.255233656119864	0.613683697060923	0.728819561931317
SEC63	0.0778094485196069	6.47590175556874	3.08461449604077	0.0797783342589404	0.165783903065179
SEL1L	0.00249685547492792	6.50258390193976	0.00231298547458603	0.961665006276442	0.976884893695502
SELENOS	0.00866933490211469	6.13397216903608	0.032657078638539	0.85668188087284	0.909623895737749
SGSM1	0.174126935104403	2.26760819686406	0.696424342729794	0.404471010249311	0.544281576645874
SGSM3	-0.219098804656389	6.49286509296028	13.6395532361546	0.000251276302722102	0.00180773936856302
SIL1	-0.132623378528529	6.00995247193143	3.4446775126428	0.0641690477302124	0.139991501268878
SKP1	-0.165989504163575	7.71434371218986	14.5730241516641	0.000155525715911232	0.00122917618381177
SMCHD1	0.287544044701373	6.06538190608287	16.58096833905	5.59029131723983e-05	0.000537126179714424
SNAP23	-0.0649617196825252	5.42864206376928	1.97822445362346	0.160330789955543	0.278194910152347
SNAP25	1.05311227978422	1.41752111707469	16.563538690469	5.63989418500797e-05	0.000540362120462385
SNAP29	0.0909020684250121	5.56464187943305	2.2576541050776	0.133720785149288	0.242983929360321
SNAP47	0.146471511390682	5.07603079754811	10.4519061276458	0.00132372224737207	0.00672629660658282
SPCS1	-0.126667830713781	7.12229788645547	3.20163545826085	0.0742984984967905	0.157029884253192
SPCS2	-0.0322338204537743	5.60296139624101	0.477777829333145	0.489819564013472	0.625068705893113
SPCS3	-0.0697423137694094	7.05082772849284	1.97304214087954	0.160878184862745	0.278855652449816
SRP14	-0.171373638134727	7.84222644412888	14.7243599890607	0.000143924634064306	0.00115184264065126
SRP19	0.0180671167524495	4.53589915876844	0.135629153673171	0.712854476525419	0.807199614251111
SRP54	0.140125514282714	5.85156034850448	8.39424952716452	0.00396474343989494	0.0161576927191732
SRP68	0.0157316164141309	7.03169788288554	0.151181647261984	0.697609384420728	0.79558134143855
SRP72	0.128444828072757	6.71471773358043	8.10701615477671	0.00462984882933546	0.0182042094547294
SRP9	0.0465424139193617	7.18774840919212	1.25262083426112	0.263704058949086	0.401556057888806
SRPRA	0.015697518255744	7.50391274951502	0.140664088817348	0.70781454739598	0.80344569933439
SRPRB	0.130193635229372	6.46473503138149	5.82687775234337	0.0162179734393062	0.0487636301382433
SSR1	0.01240004168042	7.58411130038825	0.0501122287001601	0.822978975587436	0.886265044499143
SSR2	0.119265690201508	8.22521173415559	5.08514023777565	0.0246555174380086	0.0668399243619098
SSR3	0.23096177621355	7.38752317572987	20.2679770981592	8.77228603879182e-06	0.000120536398084098
SSR4	-0.0837953607366054	7.77463061264576	1.25912782528335	0.262469251718348	0.400182425103157
STT3A	0.126274987273911	7.45526645331295	6.82580776788253	0.00931333135282595	0.0315631315829404
STT3B	0.0741327967510911	7.75922114297314	1.77646877042172	0.183319547293821	0.307422786217068
STUB1	-0.156014899521369	5.32499406802972	8.19667624715105	0.00441080424571592	0.0175351552805576
STX10	0.0276283053410104	5.83120653722032	0.269639130755892	0.60385255588981	0.72057717740884
STX11	0.355490004355978	2.08181945582343	6.59762829869457	0.0105624939588159	0.0347877628915281
STX12	-0.0289717939718924	5.69318618961675	0.447364828172448	0.503963309726141	0.637152722647829
STX16	-0.105203212091785	6.39097614634287	3.87208364676187	0.0497653117247909	0.115428424676696
STX17	0.20557875956907	3.7272174606895	11.0194851208499	0.000981757159974737	0.00530470583848929
STX18	-0.0767577844953268	4.9215887731563	3.60169759864051	0.0584187979770372	0.130624534496774
STX19	0.502806552417081	-0.0489090187479371	5.8722848698762	0.0158107171244163	0.0477641641754982
STX1A	-0.168345885134911	3.70459711087884	3.18798901575738	0.0749160857119167	0.157910751388232
STX1B	0.585361070465822	-0.00765903488779753	11.544763152596	0.00074546297771931	0.00429715202179855
STX2	0.233005215473417	3.24084513308582	3.44789130532552	0.0640454698708619	0.139849733891271
STX3	0.096840381361096	6.00086404113354	1.3599978749381	0.244211936249701	0.379264787387975
STX4	-0.0280238604834703	5.9979839447759	0.312500618480954	0.576453225182157	0.697695059614893
STX5	0.254700633634894	5.74531812073283	21.7113838876117	4.2836404951864e-06	6.78414512506438e-05
STX6	-0.0710181136769391	6.31726128008753	1.58921452157529	0.208151281660521	0.337124612233128
STX7	-0.0811945261710959	5.67356273356939	2.4308654427226	0.119734374780061	0.22447176111802
STX8	-0.0350565533271417	4.78045676675513	0.295014440185336	0.587318429455808	0.706938601477799
SURF4	0.169390702504616	8.12826083512348	8.40087892786822	0.00395060246606345	0.0161129100381275
SVIP	-0.0180591945591127	4.70280400243437	0.0311317742160631	0.860033350456333	0.91147843061529
SYTL2	-0.277050576831953	5.37391382978189	4.04766463317605	0.0448825014275008	0.106359251760162
SYVN1	0.0605292718991084	6.44414881522524	1.6657565521573	0.197551095727632	0.3244020322261
TBC1D1	0.110212525540831	6.68430207760521	1.69643692888665	0.193481624119064	0.319707931088324
TBC1D10A	-0.211667187373407	4.88399942159159	12.3363945498841	0.000493318202217458	0.00310159408442133
TBC1D10B	0.0475633487495127	6.6855776080407	1.1685123967736	0.280338945066342	0.41982957015904
TBC1D10C	-0.216539827910601	3.17034055193044	1.58636534688763	0.208558673935414	0.337597232783111
TBC1D12	-0.16887326674211	3.40694091075156	8.69832943688435	0.00336636329540611	0.0141973316703534
TBC1D13	0.179085014381351	5.0876245025697	7.55137442209073	0.00625961717941423	0.0231519777225585
TBC1D14	-0.0256843534088738	4.01918871242076	0.0716470231450057	0.789087481364791	0.861095879201404
TBC1D15	-0.0735968273153999	5.23583330227245	1.96185629002398	0.162067020420649	0.280269161762716
TBC1D16	0.234530503744869	5.55774006588721	9.30302966831839	0.00243539682874466	0.0110394087407971
TBC1D17	-0.12867337009616	5.78327931105075	6.36934434956808	0.0119855832781672	0.0384042055642385
TBC1D19	-0.0114513249209585	2.35008884774545	0.0375047102096063	0.846536439170909	0.90283678656765
TBC1D2	0.106092566154863	6.09907744461669	1.12792985175789	0.288838971678352	0.428469971336834
TBC1D20	0.0490064357952449	6.00421620425487	1.27612295646085	0.259277890534414	0.396410360417754
TBC1D21	0	NA	NA	1	1
TBC1D22A	-0.0622530994223077	5.29590489616788	1.6170147995871	0.204225320860402	0.332610395914591
TBC1D22B	0.133806403867212	4.54382723001944	9.11528888154509	0.00269229062600179	0.0119277517094762
TBC1D23	0.173622054580113	5.24242831832608	12.521889504454	0.000447985675834057	0.00287582892562108
TBC1D24	0.110594441442659	4.0362820713043	3.97770965879613	0.046764201081293	0.10976246760511
TBC1D2B	-0.29706232632548	5.65206100413852	23.3680815976356	1.89122920086716e-06	3.46177907259892e-05
TBC1D30	-0.629397523492504	3.98633035660503	26.6458946390945	3.80817445522964e-07	9.50695175966121e-06
TBC1D4	-0.0166772112526841	5.03362543783638	0.0310356036769966	0.86024747024259	0.911610851901109
TBC1D5	-0.0187397683029121	5.72989166286619	0.0915123003037427	0.762415854265332	0.842750422031085
TBC1D7	0.254778168666271	4.56868979308959	14.9071098094671	0.000131074838676441	0.00107155383909576
TBC1D8	-0.439792913182697	5.62311079244808	18.7400944755648	1.88253840417932e-05	0.000222874234000292
TBC1D9	-0.15198040895758	5.73183589518102	2.86464021758716	0.0913013656019049	0.183068326085765
TBC1D9B	-0.0867810930893552	7.10860583341984	3.6313421196647	0.0573962982636538	0.128892472525112
TMED10	0.051140278898029	8.2167938413762	1.14880261499855	0.284426879973104	0.423514803065978
TMED2	0.0314410254954003	8.35162584724749	0.411410239274168	0.521610962276552	0.651607364496021
TMED5	0.153376801464733	6.28048379535706	6.12824706901483	0.0137047029993896	0.0427013650602743
TMED7	0.0289228811983835	6.28988652084932	0.271060715728729	0.602900575360328	0.719819279638964
TMED8	0.13952037530439	4.81335001634971	6.02850986741403	0.0144885400749072	0.0445797878662984
TMX1	0.0459947260818643	5.98195294218905	0.616886568732363	0.432657686882633	0.571676299987225
TMX2	0.174004884757828	6.49836662796676	10.6815201629906	0.00117277143326657	0.0061279030729794
TMX3	-0.0540918475273851	5.54876676213977	1.21488470667201	0.271009809534814	0.40950902119199
TMX4	0.122865921926279	5.64513485717217	2.74509487543982	0.098313965258188	0.193738817816725
TOR1A	0.195954804251253	5.61595380546305	16.3192463732532	6.38380911597508e-05	0.000597360920756185
TRAM1	-0.214011834033085	7.96690568543796	8.51717666442565	0.00371074260078326	0.0153427387695884
TRAPPC1	-0.242943936650191	6.75189827252516	15.4179839650076	0.000100972841235467	0.000866341045698848
TRAPPC2	-0.059516761445241	4.17244168715346	1.21832295866069	0.270333762116934	0.408764542564975
TRAPPC3	0.0223737388230681	6.12029005242723	0.318943262933538	0.572550504756736	0.694492621040354
TRAPPC4	0.0667710295259742	5.50191342923414	1.60564424554587	0.205820382189677	0.334535574235718
TRAPPC5	-0.03781220968713	0.391966860502044	0.189069405843648	0.663919754923353	0.769922483646014
TRAPPC6A	-0.0291373755305284	5.04130878735709	0.0837216021684731	0.772461390038807	0.849679691106106
TRAPPC6B	-0.0631692913457645	4.96016794695806	2.17613358799776	0.14092935965973	0.252536519509452
TRAPPC9	-0.0297554733679498	5.46941227515615	0.266115297462464	0.606226148062711	0.722524035167017
TUSC3	-0.215102606677205	6.73327563784851	4.14233612044523	0.04246242753613	0.101971669415517
TXNDC12	0.120689619835711	6.70431280454436	8.48155303972659	0.00378259132369797	0.0155987200116112
TXNDC5	0.152646842511507	2.65259235638384	2.30855312532136	0.129430157160802	0.237275082337466
UBA1	0.0945415019268762	8.81354682880274	3.89769335202784	0.0490194003331723	0.114060619006719
UBA5	0.067511366030763	5.21368397596618	2.85054228008633	0.0920992255783322	0.18423449429357
UBA7	-0.335240272879754	6.23426381419869	11.4086635214476	0.000800498820715316	0.00455271179091665
UBE2D1	-0.044625740911874	4.90762912058825	0.714005286455974	0.398607383616827	0.538660050590195
UBE2D2	0.0168288765338665	6.5383281603854	0.196806957949926	0.657543313402618	0.764740078829916
UBE2D3	-0.0156779406155175	7.91175287651854	0.140502004427913	0.707975176944904	0.80344569933439
UBE2D4	-0.037927169461644	4.20069166845937	0.443560566194925	0.505781333638913	0.638621944518077
UBE2E1	0.0715750960242504	6.41651602047185	2.2512459798302	0.134272176197168	0.243877490852562
UBE2E2	0.569290128447491	4.11950537714211	14.3813794092924	0.000171585315737787	0.00132790125164404
UBE2E3	0.0405594364573914	6.10657584084209	0.633908376115875	0.426383457819926	0.56570747435719
UBE2G1	0.00384173703138024	5.70637475620724	0.00435182455397145	0.947434988292086	0.966726009113684
UBE2G2	0.0702983256786811	6.34739113600245	2.44271151170222	0.118839113962157	0.223243708569483
UBE2J1	-0.0240541798242043	6.0196448927218	0.245702241943882	0.620381734809102	0.734790899124339
UBE2J2	0.0378685268286871	6.07302890621445	0.672986252786038	0.412486387079532	0.551617257426647
UBE4B	0.135973223620079	6.06033324097187	6.85220598555377	0.00917897232589367	0.0311749614909007
UBQLN1	0.268603169239562	6.99786108559825	24.394331644536	1.14268794209277e-06	2.3270316398435e-05
UBQLN2	0.150873263568132	6.24001366098205	6.68316434790595	0.0100751694468957	0.0335281436378953
UBQLN3	0	NA	NA	1	1
UBQLN4	0.198422795115412	6.10921886337409	13.5977187922405	0.000256754086250542	0.00184180332472913
UBQLNL	-0.00993069711018963	-0.630733948106137	0.00510436271941277	0.943078377255141	0.963530906524016
UBXN2A	0.16958730402922	4.9004885584237	11.5481057540137	0.000744160717906333	0.00429199154818417
UBXN6	-0.176717246015377	7.17310080774595	13.1569426815105	0.000322368250613129	0.00221030893763784
UFD1L	0.144058823893392	6.25450749315983	7.2147104254928	0.00752293742239177	0.0266852842710309
UGCG	-0.0675793985846836	6.22057571376144	0.72068234662544	0.396412765505462	0.536616485932514
UGGT1	0.182234708756194	6.57494387566179	9.99188225814764	0.00168837993703045	0.00821919433155348
UGGT2	-0.184744143426563	4.90213138695839	7.38211373999036	0.00686500041540643	0.02485159321767
USE1	-0.0926524959292495	4.65707800179455	2.2060985819834	0.138230050733195	0.249096740462797
USO1	-0.0744454798673309	6.54624539867493	1.98558049162716	0.159557441273382	0.277171745477958
USP6	0.142058655587031	-0.325168125738438	1.78885658887117	0.181802823716549	0.30558537764786
USP6NL	0.169938357997232	5.34948381229788	4.78400255488367	0.0292863176583093	0.0765419980623535
VAMP1	-0.0732718297470809	2.92017287503435	0.771484569932049	0.38026971301299	0.520606595900835
VAMP2	-0.0817087965977231	5.67769038033833	1.65194829999446	0.199415413738749	0.32670252798898
VAMP3	0.0333827666500226	6.88940936453667	0.514703848386281	0.473515886885929	0.60989705324869
VAMP4	0.00788211143848076	4.33804410113603	0.0176627019775247	0.89433643184307	0.933558109228744
VAMP5	-0.166185603120485	5.2595639232286	1.58365324629527	0.208947345762295	0.337958819037725
VAMP7	0.191850158922487	5.62884333514078	10.5326831487599	0.00126848775314887	0.00650012546388014
VAMP8	-0.077736527824622	7.58262958600368	1.14070444298916	0.286128417652351	0.425498700074185
VCP	0.092003264839363	8.82427455698446	3.3250842141154	0.0689543436481809	0.148310594385725
VPS45	0.103568884048297	5.772449778063	4.17682601668963	0.0416153424077341	0.100397320456464
VTI1A	0.133658060351875	4.43689275599662	9.86253305874076	0.001808273528622	0.00868090175304189
VTI1B	-0.0418357654162335	6.29193482694998	0.966568715320324	0.326113945250114	0.466960272048731
WAS	-0.218681981634069	3.59539542713227	1.94500468070688	0.163877051485599	0.28249137464586
WDR38	0	NA	NA	1	1
WFS1	-0.247512087915762	6.25122602624844	9.30107124077708	0.00243794338614224	0.0110450233709427
YKT6	0.320844849320279	7.10232206801828	32.1355714204375	2.70621793357936e-08	1.07648505583587e-06
YOD1	-0.0630185924617913	4.43055504491084	0.693746951131549	0.405375003542385	0.545307514661818
YWHAQ	0.3560830723863	8.32798139699645	27.6551800692363	2.33358908162198e-07	6.26971910155624e-06
