pspGenes	logFC	logCPM	F	PValue	FDR
A3GALT2	0	NA	NA	1	1
ABO	-0.0585539589990721	4.73975794472942	0.0532979384733337	0.817593550613888	0.904482607823929
ACAP1	0.289664157875277	3.93473477889706	2.79009125671327	0.0959932518212197	0.24958670351469
ACAP2	0.0968239887825136	5.834514575386	1.64153817615909	0.201200248694694	0.397633979997664
ACAP3	-0.199991668036966	6.25346955250365	4.04793153284496	0.0452064019016672	0.153046819427293
AGAP1	0.0446616729486632	4.68733946426008	0.2732402573193	0.601589765937051	0.762975227745094
AGAP2	0.173815671788152	3.6778184762597	1.05148899963086	0.306070851054508	0.514967534518519
AGAP3	-0.302102133985617	7.24351820629886	13.4122817578525	0.000300090260936813	0.00497215566817066
AGR2	-0.507757068042361	7.9314214697196	3.16462435900487	0.0763608184239122	0.215015988719963
AGR3	1.21368134462067	1.38090733630068	9.05578950990574	0.00286296887912839	0.0241310768294694
AKAP10	0.00450135296404323	4.66786370919626	0.00501248609940652	0.943609558886582	0.972204569581271
ALG1	0.0418742737974149	4.29883319429376	0.443359063590632	0.506067039608284	0.692861813471174
ALG10B	0.105249080291815	3.41465233594378	1.10501634288293	0.294096139697159	0.503195970378998
ALG11	0.0892467099579962	2.58441248649427	1.13637899324013	0.287359284855782	0.495716101919224
ALG12	-0.0512129343710699	3.94366833204123	0.620413068708163	0.431576193014561	0.630788840056768
ALG13	-0.15735353438209	4.7725712467211	4.98931601400882	0.0263132794182267	0.108311190640322
ALG14	0.0123405300577739	3.41665756572219	0.0427979291110534	0.836260226587407	0.914582301711872
ALG1L	-0.0867604373310209	4.05020387542436	0.238830935014127	0.625443543260397	0.779790704923578
ALG1L2	0.0359859423463087	-0.592265257371404	0.0598774162228342	0.806873354246747	0.898043530619834
ALG2	-0.103970871268354	5.10328234367859	2.46875475904985	0.11728649770487	0.283086133009617
ALG3	0.0196650448789591	6.37459752756926	0.0880504131378157	0.766895749644599	0.875026091984959
ALG5	-0.00698153818729736	5.23109037974131	0.0110351339624596	0.916414555751812	0.957022552905334
ALG6	-0.0261561116275371	4.32314021800287	0.174140100155131	0.67678579044173	0.815980021330825
ALG8	-0.0504488035143388	5.4886292438978	0.426373433217071	0.514322564122617	0.698895643915033
ALG9	0.000870935793671325	3.0058151263908	0.000193229360650048	0.988919344796554	0.99472094708634
AMFR	0.16268280101073	6.69358767074167	7.74436650756538	0.0057635436133483	0.038747632823866
ANKFY1	-0.0297372502298226	5.86037663383465	0.142508066813542	0.706093171431272	0.836460246284614
AP1B1	-0.0870916525434039	8.04381954847429	1.27983315471847	0.258921452637791	0.46443207447735
AP1G1	-0.00143147047368657	6.70281202076189	0.000495633316724846	0.982254544111981	0.991816573050391
AP1M1	0.0012277853583289	6.08907142186082	0.000389997378251056	0.984258524695518	0.992843096565727
AP1S1	-0.0966086021808153	6.30621805908669	1.74866813917815	0.187149469005573	0.380094775712618
AP1S2	0.350004472186709	3.93765895941454	9.69048748074892	0.00204874035770154	0.0194267217686905
AP3B1	0.0366115922805566	5.9100321423781	0.343249795501242	0.558442706390773	0.732405902384598
AP3B2	0.0257693703713916	2.10642606161239	0.0103955116814033	0.918864449974469	0.95830984031488
AP3D1	0.00699162454732666	7.5757813618847	0.0225533315378848	0.880735182645779	0.937305463183201
AP3M1	-0.0822175690678559	5.70175746587568	1.47506128308278	0.225596828169329	0.426551533224898
AP3M2	-0.116542727927327	4.92808413870023	2.09174955359816	0.149241861710587	0.329543696829324
AP3S1	0.0352139348278282	5.8980746205361	0.15034207505251	0.69851038871871	0.831959470540241
AP3S2	-0.0355222698917682	4.29330120546193	0.40277003196765	0.526192884897673	0.707740744291743
APPL1	0.0805493835019853	5.72265348130291	1.28218406627355	0.25848549892456	0.46397541057919
APPL2	-0.0788396318105797	5.31484257936563	0.968188808521584	0.32600229384489	0.533324747233171
ARAP1	-0.450360616885704	7.21720267240621	28.6396674994849	1.84662243202674e-07	1.61818250185792e-05
ARAP2	-0.199538245812177	5.10443713031149	3.21337371830665	0.074144244631527	0.210641768216733
ARAP3	-0.342139124189132	5.50625138757827	8.70526848424638	0.00344777701098655	0.0272438679967113
ARF1	0.000123834477223257	9.17551411825898	6.43287926965226e-06	0.997978167594055	0.998665886354949
ARF3	-0.011898487003636	7.70454547493116	0.0451414006384965	0.83190256295147	0.911876805133088
ARF4	0.119457517784924	7.78016290028262	2.47483058407422	0.116838447150857	0.282407042037443
ARF5	-0.0760826045451263	7.60030085649372	1.36570861087245	0.24356859234337	0.446546080110082
ARF6	-0.0171268707066438	7.7006835772205	0.0744464585113784	0.785175441380218	0.885876947847263
ARFGAP1	0.00463933015243431	6.98334967908265	0.00455256567632215	0.946254711151213	0.974036855483082
ARFGAP2	-0.0465842791648362	6.71971547795604	0.737584740149083	0.391188047926147	0.594195020807105
ARFGAP3	0.0985542469452258	5.64940525794888	1.38937960624355	0.239534770567843	0.4422615462396
ARFGEF1	-0.110216736474939	6.59655491679857	1.975163494196	0.161036208331705	0.346624257848975
ARFGEF2	-0.107624597257667	6.16852667341508	1.88944730644649	0.170389917348402	0.358720605220771
ARFIP1	-0.10298292592264	5.49481111437933	2.71248421929949	0.100714761258369	0.256847135161967
ARFIP2	0.0506999427855623	5.78647209521288	0.637736375351751	0.425224864479569	0.625710878320037
ARHGAP1	0.150805026028462	7.38276089274042	4.22214511802025	0.0408499693585388	0.143607103070914
ARHGAP24	0.551277688221745	2.70498809828079	11.8950188895574	0.000651652902140627	0.00867813708260828
ARHGAP5	0.0207221141966702	6.16543417517981	0.0585689621837747	0.808953657279467	0.898886524513094
ARHGDIA	0.0475228827847454	8.34618399238444	0.631773700383175	0.427394934363486	0.627269637280513
ARHGEF1	0.112304823496446	7.06881768051931	2.61177718169758	0.107226173533932	0.267900713769798
ARHGEF11	-0.0258466125452565	6.22827622338473	0.134969464808156	0.713618398664452	0.840889239253945
ARHGEF2	0.151572126528613	6.17482226721418	3.25449413692213	0.0723285328712258	0.20710839329939
ARHGEF6	0.204685518765926	4.40788916468618	1.92187785810538	0.166779347577234	0.354075202197699
ARHGEF7	-0.204323231965068	6.11355279006649	8.45643785525211	0.00393600010800969	0.0298132944097754
ASAP1	0.328222830473672	5.70698500550931	9.42450905254934	0.00235647264945442	0.0212260030852496
ASAP2	0.0531393079798787	4.31586435816788	0.13968195540166	0.708887064885031	0.83813166787512
ASAP3	0.0318494611209437	4.71272862661609	0.0664880699500697	0.796714499570563	0.891622028859933
ATF4	0.0866643604324832	8.34628629396054	1.65029391194261	0.20000635701255	0.396139379074634
ATF6	0.144631253874403	6.2817567949133	3.86021331574153	0.0504566576016706	0.164493882142714
ATF6B	-0.146000518196584	7.30236886405791	5.90183072938714	0.0157696487276156	0.077566478915447
ATXN3	-0.0534019601152337	4.7797950203737	1.23366895912953	0.267670611245558	0.473648144017946
ATXN3L	0	NA	NA	1	1
B3GNTL1	-0.0612575270221978	3.16775492467354	0.529573754688936	0.467408889336519	0.662054427742736
B4GALNT1	1.39967398137026	2.89863955219474	25.8679323798	6.79855659711031e-07	4.56153978941427e-05
B4GALNT2	0	NA	NA	1	1
B4GALT1	0.186753551643132	8.01446599509953	4.25380550636126	0.0401071002743933	0.141928172076313
B4GALT3	-0.0262491064073256	6.53628962953398	0.0674033243066982	0.795351148862614	0.891028206115443
BAG1	-0.260900693590045	6.96651683688865	5.35462911518851	0.0214089505144236	0.0949699285740362
BAG2	0.778389278856251	3.98442126269178	22.6641873573621	3.13172651979868e-06	0.000146363218729902
BAK1	-0.148848421848541	5.76279926567639	2.00912680184635	0.157493952831788	0.341370054064613
BAX	0.0674027998663556	6.61992238973889	0.981443819579706	0.322718608880155	0.530036660944473
BCAP31	-0.324243558499128	8.96854220325802	15.6903879582525	9.52346480669185e-05	0.00207515583622771
BCL2	-0.00613251085119499	3.30923087496247	0.0017829619526284	0.966350048199789	0.983977481478547
BET1	-0.0861137905802439	4.53226827051849	2.50951687102949	0.114316670986758	0.278730861256991
BET1L	0.034041442805292	6.05269055214754	0.413511152278037	0.520731715472283	0.703857271974071
BNIP1	0.132901944027665	3.51632280351614	4.14242783570454	0.0427855584958053	0.148005854044533
CALR	0.115825787617961	10.3369597191962	2.78494490448572	0.0962987187403024	0.250032305490466
CANX	0.167397425396742	9.1438917512781	6.80865060885859	0.00957133698021318	0.0551233090106895
CAPN1	-0.246492592261998	9.0533421162175	9.93815811864683	0.00179908963860379	0.0177061633696747
CAPN2	0.230027163447827	7.75864575242106	3.33867080208267	0.0687593602807915	0.200642714871321
CKAP4	0.164414927509584	7.65797734332198	2.60960770452285	0.107371455411516	0.268033114994613
CLTA	-0.0268311636757269	7.39372723639597	0.120836739821949	0.728396219811134	0.850451122138478
CLTB	0.0791105860927533	7.19884355618895	0.345702583142213	0.557041294698963	0.731581227799961
CLTC	0.183714504119932	8.88402345983261	6.79311362385032	0.00965290868270478	0.0553744821301297
COG4	0.0104894771243136	6.61447389067585	0.0222467544251355	0.881542508962731	0.93791915465838
COG6	-0.0375219900466597	4.67834390332662	0.217215874747019	0.641540634428766	0.791655301847454
COPA	0.0310906846278776	8.1699696298584	0.143126112881685	0.70548639833601	0.836249673739385
COPB1	0.0731880591290453	6.99463180791665	1.37925789265699	0.24124956281598	0.444056461027512
COPB2	0.0122862615832386	7.51789221538297	0.0399321956377809	0.841761768236386	0.917440451843978
COPE	-0.0502413140910784	7.34500539670414	0.576638624459939	0.44828715552466	0.645131709292734
COPZ1	-0.0956264439907482	7.55886352487221	3.28199833411883	0.0711408559795075	0.20511893377725
COPZ2	0.968102943495805	3.84889845628241	26.5034732984234	5.03505300343776e-07	3.55425790138506e-05
CRYAA	0	NA	NA	1	1
CRYAB	0.767165332292142	4.34642791882451	11.1983121994903	0.000933487020736532	0.0112561038740057
CTBP1	-0.216260940698479	7.36148484246706	11.2703936001716	0.000899318467983121	0.0109810248344913
CTSA	0.0640202380469166	7.86605934894734	0.590900955596814	0.44273447374957	0.640493760641731
CUL1	0.0861867244242542	6.38468525029197	3.14968607612898	0.0770543002319944	0.21639921587463
CYTH1	-0.0377279261836201	6.08940687014241	0.21674783834327	0.641899812918974	0.791858203679779
CYTH2	-0.239143854487909	6.92071855419408	11.2122828190505	0.000926762853415127	0.0112082622307731
CYTH3	0.317707704117401	4.81203492431327	8.53553690442358	0.00377356785670236	0.0289278410734385
CYTH4	0.640272663746114	3.9622688511278	8.53034336061966	0.00378401933106523	0.0289533733536154
DAD1	0.0737088978920647	6.89601105627325	1.37439680096773	0.242078444695258	0.445030020220079
DDIT3	0.102777508714051	4.64799092959576	0.820307375990198	0.365887824419665	0.570131024024818
DDOST	0.00772712411197946	8.44653965821754	0.0149172547529971	0.902880871683328	0.949893863367798
DERL1	0.00953248644939308	6.63552962303682	0.0236406136903278	0.877916315364197	0.936046781702984
DERL2	-0.0506212381211015	5.50100796796889	0.737645461465424	0.391168576457076	0.594195020807105
DERL3	0.561319383545386	4.05352564463806	8.12873807231099	0.00468903052247283	0.0336491318467605
DNAJA1	-0.0584255783402479	7.78994014581385	0.408161844308312	0.523438838275598	0.705745102676716
DNAJA2	-0.046329037594863	6.49575404698443	0.732023367794808	0.392977338775496	0.595977477693235
DNAJB1	0.088718697697723	7.65369496204854	0.782145305405754	0.377262945815379	0.580853859999678
DNAJB11	0.0379693149963791	6.75147735350304	0.34006187218257	0.560274233551918	0.733335617797402
DNAJB12	-0.129056054375849	5.94867051255899	5.72067060720476	0.0174423129525521	0.0828703487556402
DNAJB2	-0.177875098134879	6.82762209077544	5.01980504799349	0.0258623161064644	0.107280327778906
DNAJB9	0.160941881800437	4.48427619802261	4.17823726279015	0.0419043547181215	0.146151232015682
DNAJC1	0.064775500300907	5.34537291628449	0.613526831495809	0.434140993735464	0.632966609483791
DNAJC10	0.284519709909739	6.64271963648736	18.5985596268373	2.25532711312951e-05	0.000694440100147898
DNAJC3	0.166012392491586	6.51132094108375	6.21761672969924	0.0132400084425606	0.0688236695569565
DNAJC5	-0.152210118919979	6.89308037266287	4.24153978197494	0.0403931921682924	0.142593088519081
DNAJC5B	-0.546742485693648	0.3118998377134	2.97019913349057	0.085942033094707	0.232960204375386
DNAJC5G	0	NA	NA	1	1
DNAJC6	-0.0728000569834697	1.15272568889249	0.0763797929854279	0.782473521599557	0.884546635571563
DNMBP	-0.124291596131603	5.4519515858044	1.16384472794376	0.281620501280391	0.489053112755646
DOCK5	0.0291006386742953	4.89836087255642	0.0609169471828603	0.80523772599378	0.897602970142206
DOLK	0.0420042149567658	4.53239875431688	0.363038995377244	0.54732271834481	0.723947356145087
DOLPP1	0.0430654611704612	4.88502958780035	0.308183001104019	0.579251249810193	0.746549462232859
DPAGT1	-0.0296628118618861	5.74265377890932	0.229790565763365	0.632062393591045	0.784578609213942
DPM1	-0.0695846252657402	5.58621496921028	1.08670371200327	0.298123664307559	0.50723659523314
DPM2	0.123549926043841	6.06905859648837	2.23652204467289	0.135937274274112	0.310700070245624
DPM3	-0.280789688946062	5.23089657645349	5.38274626342447	0.021073339879831	0.0940138248314604
DPP6	0	NA	NA	1	1
EDEM1	0.0985579103236895	6.48267258956932	1.36754375769666	0.243252905625514	0.446153325241852
EDEM2	-0.012608235553647	5.63267494450503	0.0330595461037733	0.855856496288188	0.924912794912999
EDEM3	0.0523068513893988	5.65207749267133	0.460662397855546	0.497888701588751	0.686196007274036
EEA1	-0.0159118788461368	5.28723887248757	0.0300761158461489	0.862445971426939	0.928830142454292
EIF2AK1	0.0453061570199884	7.72455372412264	0.706485063449355	0.40134766838604	0.603595065711509
EIF2AK2	-0.0365764793561829	6.52144605282994	0.192983931182626	0.660791657017329	0.805582537009013
EIF2AK3	-0.186110942025529	4.96323152510023	4.39365794791193	0.03699216871143	0.134527833973107
EIF2AK4	0.0345454874589401	5.84693548333113	0.316718496428313	0.574047620677333	0.742816378866411
EIF2S1	0.0268220247536987	6.43003367934489	0.11304931113463	0.736956810789267	0.856035422428625
ERLEC1	0.11978264581962	6.07228377737156	3.59521062944089	0.0590006110098952	0.181689533021134
ERN1	-0.0662894377725289	4.7632441711536	0.6928781685469	0.405913661177071	0.608046290322177
ERO1A	-0.358912051235977	7.47333625075288	11.0575988327121	0.00100404682593404	0.0118387552925273
ERO1B	0.408780091359631	3.75841737228878	11.4885071885441	0.00080347804521307	0.0101773885726989
ERP27	-0.356157446588041	5.09139055678439	1.90195625292562	0.168986701784361	0.356992889520825
ERP29	0.00848545061372899	8.01838585883668	0.0100513892134701	0.920214079642613	0.959152050358002
ERP44	0.0210579092907945	6.51707309926469	0.0973572812155169	0.755262184883673	0.867877018917311
EVI5	0.154144186002929	4.35817479287448	5.93701022361674	0.0154646125365343	0.0765138897220106
EVI5L	-0.0580033546699167	4.8443140999116	0.571132287251806	0.450459969800323	0.646969169125576
EXOC1	-0.194394762682133	5.68801559394789	12.385138522656	0.00050672772786278	0.00722931558417566
EXOC2	-0.0387493975034117	5.25941858584113	0.347237769938699	0.556167560912095	0.730938426100129
EXOC3	-0.0402114657311218	6.30460099464937	0.294967131532281	0.587497444218574	0.753078375848904
EXOC5	0.0232590376794499	5.74074637910562	0.0949346929652635	0.75822965004157	0.869615750047677
EXOC6	-0.0113785658927351	4.07672718719612	0.0267406723605851	0.870225316979595	0.933010515311155
EXOC6B	-0.053570319120949	5.66897530208982	0.474472328887179	0.491520989089566	0.681531967548144
EXOC7	-0.216288756564287	6.37626258022172	11.7068367603513	0.000717929719240174	0.0093202498034181
FAM71B	0	NA	NA	1	1
FBXO2	0.306471052939154	3.90556027216045	1.64349111188901	0.200933227814006	0.397321326602848
FBXO6	-0.144612991712527	4.76273592650535	1.87754908174561	0.171737109232575	0.360589398301497
FBXO8	-0.0210362530872353	4.22913565036489	0.0704014295239268	0.79095315294969	0.888696672900807
FUT8	0.0348721756706497	4.9960158102015	0.0883299084181933	0.76653686053343	0.874849512976177
GALNT1	0.032822584623481	8.04453818905738	0.0737439732511638	0.786166524553998	0.886306518282193
GALNT10	0.462479593024338	5.53853105735798	14.1604149866552	0.000205429535322757	0.0037355835895453
GALNT11	-0.00968370284075972	5.68489692906687	0.0152371394570828	0.901850327997008	0.949094997835136
GALNT12	-0.0352237542132932	4.51033020505559	0.0487020601180601	0.825502094685135	0.90877625499054
GALNT13	0.516617623580884	1.17269480027553	3.24354444398909	0.0728072931360772	0.208181753791343
GALNT14	-0.230165750846716	4.84416035568045	1.21458534388096	0.271395174287895	0.477739761160163
GALNT15	1.84544288541438	2.05599288715923	57.91067643255	4.45607691701677e-13	3.48430937395965e-10
GALNT16	-0.0338449747895311	1.40829276582889	0.0145586813039655	0.904049478548415	0.950769535921022
GALNT18	0.0325363815432212	4.01382304650602	0.0483410289471035	0.826139648973373	0.908990586330501
GALNT2	0.119989150352751	7.08365977875681	2.00572282120085	0.15784492905825	0.341803458591924
GALNT3	0.00602775014764709	5.74176539675613	0.00179436953335048	0.966242636247621	0.983977481478547
GALNT5	0.191816743079402	3.48761049141872	0.57955742297362	0.447142016345478	0.644191489659935
GALNT6	0.0920818899167119	5.09034470730504	0.249211360829575	0.618032406906442	0.774492931788693
GALNT7	-0.005027624360132	5.66757962990546	0.00267974392527487	0.958752756807423	0.980159084073967
GALNT8	0	NA	NA	1	1
GALNT9	0	NA	NA	1	1
GALNTL5	0	NA	NA	1	1
GALNTL6	0	NA	NA	1	1
GANAB	0.086318485608883	8.93130816855607	1.78838516180868	0.182234601903825	0.373709104152967
GBF1	0.0845527411716472	6.48094997294937	2.65122306848887	0.104622072822919	0.263728052137625
GBGT1	0.346533426515967	2.56264046479948	5.45013065847372	0.0202911362959066	0.0918118202481291
GGA1	-0.15110031672159	6.38794162169771	4.38791035637214	0.0371150248961641	0.134710506120427
GGA2	-0.00974038286173261	6.4723415571743	0.0161371700784829	0.899008325232504	0.947723062067763
GGA3	-0.176586988425728	5.81917355698896	8.99717716979401	0.00295318719425012	0.0246207731042366
GIT1	-0.00362488292679729	6.93077737027893	0.00309974097590476	0.955641129191481	0.978750063967796
GIT2	0.144411589203734	4.57439344362633	4.15031408628093	0.0425898238261316	0.147605032114772
GLT1D1	-0.42613426883341	-0.390108196989132	2.6659036749661	0.103670760132361	0.262110005408644
GLT6D1	0	NA	NA	1	1
GLT8D1	-0.037750054507911	6.10468299784213	0.265208927883948	0.606980044405477	0.766930037461986
GLT8D2	1.08033228199688	3.27617194420313	30.9172568595638	6.40262247397385e-08	6.92368696254725e-06
GMCL1	-0.113233329588077	5.10317387082461	2.81097320490976	0.0947646236033113	0.247376065466785
GOLGA4	0.0568630324771486	6.7791867639852	0.480880561037311	0.488612462971403	0.678609876500111
GOSR1	-0.0556625535362461	5.7725699827246	0.965136174278515	0.326764805024226	0.534099411974796
GOSR2	0.0922676570050326	4.31770407111001	2.69233927695876	0.101981629046526	0.259096040804284
GPAA1	-0.0161538755547353	7.22051309869434	0.0427224722051153	0.836402581873763	0.914688783727467
GPLD1	0.318441700091612	1.52440158594839	2.23805955788706	0.135803350908262	0.310490567247523
GXYLT1	-0.0584326507728655	4.61440614422323	0.554236709744913	0.457231165093078	0.65347207600599
GXYLT2	1.34078775761082	2.33009959545448	28.6949203625229	1.79955435590649e-07	1.58376363876965e-05
HAS1	2.68708157638895	1.60126180216358	51.0746027772035	8.10133032532821e-12	3.83023361660285e-09
HAS2	0.227276543880481	4.03031247135134	0.804394206165996	0.370571907094601	0.574786516459391
HAS3	-0.350528116440172	7.52815327648016	2.75293726372162	0.0982226422317021	0.253017397724114
HERPUD1	0.164152152011277	6.57768971570013	3.39350369422869	0.0665366346874581	0.196383534145764
HSP90AA1	-0.00512251017408145	10.4922722823795	0.00450553246374722	0.9465326366948	0.974092519462575
HSP90AB1	0.0183100833900708	10.7317885649969	0.0602543007389063	0.806278626056144	0.897877107127596
HSP90B1	0.158898815973068	9.97379678082414	4.44978278837397	0.0358147562461795	0.131594793870383
HSPA1B	0.0600747779136831	7.70676222074664	0.221152419303965	0.638538166148002	0.789457736610551
HSPA1L	-0.20116385678354	1.01836459931579	5.61938402084871	0.0184567930869496	0.0858047705266025
HSPA2	-0.254809391472413	4.57125874892551	1.96682174471745	0.161920118989038	0.34749667677052
HSPA4L	0.0429575058181722	4.02268073972324	0.0425258030736508	0.836774230706699	0.914900416442881
HSPA5	0.200923284483905	9.57232423227877	6.75877473535883	0.00983574634409702	0.0561564670913084
HSPA6	0.120992283487584	3.94845661477556	0.352889354098562	0.552973305801562	0.72805824149639
HSPA8	0.0780183022531269	9.9981742828572	0.554902684715411	0.456961234910464	0.653168945069939
HSPBP1	-0.0653651434493298	6.29184343283432	0.623056477102617	0.430597769210831	0.629844831968344
HSPH1	-0.0522164983784328	7.71776224659165	0.298460762563534	0.585294557992721	0.751254842757365
HYOU1	0.195682619804238	7.58964421289754	4.80623898773312	0.0291999387682913	0.115673179103539
IFT27	-0.154279880387966	4.94858011848505	2.31194447173507	0.129539050527328	0.300837205531251
INPP5B	0.226411501929043	4.2364925276601	13.4966276203777	0.000287507806024515	0.00480282144328544
INPP5E	-0.0488766807877923	4.59452107728051	0.415322199938242	0.519820807880065	0.703171004338394
IQSEC1	-0.0769323687101362	5.69503369347698	0.934024490315231	0.3346734921134	0.54197165004504
IQSEC2	-0.174623467351194	4.62092231942644	4.33589816868963	0.0382465480725548	0.137495274634976
IQSEC3	0.477418442974401	1.65327068823041	3.90369687199261	0.0491853858188734	0.161802409983446
JUN	0.425139211169519	8.01819082861409	8.39148385576771	0.0040747302450957	0.0305004660835036
KDELR1	-0.0289423610496491	8.19741645875627	0.247159471565363	0.619481894305619	0.775524540112408
KDELR2	0.159454496551893	8.35749728999273	5.53776776002582	0.0193187901306886	0.0888778011669831
KDELR3	0.250018023850008	4.77232960597314	2.26646461841125	0.133355653753252	0.306687832670091
KIF20A	0.0234312760178907	5.50015773099941	0.0389370838837592	0.843719985572294	0.918442241737242
KIF23	0.00176182290494386	5.1899838963392	0.000237078643334945	0.987726401454159	0.9941599492057
LARGE1	-0.447464665267577	4.69292131336081	9.58250225487627	0.00216840187045815	0.0200745036550156
LARGE2	0.419935380180946	5.03155347353063	3.70008101972034	0.0554481435575776	0.174617646401503
LMAN1	0.11293552502829	7.17931745452779	1.93575198205404	0.165261658569031	0.351955742584161
LMAN1L	0	NA	NA	1	1
LMAN2	0.0307523844577177	7.75134937937888	0.196625415449731	0.657809323639732	0.803392019079403
MAN1A1	0.146349225057948	6.0980915067514	1.0370492357097	0.309409079932827	0.518532761303866
MAN1A2	0.109860066171679	5.99246997578689	2.82662102195727	0.0938552347798552	0.246235246234928
MAN1B1	0.192330527260805	6.82050410598654	5.94988661993774	0.0153544981063658	0.0761358406103455
MAN1C1	-0.332342025053774	5.88510677387207	1.50655363332221	0.220721570121038	0.421221207224322
MAN2A2	-0.0734954764159639	5.37431324300083	0.656085202957309	0.418649890435997	0.620110845623501
MAP2K7	-0.198435016813013	5.76045986626055	15.9807152133876	8.23814917237597e-05	0.00187986934477346
MAP3K5	-0.240117832559809	5.68283261072766	5.00416551663631	0.0260926223360011	0.10790151966226
MARCH6	-0.0854748483660105	7.24998444137991	1.34490437982384	0.247182741476793	0.450895032231781
MCF2L	-0.473459523782583	5.35728079584589	7.89561291776592	0.00531340686336508	0.0365431534276766
MGAT1	-0.213623677036746	8.43874491978421	3.73004257046834	0.0544756494896619	0.172601140463917
MGAT2	0.0374827127297648	1.64933384911175	0.13003598932607	0.718673190036922	0.844056958604888
MGAT3	-0.361476353477357	3.65811167097479	1.9680064375665	0.161794248164114	0.347373224751974
MGAT4B	-0.0340913098169384	7.23146923564054	0.249677106627049	0.617704435697585	0.774272839122751
MGAT4C	0	NA	NA	1	1
MGAT5	0.0388515028396761	6.07032383663784	0.162178692008886	0.687473240463091	0.824076119022089
MICAL1	0.090899030452048	5.97072292165362	0.700806752322821	0.403243936851641	0.605607308987758
MICALCL	0.104013482476853	2.33026261405585	0.399485328648875	0.527883367303418	0.70907623767945
MICALL2	-0.00345766836312685	6.05893336649809	0.00111010453176444	0.973445127655736	0.987000516102273
MOGS	-0.0146951045975086	6.88274370607675	0.0641631522940569	0.80022332098758	0.894195552583822
MON1A	-0.0315663463126696	3.87823741803592	0.183988296498159	0.668305730617322	0.810313167951143
MYO5B	-0.323007394756669	5.90955503176596	4.35055563834257	0.0379240419450723	0.136944186988156
NAPA	-0.209109549218619	6.42384568126402	12.252212298635	0.00054244743949338	0.00761599201995885
NAPB	-0.0522982761652219	3.91776732632198	0.66927839626568	0.414015765267242	0.616218394975077
NAPG	0.0553052150267633	5.24515989830257	0.759494632327651	0.384251387628148	0.587355692517312
NCKIPSD	-0.0793715298240883	5.08764410805499	1.16870684683812	0.280619812332596	0.488153829000144
NDE1	0.208380656374029	5.32070513949447	3.699974785996	0.0554516244548993	0.174617646401503
NET1	0.21193017806718	8.04528879681012	2.70731508133272	0.101038178331502	0.25738867737814
NGLY1	-0.160432281577458	5.33156693200587	4.56260274401269	0.0335656827232174	0.125902274864024
NPLOC4	0.0596000452373105	7.30586486335271	1.00033007691768	0.318115072352243	0.526358932608648
NSF	0.026995830449347	5.76650594734016	0.114198046620138	0.73567376586341	0.855307745864691
NSFL1C	-0.0390333220917048	7.02697560986565	0.395270452632382	0.530066879535467	0.710878853695881
OCRL	-0.0577855511680171	5.66804119375247	0.737516126754178	0.391210051820123	0.594195020807105
OPTN	0.146234586444388	6.880975384324	1.38471188068434	0.240323708153351	0.44319493711517
OS9	0.0991280021447287	8.26767009384403	2.40240019682147	0.12230606172729	0.290409044021936
OSGIN2	0.222392222647569	4.99682988849879	7.06383665480791	0.00832866469766267	0.050001542519193
P4HB	0.0972929429335298	10.301771231177	1.97492478529914	0.161061425504014	0.346641835750222
PAK1	-0.223839275918038	6.27845757518905	5.82740401463718	0.0164357334052425	0.0795946784489234
PARK2	0.057632499226139	0.563363139320598	0.109529743945487	0.740933668054422	0.858484499184643
PDIA2	0.877262208483629	0.397434700223149	9.00251882858286	0.00294484606916649	0.0245766504869273
PDIA3	0.0338901628710814	9.3428238865509	0.285709764846288	0.593417444896564	0.757371878633132
PDIA4	0.187138424535362	8.5109354447594	5.30052414934945	0.0220705158330643	0.0968473099257928
PDIA5	0.285707194617481	5.23969649631862	8.76209403010329	0.00334525547333421	0.0267440187190199
PDIA6	0.183862124851244	7.87485507423818	3.53227730891486	0.0612486463451438	0.186070678451401
PDILT	0	NA	NA	1	1
PGAP1	-0.358537215736246	4.66569208602379	8.32322971867367	0.00422591348589292	0.0312046820154669
PICK1	-0.256741377848197	5.3733233978281	8.26865792022316	0.00435091751586462	0.0317951664620876
PIGA	-0.182930919287794	4.46268584740799	3.75387780157588	0.0537149914337791	0.171058458675673
PIGB	0.00237286417944315	3.42106873162455	0.00117130452558759	0.972723242320935	0.98650421612215
PIGC	0.110365335989616	5.25411175682033	2.6317616968018	0.105898035425368	0.265627027785038
PIGF	-0.170599699580094	3.93409097079077	5.78833583476182	0.0167969926836498	0.0808817767073898
PIGG	-0.171966266776446	5.60934658473307	8.09573562080184	0.00477263411436003	0.0340983280670244
PIGH	-0.130571365885672	3.73624429849857	5.19595736238376	0.0234102014032223	0.10039296678377
PIGK	0.18795899907295	4.88467182748959	4.56379178701136	0.0335427859472892	0.125882820691242
PIGL	-0.199119943403273	3.50149084584467	4.7411206567091	0.0303050717852966	0.1182083862999
PIGM	0.0765831666522453	4.60858629805839	0.694244849137452	0.405451628062094	0.607654375119968
PIGN	-0.0237771295706762	5.03733917363003	0.0800323779928109	0.777467620251685	0.8817255277656
PIGO	0.0284987402652141	5.46138191359941	0.127325119948305	0.721496986509505	0.846184045373626
PIGP	-0.0500951965437531	3.98108594079069	0.487696893983468	0.48555006194947	0.676204463586294
PIGQ	-0.0825759331369431	5.91956048669121	1.40464274536385	0.236976953038866	0.43925432670315
PIGS	0.168747804070726	6.36729379319059	4.12171138646018	0.0433042819208106	0.149115184866206
PIGT	0.0310896671316257	7.64868927066272	0.131564748031092	0.717095399323285	0.8429830847833
PIGU	-0.106960805859239	5.8753141913897	1.46363706841513	0.227397374403154	0.428648238543285
PIGV	0.0918809608885161	4.27354737566686	1.90214628528289	0.16896548747985	0.356992889520825
PIGX	0.154856140027302	4.84168954252004	3.9005923104588	0.049275011899227	0.162044806197231
PIGZ	-0.515765967651906	4.07204120736129	8.87325716657383	0.00315362377358057	0.0257970373147876
PIK3C3	0.162482119660632	5.03916297725641	4.6926057912797	0.031156885511221	0.120143629277269
PIK3CA	0.0943144065600128	4.84483411845084	1.80826037835492	0.179831619392156	0.370535975388386
PLAA	0.0342784775104371	5.26966031795114	0.182445539868028	0.669616153444321	0.811096247534519
PLIN3	0.171198864064479	6.63823145533143	3.44956457500023	0.0643437200569674	0.192122226081475
POMT1	0.0379478546924939	4.89587195341081	0.225088092249007	0.635568825569228	0.787373494078072
POMT2	0.0678563789837705	4.68701125677437	0.91652863034771	0.339233924059636	0.54577991947136
PPIA	-0.0236666614345513	9.0054689090099	0.145578481130434	0.703093418575575	0.834582191839869
PRKCSH	-0.0317652445058761	8.81318919779969	0.33116549257171	0.565446955588339	0.736771966011259
PSD	0.866390343139597	3.22607548184235	18.0696792977553	2.92524548931358e-05	0.00084933538354991
PSD2	-0.764780052800641	0.260220988414277	6.67490159869625	0.0102975010393432	0.05792700501656
PSD3	-0.0774053148393123	4.86758563548782	0.352227286110825	0.553345708221581	0.72831271838306
PSD4	-0.389353296689339	6.19567820535806	15.0913350953475	0.000128558340512865	0.00259027855562591
QSOX2	0.179602295544046	4.72435039510355	3.37177863999217	0.0674079098427154	0.198178280130499
RAB10	-0.0266376474114731	7.87736262188056	0.131506954452408	0.717154857312119	0.843004235279294
RAB11A	-0.33230032250618	7.85714421457329	21.0842008442887	6.7112889476408e-06	0.000269645265425963
RAB11B	-0.19094766732003	7.17389160212103	10.3504776271245	0.00145019628813914	0.0151971600710663
RAB11FIP1	-0.33159464057826	5.85195319165205	4.06901155147906	0.0446540732370006	0.151732794402176
RAB11FIP2	-0.00660377450729167	3.98546690481117	0.00413199723589375	0.948793765863382	0.975274408939355
RAB11FIP3	-0.128888972550899	5.56914770857276	2.88889595880419	0.0903294319661552	0.240368970736482
RAB11FIP4	-0.293248938074079	6.03869389931645	3.85688319459443	0.0505554451862567	0.164778461856183
RAB11FIP5	0.186524736696266	5.2478777802034	4.50875495287807	0.0346200158922941	0.128529021747688
RAB12	0.138631949839764	5.5392484539514	3.56170511121571	0.0601862591106886	0.18394267103432
RAB13	0.0645340804737617	7.07297456737315	0.715557765409681	0.398344691893974	0.600589408647618
RAB14	0.00625033287623445	7.00562958887133	0.00952009651964227	0.922344461553893	0.960426923569598
RAB15	-0.340608633983468	6.47711899449617	4.35439273304423	0.0378400893009029	0.136713882261837
RAB17	-0.294128852078135	3.89074570268208	2.51133893615537	0.114185881371614	0.278545592546785
RAB18	0.00374718037032926	6.42277973667893	0.00337512906714942	0.953714711468539	0.977593721400219
RAB19	-0.368212439027067	-0.28101757958444	4.8581840115556	0.0283486793481053	0.113450521879327
RAB1A	0.00918395008904945	7.54366200799212	0.0269629632941166	0.869691863028228	0.932842534895285
RAB1B	-0.0397086127249732	7.83480187612661	0.517398946625092	0.472567736113163	0.666156016861781
RAB20	-0.0473725823996485	4.97642039084842	0.172024025307187	0.67864449502284	0.817445348016017
RAB21	-0.00767551741111298	6.31302775268614	0.00884111866750576	0.925156406078233	0.96190821416276
RAB22A	0.0012043743875886	6.0758530756656	0.000417320777952207	0.983716505645641	0.992701109886622
RAB23	0.55075726354761	3.43997272627269	12.5365179208049	0.000468947840959287	0.00686391488602501
RAB24	-0.180279701048263	3.40131621868665	5.24053825652548	0.0228289590551782	0.0990635512469097
RAB25	-0.325750523453641	7.50410824121927	3.95037478887296	0.0478585013157489	0.158980936560323
RAB26	-0.512810637552294	1.50041760421449	6.63267167404309	0.0105384021770645	0.0589558933020695
RAB27A	0.266237578347296	4.53402109418958	6.47147352922781	0.0115127522436823	0.0624868400240687
RAB27B	-0.433835425169033	5.53598559842829	6.26886015392421	0.0128709414075093	0.0675790906029609
RAB28	-0.00924507957220574	3.95603909421093	0.0247504152456268	0.875106699956535	0.934975164123887
RAB29	0.180491849408057	4.99263218406174	3.79872532662385	0.0523142655540031	0.168229835291503
RAB2A	-0.0546874700535498	7.35776071894218	0.847426183629152	0.358093055029228	0.563557192192616
RAB2B	-0.0192025082299513	4.41444784349795	0.0943736721722142	0.758922751765977	0.870117433926315
RAB30	0.0825974086628858	3.37427462115461	0.449318119645668	0.503224771211294	0.690367744026291
RAB31	0.57317031168904	6.6883900997648	12.6185749275698	0.000449677897381788	0.00667074353990475
RAB32	0.2452291462864	4.37900406490529	3.2958432216219	0.0705509779903549	0.204083862058041
RAB33A	0.220883135247348	0.286213511035501	1.84763163313711	0.175179272627059	0.364828289064093
RAB33B	-0.027147651026734	3.4163119896033	0.154857429736566	0.694242702058183	0.828962165475806
RAB34	0.0268230471207247	6.35897666205335	0.0316703362874307	0.85888491324224	0.926762395107199
RAB35	-0.0161578758653804	6.12880495328663	0.0873985577268961	0.767735188056913	0.875502956510854
RAB36	-0.275214293343933	3.45571207271061	3.46727721612648	0.0636670857579457	0.190695557039098
RAB37	0.339799921564969	1.40446871619661	3.36888896338666	0.0675247200827798	0.198492995847732
RAB38	-0.104356102221915	4.8021527818053	0.22495090763414	0.635671790027593	0.787388809836945
RAB39A	0	NA	NA	1	1
RAB39B	-0.111320209481824	0.492709010585735	0.231270338326552	0.630968126313813	0.783890369589331
RAB3A	0.0106175635254744	2.01371638127495	0.00846323567255194	0.926768713954406	0.962603669513719
RAB3B	-0.339670721329891	3.17981345217856	1.76744218648651	0.184807220246321	0.37684360958954
RAB3C	0.377388935509837	-0.263705154219032	1.59884477168817	0.207143903696773	0.405121266200615
RAB3D	-0.0280650853917899	5.00985884346673	0.0459590783449746	0.830410016702704	0.911174934050703
RAB3IL1	1.02569342865368	3.310920503596	31.1594895660201	5.72391430922023e-08	6.39380098387073e-06
RAB3IP	0.219025177679285	5.53998354846679	1.73403999235486	0.18899853292724	0.382376451179969
RAB40A	-0.33847474974859	0.319225979153486	6.43390961350781	0.0117528854639384	0.0634793202661712
RAB40B	-0.136510882452207	4.435149584713	1.75565439484876	0.186273838544907	0.378808356268676
RAB40C	-0.313857321957486	5.73225353383432	14.0780928808737	0.000214155463546023	0.00385421270636331
RAB41	-0.135280663152304	-0.969912665077108	1.52154527531678	0.218445257543142	0.41880347848473
RAB42	0.379183169949872	2.0019534189816	4.40658897558801	0.0367173283391071	0.134014952447764
RAB43	-0.0569146411581952	1.34901643788364	0.313730234237026	0.575858803746913	0.744027654194476
RAB44	-3.94364541875172	1.55389102035136	114.11327190977	1.72446166816574e-22	1.75291528569047e-18
RAB4A	-0.0684173564254107	5.36742370977234	1.22638112937357	0.269085371974915	0.475324147384658
RAB4B	-0.0734421427503384	4.52032806820805	0.578961528527827	0.447375434468643	0.644405737760204
RAB5A	-0.0536231711173408	6.11779867350574	0.812626543243352	0.368138314888724	0.572103037890823
RAB5B	-0.222077689024522	7.78435328982354	11.6853468562824	0.000725922272517798	0.00939401642284331
RAB5C	0.0816039880016983	6.73851014601233	1.89778817054708	0.169452779463297	0.357362552540334
RAB6A	-0.120320090802622	7.27742750216751	3.11825273559186	0.0785358897033835	0.219438515347689
RAB6B	0.0761723112947177	3.00591658887214	0.184763376539197	0.667649829846715	0.810009013593347
RAB6C	0	NA	NA	1	1
RAB7A	0.089151673387528	8.34000199868246	2.46698260001783	0.117417541554775	0.283167096062702
RAB8A	-0.102328465349235	5.50042059423184	5.32664847266915	0.0217484625249022	0.0959013361401754
RAB8B	-0.0260112093970148	5.02085333647477	0.103379091543479	0.748057352298579	0.86311044110273
RAB9A	-0.0973959202660542	4.73502858372469	1.47353423621022	0.225836504579671	0.426749465399231
RAB9B	0.262038522220274	1.1092284220516	1.85016951168573	0.174884198375865	0.364543807339418
RABEP1	0.0872353407108393	5.52686014619462	1.84013276209791	0.176054525610434	0.365857968482074
RABGAP1	0.0430705609615123	5.98608812223558	0.458105988554076	0.499082747428673	0.687119497168525
RABGAP1L	-0.0572346850421801	6.20729401255153	0.32464474550711	0.569297495242393	0.739116040505643
RABGEF1	0.110076352119932	2.83436277917701	1.71819393516561	0.191025714705009	0.385006883231746
RAD23A	-0.00946768572969352	6.89400626805055	0.0297509429334714	0.863184174841751	0.929428126506828
RAD23B	0.122706574014701	7.70737956573656	2.71522142814681	0.100543963200452	0.256597887505045
RALBP1	0.0772749331209075	7.84636201288315	0.280807721190227	0.596602386680571	0.75943438239409
RASEF	-0.269546270464649	4.79302102678204	2.1253671664609	0.146025824635839	0.324803612127637
RBSN	-0.0732678875307087	5.12433062189819	1.18998881102595	0.276292307454924	0.483216331175926
RBX1	-0.109335272169325	6.19469527485677	2.84812491101307	0.0926210460292412	0.244078985597432
REPIN1	-0.190454836635732	6.71296494617213	4.33806046578526	0.0381987901169505	0.137399398987545
RER1	-0.0669944849418302	7.03302208535677	1.98269413031131	0.16024298967964	0.345463542931877
RFT1	0.0102811526432466	4.96644485909799	0.0324148746653452	0.85725351276787	0.925689908884623
RFWD2	-0.0269867306718144	6.1066970270795	0.173382682645728	0.677449555091924	0.816464890816746
RNF185	-0.0178668189355795	5.11384043984645	0.0761751827088418	0.782757719303974	0.884644745666322
RNF5	-0.0556756023804375	5.51598801120557	0.664000163126255	0.415860550740474	0.617826954603458
ROCK1	0.185930691208448	5.77273797196188	4.8619752581387	0.0282875759955294	0.113295197003371
RPN1	0.0918332208876614	8.79699463166008	2.30323002717717	0.13026076589151	0.301790008410886
RPN2	0.133391452803967	8.99734453430521	3.16616352566598	0.0762897499202858	0.214914699761781
RRBP1	0.211219425818221	8.41405784290243	7.50640683386023	0.00655254270257483	0.0423571361346093
RUFY1	0.0357042937749789	5.63936483824434	0.381895430189384	0.537105027990102	0.715928745019589
SAR1A	0.0360222580625542	6.89773380617519	0.382187407323536	0.536949573960137	0.715822196698955
SAR1B	-0.0824771384187025	5.85567605708351	2.11413750775206	0.14709128714211	0.326459155851429
SEC11A	-0.0487297759744729	6.98241854186668	0.881674302957267	0.348572344300924	0.555279404453673
SEC11C	-0.0220882517679262	5.05843813415231	0.068088553339328	0.794336897321203	0.890431689597489
SEC13	0.0525852238571061	7.26888819361982	0.492456502457233	0.483430522595628	0.674361364372795
SEC16A	0.207361090005321	7.15611066232129	6.13858324361842	0.0138308339363639	0.07096942300007
SEC16B	0.246049224067447	-1.239494830902	1.91931294250725	0.167061675671246	0.354452501189358
SEC23A	0.339506802491304	5.88655484512409	11.9183256089988	0.000643889309872588	0.00861201951954587
SEC23B	0.0804787949390599	6.16364630898733	1.00004139815895	0.31818478365438	0.526423881159956
SEC24A	0.130351453890902	5.00027098733952	3.02533522287928	0.0830989118502509	0.227639823019088
SEC24B	-0.0229994714956081	5.46655644464973	0.143024405175597	0.705586147815309	0.836271578446058
SEC24C	-0.03191246560455	5.42033671926668	0.0735567959190272	0.786431453520062	0.886450930337036
SEC24D	0.265302814699583	5.78278162525062	6.51710170584754	0.0112278686526514	0.0614765875864271
SEC31A	0.0736149329246215	7.41810457356797	1.61611942071972	0.204714260329854	0.401993713175499
SEC31B	-0.0787637623469469	2.77014006017075	0.341302398445446	0.55956016176384	0.733053819999233
SEC61A1	0.130856369569209	8.94886655450918	6.16291732918257	0.0136460684780559	0.0702340689009814
SEC61A2	0.147483459511739	3.32506140153144	3.17790346085458	0.0757500244124218	0.213977768001186
SEC61B	0.0530432213725958	6.37796433270541	0.529140993643932	0.467590704127509	0.662054427742736
SEC61G	0.189973737091019	6.50425530060909	2.56822612075777	0.110184654305928	0.272414469073896
SEC62	0.0545737957535291	6.96298674730285	0.994958759955133	0.319415464126528	0.527087368968532
SEC63	0.110630499797667	6.46254959836183	4.47956351096205	0.0352060863520448	0.130175792153773
SEL1L	0.154753212299141	6.46634311726019	5.98052423299774	0.0150957509800543	0.0752381999079442
SELENOS	-0.0397304896651769	6.07098847034802	0.467973594480092	0.494500338460155	0.684123299142221
SGSM1	-0.47869739727869	2.20819953308605	3.39623365543299	0.0664280093110299	0.196233860693583
SGSM3	-0.223254512182544	6.5267288642337	9.21648218894456	0.00262979947831694	0.0227857817532475
SIL1	0.210010014218618	5.99060597958702	6.18011846925952	0.0135170051593648	0.0698527490823299
SKP1	0.0264829184068902	7.72277399834513	0.233018775563585	0.629680730323804	0.782960810243604
SMCHD1	-0.0112605690673339	6.05059782364646	0.0181244644406143	0.893005749181179	0.944431508133661
SNAP23	-0.0425912036130787	5.4408387940892	0.564366915117863	0.453152255558357	0.649459665527063
SNAP25	0.148894738332332	1.18868103951249	0.207139988091687	0.649379569462233	0.797066606105143
SNAP29	-0.0120884131188461	5.61217730861813	0.0225125017104688	0.88084237681263	0.937370473230778
SNAP47	0.0849987718168024	5.08890965206371	2.16300157886727	0.142518307944526	0.319729237574723
SPCS1	-0.0590188156140201	7.12298651135667	0.424931470971737	0.515034177742192	0.699424780823325
SPCS2	-0.144780618985627	5.60261015000335	5.65709775653	0.0180720749738731	0.0845971181715038
SPCS3	0.0931257711935617	7.05271306718916	2.3431877838777	0.126988091240723	0.29718750948819
SRP14	-0.180233753316337	7.87592082199595	9.24118900499697	0.00259571028263139	0.022619521344025
SRP19	0.0310735010995937	4.56786277899409	0.263064518719946	0.608436739609574	0.767482714913609
SRP54	0.0656650974519921	5.84377193431112	1.1342646003733	0.287807222759639	0.496151801955782
SRP68	-0.00256524223773685	7.03053540560318	0.00239026800283356	0.961042363500239	0.981364772211555
SRP72	0.0586182320050513	6.73763592101298	0.995554551776199	0.319270878194493	0.527062684019005
SRP9	-0.14094247762229	7.20427077167195	6.87563529148773	0.0092277105383282	0.05372706610372
SRPRA	0.0402581170980651	7.47022018688271	0.584245172273651	0.445312365238198	0.642639210314153
SRPRB	0.201488383328698	6.45133803749439	8.65050677892381	0.00354961817728908	0.0277766503249758
SSR1	0.103302860775989	7.58227599431259	1.95569422516749	0.163107887622724	0.349124379381972
SSR2	0.0496733545770278	8.20996255371129	0.531182588473712	0.466733969776577	0.661740819133679
SSR3	0.183293808702168	7.38154085987376	7.39340822705375	0.00696527531300697	0.0442236249573491
SSR4	-0.0794731904376823	7.78711916948311	0.693554799723549	0.405684816364392	0.607842169211934
STT3A	0.0620087422268302	7.41585175410561	1.01770661211652	0.313955654898509	0.522336743635097
STT3B	0.110953661938588	7.71073908114109	2.75498561077744	0.0980982658444522	0.252806455648448
STUB1	0.0358977765323243	5.31663826080477	0.313604550990322	0.575935228433766	0.744027654194476
STX10	-0.076884510287786	5.87093895517695	1.40756830704202	0.236490489854919	0.438672596601323
STX11	0.128372372747108	2.21126916293533	0.503455144911904	0.47859058857406	0.670174330896938
STX12	0.00591885445945872	5.66004516869524	0.0124048810773701	0.911398963395124	0.954204394161235
STX16	-0.104333649739203	6.42897978046379	2.59441864652491	0.108394716057082	0.269627380085706
STX17	0.0833663706557706	3.72666578952595	1.10056821057494	0.295067954381602	0.504222199930904
STX18	-0.156494206164541	4.96299073072099	9.87347476920512	0.00186113168039	0.0181384501736954
STX19	0.184360182567381	-0.114031802046464	0.562781872852907	0.453786677898735	0.650048137097046
STX1A	0.010346188933585	3.73223192531187	0.00829170078397064	0.927512570084749	0.962991192984166
STX1B	0.39859420966924	0.0408715213776211	3.00747455516138	0.0840085507200522	0.229453582431389
STX2	0.519498361766489	3.23147398124304	10.4741882383243	0.00135960350589033	0.0145401048262758
STX3	-0.185861911255417	5.95290526126391	3.47198463960495	0.0634885454488504	0.190400078031439
STX4	0.0457215034789134	5.99405634963675	0.621719371789953	0.431092259823514	0.630193833480408
STX5	0.0627543286547591	5.70967398992802	0.766796310511415	0.38197867416967	0.585282131094351
STX6	-0.0432875909311581	6.33358380216217	0.421380994303193	0.516793715068361	0.700801509294275
STX7	0.0268572254813789	5.6784241986257	0.181791010410507	0.670174093620857	0.811425127944257
STX8	0.0961903348028609	4.78628644383892	1.51001070451749	0.22019413836064	0.420609492894091
SURF4	0.134397599038037	8.08602347528025	3.28906561514271	0.0708390849360549	0.204654180131916
SVIP	-0.239620845728224	4.74163246495374	3.22245339773155	0.0737391324487632	0.209960302896829
SYTL2	-0.0598184595664411	5.31934150246559	0.129880884567411	0.718833854274704	0.844184397512771
SYVN1	-0.0529494481690801	6.40198808769527	0.965491475113199	0.326675933326572	0.534026562420238
TBC1D1	-0.0205695636271028	6.61845607421844	0.0413229259156741	0.839067083073393	0.915760851432676
TBC1D10A	-0.110569652951255	4.90667754118112	2.16048007849788	0.142750309047625	0.320074311562614
TBC1D10B	-0.0544511767303884	6.67541682682889	1.12654967779286	0.289449224854612	0.497884993763792
TBC1D10C	0.262578036675298	3.31001854845696	1.46645334959236	0.2269519009238	0.428127692844098
TBC1D12	-0.0561790350379218	3.40254294987021	0.58304890159973	0.445778167919768	0.643015761615014
TBC1D13	-0.0385047562191971	5.12422139261583	0.216908991202267	0.6417760884311	0.791849722510425
TBC1D14	0.167773247048519	4.1212927698026	1.79020424880398	0.182013121924616	0.373430898044954
TBC1D15	0.00496198372293817	5.24389437306455	0.0054241037787676	0.941343922821288	0.971152032424479
TBC1D16	0.051624793260265	5.63161204429315	0.261673691231786	0.60938554380824	0.768157372775133
TBC1D17	-0.156281044759195	5.77244643547623	6.34567888670022	0.0123374878118376	0.0655963053336638
TBC1D19	0.200094912576069	2.36156960579045	7.65927052480628	0.00603383340488318	0.0399960329707451
TBC1D2	-0.00865447974364263	6.16395656120664	0.00451020585655515	0.946504955990881	0.974092519462575
TBC1D20	-0.11195192497152	5.98205994569373	4.53962375367913	0.0340114186735523	0.126895236122833
TBC1D21	0	NA	NA	1	1
TBC1D22A	-0.00541239358823643	5.31912511372154	0.00719709415878206	0.932454111363824	0.96600041194591
TBC1D22B	-0.0209705322935882	4.56004267147607	0.154908800529657	0.694194564810517	0.828955976657727
TBC1D23	0.0635721950259151	5.22666518917901	0.996492526261073	0.319043426720326	0.52698576518725
TBC1D24	0.0266511343077016	4.01107224449868	0.161289138412264	0.68828615864849	0.824708043874813
TBC1D2B	-0.0251411136937997	5.68828527601632	0.0987106712093062	0.753622016270166	0.866874255447124
TBC1D30	-0.310645137634791	3.99382984824789	4.46805307613928	0.0354400401984684	0.130666669792322
TBC1D4	-0.0735138108771548	5.13047045427385	0.405095314280832	0.525002010427119	0.707029184270055
TBC1D5	0.0828355367020378	5.7305821624706	1.04556680335794	0.307434259414066	0.516412335279515
TBC1D7	-0.0219875165937987	4.57979346620021	0.0724922480871162	0.787945132648209	0.887223498720367
TBC1D8	-0.338219791669823	5.67041929429074	7.32505423098865	0.00722782598005902	0.0452824968180585
TBC1D9	-0.117307239631048	5.67772828046309	1.26575221101577	0.261551836737122	0.467471687916586
TBC1D9B	0.00974841484725154	7.12095684777356	0.0309680656990365	0.860441931386393	0.927653938832696
TMED10	0.179289437185067	8.21378820723097	8.99680698625379	0.00295376613877191	0.0246207731042366
TMED2	0.034329897383012	8.31402625520676	0.296274568479671	0.586671076729314	0.752527674966409
TMED5	0.0319763033826842	6.24202766990325	0.179071344817389	0.672505219113187	0.81298870812696
TMED7	0.112220040525311	6.29006258367129	2.70974029220114	0.100886298480767	0.25716418233688
TMED8	0.121695604896872	4.84217632181164	2.74389098354016	0.0987740082033297	0.254075218099526
TMX1	-0.024466454475941	6.01111338141488	0.108804557587575	0.741761857899276	0.859064519260128
TMX2	-0.0473315200133157	6.46575843198301	0.465171963353872	0.495794134882025	0.684980955633813
TMX3	0.0471430935235288	5.56630801551892	0.516314014920637	0.473031922377015	0.666466322144792
TMX4	0.105986840514486	5.59709212207331	1.44398700725795	0.230535156658949	0.432679074490069
TOR1A	0.116804426424306	5.6127979924109	3.45280851531822	0.064219224816399	0.19188372141643
TRAM1	-0.0471595375788123	7.8790099924077	0.317846572845215	0.573366820546723	0.742296700566261
TRAPPC1	-0.126723878781022	6.79525089392102	2.51864988349633	0.113662759676237	0.277769431929067
TRAPPC2	-0.154898895534478	4.16052962490876	5.76442638331455	0.0170221366253572	0.0815986884210122
TRAPPC3	0.0376608238324383	6.11035446291014	0.588582651871306	0.443629759803863	0.641327811762251
TRAPPC4	-0.109304158939621	5.48211656337222	2.99457301454323	0.0846723508326473	0.230656424015506
TRAPPC5	0.0752398574611118	0.376489863818403	0.493627962804713	0.482911195518566	0.673773794101355
TRAPPC6A	-0.106470497813467	4.98603378709448	0.708703340181197	0.400610406465711	0.602932304075207
TRAPPC6B	0.0647409369692851	4.97500150932076	1.53810833751638	0.21596296201075	0.41561217509263
TRAPPC9	-0.076972135155487	5.47397386865646	1.06766305610987	0.302387075689378	0.511995440057055
TUSC3	-0.0868499812235728	6.77387683496448	0.388062101405893	0.533839104224305	0.713368054473532
TXNDC12	-0.0325270876620965	6.72291123237641	0.378181362905841	0.53908966921868	0.717445206547249
TXNDC5	0.279390722840394	2.65601155768097	4.38666847712987	0.0371416268039934	0.134741126503423
UBA1	-0.00133800475147896	8.78691820165256	0.00056712129723683	0.981018099162403	0.990980333289889
UBA5	0.0151453856653052	5.21896063362283	0.0838684970917844	0.77234133128506	0.878121987865627
UBA7	-0.343937717271595	6.33910786172045	8.17102958274655	0.00458408531994035	0.0331235263460784
UBE2D1	-0.0239802335432265	4.91150894771393	0.137069091447338	0.711498957147845	0.840013263067379
UBE2D2	0.0297662926274637	6.53917175177462	0.398697344576363	0.528290352987198	0.709352813940018
UBE2D3	-0.114439780306338	7.95074890723757	4.39698773980073	0.0369211896603748	0.134445241947953
UBE2D4	-0.0429824170585013	4.1856687525103	0.376702592119242	0.539883605064316	0.71826316565492
UBE2E1	-0.00871095427369802	6.40063853960306	0.0226283756420039	0.880538421178882	0.937145121064112
UBE2E2	0.479995330402218	4.04814934696206	6.31596577404103	0.0125410608843478	0.0663439416546426
UBE2E3	0.0246818810267384	6.12526236490827	0.160150639236244	0.689330384276758	0.82561317187295
UBE2G1	0.10882792129379	5.68398241672814	2.24471389055658	0.135225441346486	0.309517363496291
UBE2G2	-0.00499995768245738	6.36870756361828	0.00805774178274066	0.928539748299068	0.963516388470807
UBE2J1	0.132222120437623	6.0257920804576	4.73044198766106	0.0304904459635356	0.118612852361018
UBE2J2	-0.0803736823034192	6.10684891412154	1.93034961204501	0.165850727871712	0.352817430385453
UBE4B	0.00562314938824276	6.0598632856842	0.00705953957513704	0.933101173571066	0.966473754773781
UBQLN1	0.136610846841909	6.99696074973231	3.35099534693616	0.0682529025092382	0.199795753493566
UBQLN2	-0.108481742059267	6.25452007328144	2.20625973820259	0.138603738815696	0.314488170772667
UBQLN3	0	NA	NA	1	1
UBQLN4	0.0995006284138213	6.11790061492828	2.11284402042803	0.147214577433963	0.32662581678844
UBQLNL	0.0115698826431502	-0.625262616895423	0.00463252840783304	0.94578549066239	0.973757673714494
UBXN2A	0.0115876208603071	4.88407653819543	0.0350912131231211	0.851543605043117	0.922758994218142
UBXN6	-0.113690568488417	7.20077263942025	3.32362813933799	0.069383000497135	0.20181485044527
UFD1L	-0.027325217234514	6.27716655284087	0.170867804501624	0.679665757451434	0.818339224889875
UGCG	0.0417787579901465	6.254081656673	0.175149698584384	0.675903657733906	0.815206535460981
UGGT1	0.207966060597225	6.56680427640928	7.92108050965129	0.00524123584482721	0.0362415188309622
UGGT2	-0.0997357702205291	4.89942434187816	1.36644664230447	0.243441574001765	0.446433988765641
USE1	-0.102947513921901	4.70378607485209	1.74334761281166	0.187819549830816	0.380967026157798
USO1	-0.0264334934270155	6.55072703816746	0.161805922476735	0.687813579544881	0.824241088838635
USP6	0.120158362963736	-0.277745061502451	0.797942064550737	0.372495016819611	0.576492852842203
USP6NL	-0.0101323631516156	5.20394013840845	0.0144995860015202	0.904243468767711	0.950776815104606
VAMP1	-0.0225808707402891	2.94296940815002	0.0468165507177354	0.828859676832672	0.910443742467207
VAMP2	0.097791632495119	5.66010112561283	1.70139210103814	0.193203060680842	0.387817755098887
VAMP3	0.0363325317563845	6.8807105575132	0.401756566681975	0.526713433480832	0.708112954811884
VAMP4	0.0695093672162393	4.30136247519756	1.13415013488742	0.287831497898008	0.496151801955782
VAMP5	0.267928391398266	5.20644378723336	2.73400333353117	0.0993805422275246	0.255101821147169
VAMP7	0.173479281990647	5.5952645601331	4.90797171850075	0.0275571403691593	0.111592004885866
VAMP8	-0.128050382275624	7.5403281548714	2.03189386938213	0.155169278968569	0.337834683883992
VCP	0.0624279531234253	8.81477539503525	0.997750524517414	0.318738707311498	0.526654577344178
VPS45	-0.061672080594071	5.77433374730394	1.03218982924937	0.310543164567475	0.519787793154681
VTI1A	0.086101801979945	4.4239113973568	2.60083660153163	0.10796104214282	0.269042410733456
VTI1B	0.0122593575305759	6.30853444103054	0.0555985363196322	0.813769518674566	0.902196616041947
WAS	0.240935194815973	3.67590886194692	1.44151887418562	0.230932967507791	0.432906153013683
WDR38	0	NA	NA	1	1
WFS1	-0.0282736197375254	6.20110357176236	0.0831724047957105	0.773261960048346	0.878873799283439
YKT6	0.105800339519783	7.0656997706879	2.21711053812933	0.137640939814856	0.312827312066632
YOD1	-0.0734060310925508	4.43316625728531	0.717365103724087	0.397750381037056	0.599852951516052
YWHAQ	0.0298013126225668	8.28470060331621	0.11130355229819	0.738920654952063	0.857322461146362
