pspGenes	logFC	logCPM	F	PValue	FDR
A3GALT2	0	NA	NA	1	1
ABO	-0.715278050765452	1.00487728901173	9.36419826095824	0.00246936690182972	0.0197964088257099
ACAP1	0.0597134103319696	3.89183870032604	0.0971292325283597	0.755578331577163	0.862608763670937
ACAP2	-0.174838576881382	5.60807617189078	5.23022409056974	0.0230869146353627	0.0927092873857869
ACAP3	0.101187908902244	6.14679588849204	1.13570008371919	0.28765551366784	0.489639703176613
AGAP1	-0.133741092091228	5.43665268810246	1.42815817183598	0.233268889108284	0.429657537268054
AGAP2	-1.56204382950931	4.30101441519771	43.5367012250044	2.72735519819183e-10	6.58645490848763e-08
AGAP3	-9.54425434537402e-05	6.84366807902852	1.0272480860813e-06	0.999192177335655	0.99948004578794
AGR2	3.71111881160467	3.09336993113196	41.5220709740207	6.52385279576161e-10	1.45898333481384e-07
AGR3	0	NA	NA	1	1
AKAP10	0.223692769753997	5.20705721534761	4.6071249178619	0.0328628576542365	0.117690458876893
ALG1	-0.0454103828414802	4.3694283651925	0.410607993980173	0.522284912675369	0.701250139507033
ALG10B	-0.527078533667329	3.53289968471571	22.7059452344912	3.30629990683449e-06	0.000150770144558514
ALG11	-0.34007988696664	2.16771789171921	13.8162092154603	0.000251992572026182	0.00394444367024155
ALG12	-0.0707720295632996	3.79683824794668	0.59605851200256	0.440860892264718	0.635690234203767
ALG13	0.0157730813117061	4.73665216028021	0.0525875611819774	0.818819670899583	0.902354933718812
ALG14	-0.128806216631704	3.27054194240681	1.89835331793488	0.169572250830076	0.348317227255378
ALG1L	-0.0509272287873541	-1.21523379401725	0.0487535376871302	0.825438136129757	0.906136673616526
ALG1L2	0.149755963081656	-1.45612881765049	1.099745980312	0.295398261667746	0.498300931902489
ALG2	-0.0612668551106563	4.98741654151051	0.618375944528628	0.43244300398193	0.628950720270002
ALG3	0.146786049410278	5.59133917613589	1.8825925120535	0.171346998088133	0.350507929110794
ALG5	-0.247432176139734	4.75073128235106	9.35508269788117	0.00248120022625177	0.0198326202115075
ALG6	0.0464864404001065	3.69311876476112	0.343031075732606	0.558646393651923	0.729976658835823
ALG8	-0.0592650286816908	4.80546759490785	0.407460107406573	0.523882512746503	0.702203803965814
ALG9	0.102626029702025	3.1712514508686	1.13445994240768	0.287918222294048	0.489848507406113
AMFR	-0.102073422635573	6.62716394066504	2.38545067498374	0.123813978989383	0.283023173234667
ANKFY1	-0.36488134954718	6.0261074427842	14.5640859177036	0.000173242730321005	0.00301459235018991
AP1B1	0.00858696172637824	7.15583338115828	0.00796196308831858	0.928975190798785	0.96244228776167
AP1G1	-0.171256131206986	5.88707376673484	7.07385271666956	0.00835947424042442	0.0456567595433105
AP1M1	-0.00141317724034867	6.82315912641735	0.000481019676815558	0.982520665449828	0.990958567820673
AP1S1	-0.0020477251690574	5.41348528120755	0.000431401966934675	0.983446564513765	0.991464304585094
AP1S2	0.00896355479052499	5.81407011011715	0.00409939003355278	0.949003525152411	0.973388133405336
AP3B1	-0.171648765713151	5.87486371446716	6.88007212427176	0.00928589177563497	0.0491336564076009
AP3B2	0.712742890792604	2.28768682864093	4.98600573310002	0.0264948314091521	0.101599239525633
AP3D1	-0.0160277985283227	7.57047197834003	0.0533704733328236	0.817499710995196	0.901651570017891
AP3M1	-0.319736802702421	5.19270648503499	21.9442729996451	4.74918246455914e-06	0.000200476533674623
AP3M2	-0.0440506108661071	4.90176920527147	0.280814078079573	0.596668019318725	0.757528391237966
AP3S1	-0.202452731028857	6.11587117925377	5.78439484193303	0.0169426989704282	0.0746058318134605
AP3S2	0.0240975499545006	4.85993883418638	0.107940592513578	0.742793357139473	0.854539591407322
APPL1	-0.114436887275853	5.83015514642427	2.77094139378224	0.0973212643616269	0.241687846356777
APPL2	-0.389773839650379	5.45583755192508	18.9207928090462	2.03116403436806e-05	0.000616149066817972
ARAP1	-0.214626483576756	7.20019615015422	6.3014324237655	0.0127366905133706	0.0609493985823074
ARAP2	-0.418406954638025	2.98174743838895	4.26166973403764	0.0400783479266111	0.134224475085745
ARAP3	-0.163742211386172	4.924375308439	1.55440585623836	0.213726381050487	0.405245420983434
ARF1	-0.0556871630029697	8.78332209795853	0.920106198245469	0.338432102201124	0.542058640188346
ARF3	-0.169596214946987	7.2117360884527	6.51910447203953	0.0113047646426923	0.0560889219539008
ARF4	0.0776422060729252	8.19539365619004	0.555162978937737	0.456959637988761	0.649594638206637
ARF5	-0.0553384286837651	7.21026881123986	0.485122261972962	0.486799023161042	0.674629813462828
ARF6	-0.0655746740106961	7.0403375236983	0.663541588869414	0.416136414899215	0.615841783225929
ARFGAP1	0.0489693173210706	7.2028497214936	0.201671771686315	0.653788321127213	0.795853100975092
ARFGAP2	0.00273599514345095	6.51821832365815	0.00209471955232311	0.963533915215468	0.980844781047996
ARFGAP3	-0.00278557571555767	6.1421854702482	0.00105195868763772	0.974153525165689	0.986637859223025
ARFGEF1	-0.175868615982893	5.59080126844478	4.56027964251369	0.0337552721831027	0.119900492748747
ARFGEF2	0.0113638404121253	5.53087059079013	0.0147270469633194	0.903513436793436	0.950217371649891
ARFIP1	-0.179685969911294	5.10544229453252	6.45528609871232	0.0117064467135329	0.0575521334920226
ARFIP2	0.105710762381502	5.58792093497692	1.88740179938869	0.170803184137916	0.350031637448554
ARHGAP1	0.103550386196608	7.93138661807015	0.916641381126411	0.339341469099382	0.543060015484715
ARHGAP24	-0.271575514024309	4.67653374046144	3.24647488362005	0.0728577576102473	0.19979334470162
ARHGAP5	-0.161217024715663	6.10083105520002	2.4976888106447	0.115357365887938	0.270278473409632
ARHGDIA	-0.156326242376553	8.14083954541178	3.90660869740773	0.0492649295091157	0.154352125335043
ARHGEF1	0.0437969922123122	6.96514507881404	0.286268032447719	0.593127529253455	0.754778052910481
ARHGEF11	-0.197365676317568	6.29230223956139	5.87473175296143	0.0161151565632211	0.0718652569520647
ARHGEF2	0.0708737032912092	7.53514307126082	0.785963183820028	0.376229146704238	0.578987564804285
ARHGEF6	-0.00575481638462224	5.67530650470241	0.00277554709795128	0.958028835234262	0.978081791767988
ARHGEF7	-0.0135805091178082	5.82500928892951	0.0238482860748446	0.877403998258994	0.936429614926368
ASAP1	-0.103297183650359	6.38599537847885	1.07692510256778	0.300452149561998	0.50355617380948
ASAP2	-0.294875530662322	4.15736282711134	3.13976942699411	0.077699304127811	0.207996278030669
ASAP3	-0.225496972108756	6.01541212766869	1.6962124430064	0.194057926220569	0.379592977110711
ATF4	0.100403101730758	8.40108494782933	1.58989575860289	0.208590356834362	0.39867137752268
ATF6	-0.00145122909317457	6.16812703335613	0.000402483383942005	0.984010931615505	0.991747905092585
ATF6B	-0.219815433460597	6.4565646812284	9.19636632249605	0.00269679462438579	0.0209582316428237
ATXN3	0.0564334490060329	4.66512479292723	0.759226746306125	0.38445914786535	0.586296714285483
ATXN3L	0	NA	NA	1	1
B3GNTL1	-0.289790201044656	2.68541268633272	7.47251082020782	0.00674112999555197	0.039536729772002
B4GALNT1	-1.52763231060211	6.1607746760667	22.5114125806796	3.6261692682892e-06	0.000161172101289568
B4GALNT2	0	NA	NA	1	1
B4GALT1	-0.0235803298641983	7.68703481321511	0.0340482212525843	0.853763284642982	0.921582119115007
B4GALT3	-0.154137080979923	5.40732468795615	2.86975215733385	0.091582518802984	0.231873745667389
BAG1	0.159805522865277	5.95829427963949	2.8293868495653	0.0938808333185688	0.235931007534125
BAG2	0.301038226123872	5.55313960410891	3.36882202166339	0.067703893041828	0.190735893798621
BAK1	0.179563520013358	4.59248421522529	4.44980512163067	0.0359623668334025	0.124848481682242
BAX	-0.203993497356554	6.26075165795817	4.5841992429034	0.0332964556327813	0.118858565174449
BCAP31	0.218948351135178	7.91450217857662	4.44618044251017	0.036037307575482	0.124888935023373
BCL2	-0.24128217516859	5.17617591148144	2.22318602302582	0.137292178943548	0.303869886897374
BET1	0.168423780144353	4.70805439245911	3.90651722417097	0.0492675654551489	0.154352125335043
BET1L	-0.0958967012684462	6.27964286950173	1.43993654418101	0.231356921678127	0.427160402615599
BNIP1	0.103261340003647	3.72284492669211	1.51248699673798	0.219988741215013	0.413095428121661
CALR	0.0410393086222056	10.0663156572402	0.170010959334279	0.680477636647077	0.81375509856049
CANX	-0.063787688398872	9.26545796829515	0.586212241199821	0.444655221242494	0.639323032689947
CAPN1	-0.114310871934724	7.1299025752697	3.00395460741952	0.0843721674428891	0.219296699305689
CAPN2	0.0138119802098903	8.10048039069697	0.0192538071458382	0.889760046482056	0.943177039898805
CKAP4	-0.358589546855155	7.97634654601232	7.5344018025523	0.00652045995060316	0.0386556991205809
CLTA	0.166816131969045	7.34384977456276	2.58017287415016	0.109551550195793	0.261328922449263
CLTB	-0.0710619997920889	6.58370404952897	0.489573814030801	0.484808919916837	0.673276592669984
CLTC	-0.196040309908679	8.72485304512517	7.62335020228974	0.00621625251839205	0.0374007041905088
COG4	-0.139930974162099	6.08507201423812	4.03215738915718	0.0457844734936135	0.146883903999325
COG6	-0.316767918719916	4.44104871058617	10.5853273888323	0.00130734006383606	0.0127176783072474
COPA	-0.0653884903253898	8.16636277257751	0.612349309113068	0.434691761445909	0.630607003749477
COPB1	-0.0915689576101658	7.05331759869233	1.22197830603762	0.270102239213934	0.470976217050042
COPB2	0.014545472672676	7.33253711741644	0.0403913079909798	0.840891117606016	0.914780225331902
COPE	0.0564753185089382	7.40652005282335	0.379426942755264	0.538505741995613	0.713684762844016
COPZ1	-0.343491634549806	7.30126180349097	12.464141487797	0.000498993816815086	0.00639235101589685
COPZ2	-0.235065038707263	5.98005367087637	2.28404763697479	0.132052731545122	0.295760976192368
CRYAA	0	NA	NA	1	1
CRYAB	0.722488808041671	7.4300408707556	6.97458640776855	0.0088214954534332	0.0473679380388436
CTBP1	-0.106951666604024	7.33539566971204	2.85314022976195	0.0925208292566751	0.233583358219847
CTSA	0.266873421607557	8.0509526484361	5.48948607519041	0.0199655656485632	0.0838091296054503
CUL1	0.160879327335698	6.33549652220355	5.62134267882564	0.0185500388968838	0.0796647431440842
CYTH1	-0.288409400379391	5.95174499275509	7.82406536056927	0.00558224201803291	0.0347497458404169
CYTH2	-0.010548270666562	6.19552847554721	0.0263601490558281	0.871163271612201	0.932556656138405
CYTH3	-0.246522310237842	6.21751287025722	5.40098865784092	0.0209783405798404	0.0867781730951211
CYTH4	-0.079698540439497	5.42385408838311	0.13377612948193	0.714877245206791	0.836280225244809
DAD1	0.02973364027122	7.16628798560264	0.111377677599399	0.738878437642674	0.851760392417433
DDIT3	-0.33612635107971	5.82803754528023	3.14748749927089	0.077337685715536	0.20737153432551
DDOST	-0.0228205549536583	8.11450922891521	0.0622187536922214	0.803240569488	0.89419129461833
DERL1	0.0347975209700524	6.45235372181017	0.270327021830459	0.603601491781383	0.762258299837445
DERL2	-0.0676395692014686	5.49962173838235	0.628988966400537	0.428525719709461	0.626153310609043
DERL3	0.118558572756275	3.17080607785912	0.199195870907645	0.655781326474064	0.7975144651821
DNAJA1	0.0793588469589636	7.48795703126016	0.83732999286709	0.361098692946295	0.56472375562543
DNAJA2	-0.158776554565526	5.99676003328232	3.91447496568755	0.0490388104609623	0.153909279507539
DNAJB1	0.266269461178885	7.58571226275697	3.51890950302614	0.0619110135192627	0.180112555521996
DNAJB11	0.0752327164913149	6.36904258055975	0.817992429967946	0.366693246394525	0.569838284392929
DNAJB12	-0.380696744055788	5.68545678266318	22.9429515031294	2.95486446744833e-06	0.000138964565625724
DNAJB2	-0.0747263966331155	6.74579121084107	0.664353299130221	0.415851838230273	0.615679790356841
DNAJB9	-0.17928426669038	5.06063678851395	3.27444196402419	0.0716434289261215	0.197649365207996
DNAJC1	0.0975913518434127	5.57717587070349	0.914527469279297	0.339897900879166	0.543660783099887
DNAJC10	-0.348733050947892	6.60881356776226	22.5248984961751	3.60301744439999e-06	0.000161154537693993
DNAJC3	-0.065810001169135	6.16492600671776	0.648275871241661	0.421542966264154	0.620131297187197
DNAJC5	-0.0117539016848353	6.47047375946442	0.0229316460340674	0.879764765878925	0.937455017797231
DNAJC5B	-0.0875226890726236	-0.682547189781862	0.0949919509956108	0.758197123631253	0.86431891936837
DNAJC5G	0	NA	NA	1	1
DNAJC6	-0.440100448383422	1.54106466625148	2.50678600202534	0.114700600261421	0.269111162800848
DNMBP	-0.485744965477426	4.82773696344999	16.7425533275896	5.88485856565338e-05	0.00136919892149818
DOCK5	0.0741605369408613	4.50403328032046	0.214433356308826	0.643742732796187	0.789266285363434
DOLK	-0.270788821745871	4.5544935174493	13.5130047386926	0.000293519403485333	0.00437319820916306
DOLPP1	-0.220998709678997	4.30369136792654	4.68131878667915	0.0314998448243141	0.114506266279912
DPAGT1	0.00662202944807876	5.10559602156543	0.00746267470976819	0.931232457146181	0.96326175830965
DPM1	0.203544515156195	5.18877451292143	8.94189112063257	0.00308327560184778	0.0229114951226738
DPM2	-0.00298199367011426	6.13029861281785	0.000590576863869546	0.980632492842993	0.990051688816896
DPM3	0.283401265542933	4.77800320628105	5.80267476446678	0.0167717511531614	0.0740394272872237
DPP6	-0.454274959132643	3.12227176850202	0.778325376918068	0.378554539385617	0.580926962134235
EDEM1	0.0106610967833536	5.96689198410546	0.0102984299660449	0.919254955338149	0.957942679379297
EDEM2	0.153382905009498	5.13083394862694	1.96346478407575	0.162461357271403	0.338815739341213
EDEM3	-0.34716827064553	5.56710375137398	12.3864486757432	0.000519096913864382	0.00656651555553536
EEA1	-0.255558179113934	5.60480000187451	5.60483559681592	0.0187213747562484	0.0801875998626436
EIF2AK1	0.046225905668093	7.15845127133819	0.38623461667084	0.534887203983144	0.710726174207297
EIF2AK2	-0.0799304121547605	6.09713904645098	1.25386157761773	0.26395839456166	0.464501370372947
EIF2AK3	-0.648635300162282	4.52600719424792	33.2015726000416	2.59032384072053e-08	3.0252104322015e-06
EIF2AK4	-0.283103296457639	6.08044822270505	12.8706524122817	0.000406006562998099	0.00551361109001681
EIF2S1	0.0739137108638546	6.20049562737057	0.945380023442969	0.331896945760449	0.535508296398508
ERLEC1	-0.262703172694368	6.17605460251325	13.9169428464021	0.000239559461384814	0.00380939409775458
ERN1	-0.160094715077843	4.38003504187061	1.72217097308546	0.190693070956925	0.375140346028119
ERO1A	-0.00543736823758697	6.1197198937549	0.00185204107319429	0.965709869598634	0.98160601359775
ERO1B	-0.0561577101631512	3.21260074146931	0.240809900218019	0.624079295130806	0.776617234490014
ERP27	-0.102446839177637	0.0767842878407862	0.234692676917182	0.62851672568151	0.77940101981202
ERP29	-0.185529242499296	7.30419766467402	3.03402995252682	0.08284258639057	0.21698440706486
ERP44	-0.0548113067005883	6.42837813319147	0.539581350317311	0.463337998096236	0.654424707585244
EVI5	-0.331293697291357	4.67499525326628	13.3731561043626	0.000314954680566624	0.00461020430526002
EVI5L	-0.0090595450347843	5.50051596289145	0.0120850387043388	0.91255706598692	0.955034332711557
EXOC1	-0.1835881356436	5.42036024881695	6.50732974516544	0.011377789801871	0.0564112965129559
EXOC2	-0.288336462747703	4.93880892625608	12.0896300543609	0.000603795832638973	0.00732429082154443
EXOC3	0.176339095635024	6.17787646065286	5.34727784428948	0.0216189943560426	0.0885685845244983
EXOC5	-0.093511959479306	5.91501542007183	1.23831805999217	0.266931497339492	0.467550898405516
EXOC6	0.102993334001898	3.62171891340383	0.915259759537184	0.339705005354876	0.543476303087534
EXOC6B	-0.0339065303895928	5.34403882932156	0.070947963047101	0.790194878320378	0.884636555142275
EXOC7	-0.166774759831302	6.15033439642428	5.0903899404972	0.0249779957547046	0.0979823524454938
FAM71B	0	NA	NA	1	1
FBXO2	-2.12960560439685	3.27709760952389	24.3022510422018	1.55535952484586e-06	8.51478331544525e-05
FBXO6	0.021660507148512	3.63663905973541	0.0250014980618883	0.874498999484977	0.934987181729895
FBXO8	-0.0600395090084941	4.32577649115014	0.650132404438654	0.420879859497906	0.619762987276897
FUT8	-0.0604614165823552	5.53108881653427	0.219855688385081	0.639584211071302	0.787013538114078
GALNT1	-0.439991545811022	6.72491327566811	17.9968783654993	3.18354444890441e-05	0.000864657253292873
GALNT10	-0.547545713177469	6.86095108058926	12.6029708920187	0.000465021446563018	0.00608318658969992
GALNT11	-0.458284607366727	5.69416429265311	25.8989350038105	7.36184092800592e-07	4.74725828185707e-05
GALNT12	-0.120859584405108	4.54684858233564	0.299010705470183	0.58502169383923	0.74930095935678
GALNT13	0.00536942032232582	3.50212548074544	0.000244079454636737	0.987548367104403	0.994074017107296
GALNT14	-0.995337592087592	3.02218232813239	7.8152399832895	0.00560867139198076	0.0348356782238829
GALNT15	0.302322959824517	5.9981979042559	1.2560162250114	0.263549533439451	0.464091849160759
GALNT16	-0.217397395930618	5.31284321405939	0.850324710319713	0.357405434082959	0.561244269462312
GALNT18	-0.478366504767323	4.59703629916445	10.4358690018119	0.00141252571155327	0.0134259181631962
GALNT2	-0.286645117336817	6.98009060017062	7.33935969584308	0.00724231130335714	0.0415183714805491
GALNT3	0.927397562157955	0.912966033997624	14.7493044175841	0.000157941781847178	0.00282334365475458
GALNT5	-1.39284308402265	3.88189317997662	13.9184880495087	0.000239373675432806	0.00380939409775458
GALNT6	-0.162430730453277	3.25975283399003	0.597557487952981	0.440287641625681	0.63521562022202
GALNT7	-0.158803007127857	4.41663691508285	1.19914141605562	0.274613449047312	0.475503475494116
GALNT8	-1.27932202030891	2.51330822744173	12.3432954983345	0.000530616840113378	0.00665153679956078
GALNT9	-3.59547854347683	2.32766243292262	45.0285893673188	1.43631831695504e-10	3.72768934062084e-08
GALNTL5	0	NA	NA	1	1
GALNTL6	-0.918666772711876	-0.342769126081625	9.35726324051169	0.00247836429875484	0.0198180007031902
GANAB	-0.0364617047128941	9.01125566939167	0.270544117579637	0.603456237906221	0.762187997672709
GBF1	-0.315823058815426	6.63474000491555	21.2954831568937	6.47315108424545e-06	0.000258704528693931
GBGT1	-0.249665782668277	3.59984371329357	2.00276470835227	0.158335257254854	0.333085537677528
GGA1	0.11438260040152	5.91322091956668	3.23839886748075	0.0732125384489744	0.200454022725999
GGA2	0.0305720465213335	6.51585377776623	0.217854296527565	0.64111177725817	0.788016826376732
GGA3	-0.203331327134057	5.45143564462877	7.15832894583591	0.00798596016650938	0.044234904297483
GIT1	-0.157595190394046	6.50767293315174	4.81300374000372	0.0292248512634391	0.108747400243371
GIT2	-0.312952606533534	4.96899249330664	12.4374426723579	0.000505811265054145	0.00645159435839512
GLT1D1	-0.308894826098847	0.396350111632863	1.10931368910373	0.293312002332517	0.495818986252345
GLT6D1	0	NA	NA	1	1
GLT8D1	-0.331868076627915	6.23272637720499	14.8739489329768	0.000148423890709083	0.00269149687357221
GLT8D2	-1.15814807501739	5.24558057919968	26.7434593581587	4.9686460628285e-07	3.42461893550101e-05
GMCL1	-0.169678250820641	4.29001465027398	4.9191853619218	0.0275161705506258	0.104299483828932
GOLGA4	-0.0393209875968185	6.59901134410273	0.202710781623981	0.652956338345427	0.79522902176569
GOSR1	-0.0163892738343065	5.40519707947205	0.0844988510622954	0.771546976766898	0.873093639747738
GOSR2	0.0665334786128788	4.64763988689996	0.979211845513088	0.323410378764005	0.527074423007745
GPAA1	0.0955360344374644	7.13029505811473	1.09884927316587	0.29559476755194	0.49843532553757
GPLD1	-0.581788598692734	-0.195670433657038	5.54525314306659	0.019353637937282	0.0819935866016812
GXYLT1	-0.679335033764239	4.70525015181404	32.5608699054129	3.45863764171811e-08	3.84695664043376e-06
GXYLT2	-0.447817054017082	5.21386372727269	6.80899545740764	0.00965169562993939	0.0503843917389088
HAS1	-0.31754907950054	3.97775449986565	0.506640903416604	0.477302007628987	0.666877761822182
HAS2	-0.0458030562516354	4.82236552368339	0.0259891157015235	0.872065291841947	0.933287001226972
HAS3	0.138618880431197	2.97042785930356	0.250793666716643	0.616985106223038	0.771481203798441
HERPUD1	-0.130742313405948	6.64813808414803	1.58255225519955	0.209640921757129	0.400097272553641
HSP90AA1	0.100897206535057	9.74003947051612	1.35984841426027	0.244744866350072	0.442887714591651
HSP90AB1	-0.340065964840383	10.0506823483828	9.88880540109561	0.00187702396426195	0.0164411657402978
HSP90B1	-0.189527847820147	9.9816361263791	3.11986371466484	0.0786404367935109	0.20998085383884
HSPA1B	1.09118308971658	6.71650678465464	32.8094720605911	3.09133512980399e-08	3.5350182705116e-06
HSPA1L	-0.239976714260545	1.74448455408396	6.17639029623749	0.0136429564051409	0.0637902898678723
HSPA2	0.298984465176741	5.97786642833927	1.09532789892658	0.296368077639299	0.499310438042094
HSPA4L	0.212399198658165	3.85249039404305	0.98708522690321	0.321476839243542	0.524949277270734
HSPA5	-0.00294698734241757	9.51294159440241	0.0010696185807413	0.973937554621911	0.986606771044163
HSPA6	0.945861506482272	3.63660018755641	12.3462099827605	0.000529830678947024	0.0066471038640692
HSPA8	0.057685573921666	9.70780987158419	0.408567650168938	0.523319429105223	0.702011424838874
HSPBP1	0.0363221664079676	5.52121964222565	0.151731399910164	0.697238702463603	0.82539430133967
HSPH1	-0.202745270359281	6.65095761394791	2.62604677788352	0.106463063208358	0.256511921463164
HYOU1	0.157268422654554	7.05993473268082	2.48633652592099	0.116182799707497	0.271316909070319
IFT27	-0.118692169808835	4.82584124635558	1.36322603259917	0.244161435397321	0.442356566647383
INPP5B	0.272228396717442	4.72509070535148	11.7954761507218	0.000701643426253485	0.00817171640260431
INPP5E	-0.118805377999405	4.48517484590161	2.42946103298411	0.120418365203156	0.277965836532421
IQSEC1	-0.364684081208502	6.553432857361	13.5516493681674	0.000287861840828834	0.00431873630658587
IQSEC2	0.173427553271212	4.89302374743607	3.03376210491076	0.0828560748840364	0.216992700412634
IQSEC3	0.306161276445838	3.68746744132266	0.827781467355605	0.363846245660263	0.567361548298094
JUN	-0.386339021739683	8.7022993986086	6.53094402509515	0.011231825886585	0.0558324530120097
KDELR1	-0.0876660910577084	7.82808223803177	0.990625070390315	0.320612511553656	0.523977005199484
KDELR2	-0.0369426378099749	8.73539590108572	0.110849484500256	0.739475655867312	0.852308637405704
KDELR3	-0.102972395972513	5.97756321740517	0.286404109827076	0.593039749798001	0.754778052910481
KIF20A	0.275692571521187	5.5413719230549	2.60238744617671	0.108043754175533	0.258729882119438
KIF23	0.169601874831007	5.29370178749864	1.18433785200192	0.277588550207343	0.478864410237362
LARGE1	-0.0156784345988303	5.71084606639595	0.0100925950547645	0.920063204430218	0.958262419913398
LARGE2	-0.816808402140625	0.984562516890907	4.44729436346569	0.0360142596050355	0.124862056507292
LMAN1	-0.0769325145726342	7.27465702952252	0.666157479854569	0.415220347977991	0.614918080675825
LMAN1L	0	NA	NA	1	1
LMAN2	-0.171268829896602	7.57074976700695	3.70933868800161	0.0553142650996818	0.166826998612457
MAN1A1	-0.589161195966298	6.67681293142088	13.3021327440591	0.000326443246792151	0.00472412470620252
MAN1A2	-0.0799375614621693	5.79392236960229	0.898735042534685	0.344094140467793	0.547539703346752
MAN1B1	-0.0900586455601067	7.13493697371941	0.743766686988552	0.389335418123573	0.590861186817337
MAN1C1	0.167909191317807	5.92188113415341	0.849334445508843	0.357685039223238	0.561473633105653
MAN2A2	0.118167193268774	5.69626245937829	0.937925585301099	0.333806723725906	0.537311251620673
MAP2K7	-0.0616428676698594	5.83470499053284	0.861308305411587	0.354324253985143	0.558617404175467
MAP3K5	0.233569861221823	4.16472785451533	2.23119377836226	0.136589621084058	0.302888925572686
MARCH6	0.0142931289283303	6.8822929129745	0.0271801619016788	0.869192577725995	0.931481651334142
MCF2L	-0.900942466925855	5.26353516152312	15.3643313762801	0.000116291316352395	0.00224901200769093
MGAT1	-0.191437916423414	8.2070863265276	4.200252181092	0.0415274593256767	0.137305795839002
MGAT2	-0.432192374482953	2.31309563941967	8.19416029005715	0.00458163028610538	0.0303258916481446
MGAT3	-1.09029572935883	3.03707455421371	17.334738312493	4.40037425094504e-05	0.00111585847410575
MGAT4B	-0.0153318927945324	6.63543259492094	0.0342144251923316	0.853410856137229	0.921371557007166
MGAT4C	-0.0149517047011934	0.562096540633833	0.00135724504994318	0.970643185957099	0.984553006281792
MGAT5	-0.336493790378416	6.59399015019915	9.36059312102584	0.00247403998249285	0.0198180007031902
MICAL1	0.892674482624078	7.17697740779863	22.5380732609518	3.58054417731009e-06	0.000160490830907063
MICALCL	-0.295791209471026	-0.669871355409889	2.30837550017275	0.130021565164023	0.292708646699304
MICALL2	0.11228722098158	5.64152911730465	0.639903068267211	0.424553093668835	0.622642328387488
MOGS	-0.147903228659729	5.97775620832695	3.22084374565495	0.073990191064917	0.201661680512426
MON1A	-0.0187926657045353	4.02303335756432	0.060774200955045	0.805491466978574	0.895454342613621
MYO5B	-0.0887914492427804	3.09367152932151	0.093095813624133	0.760547593834396	0.865792659696169
NAPA	0.233163035107587	6.21846669923753	9.50743562083999	0.00229081899981173	0.0188189124712943
NAPB	0.00841233529074069	3.68386070174033	0.0108674078185575	0.917062287636063	0.957165315307834
NAPG	0.164466519976718	4.90397627024631	4.65947740042565	0.0318948103243694	0.115542426785955
NCKIPSD	0.351599392954115	5.02820738144867	14.0379832072769	0.000225440668340575	0.00365116620173773
NDE1	0.134223209547357	5.47089155581449	1.36156108900265	0.244448815078916	0.442616266455834
NET1	-0.711371778465423	5.94434471594339	19.3042412400228	1.68684320588107e-05	0.000536472282511828
NGLY1	0.0456541702145239	4.83985762774568	0.419347811655481	0.517894233816631	0.698298542960247
NPLOC4	-0.0303455174119349	7.05016014492234	0.257814256100142	0.612101602179697	0.768214918269946
NSF	-0.245627505323047	5.34403384812729	12.9588814132487	0.000388271674126796	0.00534528299508416
NSFL1C	0.20424521638539	6.4769631743715	9.64072547974813	0.00213652763040037	0.0179083268924548
OCRL	0.155456982357094	5.60044826148498	3.04556052183418	0.0822641764724751	0.216266077625135
OPTN	0.150209412481045	7.02271537329637	1.7501147633525	0.187147051500469	0.370706620093971
OS9	-2.01315596611212	9.84890216066289	83.8107940910028	2.71984756621656e-17	5.71766355370045e-14
OSGIN2	-0.0216749773030389	4.52939715724466	0.0359496072358606	0.849783122139164	0.919126404281205
P4HB	-0.0380181645784856	9.96612359569217	0.131649554396648	0.717053671236743	0.837625154297555
PAK1	0.0847059179758071	5.92225057212175	0.924988767366806	0.337156203055462	0.540915820142821
PARK2	0.199695534313535	2.34468791500333	1.48402610688055	0.224366259730992	0.418155706124023
PDIA2	-0.0150178552001088	-0.012816055532548	0.00191120424772679	0.965166823428894	0.981497658072363
PDIA3	-0.0380008032956233	8.92934772121823	0.214019665138176	0.644062617098058	0.789474305343171
PDIA4	-0.0440328908329113	7.86218449296201	0.141116912078676	0.707511746040197	0.831884577714873
PDIA5	-0.0575462052061746	5.5739350259585	0.185643865562172	0.66696179421207	0.804687261129829
PDIA6	0.178796803689521	7.35629914290879	2.8828401949588	0.0908505766583875	0.230548143712291
PDILT	0	NA	NA	1	1
PGAP1	-0.105883118572745	4.71501634155226	0.480547395437921	0.488858444381831	0.676415600460399
PICK1	0.124018131482732	4.33168643299187	1.31779970480172	0.2521535750833	0.45086097264618
PIGA	0.209026434226758	3.31275571362025	5.14459661880754	0.0242263981324322	0.0957842093120372
PIGB	-0.0777447333723245	2.67849203833226	0.776234577778091	0.379194642330398	0.581565198082394
PIGC	-0.37575484936347	5.41610989360691	14.8668250510935	0.000148951847322305	0.00269472094183261
PIGF	-0.234711656840894	2.92258043029904	6.84902455782654	0.00944388902716614	0.0496696109905146
PIGG	-0.146443561263969	5.11595360542965	5.56481372772445	0.0191436546332769	0.0814239158331139
PIGH	-0.23358074047974	3.49925903011645	9.57413165171459	0.00221223974566521	0.0183962436445309
PIGK	-0.0830718677960732	5.57485193371685	1.00348322335339	0.317498618844435	0.521075491088118
PIGL	-0.0553165469879235	3.27384802613284	0.230746996376802	0.631416966110778	0.781308344315779
PIGM	-0.0675496196982619	3.64293922169598	0.605622233494281	0.437223060875051	0.632391910727066
PIGN	-0.425891533190756	4.45880808186707	20.7892572506587	8.2490551131864e-06	0.000315293884708008
PIGO	-0.124935482318903	4.75453737749077	2.36812099053046	0.125180265494831	0.284921994503284
PIGP	0.118903071800805	3.94330596301548	1.95641144652668	0.163214867007167	0.339814096684627
PIGQ	-0.0490012189774958	5.70242091701475	0.284286511250678	0.594408801795273	0.755618421197329
PIGS	-0.0472194678404848	5.68987328751149	0.46930072003352	0.493983618507408	0.680595335447813
PIGT	0.250372025893336	7.9111029763907	6.20686525572653	0.0134161005946505	0.0631209647516207
PIGU	0.0195530912238815	5.0220545530208	0.0482939663087564	0.826249554768301	0.906687797689576
PIGV	0.0508707187618262	3.89979416724958	0.386612785609335	0.534687492067104	0.710686866740705
PIGX	0.176730667022519	4.82862795492198	5.05596401696819	0.0254679486629709	0.099035741175171
PIGZ	0.184249242864523	2.80869218641441	2.14083821351144	0.14475857577011	0.314482715437128
PIK3C3	-0.187966594310329	5.16660481707649	7.89159548010824	0.00538419791585599	0.0338780630311657
PIK3CA	-0.107094149829435	4.85235687356482	1.49982840891319	0.22192293400784	0.415198286085425
PLAA	0.10521090434207	5.09531844388886	1.40988204404317	0.236273772259117	0.433450208540002
PLIN3	0.0787054562778516	6.84995665205327	0.561627430887899	0.454354163610537	0.647523965928492
POMT1	-0.184927647254964	5.34409239700537	6.97652345656171	0.00881223231705298	0.0473423837896979
POMT2	-0.230721440196784	4.9145346872973	6.85814663163606	0.00939718220614283	0.049535497577115
PPIA	0.203418455877372	8.38726468637931	6.65093455845402	0.0105194833626155	0.05342036743163
PRKCSH	-0.113517070784908	8.85534847044473	2.17802612949174	0.141331397140855	0.309615322081602
PSD	-0.628385311331344	4.67281073201943	3.63884930051972	0.0576639972685183	0.17184754048466
PSD2	-0.848196242712547	0.501805272349686	8.92181546569115	0.00311608132203825	0.0230737095991152
PSD3	-0.0896254101833969	5.58869524814888	0.324911264149036	0.569215065697442	0.738402228210522
PSD4	-0.167892471633562	4.18087296304474	1.00327672688682	0.317548310812022	0.521116361427816
QSOX2	-0.474017922736518	5.02136525652532	18.8461424958912	2.10606682187298e-05	0.00063248195327734
RAB10	-0.086511087236146	6.92232276749624	1.86740136927632	0.173077935373524	0.352904399362
RAB11A	-0.0483034034846658	6.85508112576168	0.996641160949383	0.319150586436373	0.522400033330641
RAB11B	-0.136330317067536	7.27772326228067	4.07027261145392	0.0447802347389449	0.144581492041484
RAB11FIP1	0.0682564679911832	2.47919066180515	0.175501587466221	0.675650275656704	0.810769526795539
RAB11FIP2	-0.232281855628457	4.65831231831798	5.28704950662811	0.022361720969865	0.0906980702736834
RAB11FIP3	0.0338998079492343	6.1903407526341	0.177391463541614	0.674009256629863	0.809704702718611
RAB11FIP4	-0.331979441262116	2.8182449010922	2.06711994872668	0.151834637184707	0.324092045312547
RAB11FIP5	-0.345372801420267	5.9085572662656	8.81987635078866	0.00328826105070683	0.0239936910128285
RAB12	0.186598764681475	5.82456914004617	5.25302958001063	0.0227929704570785	0.091809508516709
RAB13	-0.0398559196852593	7.42787590193932	0.195588393738104	0.658711983253129	0.799535724303894
RAB14	-0.232399238401776	6.86733532720305	12.3457784332881	0.000529947011520311	0.0066471038640692
RAB15	-0.0794543187725789	4.94051742330593	0.17077260007581	0.679802594905348	0.813410058571672
RAB17	0.2801754961474	1.42649476415366	1.37613850825127	0.241946657594715	0.43964672733488
RAB18	-0.0189091705049245	6.0099513488588	0.0760520073414132	0.782962812104	0.880274614317718
RAB19	0	NA	NA	1	1
RAB1A	-0.251600331216307	7.18909942857403	12.6407487076481	0.000456190851890654	0.00600879955416374
RAB1B	-0.0367481700547909	7.4352881364946	0.366965837746824	0.54524694303125	0.718869695119846
RAB20	0.0958735026942089	4.66695130337034	0.270680748966444	0.603364858909286	0.762183219072128
RAB21	-0.344296275882662	6.1774371462808	11.3844487844685	0.000866079784326293	0.00945162983832181
RAB22A	-0.200623415401822	5.9626991089932	7.10834466143829	0.00820483858224157	0.0451419611474709
RAB23	0.369761746513259	6.36889647264361	2.66307477140449	0.10404017843464	0.252762259788036
RAB24	-0.0245045460920006	3.58937842320162	0.0942865286213896	0.75906854655545	0.864791837507515
RAB25	0	NA	NA	1	1
RAB26	0.0433998707540762	0.269658038421977	0.0238411628520365	0.877422163001712	0.936429614926368
RAB27A	0.444844192448434	5.2809538992748	13.2071754574437	0.00034247189786017	0.00488760640652851
RAB27B	0.208898333873804	2.99094129331154	0.488921167719414	0.485099845847409	0.673357744771959
RAB28	-0.0291510299210689	4.52205276836054	0.136590827021126	0.712026530468311	0.834302531826812
RAB29	0.103979782347329	4.79734282400611	1.14999895622974	0.284648453146102	0.486319653957802
RAB2A	-0.138344281741526	7.25047672124772	5.07799528973394	0.0251532520921037	0.0984493884714584
RAB2B	-0.0344424422384799	4.76415203819485	0.204439129251472	0.651578037565713	0.794205749621104
RAB30	0.0797541239932044	4.3391198444596	0.538033127490743	0.463979505661421	0.654879627233409
RAB31	-0.0645651761137249	7.3316314107706	0.227771100129968	0.633624642334703	0.782771758816947
RAB32	-0.396103916117996	6.30093489744585	5.23571428139013	0.0230157907473817	0.0924943515755034
RAB33A	0.698554101804624	2.29967593890645	8.76340056830151	0.00338781526976702	0.0244746293434802
RAB33B	-0.0933244859074169	4.03884438988451	0.973454876071083	0.324833937601984	0.52873860133712
RAB34	0.00618983823510089	7.02262718146799	0.00358348009233917	0.952316237535793	0.975287296450708
RAB35	-0.0410379871548334	6.12365478867939	0.504572527474605	0.478201572035263	0.667690850645942
RAB36	0.104956814385645	3.13107249348549	0.232913094540704	0.629821040244234	0.780390068844412
RAB37	-0.623135427523399	2.41454878390049	6.2777067819008	0.0129037258125285	0.0614800352293672
RAB38	0.245954476888925	1.47080876477888	1.05472791860691	0.30547575026454	0.50856982830927
RAB39A	-0.232284786259435	-0.691052813070348	1.23519631898692	0.267533654225458	0.468011357171306
RAB39B	0.174849964614392	1.21197339536987	0.598034806001033	0.440105342979283	0.635100937948049
RAB3A	0.119083224127739	2.41413116107403	0.823916116771196	0.364966740297092	0.568276432294755
RAB3B	0.642125935428982	3.10788689589711	2.92460739050728	0.0885571620183116	0.226645450452084
RAB3C	-0.320831589435544	1.14156274553805	0.736189025509361	0.391757911781698	0.593104711679263
RAB3D	0.373953493264575	4.0919169153081	6.70173039767881	0.0102321455925577	0.0522849209155925
RAB3IL1	-0.262719875980191	6.03456937062489	2.24848437910471	0.135086403765233	0.300729257646165
RAB3IP	-1.51971291875143	3.97486161783321	35.8452113531985	7.92690500920663e-09	1.08207400716586e-06
RAB40A	1.04519940944423	0.467984121056479	23.4519972918261	2.32234285546581e-06	0.000116516208848693
RAB40B	-0.802536048568446	4.00149781331821	56.3105300647374	1.26808281723156e-12	6.19945046135858e-10
RAB40C	0.0288773445102419	4.84550066844483	0.165679089697045	0.684351022248862	0.816575501743421
RAB41	0.231366081018866	-0.288740298259548	4.43847567865659	0.0361971518935019	0.125174621994604
RAB42	0.0641110944968775	3.31963998757422	0.212737915956927	0.645056112612184	0.790093200450582
RAB43	0.0440921011431851	0.796188763969824	0.146249885403683	0.702490520608807	0.829010987857212
RAB44	-1.35335920168239	-0.679643150306109	17.1112799614285	4.90986556590432e-05	0.0012043779921405
RAB4A	-0.199272955711341	4.91357397439541	5.28046776850579	0.0224444842818731	0.0908471669748679
RAB4B	0.0631183296522426	3.83013466693036	0.256679961451747	0.612884909241801	0.768586918795777
RAB5A	-0.109171641056926	5.8166994092629	3.01647308612563	0.0837318001209316	0.218171777657688
RAB5B	-0.225673878903125	7.49081639129664	7.94759438413744	0.00522545156334407	0.0332231358170977
RAB5C	-0.125353835037516	6.75083187450026	3.87381498819056	0.0502196133687039	0.156286707955129
RAB6A	-0.103066171927257	7.01426945893736	3.16883381992075	0.0763469917769001	0.205711027893548
RAB6B	-0.685060299843335	4.06277220820143	15.7152146469342	9.77155855922888e-05	0.00197517023107798
RAB6C	0	NA	NA	1	1
RAB7A	-0.0800313539995993	7.96159984036566	1.50095221091361	0.221750396116821	0.414994821255926
RAB8A	-0.0277588154491386	5.40617483570121	0.21191051513848	0.645699368993957	0.790328508587538
RAB8B	-0.253723409836166	5.74524827630148	5.46222666037815	0.0202719804131933	0.0847568759439439
RAB9A	0.211391605413346	4.91061650440062	5.45645669167781	0.0203374647541654	0.0849124496647598
RAB9B	1.07902288684519	4.19295044800493	14.7713562360911	0.00015621388029245	0.00280677623205802
RABEP1	-0.150381722855379	6.14630161963036	3.85447288569512	0.0507919081641247	0.157415228280441
RABGAP1	0.194958072926976	6.58354560698504	2.28083073506445	0.132323971520223	0.296147613041428
RABGAP1L	-0.217727756455814	5.10612487073212	6.87312209214549	0.00932102108795004	0.0492451634357592
RABGEF1	0.191309145520643	2.87004177722748	6.77020773079718	0.00985756228902764	0.0511037421553487
RAD23A	0.162120318642616	7.18118007336149	4.30682156267597	0.0390471525540756	0.131715218387641
RAD23B	0.0695698131563127	7.70285511547357	0.884625770255836	0.347902809684561	0.551583248172933
RALBP1	0.0159661052763348	6.32187116646589	0.0376019812514457	0.846411920178368	0.917226217124061
RASEF	0.596016342246541	2.81663824641471	2.95954188045355	0.086687396996915	0.223545444022221
RBSN	-0.0396515917246329	5.56034834186095	0.244482393745856	0.621448786272665	0.774765531077212
RBX1	0.0830297354870534	5.96428591897716	0.951544024307198	0.330328799356686	0.534002769922813
REPIN1	0.0651420900930331	6.07656417894594	0.787751348085535	0.375687639754734	0.578247588440769
RER1	0.0489515635362092	6.68677282156778	0.314080873803153	0.575720164146293	0.743140690819316
RFT1	0.0387659212123744	4.44098332424754	0.332258336583731	0.564883519905233	0.735009796744155
RFWD2	-0.177247555810877	5.58435419844723	5.0804954209644	0.0251177978102053	0.0983662185671525
RNF185	0.150681570299557	5.40873233338966	4.54261364264939	0.0340984026921726	0.120742079860249
RNF5	0.0364667976298019	5.62143983859001	0.22481005918262	0.635838954060425	0.784307522159785
ROCK1	0.296089109179308	6.28890519462417	5.74545901054889	0.0173128764317303	0.0757127706153183
RPN1	0.0985154748392679	8.47695790565664	1.58864411870099	0.208768973438517	0.398940219945868
RPN2	0.00617898697294998	8.57335358989693	0.00482559677710979	0.944677309256826	0.971094274174323
RRBP1	-0.106511682585651	8.97959735554391	0.902113292810075	0.343190624124667	0.546673793584397
RUFY1	-0.0408937669730161	5.91443015063413	0.417176684541573	0.518978860291061	0.698909263359301
SAR1A	-0.307658151893887	7.15288231615549	14.4515681274899	0.00018326436241249	0.00315010909782123
SAR1B	0.194699462466124	5.86168787726515	6.85605688838274	0.00940786101368959	0.0495669308846573
SEC11A	-0.130170892099153	7.03835153886222	3.74063467186499	0.0543039936159064	0.16486847320105
SEC11C	0.0364296635100978	4.49201232288336	0.0746431637825685	0.784932298941087	0.881643876273752
SEC13	0.0965294153393494	7.39645857436604	1.20162758068447	0.274117752878324	0.47497695392422
SEC16A	-0.123359674381065	6.90393364491127	3.58989920019929	0.0593583781775677	0.175064114733218
SEC16B	-0.614134727164011	-1.46544254446971	10.7832069451658	0.00118024602685744	0.0118486781168085
SEC23A	-0.0737290836013694	7.12347825548779	0.42936299821757	0.512942049841278	0.694382624236161
SEC23B	-0.146215500528461	5.47772747408018	3.59330549391789	0.0592387636506254	0.174977840306793
SEC24A	-0.122282109520435	5.27385224190667	1.77997674034484	0.18344251247255	0.365979737799938
SEC24B	0.0285385466493463	5.33391047288408	0.170401218640307	0.680131529360645	0.813526316370952
SEC24C	-0.307498398237707	4.96304096425595	4.91799975730589	0.0275346602323596	0.104350753092602
SEC24D	-0.222945202860876	6.81661945651334	3.45630278926118	0.0642599824200584	0.184369230303599
SEC31A	-0.112386677242398	8.07603308275788	1.89443293853993	0.170011714997305	0.348817711562887
SEC31B	-0.219804897409962	2.69794547012163	2.38274209195932	0.124026423258789	0.283154156140993
SEC61A1	-0.0489618664115472	8.88704846860567	0.366886312637939	0.545290465149894	0.718869695119846
SEC61A2	0.101048218808947	3.04180621754775	1.29371415953663	0.256522006038709	0.456058272191496
SEC61B	0.102835760253057	6.69106327001076	1.00086453869926	0.318129547173861	0.521622286926831
SEC61G	0.359326689031022	6.3898449397797	7.2290636228739	0.00768644893657965	0.0431467368610888
SEC62	-0.245027730605059	6.93434936568983	13.0836503885349	0.000364526927451371	0.00512924034061761
SEC63	-0.146204546921737	6.86813079941003	3.51577547867919	0.0620263837536334	0.180262398855186
SEL1L	-0.292001650227089	6.91759521082277	10.4403946562595	0.00140921719248887	0.0134169220201545
SELENOS	0.0681492993403499	6.1896274192321	0.534601075544178	0.465406658512411	0.65579320163871
SGSM1	1.20517345106343	1.96886633300614	14.0612519649683	0.000222824865464665	0.00362275662938762
SGSM3	-0.0838163954796027	6.05096794351957	1.33961874935693	0.248275275394656	0.446508926285093
SIL1	-0.174019654452945	6.29607900873086	2.24640092492755	0.135266545351382	0.300970926796863
SKP1	0.0469497278445949	7.74800776025218	0.556268087202655	0.456512558381138	0.649335797726657
SMCHD1	0.0258682681705127	6.09369923609389	0.0715493219864399	0.78932859479078	0.884266758310247
SNAP23	-0.0460821256799084	5.48464475929088	0.454511254071649	0.500862440410063	0.685780108013885
SNAP25	0.709896331636693	3.8496934570436	4.82390777979021	0.0290443674303	0.108449501264612
SNAP29	0.251067970983873	5.77321660283841	11.5825919339455	0.000782406843037818	0.0087815038197229
SNAP47	0.103203962286817	5.19253326752882	2.06529649621161	0.152014584137696	0.324194567797844
SPCS1	0.0539259214103265	6.27554190759343	0.560225226584112	0.454917322705046	0.647954525561817
SPCS2	0.0162674260178705	5.21653598144785	0.0520609856020229	0.819713284699487	0.903071229114319
SPCS3	-0.186635092054264	6.93400095243034	4.56396359205351	0.0336841769752686	0.119734319982093
SRP14	0.0470766830185499	7.77736710860635	0.641130551591675	0.424109780239424	0.622411697753221
SRP19	0.186064738407623	4.34711648783744	5.4968081051752	0.0198840856641161	0.083550519454537
SRP54	0.115831911496265	5.9385801480958	1.92326974244053	0.166809604983028	0.344669895415099
SRP68	-0.0911722874871261	6.7092848655221	2.95595398259293	0.0868774314806378	0.223843285278339
SRP72	-0.109936466985605	6.75925849871704	2.43217240759798	0.120212589974734	0.277582278827861
SRP9	0.00538836663052658	6.65302361650605	0.00807980802788055	0.928452912384157	0.96217549752283
SRPRA	-0.0339836730532547	7.34987167317788	0.232979805983863	0.629772034484812	0.780375343880915
SRPRB	-0.0581601402347386	6.31183037350455	0.301680646818349	0.583351810827992	0.748122362568695
SSR1	-0.256181989165879	7.44189933063619	10.1444127694432	0.00164318876929517	0.015005169810648
SSR2	-0.0620374461515597	8.18024919402931	0.429465053429666	0.51289201317433	0.694382624236161
SSR3	-0.156603112880194	7.30235727770179	2.02897418242362	0.155650187464028	0.329249168934273
SSR4	-0.0212213420380093	7.63895349342789	0.0212313052581048	0.884275393702253	0.939753448923673
STT3A	-0.0235310729205299	7.25441146132757	0.0864439172045194	0.769006913726301	0.87167385637627
STT3B	0.0582751925100765	7.35777854285756	0.586662194911363	0.444480727424366	0.639115858544119
STUB1	0.117643445941764	5.5676092977851	2.81585690454834	0.0946652620758952	0.237313710200605
STX10	0.0883365499729987	5.82872242409495	1.02069740486217	0.313391856335608	0.516999419594063
STX11	-0.146279392766307	2.28383717871572	0.532033050777988	0.466479131374716	0.65673213901415
STX12	-0.0276447267427226	6.35454159143628	0.131267323290892	0.717446968714665	0.837758716676093
STX16	0.00780348031379308	6.01317233316097	0.015792932171859	0.900100556626642	0.948657069156988
STX17	0.187112372847244	3.48641428575128	3.69851650958908	0.0556682701858446	0.16746685401357
STX18	0.0122817924889558	5.04492177122331	0.0327683435650585	0.856507545350871	0.923548503198914
STX19	0	NA	NA	1	1
STX1A	-0.0360479682256698	3.35108935490994	0.0436885251230391	0.834615099986638	0.911964168195805
STX1B	0.364149953765205	2.30298833152119	2.84224063275774	0.0931421926593727	0.234663851160754
STX2	0.0776312128792304	5.131155785861	0.907163936401591	0.341845811341083	0.54552435544732
STX3	0.354289234246876	4.56662966192372	7.51071450991682	0.00660402486529773	0.0390410041390014
STX4	-0.0140074993786986	6.12607393561861	0.022796584035245	0.880116665785166	0.937560177771144
STX5	-0.000567203362774005	6.01178073923024	5.85202392183017e-05	0.993902845073288	0.996842824863104
STX6	-0.203209420004357	5.479428096087	11.999488167125	0.000632207658387145	0.00756188473343698
STX7	-0.305972803240551	6.0285203389525	10.9796990868184	0.0010664887792344	0.0110008474568526
STX8	-0.0276721926454387	5.43137686962622	0.0582276246252219	0.809529737959461	0.897497957435503
SURF4	-0.185851946026231	8.37210681969971	3.77533293177236	0.0532068568221271	0.162472856496325
SVIP	0.0650306767546631	3.92908518183396	0.21576885248162	0.642712620409237	0.788831428435484
SYTL2	0.0679638379620858	5.41984301843253	0.11048908068854	0.739884065895142	0.852422864200555
SYVN1	-0.0589218290341399	6.21864490426829	1.04051112163134	0.308750709969754	0.512115940112369
TBC1D1	0.344091668481132	7.13728197470658	6.80179786340511	0.00968955890203506	0.0505318549339075
TBC1D10A	0.1458368600957	4.85625827323005	2.20792596944188	0.138642322070985	0.305891991454266
TBC1D10B	-0.0676379337526196	6.52793277364646	1.34770508021936	0.246856619847397	0.445097314644257
TBC1D10C	0.00241141458616928	3.31262730912122	9.14249250468217e-05	0.992379137977032	0.995979864344179
TBC1D12	-0.600365985715566	3.82644918281308	30.2850528056991	9.72447602338912e-08	8.81154892084853e-06
TBC1D13	0.0447620806663782	5.51644040367878	0.481171376631555	0.48857669904867	0.676200292505476
TBC1D14	-0.241370956231131	4.16460742466273	3.88133910228757	0.0499988466786682	0.155807256875031
TBC1D15	-0.508236668634001	5.79163155515957	20.3984148697413	9.95189002899879e-06	0.000364474968971451
TBC1D16	-0.351324772827136	6.56794088320043	9.93450851222205	0.0018328470827776	0.0161348875101133
TBC1D17	0.103276196143326	5.97233308760349	2.08189925426352	0.150385059550494	0.322229611851032
TBC1D19	0.223122627849978	3.11899877051077	5.2651352515307	0.0226385280648874	0.0914151242758477
TBC1D2	0.214910449480415	4.65008068295559	1.29002164252805	0.257199982731918	0.456660307178241
TBC1D20	-0.250374736902416	6.09200406562515	13.0244614868355	0.000375601355604498	0.00523532861221232
TBC1D21	0	NA	NA	1	1
TBC1D22A	-0.00240258165483844	5.38645158693567	0.000786128410629568	0.977655633658412	0.988090227440727
TBC1D22B	0.331650984080688	4.3726897325947	11.9189835194527	0.000658731241182628	0.00778844103045062
TBC1D23	-0.149337642019265	5.48880929354332	3.3489443009659	0.068513787722655	0.192065188092499
TBC1D24	0.0740844256975905	4.4335976091531	0.942633003438886	0.332599007086413	0.53611501472513
TBC1D2B	-0.304726822641501	6.44747153947885	9.38384722201581	0.00244405557930702	0.0196778768242789
TBC1D30	-1.41486538145577	2.61750063705973	44.2856825332433	1.9756939584382e-10	4.94440933265332e-08
TBC1D4	-0.153487113425731	4.94713666188156	1.60548527555208	0.206380788619706	0.395671403407521
TBC1D5	-0.280127303263682	6.10947425879163	15.2580975984273	0.000122593884320931	0.00234075262143017
TBC1D7	0.398525011896486	3.95812990861467	14.1380658187058	0.000214406485863301	0.00352956393564473
TBC1D8	0.420347433600757	4.45581953018507	8.04846435957539	0.0049515205565229	0.0320575500890743
TBC1D9	-0.313517751023272	5.66089969454918	7.79012971219173	0.00568457476390511	0.0351267285969468
TBC1D9B	-0.277545235922361	7.47425773846376	12.9390863239946	0.000392180902957157	0.00538851434115383
TMED10	-0.3046041122778	7.9004796903131	18.0065358713496	3.16858223422881e-05	0.000861706801137879
TMED2	-0.205150148952397	7.97287953467491	4.92130322585647	0.0274831745042096	0.104252361693746
TMED5	-0.0113442050244134	5.8566127646478	0.0125125173929639	0.911030320896994	0.954142540230707
TMED7	-0.137002826876709	6.4846259639973	3.46472151577179	0.0639386257485866	0.183811221466907
TMED8	-0.109188147476268	4.78958518215678	1.52423448655607	0.218211841939248	0.410966102283655
TMX1	0.0395681125599889	5.68969337727127	0.20881148209784	0.648122307640346	0.792002973389255
TMX2	0.0021183915222981	6.13038086950071	0.000897489775711957	0.976125847806756	0.987716936473166
TMX3	0.0902914825005481	5.87958238128131	1.32808714211334	0.250315765790496	0.448834700481731
TMX4	0.0670369778709711	6.59044259969674	0.463951612094943	0.496453016788223	0.682591646425427
TOR1A	-0.0930835070357253	5.78683740867311	2.51781597226865	0.113909858238857	0.268153755867553
TRAM1	-0.261035250630298	7.67082568456848	10.4040585998246	0.00143600573462919	0.0135675112599437
TRAPPC1	-0.128908824188529	6.6179103067244	1.04557776203294	0.307578343377763	0.510937331844119
TRAPPC2	0.309271971223352	4.53580022217448	10.0678955512401	0.00170988870406782	0.0153809500799802
TRAPPC3	0.333748032434736	6.10868195226719	22.7255655175908	3.27566594522245e-06	0.00015038832845558
TRAPPC4	0.239683294778238	5.09681273945997	8.87709683142797	0.00319044706907288	0.023434513726782
TRAPPC5	0.232851889113477	1.0477374383459	3.41161538532983	0.0659950696938148	0.187378221921039
TRAPPC6A	-0.175597295291184	3.74774518506637	1.89677433562757	0.169749092743422	0.348441787455178
TRAPPC6B	-0.11608086435047	5.10230040248192	3.0093335367249	0.0840963646917297	0.218823341818238
TRAPPC9	-0.0965812428446871	5.16670601472996	1.50130754705506	0.221695874743998	0.414966670721069
TUSC3	-0.312730511736254	5.86490001068094	3.35969085917446	0.068074644691677	0.191446846917516
TXNDC12	-0.0242462975109671	6.25254012845105	0.0619576166265839	0.803645401563707	0.894490053035011
TXNDC5	-0.425074214819226	3.13569957356715	6.05382148782011	0.0145962705559819	0.0670108756557879
UBA1	0.12467161643993	8.81871024077877	3.49985442942759	0.0626160430741731	0.181380059943626
UBA5	0.193155951147084	4.79983036443211	10.2411968385451	0.00156261008326766	0.0144392040309682
UBA7	0.162969476162638	5.92707719003813	1.8867722350245	0.170874259115656	0.350086021689245
UBE2D1	-0.0494029079543918	4.171810805648	0.299194468786688	0.584906451205619	0.749247664203554
UBE2D2	0.0833019304044139	6.55171242714961	3.2762527179892	0.071565562497054	0.197545057959566
UBE2D3	0.00645017958574877	7.74625517880858	0.0159241905126273	0.89968847217251	0.948270296415668
UBE2D4	0.0552339166394313	4.60752132844731	0.403370513928901	0.525971074560577	0.703996175309592
UBE2E1	0.158969547316676	6.2524676504552	5.22810985884956	0.023114365081611	0.0927484640264933
UBE2E2	0.01118845573741	5.11453285419924	0.0178006589098945	0.893976017135434	0.94509004300694
UBE2E3	-0.353349191044835	5.91727125897229	15.1699052504795	0.000128088787506618	0.00241063786120334
UBE2G1	0.00404176889984344	5.47129425782123	0.00288643629783565	0.957199420192264	0.977560052104971
UBE2G2	0.0711066745429975	6.42504178055955	1.117875265755	0.29146115167359	0.493802089819649
UBE2J1	-0.278697301287749	6.31185426754248	14.2202827665297	0.00020575328998379	0.00343827159144614
UBE2J2	-0.00517199267429548	5.86000010613591	0.00375812814748825	0.951169505602898	0.974438857055756
UBE4B	0.108072375571546	5.89276918786397	1.95779304215887	0.163066955391661	0.339650154452556
UBQLN1	-0.0507872510306727	7.03290981439821	0.67942756779294	0.41061901810423	0.610555453288098
UBQLN2	0.100128105657564	6.19082722239251	2.17680105737735	0.141442825171613	0.309693355980282
UBQLN3	0	NA	NA	1	1
UBQLN4	0.0259222660728922	5.62093814669011	0.129967495416685	0.718789298813145	0.838534330724192
UBQLNL	-0.0256497324216434	-0.67387800672312	0.0283988600381038	0.866319343564128	0.929656733787742
UBXN2A	-0.182589471151008	4.62936639261806	6.22598828187656	0.0132757471791258	0.0626870523808587
UBXN6	0.00745766393056779	7.49195787249769	0.00860278065745018	0.92618019523525	0.961201238558599
UFD1L	0.102255043092035	6.23029635499368	1.43971924653764	0.231392022828756	0.427182146650225
UGCG	-0.00540244741609649	5.96258141688115	0.0021410451800293	0.963133174476153	0.980673524839566
UGGT1	-0.213267602597982	6.50611587220953	8.55476475836416	0.00378316239046324	0.0265452736222691
UGGT2	-0.184239609138574	4.77746511213397	3.30312982164156	0.0704204569056089	0.195429550504252
USE1	0.171335736646067	4.78354609960991	3.46471862641383	0.0639387357437254	0.183811221466907
USO1	-0.11850256755997	6.47689673102267	1.71349123212929	0.191810498015324	0.376629802578811
USP6	-0.0154442109788622	0.370936931674422	0.00650009487763607	0.935810202986609	0.966048030209413
USP6NL	-0.351969657095464	3.94055183332136	13.7404510526713	0.000261773400619398	0.00404632384398601
VAMP1	0.373673216075505	3.52611684675811	7.10052847964118	0.00823962010284748	0.0452372143646017
VAMP2	-0.259445963479899	6.52931183543801	4.51643931932901	0.0346135567761283	0.121761410734232
VAMP3	0.0053516146792737	6.93474958905413	0.00430837150192643	0.94772164350215	0.972755450891177
VAMP4	-0.449757560231679	4.86477704691848	16.6645632814009	6.11504914251797e-05	0.00140646130277913
VAMP5	0.105078979115438	6.15004147281377	0.381460189571016	0.537420322951506	0.712758713579342
VAMP7	-0.0159817816001881	5.69055530110678	0.0223454563175261	0.88129985997004	0.938155036271531
VAMP8	0.101549352800915	5.77880957354638	0.189221764720153	0.663963998319384	0.80305225088718
VCP	0.084998010162157	8.55236599035285	1.38185025798631	0.240974812345343	0.438536716998365
VPS45	0.153052468274193	5.74874198679235	4.99759164488635	0.0263218187597251	0.101177047717488
VTI1A	-0.0501088290859382	4.06051995801109	0.548546138625629	0.459651094811509	0.651614088281579
VTI1B	-0.112035152458205	6.15477287694848	2.09020624600581	0.149577212094518	0.321262572986184
WAS	-0.0218134715107058	4.54038769832629	0.0100358406906533	0.920287522088152	0.958306136781114
WDR38	0	NA	NA	1	1
WFS1	-0.256414936823078	6.23565174363113	3.9812506832341	0.0471631558496919	0.150130808944916
YKT6	0.174915637417888	7.14150099225009	3.53907619451479	0.0611741142750807	0.178634325456681
YOD1	0.0347953120254593	3.14669574709967	0.16556595452558	0.684452970954845	0.816650794903953
YWHAQ	0.0690186374055294	8.03856908197312	0.979273211755214	0.323395248996622	0.527074423007745
