pspGenes	logFC	logCPM	F	PValue	FDR
A3GALT2	0	NA	NA	1	1
ABO	-0.908835048787684	-1.40502753168966	7.1695572801517	0.00905695030797889	0.33898822248776
ACAP1	-0.173509204934538	2.07453332268152	0.428624324831478	0.514613071437508	0.925694698653432
ACAP2	-0.133037221053986	4.0935647370148	0.557064857121849	0.457714995511067	0.913755980731558
ACAP3	0.0846464708564652	5.52123255786587	0.344069644190502	0.559202998184716	0.936697993493409
AGAP1	0.166714436644257	5.83805228267285	2.58395752120206	0.112039113458258	0.747466870638369
AGAP2	0.14736538673652	1.55542252474849	0.472198921630115	0.494039051666021	0.921599916910242
AGAP3	0.0670439644240679	6.84833897961172	0.469494193027642	0.495274806839839	0.921762458405389
AGR2	0	NA	NA	1	1
AGR3	0	NA	NA	1	1
AKAP10	-0.0568084305865948	3.56659744564008	0.112303972735631	0.738446229109123	0.967085931218632
ALG1	0.178448630457928	5.34984304958266	1.43930813674545	0.233924897726065	0.831228065080533
ALG10B	0.0239549680853494	2.78347011368172	0.0135078785240024	0.907777676410323	0.986734135591621
ALG11	-0.0219918208572801	1.85714845124339	0.0180328318120598	0.893526035544514	0.985661340119788
ALG12	0.159289561752279	4.57821797501358	2.50554121486584	0.117540019972021	0.75213086314601
ALG13	-0.0870092554855309	4.25675258102118	0.361463109000512	0.549458310163619	0.936399540905541
ALG14	-0.0409476645493465	3.6927840198355	0.0992226866994458	0.753615344315116	0.968007404090451
ALG1L	-0.41630452047946	0.710527994708469	0.869175383111954	0.35409391982691	0.877384525093416
ALG1L2	-0.0183538027447059	-0.355673637853792	0.00262153888979279	0.959297796643014	0.99613855283751
ALG2	0.0425596979543663	5.1587220991232	0.233724523704153	0.630145907031481	0.948359599658176
ALG3	-0.0591697657807677	6.27236731146808	0.0905680195211476	0.764266328123097	0.9701828439173
ALG5	0.144459754677449	5.02405708178916	0.776647117482377	0.380907489176053	0.889009477201422
ALG6	-0.0294353897961553	3.87206950334206	0.0589806138842207	0.808759339758486	0.973470102656719
ALG8	0.0876660325829581	6.56680468323737	0.392053692972783	0.533071155621797	0.930221337853515
ALG9	-0.10267946641601	3.60086257126386	0.538758058358443	0.46517410722793	0.914685448252359
AMFR	-0.0931378827126467	6.88692920539302	0.580021180457558	0.448627258817845	0.910455140422612
ANKFY1	0.0312173418172079	6.8555886348979	0.0767117543040142	0.782545186483082	0.971185607802876
AP1B1	0.233635489130538	7.52559204156263	3.1397823317608	0.0803547337050256	0.690567661368619
AP1G1	0.0723911081824368	6.13553423974888	0.499778079761669	0.481728791144287	0.92050376125097
AP1M1	0.105206247841719	6.74632389515336	0.712320123019014	0.401285656389566	0.895205456024777
AP1S1	0.230753779307579	5.66834904171613	6.57016899538127	0.0123166052125172	0.389226332794865
AP1S2	-0.171687486397042	7.96441217521666	1.49962166218824	0.22445791315021	0.827672251033743
AP3B1	0.00514013247208266	5.25223231934441	0.00214458451050279	0.963183177065604	0.99613855283751
AP3B2	0.649830014984307	1.95708029161832	3.83104768720075	0.0539307427300261	0.638192738682923
AP3D1	0.0779948780888913	8.34229783130518	0.511956123327627	0.476454506100832	0.917863093980721
AP3M1	0.0513607784864969	5.50755197761013	0.430825484527536	0.513538346469336	0.925694698653432
AP3M2	-0.15937253565298	5.4822111856924	0.944023414509468	0.334283498593212	0.871881654533897
AP3S1	-0.0845734117648599	5.0197338843772	1.15118893578029	0.286647033110165	0.858416127583274
AP3S2	-0.0304664751085832	5.29152825421723	0.0708752596110226	0.790777277997927	0.972630427389611
APPL1	-0.227310742739116	4.21769165465918	1.532965325409	0.21942464880045	0.826709098272852
APPL2	-0.133136747870834	5.47316973519925	1.25018269504486	0.266989252422548	0.849075290104669
ARAP1	0.326296294292175	7.56981656450429	6.31937827684278	0.01402698039429	0.41151139713737
ARAP2	-0.451352057961098	1.99977876443131	1.29722806209129	0.25824648579036	0.842411073622195
ARAP3	0.575630994146755	3.81490529791701	4.74485206179009	0.0324423474505119	0.557959777581613
ARF1	0.126247434076921	9.12000676328107	1.53873154148889	0.218568184627784	0.825502739655592
ARF3	0.235849411776389	8.22612622457105	2.94647904457382	0.0900800269298829	0.708165736588208
ARF4	-0.179544687395989	6.75050201913429	3.07871524833092	0.0832959172637658	0.696892409508692
ARF5	0.0228737063757042	7.05229830921577	0.0339553951250424	0.854285517039414	0.982602700385039
ARF6	-0.0103601415467366	6.19223713704826	0.0196770962728753	0.888808464163546	0.9852024061199
ARFGAP1	0.180866636454935	7.71207028360888	2.04499671335283	0.156747169438615	0.788390054040004
ARFGAP2	0.305667849120979	7.58832099968131	4.17043261814026	0.0445546409851537	0.602524585634815
ARFGAP3	0.16500136100192	5.70896287539834	0.629162704120684	0.430096753394144	0.905478786882172
ARFGEF1	0.352682167426986	5.83827954763595	1.9294230221714	0.168820573272797	0.792611150347441
ARFGEF2	0.180869788698981	5.97374215957618	1.12488236126762	0.292180627340908	0.860404378492079
ARFIP1	0.0044842298081836	4.57313760481996	0.0014037321018185	0.970209955722125	0.997140007443031
ARFIP2	0.10798109768437	5.95584381846289	1.20361060537202	0.276015792138535	0.851704868475481
ARHGAP1	0.395602238913075	8.03679791075783	5.15985437210576	0.0259037780886547	0.517919402837162
ARHGAP24	0.421190327329782	4.91607612589818	1.42749384547391	0.235836190375657	0.831941878590672
ARHGAP5	-0.179370211782896	5.87954211785036	1.63277317267797	0.205153717692991	0.817339812656475
ARHGDIA	0.202095986805887	9.49591516222854	1.08868072082704	0.300024123782543	0.860404378492079
ARHGEF1	0.069848358031881	6.90671806606406	0.504028235291091	0.479877155354448	0.919353649880036
ARHGEF11	0.0468663858321837	6.57243138412967	0.432919194426885	0.512519731444535	0.925694698653432
ARHGEF2	0.163276569757042	5.61898327978659	1.35156532618679	0.248590382859065	0.836222607084145
ARHGEF6	-0.0134920039908686	3.04698226789027	0.00451848628551533	0.946580817670414	0.994793481254211
ARHGEF7	0.0365765376836601	5.57767004150349	0.262175720494253	0.610092857006992	0.946183195703736
ASAP1	0.287140906213898	6.89078224389951	2.12717411613679	0.148768992305363	0.78445560765246
ASAP2	0.05548774625371	4.05423798505787	0.117951817581058	0.732201340034427	0.965701963343937
ASAP3	0.255819223030401	4.14728772359292	1.4479399560708	0.232540470943807	0.829291527046288
ATF4	-0.0548313644982952	8.7778335699928	0.165844650479358	0.684959927039129	0.956981083210648
ATF6	0.00851334763037791	5.58767633080424	0.0103510575068459	0.919227055395481	0.988834693869143
ATF6B	0.0640067083020575	7.59896082758384	0.152488581908718	0.697245249441664	0.958581348621384
ATXN3	-0.132555511445926	3.78070008219902	1.06926603137008	0.304343756253761	0.860404378492079
ATXN3L	0	NA	NA	1	1
B3GNTL1	-0.139013402460673	3.19512983294912	0.965045414116705	0.32899150561711	0.870923566358092
B4GALNT1	1.09578190098246	0.403320331367068	7.15407490201505	0.00912863351442144	0.33903933091809
B4GALNT2	0	NA	NA	1	1
B4GALT1	0.128540335575568	5.5292109076339	0.844825399235071	0.360886913219781	0.879620902650825
B4GALT3	0.0229477924502732	6.39726227999072	0.0239026978450446	0.877536738534048	0.984416808392997
BAG1	0.0316162084229657	5.67782451271539	0.0475294053891922	0.827995412149386	0.977962680348926
BAG2	0.649625930332114	2.90148757241779	3.29084410676903	0.0735574594466907	0.68207454555519
BAK1	-0.0682246645040375	4.95788715629574	0.213378653595884	0.645432780783882	0.950998622557231
BAX	0.251308243744068	6.68288788789892	2.37425467458554	0.127444769516583	0.762772453119376
BCAP31	0.121233453324057	8.7179808024944	0.753351763871134	0.388110591024699	0.89228000246224
BCL2	-0.0995304985877293	6.99725314599117	0.648848378348969	0.423001932094105	0.904465974498447
BET1	-0.094588694611184	4.21981047298106	0.877061868889251	0.351931819278858	0.877121397449708
BET1L	0.0480822748205991	6.79641442752775	0.16487216042048	0.685834589795271	0.957041209454504
BNIP1	-0.0201203635986647	3.17315145000592	0.0302709719555325	0.862332819552934	0.983262452989839
CALR	0.0565478827282567	9.36808266940637	0.238322158470144	0.626806050763766	0.948224878509287
CANX	0.0900144106908004	9.3281997728918	0.559202842874211	0.456856355775673	0.913431874850163
CAPN1	0.288963894179305	8.0790832022081	2.89855609465185	0.0926875259420778	0.711974586266374
CAPN2	0.0450347252737063	7.15966222862963	0.177397430334862	0.674791259897341	0.954330429751876
CKAP4	-0.0293028120915787	6.24890752312099	0.0702033137861316	0.791748040498218	0.972630427389611
CLTA	-0.0339454652249977	7.77752095425214	0.12385229046788	0.725853384936103	0.964800903754521
CLTB	0.132948609641281	6.83715566072958	0.777848225938926	0.380541309421412	0.889009477201422
CLTC	0.0392288246015677	8.25919721281847	0.0990197409670059	0.753859130772764	0.968007404090451
COG4	0.206967040298006	6.38639878035278	2.79376297146616	0.0986858932890285	0.723327638974588
COG6	-0.00566572052512075	3.40671125862173	0.000730485564710003	0.978507634995318	0.997840420432524
COPA	0.0898736168405781	8.08406241526696	0.931040284454903	0.337609437159582	0.871881654533897
COPB1	0.0189600151330151	6.17808558339424	0.0158649465101994	0.900094515012571	0.986209668274849
COPB2	-0.142356071317266	6.25507094733806	2.34238430303917	0.129989427467918	0.764741845322849
COPE	0.102399819360001	7.71626703504697	0.49039731014832	0.485857869779791	0.921194708531034
COPZ1	0.0875070739708073	7.7511680713252	0.62550143891357	0.431436285898366	0.905923592460501
COPZ2	0.0343603963597304	3.70235043941388	0.0260762842792801	0.872136551793704	0.98427912393707
CRYAA	0	NA	NA	1	1
CRYAB	-0.128295347302296	8.69422205265617	0.316762627686902	0.575192621658438	0.93823390205932
CTBP1	0.0999796060912512	7.43614508314741	1.72493497135377	0.192954056934098	0.810900451959643
CTSA	0.0739550792471431	8.52864619869018	0.190669480448816	0.663580388695052	0.953178589899519
CUL1	0.0564248974519591	5.6419181262544	0.179267913207332	0.673181872771131	0.954330429751876
CYTH1	-0.0879434455918603	5.58809574580082	0.622014239321534	0.432718083406229	0.906236897292605
CYTH2	0.127194124944134	6.4871128338135	1.12067492901144	0.293078434299621	0.860404378492079
CYTH3	0.158132762846547	6.03078610492439	2.10981444459445	0.150414609103774	0.784607979167529
CYTH4	0.148919611105398	2.86706065062043	0.335645183148545	0.564042652164646	0.937086285983018
DAD1	0.185191785972228	7.39200002372077	2.02097228129341	0.15917213958857	0.789327065289687
DDIT3	0.166108184451082	4.44572218867205	1.20429173875225	0.275881004324888	0.851704868475481
DDOST	0.0953956109784765	7.87214539213499	0.814057413001581	0.369733364383697	0.88382090903743
DERL1	0.10486065331	6.43517299847651	0.362391644312687	0.548947140340714	0.936399540905541
DERL2	-0.0674608384375825	5.26447493948595	0.610306946318344	0.437064434928025	0.908130045222434
DERL3	-1.27235035524681	1.37017048215393	9.94010395310404	0.00230434621139724	0.15964687809961
DNAJA1	-0.0645136636232524	7.00990257658115	0.291997362597034	0.590500936290039	0.940718249129332
DNAJA2	0.0337112108486447	5.62967121915666	0.0688251954403782	0.793754698720482	0.972950417819025
DNAJB1	0.0828272494707164	6.85595696326153	0.576710330889955	0.449920251807413	0.911120123193584
DNAJB11	-0.24391196001123	5.45456754538088	6.9125947952591	0.0103269967252131	0.368356815863889
DNAJB12	0.066498946318672	6.85490151371358	0.47238913275085	0.493952343291396	0.921599916910242
DNAJB2	0.0534650375305695	7.43585478469975	0.155442296585769	0.694476195555767	0.958254268428788
DNAJB9	-0.112523534761287	3.93464311086242	0.545340840273062	0.462469644956044	0.914267200855064
DNAJC1	-0.110948630149578	4.50917564239637	0.327410267447139	0.568852640871274	0.93823390205932
DNAJC10	-0.0572367052485103	6.29092673698766	0.125276143965163	0.724347141879519	0.964635891370381
DNAJC3	0.0966970077200673	5.42246759829715	0.206754901340295	0.650600498139584	0.951889139805437
DNAJC5	0.266472483669387	7.06129631759896	4.60507641387973	0.0350235543673651	0.568122939751992
DNAJC5B	0	NA	NA	1	1
DNAJC5G	0	NA	NA	1	1
DNAJC6	0.821015552284073	1.8949264531276	6.84013511046706	0.0107179149246966	0.373427082279614
DNMBP	0.176382960423493	4.11413166450504	2.64319656862902	0.108074836375067	0.738508752429599
DOCK5	-0.138582092648811	3.7950741093468	0.523739630007439	0.47144080223512	0.917148905245017
DOLK	0.102775577289749	5.16300890052265	0.744028749231913	0.391048380320202	0.892304125442886
DOLPP1	0.115642095192773	3.90606565365363	1.3859587688813	0.242710091477027	0.834657670442094
DPAGT1	0.124150031728417	6.32045876655509	0.712546876598273	0.401211064072071	0.895205456024777
DPM1	0.0125199456280974	3.96965019431297	0.0137235671161844	0.907047685396508	0.986734135591621
DPM2	0.206966285513539	6.36100564489504	1.5040662877585	0.223778943636102	0.827672251033743
DPM3	0.045658048766131	4.97999176238469	0.0741969129209306	0.786049453913559	0.971550080864831
DPP6	-0.652686716416275	4.11877300205076	2.05759289010671	0.155492826731554	0.787874061298309
EDEM1	-0.0574530604899291	4.49697427740622	0.134024454864331	0.715297891779229	0.963267114579789
EDEM2	0.143105037549861	4.64778181452354	2.0442658095037	0.15682031199789	0.788390054040004
EDEM3	-0.0401284954505495	4.18319407126382	0.0405050000085304	0.841026415444668	0.979929325987664
EEA1	-0.0529502612842967	3.65131082912763	0.063499787323594	0.801718013177728	0.97340209303079
EIF2AK1	-0.0415900572018679	7.41551125715529	0.162167426956684	0.688283174365568	0.957298113336432
EIF2AK2	-0.106379712128845	5.284312964185	0.528936470879271	0.469256920634146	0.916449726417396
EIF2AK3	-0.103795368378234	3.97772279308732	0.480001707314411	0.490503112548645	0.921194708531034
EIF2AK4	-0.0920801555490251	5.6084337270105	0.5904375977289	0.444597113590301	0.908847342991385
EIF2S1	0.093270786010733	5.36451038228658	0.644698986967362	0.424482532293593	0.904465974498447
ERLEC1	-0.0718237482043128	4.76560824417528	0.243949139856189	0.622772410408096	0.94767518626882
ERN1	-0.0531193216926564	4.21293711033964	0.296304455854265	0.587779329812189	0.940457114659368
ERO1A	-0.0125315829634415	5.25841400690817	0.0139243959966134	0.90637319784878	0.986675208228325
ERO1B	-0.382991476492452	3.54645514959929	4.38305774391372	0.0395851263668753	0.582567956557551
ERP27	0	NA	NA	1	1
ERP29	-0.0455784035272282	8.02886985735866	0.140970538854254	0.708349006116698	0.961456608181756
ERP44	0.0198647186756449	5.78101869101708	0.0352933169386753	0.851475893098723	0.981820023433117
EVI5	-0.142970949166417	3.28686836858991	0.480112655015079	0.490453142927531	0.921194708531034
EVI5L	0.0944990311819623	5.43251444580591	0.346986370942141	0.557545994310709	0.936697993493409
EXOC1	-0.0849459456658197	4.56694881707912	0.286065175940797	0.594292286115448	0.941625954566497
EXOC2	-0.217645962619566	5.79442920715692	4.36758260430663	0.0399259564155506	0.584242435356117
EXOC3	0.500944300371592	9.49300477791498	4.67639174584001	0.0336802520633138	0.563921210139479
EXOC5	-0.0815076936162719	4.61873527534555	0.22230471681141	0.638620880888971	0.949612619446525
EXOC6	0.0630576888274535	2.14693827040414	0.0903153712102335	0.76458544656036	0.9701828439173
EXOC6B	-0.0542653372850688	5.74946451697084	0.192447842156669	0.662113865894254	0.952977204415348
EXOC7	0.106564384943389	6.84412124182229	0.716079410329836	0.400051632836439	0.895060248699886
FAM71B	0	NA	NA	1	1
FBXO2	0.296154129795072	3.72926730938818	1.12869259687824	0.291370646889234	0.860404378492079
FBXO6	-0.000410371536547225	4.24828732114766	5.77660844711383e-06	0.998088527793016	0.999531253190393
FBXO8	0.0352953989204274	3.53417857599849	0.150102785065524	0.699504575751338	0.958707408030641
FUT8	0.00675192621844811	3.2244441430129	0.00148391295200327	0.969371384367526	0.99705426508475
GALNT1	-0.225207430263486	5.43574108071323	3.14991462130613	0.0798778706660582	0.690062296784686
GALNT10	0.171203433973121	4.32773846938594	1.16461363876384	0.283875166245682	0.855949676863653
GALNT11	-0.0389171234909585	5.45075828347592	0.153788314522944	0.696022989825299	0.958321066573236
GALNT12	-0.0570229153350563	2.66760183348065	0.151716357603938	0.697974293256337	0.958581348621384
GALNT13	0	NA	NA	1	1
GALNT14	0.106320816110734	4.86923441821503	0.193862312059377	0.660953193963975	0.952977204415348
GALNT15	0.701838731609615	1.05848408524333	4.5699356125275	0.0357064098657085	0.569007396838056
GALNT16	0.367854153760557	1.1131070247908	1.85648667646195	0.176997559731737	0.795309540240961
GALNT18	0.265440246882132	4.04719952048196	0.625432311106679	0.431461638800791	0.905923592460501
GALNT2	-0.0511174815825456	6.77943634842261	0.165079179665414	0.685648143878299	0.957041209454504
GALNT3	-0.436262481497016	5.09860984900745	3.27432031763326	0.074269336506417	0.68207454555519
GALNT5	0.745907880975817	-1.69849369381271	4.85004376183105	0.0306338570400907	0.550105490670946
GALNT6	0.0398543113931996	1.71905759679069	0.0285704312178442	0.86621734974273	0.983262452989839
GALNT7	0.290183697833943	2.78997064000565	1.50319820161178	0.223911357471032	0.827672251033743
GALNT8	0.124858193574078	-1.58020979676939	0.102361321110706	0.749879509575372	0.967621807068423
GALNT9	0.628077563487924	-0.982887697302968	2.45787959686419	0.121031694111809	0.756780899543861
GALNTL5	0	NA	NA	1	1
GALNTL6	-1.9301960425096	2.74470466936877	10.6048750361603	0.00167749501515448	0.132794159908146
GANAB	0.340952452887911	9.32791768377313	5.26957522174703	0.024420136694984	0.514953195393273
GBF1	0.207455884865089	7.03037974098064	3.29706584426082	0.0732913533691315	0.68207454555519
GBGT1	0.173840652097178	5.33610937569363	0.954525394708623	0.331625531260304	0.87123602533909
GGA1	0.133653207094101	6.84844750431875	1.30399885672622	0.257018009052192	0.841072678947267
GGA2	0.0559515353326289	7.26071483269324	0.308643507302006	0.580122226100639	0.938819410817447
GGA3	0.157672580411348	6.15929657340703	1.70512993709163	0.195501102857228	0.812653058709597
GIT1	0.315387228376023	8.14744011055893	3.6776151798329	0.0588510474672699	0.651573907215103
GIT2	0.095015075057977	4.60373571462944	1.16620586095141	0.28354870117854	0.855817079316279
GLT1D1	-0.0206719252655162	0.310126954236405	0.00359519036359736	0.952342708629161	0.995880516787296
GLT6D1	0	NA	NA	1	1
GLT8D1	-0.0788698964398737	4.94174916015296	0.832431858117854	0.364414243370755	0.88247943764157
GLT8D2	-0.26015401909782	-0.650885456485576	1.17342322116382	0.28207489998081	0.855452998389814
GMCL1	-0.0351721424172141	3.87879761783823	0.0389008421409378	0.844164247120063	0.98062913565234
GOLGA4	-0.210801119619501	5.42849858636373	1.03993704325491	0.311025270663075	0.863486533566184
GOSR1	0.0350866890321475	5.33132392099704	0.240686079935178	0.625104364319273	0.948224878509287
GOSR2	0.00885913292805471	4.32132077342626	0.011743319796971	0.9139864094123	0.987761585108772
GPAA1	0.193714898362005	8.59382920920878	1.0437181252061	0.310153121390826	0.863124396794774
GPLD1	-0.273017751094582	-0.0763809333663392	1.20233140391805	0.276269157113997	0.851704868475481
GXYLT1	-0.12418745384957	3.33282632273339	0.754817837263203	0.387651517382151	0.89228000246224
GXYLT2	-0.64686749550457	1.35408381714984	2.89000588785033	0.0931614738644556	0.713190140464302
HAS1	0	NA	NA	1	1
HAS2	-2.17639907357309	2.49866806074924	13.3414071695409	0.000471118658951846	0.0638212206187785
HAS3	0.428785753617714	-0.0953147114457758	3.80510803966806	0.0547302873893019	0.638422413265948
HERPUD1	0.0423573486470154	5.87190868629769	0.223673469117182	0.637591189884799	0.949612619446525
HSP90AA1	0.0458392544398441	9.81232081611142	0.0819604092064759	0.775425919882248	0.971061394246311
HSP90AB1	-0.0180865096869044	11.300821256825	0.0189401345824107	0.89089701316947	0.985261251613511
HSP90B1	0.115029159549141	8.26026463149866	0.597061043171972	0.442063828842112	0.908784671908008
HSPA1B	0.166674017393605	5.82322533027429	0.701323046620687	0.404927849912219	0.896668116347567
HSPA1L	-0.215020029546291	2.56404575753587	1.54629525799664	0.217450867994043	0.824772753086011
HSPA2	0.130955760007425	7.33111552495891	0.308550175851462	0.5801793857625	0.938819410817447
HSPA4L	0.438407153968864	2.66391725292414	2.38495057596234	0.126603457359851	0.762201897534424
HSPA5	0.127123856116947	8.51391041700474	0.875548463055983	0.352345306106484	0.877121397449708
HSPA6	2.26824661442131	2.56319061384136	25.07350893954	3.40775464993902e-06	0.00353783749359433
HSPA8	0.0536402499538857	10.1376217404898	0.172379066140926	0.679159142389903	0.955947990707453
HSPBP1	0.0886009143586818	6.47960725846251	0.324271549399588	0.570707158345851	0.93823390205932
HSPH1	0.0564931796330693	6.36995908192719	0.125688477380733	0.723912751409511	0.964635891370381
HYOU1	0.077528952779504	6.66950527086528	0.345857962702328	0.558185929462166	0.936697993493409
IFT27	-0.150282396410929	5.12516129433572	1.87060695524588	0.175378955729148	0.794540578283593
INPP5B	0.250439401105358	4.7161698180158	4.67655823912814	0.0336771811070083	0.563921210139479
INPP5E	-0.0440693916787802	4.84194329243928	0.316883889020675	0.575119630713707	0.93823390205932
IQSEC1	-0.0356164801220425	5.96146309978847	0.062974570375942	0.802522374616307	0.97340209303079
IQSEC2	0.240220843261193	4.23097114609831	2.7512947916385	0.10123858282367	0.729152575930733
IQSEC3	1.13621017527646	1.35659964609561	7.85544269520358	0.00640534910822161	0.278023020449146
JUN	-0.160842183353933	6.35541052888616	0.442265089090462	0.508015566504195	0.925322395440803
KDELR1	0.172621619772364	8.42364381962112	1.59164674932897	0.210894450459985	0.821380320944767
KDELR2	0.0529438519550378	7.18327271083129	0.361545399221299	0.549412972248594	0.936399540905541
KDELR3	0.100593275427808	5.53738753212446	0.277894006167753	0.599598431328912	0.943281045453569
KIF20A	0.306498197932403	2.53950171586691	1.30700732766303	0.256474508613197	0.840473585015649
KIF23	0.0321766683156551	2.28949287782414	0.0215883179641478	0.883571070020993	0.984652274914545
LARGE1	-0.0931066693928503	5.57226038561346	0.212483531874067	0.646125396366352	0.951198766875637
LARGE2	0.0101359814625044	-0.958074929628345	0.000622589634888938	0.980157917919443	0.997840420432524
LMAN1	0.0424708519553665	5.93499009315529	0.0476382005248012	0.827801806309506	0.977962680348926
LMAN1L	0	NA	NA	1	1
LMAN2	0.126525510237385	7.36106532537772	1.28087326593261	0.261244387137082	0.845025822515851
MAN1A1	-0.0912444325833626	3.01823438892805	0.109984964397936	0.741061017704273	0.967085931218632
MAN1A2	-0.0382198510951207	4.04492644059604	0.0543834457973624	0.816222092999519	0.974715497295169
MAN1B1	0.197191640557623	6.94755793013823	2.60161661073032	0.110840578415495	0.744736370966137
MAN1C1	0.355845271502949	4.45769193442297	1.59245546734217	0.210779716023611	0.821380320944767
MAN2A2	0.113047025981759	5.91176689594651	0.526998904627505	0.470069222152756	0.916802468471706
MAP2K7	0.156398636546209	6.17717026563456	2.01475302771962	0.159806954783675	0.789327065289687
MAP3K5	-0.0411515856583105	5.12200190794535	0.0165556786314548	0.897954703484703	0.986028135410024
MARCH6	0.00303135372898865	6.4653268087645	0.00112994263733062	0.973271332896024	0.997176720376266
MCF2L	-1.61763830869946	5.4322708300812	21.0987744130674	1.67098576141849e-05	0.00792091224221876
MGAT1	0.252634368392076	8.81234956844651	1.86497006307342	0.176023021432534	0.794662327083768
MGAT2	-0.0555751672576163	1.37076324085568	0.0934911869441471	0.760608903681058	0.970074997027627
MGAT3	1.34995109603228	1.65905321012175	11.8839105675648	0.000920054505068264	0.0931064146055878
MGAT4B	0.243111054772559	7.27834265695404	4.40042160166688	0.0392064055570231	0.582567956557551
MGAT4C	0	NA	NA	1	1
MGAT5	0.162135528738872	7.96019550499305	1.07136838089308	0.303872085376721	0.860404378492079
MICAL1	-0.105837873119657	7.33906512700389	0.164682530393682	0.686005494488861	0.957041209454504
MICALCL	0	NA	NA	1	1
MICALL2	0.374155842878404	4.21756401931255	4.16086526794369	0.0447934535823523	0.604845936565901
MOGS	0.0780337309550804	6.05247442797464	0.444045960402982	0.50716509904438	0.924857764919703
MON1A	-0.107035215492758	4.16911278021373	0.344110649836933	0.559179637229962	0.936697993493409
MYO5B	0.77288287111074	2.49259520983168	4.18828862789806	0.0441125855084563	0.601583498240838
NAPA	0.0779310464089075	7.21507028160027	0.305055823577942	0.582327658660273	0.939196671773905
NAPB	0.432786497923825	4.02672989409116	4.31586020744577	0.0410881219520101	0.584984190081787
NAPG	0.0557879082170369	3.94239947982066	0.10289203597625	0.749254085872154	0.967621807068423
NCKIPSD	0.114067469565856	5.53126404765705	0.457790863118897	0.500683006260709	0.92314077154277
NDE1	0.178345044846095	5.40081930903589	2.15592108322465	0.146089203775618	0.782011608393206
NET1	-0.220880936364461	5.02758496897534	0.668922847602201	0.41594776114745	0.902153528270509
NGLY1	-0.242401769675623	3.9358293859826	3.49488948943445	0.0653552490659147	0.663692345613806
NPLOC4	0.063027231850391	7.5176706341315	0.337129685274313	0.56318397247191	0.936699578768405
NSF	0.114615707080335	5.00887111644076	0.597736921833325	0.441806588591182	0.908784671908008
NSFL1C	0.14799920584776	6.6376057826791	2.50002499389159	0.11793827150685	0.752391423151751
OCRL	-0.0304851422582638	5.48746334144579	0.146442640716548	0.703011250081099	0.960387642912244
OPTN	-0.124842448271005	6.71977005600747	0.64012020730679	0.426125486626303	0.904465974498447
OS9	0.177375595712229	8.65570079465344	2.1155008228975	0.149873271185146	0.784607979167529
OSGIN2	0.134912129333396	3.91230730425641	0.716542463089271	0.399900016240012	0.894943346071729
P4HB	0.114085113115529	9.64107651836153	0.824564519327236	0.366678465109846	0.88247943764157
PAK1	-0.0388503651386477	5.43394602685373	0.128935742755488	0.720519519188776	0.96443557820507
PARK2	-0.0329438093289139	1.92670306777529	0.0288843708223736	0.865491438141896	0.983262452989839
PDIA2	0.394317017238486	-0.387630642056762	0.720645318639208	0.398560294171065	0.894014595569485
PDIA3	0.011261993576146	8.70437104979085	0.0096063093373854	0.922177287037617	0.989998180547625
PDIA4	0.0574460576220117	6.49339897339498	0.298310062130374	0.586520767758356	0.940348703900476
PDIA5	-0.107221501497677	3.34661877825987	0.698355968804602	0.405918881050422	0.897601312039537
PDIA6	0.0596428250722638	6.97165801412217	0.245843082171922	0.62142780186897	0.947366515509457
PDILT	0	NA	NA	1	1
PGAP1	0.0534437724517552	3.9640122811042	0.0475205316698244	0.82801121357173	0.977962680348926
PICK1	0.272788073002158	5.89948336372545	4.36200483572601	0.0400495729723825	0.584613418113068
PIGA	-0.0156565158321249	5.21149423594651	0.00432005307628908	0.947765212365444	0.994804230467446
PIGB	0.0332757694190827	3.5395096388514	0.0661478833600763	0.797715441616402	0.97340209303079
PIGC	-0.0886740323558162	4.71080177318934	1.45975355844165	0.23066196880698	0.828486496044368
PIGF	0.00477678480302471	3.48747816353075	0.00266541446122903	0.958958906231271	0.99613855283751
PIGG	0.0805384763610807	5.5076020990439	0.628311531440594	0.43040760040574	0.905781917668385
PIGH	0.0670376474569656	4.39706177420212	0.380359966446193	0.539227485037398	0.931623315555213
PIGK	-0.0410973163400619	4.64159036978597	0.0725622555785982	0.788361598451757	0.971855835813817
PIGL	-0.0367414414005513	2.72118266387155	0.0364210086265544	0.84915030557862	0.98169209000627
PIGM	-0.0213369196716932	4.26974395937097	0.0407441883534747	0.840564125600269	0.979929325987664
PIGN	-0.0432019200938305	4.22278931818312	0.0968304277166483	0.756506678822571	0.969008058205687
PIGO	0.184670897703624	5.78806921971388	1.95189798719034	0.166390375046382	0.790877501866463
PIGP	0.0107442487722925	5.14988468061375	0.00901356997352239	0.924608930767143	0.990573979125174
PIGQ	0.160963502204588	6.98964172170105	1.07457090356159	0.303155424670335	0.860404378492079
PIGS	0.198301970288092	5.96940629037538	1.95871883140335	0.16566091837638	0.790877501866463
PIGT	0.310657799338236	7.92999725979744	3.60921991133103	0.0611993262365667	0.656062459244376
PIGU	0.165508626576266	5.31735787200723	1.55772575276349	0.215775437394245	0.823724382965782
PIGV	0.107192575438251	4.39165143049118	0.840022026517596	0.36224831468831	0.880213233132694
PIGX	-0.182695431116144	3.63410103317819	3.89019819670496	0.05215435608582	0.632434468388243
PIGZ	-0.176924853339184	3.32829336290049	0.828976800485543	0.36540618717756	0.88247943764157
PIK3C3	-0.032668359333011	4.80588079895851	0.0671260426226019	0.796258622566768	0.97340209303079
PIK3CA	-0.279369792170447	3.1404165716679	1.96552758841092	0.164936462688884	0.790648752599758
PLAA	-0.0342296300848248	4.8214841242402	0.101705191798588	0.750655207014648	0.967743632930543
PLIN3	0.175066153660952	5.99218909796413	1.98286374616434	0.163108452291994	0.789327065289687
POMT1	0.246556804315978	5.5791181945677	4.64783340161749	0.0342114570578167	0.566928220775024
POMT2	0.0741971759977108	5.12093534758082	0.595984986961532	0.442473858268986	0.908811535050262
PPIA	0.064257045675808	8.88005554291575	0.523883281373651	0.471380213148845	0.917148905245017
PRKCSH	0.112551552070165	9.93582843186141	0.343685398726045	0.559421994336478	0.936697993493409
PSD	0.533353867425935	3.05348373275232	3.14119585390761	0.0802880207166468	0.690323683612868
PSD2	2.08702132263372	0.443605994457563	20.0936247499816	2.52792660057528e-05	0.00968841316088564
PSD3	-0.304855400323323	4.25799105313421	1.83004759532448	0.180075658202216	0.798155224211741
PSD4	-0.224499963515506	3.23902906546322	0.728930056387709	0.395874974141005	0.893140666107192
QSOX2	-0.115740397548488	4.84808120652977	0.938513862616583	0.335689452667285	0.871881654533897
RAB10	-0.0177784860208356	6.42367273288025	0.0254378689225561	0.873697903721145	0.98427912393707
RAB11A	-0.0121125972652015	6.86955838056852	0.0221907757020053	0.881969645894051	0.984416808392997
RAB11B	0.185969629011102	7.32164125896765	1.37519723173021	0.244531292059286	0.835552567213359
RAB11FIP1	-0.0647319628738937	5.12725202956276	0.0662964802691849	0.797493392095517	0.97340209303079
RAB11FIP2	-0.255795692369618	3.34597448737177	1.66756102567492	0.200443545332732	0.815640163817135
RAB11FIP3	0.161412713870718	5.87721109161991	2.43188341999842	0.122985381152684	0.761161278310468
RAB11FIP4	-0.0235776651637317	4.78449672404671	0.0296571684011435	0.863721642986068	0.983262452989839
RAB11FIP5	0.073190879042694	5.8172380179042	0.257423609602116	0.613343911653702	0.946519516467664
RAB12	-0.098559432116978	4.60104871917421	0.623718781955452	0.432090812722763	0.906236897292605
RAB13	-0.0993674227709111	6.54570302836482	1.35078031205824	0.248726649437062	0.836222607084145
RAB14	0.105879427475275	6.22509501644216	1.50365771293353	0.223841253870201	0.827672251033743
RAB15	0.250900898325713	3.78227088217876	1.47004554618093	0.229040541982694	0.828486496044368
RAB17	0.187475830899519	6.8601082864883	0.80380315215547	0.372749468724228	0.884377662011182
RAB18	-0.022037218462999	5.26413012359195	0.0263285215868048	0.871525075819843	0.98427912393707
RAB19	0	NA	NA	1	1
RAB1A	-0.0985478415907401	6.74532664116452	0.721336431779616	0.398335268831646	0.893961368707541
RAB1B	0.272259387654307	8.42202453676743	3.02727733132804	0.0858654367107154	0.698971358228857
RAB20	-0.299233336387075	3.95970205108435	2.00553361260713	0.16075340991542	0.789327065289687
RAB21	-0.0581396533885504	5.16744338113475	0.331362876319992	0.566533983446073	0.93768630178941
RAB22A	0.0858550581677869	4.66656762627526	0.758704346572416	0.386438311233069	0.891265771753439
RAB23	0.132741789037033	1.02391742086011	0.297393572847392	0.587095200319065	0.940348703900476
RAB24	-0.0518274077500399	4.28398052334943	0.179307975145181	0.673147511649864	0.954330429751876
RAB25	0	NA	NA	1	1
RAB26	0.571347808766179	0.0158922925169106	5.31666839862489	0.0238112332088376	0.510609218798561
RAB27A	-0.248479433380829	6.40730171472785	2.28700767605338	0.134549365437699	0.770786975809279
RAB27B	0	NA	NA	1	1
RAB28	0.0665991819208734	3.56654984244806	0.333633854425997	0.565210127702747	0.937547730208323
RAB29	0.0335328573747834	4.53138280002618	0.058233212936299	0.80995112218996	0.973470102656719
RAB2A	0.190246828658752	7.11754280746369	0.969118055678564	0.327979349996284	0.870923566358092
RAB2B	-0.0215488298078347	4.97842250289984	0.0389231580090503	0.844120139167275	0.98062913565234
RAB30	-0.317792193649435	2.60283708761977	4.80064811457019	0.0314693276393408	0.552933662891891
RAB31	0.386568328584567	4.43556962504234	1.58023401983175	0.212521648033545	0.821860372963085
RAB32	-0.263793379318334	6.2468005312284	2.56215473195252	0.113538985940282	0.747695767550588
RAB33A	0.40968451585372	1.97998470788197	1.58004349832654	0.212548940263468	0.821860372963085
RAB33B	0.0262278295887271	1.66203827407858	0.0149901990026072	0.902873503843509	0.986209668274849
RAB34	-0.0133904952837492	5.93661129538344	0.0026981977109874	0.958707513677993	0.99613855283751
RAB35	0.122566703092545	5.39576870803014	1.81164455546279	0.182255353670789	0.800723337968762
RAB36	0.356979993787812	3.07411283749507	3.11654187765007	0.0814603809902135	0.692146328959781
RAB37	-0.0998869216202124	1.30623373494696	0.152848876784636	0.696905829994983	0.958477046484895
RAB38	-0.0269638307684168	8.47882063915126	0.0584217509535919	0.809649724895396	0.973470102656719
RAB39A	-0.429460565977983	-1.56089142013597	2.4098865523413	0.124666363441196	0.761695925904384
RAB39B	-0.445523119774155	0.380535747856122	2.24788925158778	0.137880318370046	0.771030437039626
RAB3A	0.0977264281408225	4.35161636952268	0.246683462915012	0.620833241736229	0.94707564222516
RAB3B	0.707678217975865	-0.214707716039431	3.53122548861432	0.0640020880804227	0.661962665032477
RAB3C	0	NA	NA	1	1
RAB3D	0.187002574202165	7.02295868339763	1.37741664478537	0.244154314596259	0.835552567213359
RAB3IL1	0.102003722969339	6.14805575143985	0.359693089681967	0.550435213398214	0.936399540905541
RAB3IP	0.542395264549264	1.50092573841579	4.32196396346401	0.0409491067458032	0.584755811848054
RAB40A	-0.106238303017203	-0.387001892090288	0.29976691842589	0.585610005185587	0.939937406593774
RAB40B	0.123663643021378	3.83108397026924	0.431094910672582	0.513407068600103	0.925694698653432
RAB40C	0.151965077226508	4.78280024940727	1.58854647944568	0.211334989379744	0.821860372963085
RAB41	0.0186510196062471	-1.23651921099498	0.0106824558899047	0.917948817024845	0.988572783713068
RAB42	-0.0921953495437824	1.95902543391585	0.178021521183178	0.674253175955638	0.954330429751876
RAB43	-0.125279799344012	0.525329639663266	0.406224256065874	0.525780273616224	0.92997644036224
RAB44	0	NA	NA	1	1
RAB4A	0.017191754281545	5.1663363680898	0.0313171370061289	0.859998756952717	0.982798824771553
RAB4B	-0.137040677049198	4.06560740368349	0.741698080663056	0.391787828047164	0.892304125442886
RAB5A	-0.128466768663831	4.75477018421291	1.30505415995615	0.256827197384449	0.840931559726613
RAB5B	0.0494139465397893	8.51894807203777	0.164484310888102	0.686184263216184	0.957041209454504
RAB5C	0.133437468473841	6.8885675573554	1.43211108011867	0.235086947982615	0.831603939379335
RAB6A	-0.0112694267284024	6.2493752969677	0.0108655057682577	0.917251359885242	0.988572783713068
RAB6B	-0.288929150828462	5.08924347695502	1.38297537131731	0.243213292396382	0.835552567213359
RAB6C	0	NA	NA	1	1
RAB7A	-0.293141343167832	8.82180869209043	5.84412334309005	0.0179907876968641	0.461635411372668
RAB8A	0.0510430322911349	5.06491254520134	0.309999624398109	0.579292965541182	0.938726343598925
RAB8B	-0.194871109792267	3.76191524308876	1.70983070393541	0.194892956648115	0.812653058709597
RAB9A	-0.0855855314264417	4.55151847936396	0.680141931505495	0.412081985089582	0.900802099830811
RAB9B	-0.334046457264968	0.358378781433621	2.55450896170186	0.114070286249806	0.747695767550588
RABEP1	0.0203483835877761	5.87959230753319	0.0241185402926655	0.876989524024464	0.984416808392997
RABGAP1	0.0235867436090705	5.34142141185056	0.0335686692400604	0.855108267119552	0.982602700385039
RABGAP1L	-0.204964278679792	4.68682264174762	2.78766765911663	0.0990478302499301	0.724003823114227
RABGEF1	0.0210884527370799	3.05755881992736	0.0230570925145116	0.879705318980625	0.984416808392997
RAD23A	0.070503505283657	7.60846234363191	0.235639030209411	0.628750255037508	0.948224878509287
RAD23B	0.100930328558868	6.95667811553957	1.44495347331199	0.233018322382325	0.829567572475611
RALBP1	0.0323732112552181	5.89249965652041	0.152732584493594	0.697015333808926	0.958477046484895
RASEF	-0.104896656779402	0.895519647667986	0.0896994317088134	0.765365482783096	0.9701828439173
RBSN	-0.0239574281658282	4.49674695427915	0.0374186885145925	0.847123769697202	0.980873339039958
RBX1	0.042859633237934	5.60904122441722	0.179688354813376	0.672821485720634	0.954330429751876
REPIN1	0.142437694200278	6.89637570860405	1.62752942091049	0.20587514840512	0.81804593256001
RER1	0.123669678335108	6.37991524722224	1.51445796813565	0.22220121638255	0.827672251033743
RFT1	-0.0421944515786001	4.66026106504902	0.131530815722989	0.717842361077576	0.963798425336073
RFWD2	-0.0971107805415109	4.79958601399053	1.119181135865	0.293398048444936	0.860404378492079
RNF185	0.0568687937287362	5.51998986842852	0.562905115931989	0.45537552862405	0.913179254808733
RNF5	0.0565858708810542	6.3773417544614	0.1089129147382	0.74228016104731	0.967208661816059
ROCK1	-0.0635925799507657	4.41712963962482	0.109511345661374	0.741598803161695	0.96713640536273
RPN1	-0.0614740119495565	7.88703960553096	0.283052867409105	0.596236928215011	0.942026434632912
RPN2	0.15285256648523	8.06946206826383	2.4457286360468	0.121940478410343	0.75846472293008
RRBP1	0.0427714375618179	9.45373484079771	0.0877072364820249	0.767908626258725	0.970375166668899
RUFY1	0.0239363075424849	6.03610519745587	0.0677409239481183	0.795348645992803	0.973223943371862
SAR1A	-0.0310204945323837	6.48091050178693	0.114122842060254	0.736416333304782	0.966889822356674
SAR1B	0.0121457607761415	4.68838119630153	0.00587845749431395	0.939083800213305	0.993231153336235
SEC11A	-0.135052546421668	7.25234150095555	1.68327077460961	0.198358910472853	0.814460691667998
SEC11C	0.0951541541523548	6.05530881722361	0.449017713116021	0.504803804568771	0.924349402661954
SEC13	-0.0754470822570995	6.49502156527853	0.459324148381467	0.499968738519223	0.922833987800673
SEC16A	0.11163008283366	7.54236241070548	0.682231845011579	0.411367786398716	0.900802099830811
SEC16B	0	NA	NA	1	1
SEC23A	-0.0658523862161996	4.39539092432138	0.150378022088377	0.699242877859366	0.958707408030641
SEC23B	0.122547416799856	5.18533004325883	1.2737739732291	0.262559323761511	0.846741840680377
SEC24A	0.0184238785777564	3.8750007602525	0.0108441742335025	0.91733233002552	0.988572783713068
SEC24B	0.0422548397658807	4.74694903269875	0.0781214899829913	0.780607841397024	0.971185607802876
SEC24C	0.227981821901421	5.62636356486017	2.69628356784042	0.104655235333736	0.734232817762916
SEC24D	0.127754211558921	2.98892689736034	0.29924992627346	0.585932875503784	0.940091643934235
SEC31A	0.104005561783141	7.63917097829211	1.36552521011357	0.246182573933269	0.835723224129398
SEC31B	-0.165658535195912	2.66543723728837	0.415806871081967	0.520950815785933	0.928541433029427
SEC61A1	0.0954643221539072	8.21708996342933	0.652084927049667	0.421852473560231	0.904465974498447
SEC61A2	-0.00551090769491581	2.19604705623529	0.00113179728747893	0.973249414493288	0.997176720376266
SEC61B	-0.0494965092601577	6.46679030734396	0.222309857222715	0.63861700658377	0.949612619446525
SEC61G	0.102247612574316	5.17686236833839	0.753834593421717	0.387959315343353	0.89228000246224
SEC62	-0.270808519620861	5.48926671607761	3.1297595620627	0.0808295227763958	0.691827754510196
SEC63	0.0739952472304584	6.26378584272734	0.259495533559932	0.611921832122289	0.946519516467664
SEL1L	-0.01319811564785	6.22176280541034	0.00834865568904332	0.927434790645059	0.990961628927776
SELENOS	-0.0595302673708045	4.99348934568519	0.199370402535742	0.656481088716923	0.952735976929545
SGSM1	0.329093381302065	2.28479606029012	2.48854301285153	0.118772112292634	0.75254042454482
SGSM3	0.204496474346289	6.63874944766025	2.28736912385579	0.134519018417653	0.770786975809279
SIL1	0.110143790632303	6.61962085805748	0.435074853080926	0.51147466678672	0.925688346416877
SKP1	-0.00645688586248072	7.53582732531987	0.00743040616276169	0.931531044046394	0.992057981341356
SMCHD1	0.096320087046843	4.79928988782637	0.238155843945581	0.626926167245755	0.948224878509287
SNAP23	-0.00299509340751674	5.08891661870489	0.000650876406342052	0.979712268454997	0.997840420432524
SNAP25	2.26772892166651	2.88481503397068	14.4413191529018	0.000287090515554453	0.0461728701489496
SNAP29	-0.0750131803655458	6.06790763092892	1.10760831925609	0.295889570702855	0.860404378492079
SNAP47	0.196122276461976	5.04244579185911	2.73974950739391	0.101945199908752	0.729756698482188
SPCS1	-0.105675371294666	6.39715633910825	1.42070372303799	0.236943370311373	0.833028390261437
SPCS2	0.098676823338594	5.09241790178415	0.906770051281697	0.343948541274707	0.873883234033352
SPCS3	0.0609680384290575	6.27527767153536	0.13220145687827	0.71715537975988	0.963530289243758
SRP14	-0.0588369663738804	7.91415071255551	0.517437920005985	0.474111287118389	0.917148905245017
SRP19	-0.129905365602499	3.24697995722086	1.02180696773403	0.315252501870238	0.865816645813693
SRP54	0.0352957765987844	5.11534147504493	0.126126933799923	0.723451720663474	0.964635891370381
SRP68	0.052581157561654	6.50297067038875	0.397303325334218	0.530348963194698	0.930221337853515
SRP72	0.0721658374707022	6.21473630486899	0.400481548223872	0.528713111499468	0.930221337853515
SRP9	-0.074672058889341	5.5639315125099	0.323552986175715	0.571133397822375	0.93823390205932
SRPRA	0.00638830759967854	7.91398099753728	0.00364829619217787	0.951992447776621	0.995844940604195
SRPRB	-0.274689294066437	5.25892688052403	6.19937633625336	0.0149321042861119	0.420561211843745
SSR1	-0.131342196750857	7.2381001137058	1.65183947713322	0.202555994608245	0.817067758924666
SSR2	-0.00675995109273436	8.22121265637795	0.00283957746199399	0.957640517373606	0.99613855283751
SSR3	-0.265499792122984	6.18023065299429	5.75949405106264	0.0188127116734138	0.469988526772717
SSR4	-0.0320943669651693	7.99912327904983	0.0375337992011679	0.846891764190752	0.980803482577789
STT3A	0.161647823838767	7.71307597926745	1.92847173838761	0.168924343872971	0.792611150347441
STT3B	-0.157584638540336	6.5226650958501	1.78613175210701	0.185328777683029	0.802138824209787
STUB1	0.117074433971671	6.26428266960631	0.709075123093637	0.40235535930084	0.895255801079878
STX10	0.146639307401754	5.72694058782221	1.4048177269971	0.239558802006453	0.834204958198718
STX11	-0.531712184911431	1.24575017988032	3.72997363257694	0.0571194399961049	0.649212960308305
STX12	0.0769562339747728	4.97784415323355	0.582100283608917	0.447818284935352	0.91045136397172
STX16	0.0211206341350386	5.84619300466192	0.0256599365412651	0.873152543815379	0.98427912393707
STX17	-0.0686035527557306	3.09161143773207	0.267977426998594	0.606173880446203	0.945559982578651
STX18	-0.0671236348985447	4.97563884737779	0.530248140332051	0.468708311694713	0.916449726417396
STX19	0	NA	NA	1	1
STX1A	0.0171674693502433	2.10995192060289	0.0282125525938918	0.867049883507924	0.983262452989839
STX1B	0.901883658947146	1.07785484111168	5.60912745274804	0.0203724532832299	0.482219449396609
STX2	-0.0480346816969445	3.04449287768914	0.0708452835712646	0.790820479145507	0.972630427389611
STX3	0.0305063167250611	5.58098774623392	0.0687154352078458	0.79391543957627	0.972950417819025
STX4	0.0896376167459833	5.13462830353969	1.12947347608975	0.29120500634497	0.860404378492079
STX5	0.148224215195788	6.10482438872243	1.30065853355744	0.257623151884482	0.841401827567969
STX6	-0.00114164675375714	5.59472682497208	0.000148361213019107	0.99031317942345	0.998229605954376
STX7	-0.103033250158841	7.56257272350087	0.57610267849386	0.450158196433037	0.91139705432711
STX8	-0.00627203613123273	5.19536057092758	0.00330395301699725	0.954311522651884	0.995880516787296
SURF4	0.0961339883509688	7.58626945585973	0.826474835684236	0.366126864654991	0.88247943764157
SVIP	-0.162332396022754	2.89499533588724	1.14204437116559	0.288555131938728	0.860404378492079
SYTL2	0.21871227136171	2.10681069936155	0.543540625157849	0.463206725559477	0.914267200855064
SYVN1	0.0420103472885154	6.33785095925056	0.198817579504657	0.656926562494031	0.952735976929545
TBC1D1	0.361877352222572	6.65885359050954	5.69992712810394	0.0194149459856727	0.474572713107109
TBC1D10A	0.214854377846179	4.14585528944383	3.65175738828036	0.0597271466525561	0.655615534827844
TBC1D10B	0.199949642016498	6.53225212059105	1.54652577328371	0.217416924892869	0.824772753086011
TBC1D10C	-0.372213525860616	1.40205914990526	0.794394642930314	0.375547533566924	0.885668725077376
TBC1D12	-0.100698531299268	2.9164739650543	0.346335847877009	0.55791474279757	0.936697993493409
TBC1D13	0.0863290043746935	6.44812937164552	0.427805842642654	0.515013706684013	0.925694698653432
TBC1D14	0.223545866027013	5.5478843866451	1.48030275637455	0.22743843377749	0.828369490667299
TBC1D15	-0.0131257704345669	4.63143960977591	0.00485480954772199	0.944631570200149	0.99425315379311
TBC1D16	0.232167470224715	10.6422769741679	1.87280696264513	0.175128334622152	0.794206115697085
TBC1D17	0.183440666848916	6.97138133511272	0.998191849699274	0.320873662040189	0.866010450825703
TBC1D19	0.0849959015711856	2.25438223241706	0.518030177997541	0.473859254026232	0.917148905245017
TBC1D2	0.211253507460996	3.4116056607042	2.11319759099512	0.150092266132363	0.784607979167529
TBC1D20	0.0729051867912216	6.78891297211928	0.680650944167282	0.41190786711705	0.900802099830811
TBC1D21	0	NA	NA	1	1
TBC1D22A	0.191172161811278	6.30524893299282	2.01027152889847	0.160266211537635	0.789327065289687
TBC1D22B	-0.168590853368612	4.95005593058589	1.93411878375144	0.168309424854505	0.792611150347441
TBC1D23	-0.250110158211408	3.55159378342311	1.84902334042504	0.177860155919401	0.796369621818584
TBC1D24	0.263485550788381	5.05716392371164	7.9739064135352	0.00603664519213953	0.273211281020124
TBC1D2B	0.148695925925068	6.07586396173265	1.18715516012962	0.27929780830034	0.852859160313012
TBC1D30	0.346053110216417	0.152671945422103	3.65960499706372	0.0594597722899202	0.654907177794007
TBC1D4	0.213948116495126	6.1901916747913	0.680712363321513	0.411886864875927	0.900802099830811
TBC1D5	-0.0482904351903724	6.03114772603631	0.151651740751958	0.698035393874796	0.958581348621384
TBC1D7	-0.0846038829752026	6.98450120075035	0.245026397055925	0.622006814180207	0.947583279185504
TBC1D8	0.392989785054721	3.75475705088925	4.10189278074549	0.0462962025003044	0.613637597967611
TBC1D9	0.342041312238648	2.83034361659785	2.34268296285758	0.129965315302231	0.764741845322849
TBC1D9B	0.215612162909506	7.74211899290755	3.7780535406878	0.0555778760857552	0.642570142447182
TMED10	0.0957981120266334	8.58132508289109	1.06981848277257	0.30421971860473	0.860404378492079
TMED2	0.0875306576427732	7.29812060064822	0.982877703876594	0.324590490033694	0.869031458260531
TMED5	0.0202418417718677	4.16650837992851	0.00855460787801106	0.92654774241194	0.990827790674551
TMED7	-0.0564227650777447	5.52478579656752	0.168855997938606	0.682270353694036	0.956617361034658
TMED8	-0.0908407269463833	4.64289775133204	1.23224475595653	0.27042096053619	0.850251834899353
TMX1	-0.037818378410776	4.52303167889534	0.0634622378957462	0.801775401772706	0.97340209303079
TMX2	0.150839333510443	6.98220896598305	1.46809975562401	0.229346015762339	0.828486496044368
TMX3	-0.0733479997606655	4.73155509134198	0.179103011224272	0.6733233569612	0.954330429751876
TMX4	0.221583309747535	4.77384875164177	1.69984540872423	0.196187469105245	0.812653058709597
TOR1A	-0.013668921294765	4.87446598346749	0.0334123236300818	0.855442279113604	0.982602700385039
TRAM1	0.138541682032035	7.3109382814771	0.496259062107322	0.483270874761757	0.921194708531034
TRAPPC1	0.0375558709661133	7.26070325106232	0.0453956854465173	0.83184044828696	0.978519066872497
TRAPPC2	-0.0880459077824104	3.07657295421706	0.395074657445319	0.531501547411634	0.930221337853515
TRAPPC3	0.0318576370094784	6.1154411003002	0.0815981839682073	0.77590917929468	0.971070182665672
TRAPPC4	0.0793055429451738	5.49959762522378	0.742129686539099	0.391650740281984	0.892304125442886
TRAPPC5	0.187936651519014	0.948113440048941	0.928276956377097	0.338323119335813	0.871881654533897
TRAPPC6A	-0.0225033757142015	5.51361425751669	0.0185209071207778	0.892103615336388	0.985261251613511
TRAPPC6B	-0.097960434416867	3.6457706763687	0.300610997573392	0.58508364203874	0.939929557534118
TRAPPC9	0.165510926426695	7.70546355196569	0.608240408889557	0.437838625699028	0.908166122472227
TUSC3	-0.16850439712961	4.92168922061541	0.851636823978759	0.358968583256448	0.878977637885699
TXNDC12	0.0402185119156288	5.81575837734385	0.197040432247451	0.658363674169464	0.952951159356417
TXNDC5	-0.222130014555869	3.22492044038305	1.01096898922123	0.317815899808445	0.865816645813693
UBA1	0.242532511543843	8.77127841450426	2.71254943312405	0.103631785084732	0.732063021779795
UBA5	-0.280073821065464	3.72700718169077	3.5817725678451	0.0621701420533076	0.657201155402717
UBA7	-0.0259486044308592	4.79043253570675	0.006330745515267	0.936788600480931	0.992580574249832
UBE2D1	-0.228561702703581	3.2249349246718	2.99646293707534	0.087446525875735	0.702362058851767
UBE2D2	-0.0130306334920843	6.36143878164055	0.0274619995580068	0.868813718448893	0.983262452989839
UBE2D3	0.0221233732186424	7.57890577527206	0.0750552192534186	0.784846375855878	0.971550080864831
UBE2D4	-0.0915659122804918	4.59031069019506	0.685428440610907	0.410278953060613	0.900183821396348
UBE2E1	-0.133906500716949	5.727319841577	1.45961198491685	0.230684370413193	0.828486496044368
UBE2E2	-0.233457847091151	3.7215457274428	2.27998019526641	0.135140942006227	0.770787139876113
UBE2E3	-0.267375045996983	5.51527155694315	8.45803023155738	0.00474524812053846	0.234842029924237
UBE2G1	0.0707742149450301	5.06197244433466	0.597095979239472	0.442050526422296	0.908784671908008
UBE2G2	-0.0805371747863196	6.82198832251751	0.53847608001287	0.465290523431599	0.914786967755228
UBE2J1	-0.156341184545865	5.68170957212912	1.56879368209712	0.214168000297077	0.823314672545984
UBE2J2	0.0638054343531009	5.24994704053862	0.420310546886562	0.518708259926397	0.927754795790177
UBE4B	0.152227593231836	7.30263461169361	1.19253901885762	0.278218547102415	0.852859160313012
UBQLN1	-0.0741967383221609	7.46360497557845	0.300913062264114	0.584895510140536	0.939929557534118
UBQLN2	-0.0118084082147946	5.48068263528494	0.0158318881084138	0.900198101998947	0.986209668274849
UBQLN3	0	NA	NA	1	1
UBQLN4	0.116582352261416	5.69599558172416	0.517022481451383	0.474288206307196	0.917148905245017
UBQLNL	0	NA	NA	1	1
UBXN2A	-0.0975713159645469	4.30388574143749	0.412367054433516	0.522675272876726	0.929083779279948
UBXN6	0.130481961907506	8.00140655245616	0.765439375101311	0.384348821770992	0.889009477201422
UFD1L	0.0687342765435059	5.59734115889412	0.770468523856799	0.382799135969034	0.889009477201422
UGCG	-0.172402271837164	6.10838616284611	0.824852584094085	0.366595212217137	0.88247943764157
UGGT1	-0.0194720945332052	5.84645544323281	0.0460241731475231	0.830698241947544	0.978421362545727
UGGT2	0.0494810947835026	3.78846416180751	0.0614978510956433	0.80480325295391	0.973470102656719
USE1	0.0666228257187867	5.92149156410704	0.164167291331779	0.686470435755725	0.957041209454504
USO1	0.0440587552635985	5.72941912571082	0.0408653891585898	0.840330414780372	0.979929325987664
USP6	-0.207340503571199	-0.0383076248930414	0.333896202456266	0.565057581410133	0.937408566397193
USP6NL	0.00754026882648329	4.02970038987895	0.0029577062664312	0.956769261973718	0.99613855283751
VAMP1	0.369022062168735	1.94934614172886	2.28982554773878	0.134312984305112	0.770786975809279
VAMP2	0.311451695191783	7.02843096096506	2.61094107141179	0.110213522886753	0.743611788831583
VAMP3	-0.0635963196758116	6.87043721690306	0.202585509803045	0.653904904660665	0.952715078324531
VAMP4	-0.0891724168078848	3.19667663132817	0.260015413525713	0.611566133620766	0.946519516467664
VAMP5	-0.0824005224879436	5.08214944429386	0.192400044213717	0.66215317634983	0.952977204415348
VAMP7	-0.116641104780564	5.05598559253822	1.3820947227572	0.243362075461284	0.835552567213359
VAMP8	0.0192489198835206	5.11404035810945	0.00282200775150458	0.957771643850621	0.99613855283751
VCP	0.0800534980081457	8.6093878911926	0.705821321291668	0.403432178836628	0.896006102675245
VPS45	-0.0958129434995619	5.11467939154053	1.50003163644911	0.224395179797003	0.827672251033743
VTI1A	0.00639799625829246	4.16130351549468	0.00859946779440803	0.926355961407151	0.990827790674551
VTI1B	0.00976707907823636	6.41006290798763	0.0209510930126758	0.88528996138366	0.984652274914545
WAS	-0.126672327993947	2.50228566544558	0.179651672931694	0.672852908230894	0.954330429751876
WDR38	0	NA	NA	1	1
WFS1	0.0699300343148671	6.60441195130824	0.195379162352859	0.659714124864977	0.952977204415348
YKT6	0.0983053001600794	6.99454357168043	0.764904760146113	0.384514087655503	0.889120957758482
YOD1	-0.191096812638957	3.97121179969547	0.873069315678229	0.353024100372453	0.877227634157677
YWHAQ	0.030854622203565	7.56662892752319	0.0683345572108712	0.794474292408712	0.973064896250638
