pspGenes	logFC	logCPM	F	PValue	FDR
A3GALT2	2.03801478919626	-2.88941369693474	73.3334996178358	8.88026190171532e-17	3.27706331567467e-16
ABO	-1.01170607472131	5.30102821859431	25.5967594897577	5.57120271045264e-07	1.02511673141777e-06
ACAP1	1.69489230621021	4.04485856395165	177.474989918968	9.83887907948862e-36	1.25380823569311e-34
ACAP2	0.146704366377542	5.9198669021712	4.49087102452232	0.0344786439813974	0.0428303132725105
ACAP3	0.729762682026709	4.84791416185101	62.3084651873682	1.36281657474087e-14	4.30456923334106e-14
AGAP1	-0.0937417738924476	6.03238451563031	1.35066953602126	0.24561439317879	0.275963059318355
AGAP2	2.57439743802816	2.86470998274434	402.323470003082	3.74105078472887e-69	2.51644859114547e-67
AGAP3	0.788821654927311	5.69514619670023	152.427418407688	2.00760373042125e-31	1.95463653782677e-30
AGR2	-2.31906858794082	2.11628690697904	38.7645524139844	8.88663551972896e-10	2.00558825923043e-09
AGR3	-2.26451855914714	-0.811605259100878	50.8361120451196	2.84304038443151e-12	7.63874840877188e-12
AKAP10	-0.0315636258833171	5.17657479478824	0.478795938637232	0.489230802839323	0.522714429445102
ALG1	-0.0114942798888405	4.46982747465205	0.0317790114720246	0.85857256858365	0.872729375541053
ALG10B	-0.233874922387106	4.14226157928097	12.5465956957308	0.000427153084183399	0.000630140327952523
ALG11	-0.57486545803781	3.15509212317084	56.8344180145563	1.7186809082846e-13	5.02148138697183e-13
ALG12	-0.13482907061213	4.32972466021769	5.37130306815968	0.0207998166005793	0.0264413725217642
ALG13	0.296894710113098	5.04114127842327	29.9723713739632	6.40343268019795e-08	1.26563420600208e-07
ALG14	-0.0561577220806103	3.72086284484052	0.848863792478171	0.357237229705763	0.391188311625541
ALG1L	-1.11536118776515	-1.18926451006453	39.554131664009	6.07691501773485e-10	1.38833733466221e-09
ALG1L2	0.197583930706861	-2.19700793450257	2.52877493816017	0.112303698441215	0.131848473590214
ALG2	-0.2011275500918	5.54504830457843	9.05845549377688	0.00272250762246815	0.00375367274811784
ALG3	0.282842213712768	5.05823565364	10.2554277531221	0.00143357362554283	0.00202552785060744
ALG5	-0.00209605744472139	5.21219314951307	0.0010001117145073	0.974781787639003	0.977725635997293
ALG6	0.0799942886803192	3.88481756596364	2.32558892664179	0.127778945147794	0.148881186308406
ALG8	0.0191946045206058	5.0836812403399	0.135975255991792	0.712443002346	0.737335355133144
ALG9	0.037929982402835	3.59566000733654	0.759231638610806	0.383910972139579	0.418105280556979
AMFR	-1.4905103901198	7.45343654163181	374.873440715096	1.68819916908975e-65	9.99007837922376e-64
ANKFY1	-0.554857700180264	6.17313222655726	88.8320355791556	8.72909040520371e-20	3.9857695835412e-19
AP1B1	-0.0637028352443322	7.15657664588544	1.08123391186595	0.298832558650024	0.331329539447969
AP1G1	-0.662923046949559	7.14154588606682	161.94452477988	4.44906699823944e-33	4.81906686274855e-32
AP1M1	0.2018227640144	6.28595115745812	10.8647178006227	0.00103686051937833	0.00148282383335391
AP1S1	-0.0839718494104186	5.74147454032247	1.25112503703139	0.263776825991253	0.29494782705949
AP1S2	0.64038633139535	5.22596317363706	63.4893348797405	7.91314994859851e-15	2.54142867320516e-14
AP3B1	-0.644684015599158	6.29750998027782	127.089378780577	6.50723279920513e-27	4.7304288775617e-26
AP3B2	-0.497503366500624	1.14337949720679	5.35833716648891	0.0209536271128033	0.0266267096650813
AP3D1	-0.264697825411788	7.25504817167864	28.5261244429807	1.30540668087675e-07	2.51721137316898e-07
AP3M1	-0.421612611102925	5.62767317053752	60.8749107730908	2.64052500443187e-14	8.15704561885303e-14
AP3M2	-0.12729134879024	4.8434717737411	7.07550153363101	0.00801936224848805	0.0105912344637801
AP3S1	0.933714849904615	5.83285792066032	150.765810416963	3.92374850621988e-31	3.76232399170921e-30
AP3S2	-0.641876829597321	5.23673090391665	114.220644507746	1.4670280635918e-24	9.25865454860671e-24
APPL1	-0.649280767100782	5.95281320121237	89.5989058219494	6.22377673683083e-20	2.87193032125035e-19
APPL2	-0.158514940813632	5.58953472747929	7.45073385301351	0.00652357902664088	0.0086830725747845
ARAP1	0.317780435768713	7.03952428521061	20.481215042096	7.237772647402e-06	1.22294193476293e-05
ARAP2	0.144370811003541	4.72582481536895	2.61002516700003	0.106705760697499	0.125627971540791
ARAP3	0.853507125542815	5.490294364328	61.3201119030166	2.1498366168718e-14	6.70042919768723e-14
ARF1	0.211501719170968	8.96322977252522	14.3853616925656	0.000163742770215606	0.000249721352578846
ARF3	-0.301065895305703	7.9945070283461	38.3714614877045	1.07402077183533e-09	2.40999340492058e-09
ARF4	-0.438806165875869	7.21588630176728	37.6515121665865	1.52012954679206e-09	3.36806554855445e-09
ARF5	0.160424803154241	6.83806944315426	4.72555636021492	0.0301003797428214	0.037620165095572
ARF6	-0.400557604944177	7.02825606641801	46.6307899282215	2.07126834163552e-11	5.23780335369333e-11
ARFGAP1	0.59534923358413	6.13513306344162	55.1498357499892	3.76781641437284e-13	1.0773878834469e-12
ARFGAP2	-0.377282033222044	6.55921631066207	88.3814749313511	1.06504395460504e-19	4.83234594840437e-19
ARFGAP3	-0.112390252465378	6.39666842695089	4.20682253502896	0.0406871608433124	0.0501255558773502
ARFGEF1	-0.846267087509875	6.35149312539793	140.247850775865	2.82632215946208e-29	2.38777042215922e-28
ARFGEF2	-0.808200670448012	6.44959084279022	113.198118597991	2.26611627960492e-24	1.41605619823854e-23
ARFIP1	-0.583239573277007	5.47221794793351	114.668950489576	1.21264031386191e-24	7.70441251537804e-24
ARFIP2	-0.20769013886108	5.59565695034579	18.1779073619292	2.33015647188066e-05	3.79224901738755e-05
ARHGAP1	0.422135925167535	7.51288549371914	31.3947169299178	3.18632331876213e-08	6.4405181117923e-08
ARHGAP24	-1.72502194261584	6.47771191686884	462.788640609656	7.28467153974726e-77	6.56114314613846e-75
ARHGAP5	-0.844831240466894	6.83246474305819	109.728755624971	9.95674110659596e-24	5.9812482749775e-23
ARHGDIA	0.237228082275505	7.72977675405658	13.7635378376337	0.00022620258737226	0.000340869030539981
ARHGEF1	1.04390360811745	6.48191720587093	176.188464499641	1.6250408274037e-35	2.04306077129761e-34
ARHGEF11	-0.260853975945768	5.78759194343524	30.3797841808382	5.24176712918795e-08	1.04262428973292e-07
ARHGEF2	0.38381729356402	6.27169767103151	34.2330511056631	7.97072295438658e-09	1.67947746945322e-08
ARHGEF6	1.0617528416754	5.6702785600292	160.216450560674	8.85332489061185e-33	9.3980360504817e-32
ARHGEF7	0.554309862858688	6.52966941290661	101.553694706026	3.35662519166886e-22	1.81862829002124e-21
ASAP1	0.944089836973337	6.16735062521771	130.06138910051	1.88825784602155e-27	1.41966641111468e-26
ASAP2	-1.25958037652562	5.16069757244086	166.143789717661	8.41274302163923e-34	9.53205040874006e-33
ASAP3	-1.21782803942973	4.40976435050226	146.961557206456	1.83009229190224e-30	1.6819630645397e-29
ATF4	0.846924708031341	8.0430229649335	132.835514920757	5.97756692646622e-28	4.66854653839528e-27
ATF6	-0.693284337314783	6.43763578546254	138.976777503182	4.75904025333342e-29	3.96636447713517e-28
ATF6B	0.0655284807772838	6.57352870673249	1.99274556338369	0.158562617884135	0.182594753919363
ATXN3	0.0513378229442605	4.66019649680269	0.773886654065421	0.379362866926093	0.413508015024052
ATXN3L	0	NA	NA	1	1
B3GNTL1	1.20493756471669	2.31302080052692	165.428833507079	1.11636508001183e-33	1.25526111620459e-32
B4GALNT1	3.68387136403617	4.36860046953768	82.6276341443878	1.36792215225668e-18	5.75090056731963e-18
B4GALNT2	-3.70095938690657	3.49371426330269	220.559249279304	7.89465462489707e-43	1.49722322186663e-41
B4GALT1	-0.36729226662064	7.83252183858578	15.1979283193617	0.000107514942602453	0.000166482430499864
B4GALT3	0.0665648376601192	5.36843763657398	1.9493070360993	0.163168064957065	0.187556802332217
BAG1	-1.32021628287561	6.27939962246963	207.770754040073	9.19706819835177e-41	1.55350350941009e-39
BAG2	-0.743423700221722	2.9395111265746	35.9405524149074	3.47830991963749e-09	7.52019389214289e-09
BAK1	-0.245799090941457	4.56830703828336	11.2672792506092	0.000837763827047952	0.00120555594046058
BAX	1.12405879690695	5.71828717280719	230.918860549834	1.76604312923908e-44	3.66591921436582e-43
BCAP31	0.158413257574839	8.07511243137845	5.13678577211059	0.0237724519447495	0.0300263380952649
BCL2	0.632282939278716	6.77459350068935	36.3981593841466	2.78668860128425e-09	6.06357514831893e-09
BET1	0.210346051974924	4.97362564345558	7.6152571932197	0.00596097967685106	0.00796656254785637
BET1L	0.185006843030179	6.55677152720714	13.0343556538831	0.000330891997603854	0.000492565430911222
BNIP1	0.0688380452674625	3.4180317666264	1.02914078380648	0.310761693977015	0.343638180829419
CALR	0.29946229147833	10.1071235769586	17.4958812057092	3.30077791592669e-05	5.30849641221307e-05
CANX	0.428051674520846	10.4012401486398	26.5118824514219	3.53615508800951e-07	6.61193812022608e-07
CAPN1	-0.403749305185298	7.49373512552738	42.2366130064178	1.67865987016591e-10	3.98873124220249e-10
CAPN2	-0.830055276844199	8.12298336434155	202.286052858371	7.24314253080148e-40	1.18067666897789e-38
CKAP4	0.223661221604277	6.46792760032522	5.5419988729744	0.0188806493394078	0.0241240131256583
CLTA	-0.124103331253827	6.99543799292995	3.39698142253595	0.0657995312814395	0.0792840935172032
CLTB	-0.0156843177021759	5.87909335875992	0.0385893976203792	0.844329601728648	0.859632812887695
CLTC	-0.615779834852068	9.03066542921103	86.5029810154725	2.44475386977828e-19	1.08424487264245e-18
COG4	-0.0402518553213757	6.00766639456309	0.907897500107941	0.341049290605761	0.374712800371958
COG6	-0.315733412461175	5.03088069067807	26.0656918637139	4.41289484411277e-07	8.18789217933494e-07
COPA	-0.0989780766888441	8.15623036764171	3.15561520925002	0.0761631928054037	0.0911187371263711
COPB1	-0.175294334049844	7.34364406401672	8.6678984099701	0.00336158026314957	0.0045980534152836
COPB2	-0.162352670531218	7.28284696471315	8.0920000170958	0.00459485372450202	0.00620446528739232
COPE	0.342024497721284	6.78416446532011	16.8643082037016	4.56083957955621e-05	7.26333658767732e-05
COPZ1	0.0610029603151107	7.48410643145356	1.12801571541513	0.288618164750403	0.320713673096826
COPZ2	0.562062824887084	4.29784228572722	22.2361515100465	2.98887606356598e-06	5.20170544369871e-06
CRYAA	0	NA	NA	1	1
CRYAB	0.93320072361546	10.0386378832131	34.8144088427232	6.00796061104102e-09	1.27746089496927e-08
CTBP1	0.223646004342536	6.88586685276451	22.4677486863719	2.66064064495092e-06	4.64536876963767e-06
CTSA	-0.205471570424136	8.02996606340174	5.66448444998814	0.0176172918559631	0.0225825667991577
CUL1	0.181672991081403	6.11663551256021	15.6566565595044	8.48509879643109e-05	0.000132484618335296
CYTH1	0.353954208257427	5.6576990530125	48.0463696486778	1.05962062968283e-11	2.73314436760245e-11
CYTH2	0.245232818946564	6.19758074910186	23.3235697458871	1.7322750911507e-06	3.07150811957786e-06
CYTH3	-0.26045396916518	5.31189895749207	15.2041005437997	0.00010717264746784	0.000166000772019383
CYTH4	1.84550598492778	4.71843227054927	204.529716086488	3.1084160164162e-40	5.14583262032265e-39
DAD1	-0.28918892847109	6.82551659214909	20.990735574515	5.59566406514502e-06	9.53912448421038e-06
DDIT3	0.283632341529602	4.89219629733449	4.99554820104388	0.0257728390346697	0.0324235006226882
DDOST	0.364107146004148	7.96485140318999	32.6622934205699	1.7140962362959e-08	3.52962311304725e-08
DERL1	0.489451348614938	7.0105800122266	41.7733677322446	2.09521883415764e-10	4.94492489106132e-10
DERL2	0.0626049888299362	5.6260434268548	1.5296795319278	0.216635232673989	0.245123845164291
DERL3	2.03079525548204	3.44835180353756	76.9803101958247	1.71421959543413e-17	6.68822535252348e-17
DNAJA1	-0.491817677504358	7.45799830222975	56.6456929832502	1.87644078515552e-13	5.46797890563525e-13
DNAJA2	-0.175816406977124	6.60141119872734	12.140386652107	0.000528687383530822	0.000773781193148283
DNAJB1	-0.297540646864457	7.16618376238476	13.3771864016529	0.000276652586583104	0.00041409831702513
DNAJB11	0.336850974187288	5.93633015280767	29.0469369189752	1.00976068412944e-07	1.96408062791503e-07
DNAJB12	-0.0437097923911083	6.04656091979663	0.672905368554983	0.412360068222159	0.446489547767341
DNAJB2	-0.278714540287435	6.74180571380635	17.807445748134	2.81499862905717e-05	4.54982137441748e-05
DNAJB9	0.512260777695795	6.80631440658936	21.9239013079748	3.49690557848655e-06	6.05334427131328e-06
DNAJC1	0.615722780880224	5.79574524754902	63.1959415270812	9.05653495442806e-15	2.89569354680089e-14
DNAJC10	-0.295555579233197	6.94639144234902	25.5639252322934	5.66293709613739e-07	1.04127500791952e-06
DNAJC3	-0.102901825635557	7.165751179493	2.20425937675945	0.138145160283672	0.16031258336553
DNAJC5	-0.307029619426614	6.63077587587368	31.4646350612315	3.0790489454456e-08	6.23117110729069e-08
DNAJC5B	3.63006053552162	0.590140243079657	197.352352154588	4.69287509928044e-39	7.29606152064841e-38
DNAJC5G	0	NA	NA	1	1
DNAJC6	-1.51577449441924	3.6716234871727	152.225048810569	2.17814692308241e-31	2.11602792491041e-30
DNMBP	-1.10840166411932	5.09593430080244	375.16073360468	1.54400516302168e-65	9.15719133515313e-64
DOCK5	0.452179873046575	5.23937959225572	32.0479798678578	2.31432004782054e-08	4.72284820818677e-08
DOLK	-0.40637898634335	4.27801546863187	38.3566980373231	1.0816931261859e-09	2.42598010996533e-09
DOLPP1	-0.418916165857755	3.45651313151922	38.2235764298226	1.1534093145194e-09	2.58289806041134e-09
DPAGT1	-0.132414389287825	5.27840974165329	6.38433544919331	0.0117642353100941	0.0152953480225681
DPM1	-0.147778313653964	4.77012897954638	7.21789945295497	0.00741417156215828	0.00982075569103871
DPM2	0.236300147405401	5.38761523449527	9.38619727104587	0.00228242395262211	0.00317275318725382
DPM3	-0.0906333440072828	4.09891476244517	0.54466384956284	0.460789339265186	0.494533778094114
DPP6	-3.47775067378291	2.05514237418984	191.904688085567	3.74434647117846e-38	5.49957356214548e-37
EDEM1	0.156890899234158	6.13435347131452	6.30580360094927	0.0122910292914364	0.0159529406611042
EDEM2	0.532067876290422	5.51856835224421	62.44692013808	1.27859116198868e-14	4.04671437451332e-14
EDEM3	-0.0538667262225502	5.84439069815341	0.66267632124159	0.415933502429676	0.449991984997618
EEA1	-0.160194660852417	5.58573122229768	4.36778986587802	0.0370369148429946	0.0458560497380413
EIF2AK1	-0.246468109310899	7.336311794919	23.4119912751029	1.65725793591061e-06	2.94202868692089e-06
EIF2AK2	-0.197301259615804	6.28438657063751	10.2560867175314	0.0014330701764964	0.00202492419642146
EIF2AK3	0.0275122173040542	4.88940909393041	0.134068790690972	0.71437674090904	0.739221482492238
EIF2AK4	-0.0966167453194164	6.0660924931616	3.19924425934286	0.0741671142409469	0.088870759690717
EIF2S1	0.00947937671619643	6.07252569409366	0.0223313842328888	0.881258165463315	0.893703414364897
ERLEC1	0.003609067963919	6.31069930288023	0.00361209932949564	0.952095030240665	0.957102075346921
ERN1	0.326426189657586	5.17623138571815	22.7421214306297	2.31836568920594e-06	4.06728137089481e-06
ERO1A	1.37934096957643	7.12650289126358	180.886589510529	2.61112410163907e-36	3.43793693659812e-35
ERO1B	-0.176285371038713	4.95075659916892	4.8795658775802	0.0275463844603859	0.0345581677658272
ERP27	-0.7585547561582	4.92590823106654	5.01409216424538	0.0255004980236793	0.0320975997199849
ERP29	-0.438816612430712	7.14140444036814	48.0382275750969	1.06370794516173e-11	2.74342070500361e-11
ERP44	-0.00407328692719573	6.37160856076054	0.00589972502436524	0.938800078540514	0.945597561955398
EVI5	-0.452951027544988	4.41711596155056	51.619101198999	1.96768139337679e-12	5.35120722845664e-12
EVI5L	-0.543292509256856	4.25362563825618	39.1940467085959	7.22638951588694e-10	1.64191183031568e-09
EXOC1	0.0944504447012404	5.58280865738499	5.98586055942355	0.0147014717008715	0.0189556026152353
EXOC2	-0.288234762115849	5.20767477594147	31.8097927721145	2.60034101623982e-08	5.28785097210255e-08
EXOC3	0.649547823921627	6.81593476227634	52.914655429062	1.07153434235199e-12	2.95768413425019e-12
EXOC5	-0.163691072115515	6.10878494158812	5.15389886313416	0.0235412916075909	0.0297442635414756
EXOC6	-0.243272130368646	4.36473095351546	11.3103232278086	0.00081891106009116	0.00117906507351372
EXOC6B	-0.460961079055251	5.23862998574193	67.3071523355352	1.37500761394839e-15	4.6557859440052e-15
EXOC7	0.208378982221801	6.47086810123652	17.1760798065486	3.88754963575791e-05	6.21717791152568e-05
FAM71B	0	NA	NA	1	1
FBXO2	-2.60990693350303	3.16427790707275	203.570328229893	4.46177494506187e-40	7.34051766503368e-39
FBXO6	0.887020524011138	3.96572941042278	74.0426047364642	6.4445168333555e-17	2.40898722935081e-16
FBXO8	-0.553554510940023	4.79022043795684	81.7437800708885	2.02888881029404e-18	8.41123040872408e-18
FUT8	-0.0461108446410452	4.75111458833583	0.254494170673739	0.614109910907411	0.644631018205196
GALNT1	0.464960987271863	6.36771652498938	37.3020339006653	1.79969815496377e-09	3.96730938167987e-09
GALNT10	-0.244160151449521	5.87992226973476	8.31984308984429	0.00405947355937722	0.00551263479876585
GALNT11	-0.365891711456195	7.41439230216351	11.9432537930968	0.000586453641619566	0.000854795833991545
GALNT12	0.413951511627847	3.71375979626498	14.8575699088891	0.000128203914713734	0.000197105544146737
GALNT13	-0.491894550948376	-0.364390656654936	4.0577440167633	0.0444064510834858	0.0544651897377195
GALNT14	1.0108622914834	7.88902345326257	56.5384047858525	1.97252516763455e-13	5.73852991394393e-13
GALNT15	0.0815192483699025	5.20673202989645	0.223221434679965	0.636764768406852	0.665938750553809
GALNT16	-1.1254513702674	3.54485593570648	55.2213571261077	3.64414470934388e-13	1.04281017692264e-12
GALNT18	-0.398928110419318	5.88670867939435	17.9045436718846	2.6788578313516e-05	4.33716730114021e-05
GALNT2	0.681632220227303	6.84457459613476	32.4719721302099	1.88109419061016e-08	3.86159875179727e-08
GALNT3	-2.6945351444863	3.51836771183658	333.487194870191	8.61929525448165e-60	4.02486247647763e-58
GALNT5	1.7161049368593	2.34849661137201	20.1526811440632	8.54611263894226e-06	1.43733518683818e-05
GALNT6	-1.2850139990942	3.32980502455861	192.302975301038	3.21530962697256e-38	4.74615426603671e-37
GALNT7	-0.376435436555205	4.49805857431945	17.6331751994062	3.07708094901895e-05	4.96014322729076e-05
GALNT8	0.335235952119536	-1.14352112921742	4.20524776808537	0.0407246859027299	0.0501694595899264
GALNT9	0.453231773800606	3.68562369785773	3.41775727762669	0.0649810069538034	0.078340458040862
GALNTL5	0	NA	NA	1	1
GALNTL6	1.30250049311018	-0.835722868983349	12.9892364259864	0.000338790132123277	0.000503955537482671
GANAB	-0.0570893534432195	9.02083598431018	1.01985745590058	0.312952168669714	0.345930820050518
GBF1	-0.586395139199608	6.56506630777721	164.564337795579	1.57227740779935e-33	1.7560071763442e-32
GBGT1	0.890890791900157	3.35018001046266	84.9584251153752	4.85002438811381e-19	2.10805084233901e-18
GGA1	0.106974741191691	5.72897780893287	4.25924434653786	0.0394585452721326	0.0486773863813058
GGA2	-0.411567504968268	6.95101668671809	42.5325998860024	1.45714019200685e-10	3.47760845249457e-10
GGA3	0.180728465758689	5.13779378117778	13.8814739294802	0.000212737823626536	0.000321297901060587
GIT1	0.610043885447844	6.31393668177051	102.324461014804	2.40473229651539e-22	1.31712506943751e-21
GIT2	1.19862596161254	6.08479104241392	175.907627592836	1.81335333336555e-35	2.26946764331241e-34
GLT1D1	-0.0518925608888786	0.106613844855602	0.0801969048650435	0.777126571414954	0.797599389775005
GLT6D1	0	NA	NA	1	1
GLT8D1	-0.501995361819748	5.35204843728876	108.858819330657	1.4448377856597e-23	8.59206355527714e-23
GLT8D2	-0.261376654504685	2.49939988452142	3.36315295910251	0.0671560112466933	0.0808415738865821
GMCL1	0.0755951157971095	5.43096486733754	1.14005847675337	0.286061221556657	0.318058402295463
GOLGA4	-0.908605441157802	6.38686846519513	132.518197377321	6.81656483967502e-28	5.30044272139787e-27
GOSR1	-0.254816074442313	6.02965289644929	31.9181717961844	2.46603789986425e-08	5.021660560959e-08
GOSR2	-0.474384001978506	4.58925503646129	100.823644573689	4.60512935887834e-22	2.47138531741865e-21
GPAA1	-0.133005881958965	6.77732789614748	2.82597317384537	0.0932611950905657	0.110553669740177
GPLD1	-0.538391808560571	0.674027863205167	19.6175132022744	1.12073526994072e-05	1.86824368670086e-05
GXYLT1	0.164127781684571	5.24054269939957	5.6714598176249	0.0175480344127658	0.0224959603564213
GXYLT2	1.86620437342241	3.23674362128316	56.760374940435	1.77892302143501e-13	5.1940642504976e-13
HAS1	-0.273111163298309	-1.38418766522608	0.900667163162127	0.342977714397236	0.376738098786
HAS2	-1.1288721877317	1.05479408566481	32.7072952743817	1.67683771814725e-08	3.45537289988928e-08
HAS3	0.383708598998495	1.86529738543299	9.03751524749862	0.0027534033076479	0.00379371115350574
HERPUD1	0.0864878321247932	8.0902589587853	1.24479827514982	0.264986466384282	0.296138397973937
HSP90AA1	-0.970631127067632	9.48989785907299	163.198601658835	2.70289975861973e-33	2.96637945421422e-32
HSP90AB1	0.0193467820817726	10.1241421482977	0.0820745542472269	0.774602494308162	0.79522384273281
HSP90B1	0.298046581217438	10.0708940787656	15.4610621150806	9.38569344382129e-05	0.000146082757191923
HSPA1B	-0.860653560646852	5.92402556367401	56.1325029917195	2.38292763495254e-13	6.90526636063792e-13
HSPA1L	-0.146549660004116	1.97896745504446	4.96222945689093	0.026269805228091	0.0330252531303703
HSPA2	-3.99833943124096	5.88198619953333	1148.75261807339	1.57096212341748e-142	1.43932633169663e-139
HSPA4L	-0.0891924752589112	5.48142852708358	0.735934114412037	0.391302482374912	0.425492406658539
HSPA5	-0.0168920785005134	9.39119141457709	0.0485500377207664	0.825679327571516	0.843164600237334
HSPA6	1.94550691003115	2.66067671325425	129.389422197747	2.49663595092765e-27	1.85918209686512e-26
HSPA8	-0.757745381314934	9.92661785110451	78.3906915680538	9.09743158710582e-18	3.60666602908686e-17
HSPBP1	-0.175770366505642	5.12369779173421	4.74287453187415	0.0298012395565125	0.0372638211217722
HSPH1	-0.749646434017118	6.07643936178986	72.4881901512886	1.30201611882273e-16	4.7493915811532e-16
HYOU1	-0.196011718773597	7.4479177870646	5.89250944222989	0.0154930419964131	0.0199442890428632
IFT27	-0.0511813147190737	4.39091293766673	0.583527507124792	0.445227538633037	0.479167842736544
INPP5B	0.152615547850364	4.44691760133021	8.23324669481747	0.00425502208581134	0.00576374900943193
INPP5E	0.332845226390608	4.01584771201997	20.245326194818	8.15474232850629e-06	1.37359898357051e-05
IQSEC1	-0.215806866613374	6.15540000781347	11.4110408103223	0.000776460498815162	0.00111958297354528
IQSEC2	-0.215340088949781	4.63696709923814	11.2624783853911	0.000839893643539381	0.00120848987917477
IQSEC3	1.11484890833722	4.07212552152057	14.7223323542217	0.000137501456540364	0.000210863078626196
JUN	0.0158597436528034	8.63591842327673	0.0185421502929324	0.891732041301349	0.903428671447299
KDELR1	0.0867446693298344	7.74604505019114	2.0209606861455	0.155650653931665	0.179459226511796
KDELR2	0.28025386626949	8.0335714807633	18.5043370288329	1.97310535848767e-05	3.22995560193564e-05
KDELR3	0.509505337281597	4.58356448165709	8.8286063180871	0.00308189526616381	0.00422942808852706
KIF20A	2.25496869897705	2.92076424923711	127.703751680189	5.03655930987888e-27	3.68653941772677e-26
KIF23	0.531960880559118	2.52124876325115	16.9567407889544	4.34979612782241e-05	6.9388858739338e-05
LARGE1	-0.789091129338245	4.00601426013155	106.097850585699	4.72491837364844e-23	2.7155760585732e-22
LARGE2	-1.50214354274002	3.73135461170796	84.3396014991399	6.3847247826058e-19	2.7494633624981e-18
LMAN1	0.0661677771832558	8.20124691017518	0.761610630671528	0.383167425729339	0.417312612790152
LMAN1L	0	NA	NA	1	1
LMAN2	0.838941866674185	7.90681604460759	99.782451123482	7.23392319672309e-22	3.82346010218684e-21
MAN1A1	-1.49420492030657	7.18969487653184	234.715193952495	4.44000736001213e-45	9.54457892844033e-44
MAN1A2	-0.502389150321319	6.23473410302053	49.6451255458248	4.98129002875993e-12	1.31576574275923e-11
MAN1B1	0.638525967898168	6.7752756902473	99.2677577438229	9.04567805204461e-22	4.7414414251889e-21
MAN1C1	-2.28307805942102	4.62545286930165	244.966068270488	1.10110549595149e-46	2.60519795435717e-45
MAN2A2	0.0111070288984057	5.98241950408855	0.0392380232992642	0.843043676595093	0.858520964590534
MAP2K7	0.228877495020766	5.36047784996848	22.4951973974655	2.62422418542077e-06	4.58299175802747e-06
MAP3K5	0.0857928427376176	5.3230337393366	1.34346882367926	0.246875481766518	0.277274445218599
MARCH6	0.0692926077936088	7.79101231784367	1.40011575842051	0.237163904117773	0.26705564216008
MCF2L	1.03619131666388	6.21982991989672	86.3672974067677	2.59621987140384e-19	1.14854415556444e-18
MGAT1	0.741019629785416	7.84577891040467	123.034835547473	3.54897820070043e-26	2.47043098749307e-25
MGAT2	0.159953110425351	1.58578474267269	2.34479802727685	0.126218891944102	0.147211973089626
MGAT3	1.18162420290757	4.95185318903308	36.4685785108249	2.69327698442342e-09	5.86416204835945e-09
MGAT4B	0.407744039589467	7.22943134423814	29.5867867137674	7.74056055271098e-08	1.51996669784592e-07
MGAT4C	-2.21967033984955	-1.6188532430821	110.772847478828	6.3725851527366e-24	3.88525900661339e-23
MGAT5	-1.02747468707983	6.59271995497431	207.118698932619	1.17458314920586e-40	1.97773601231937e-39
MICAL1	1.33168578139423	5.46276423365228	180.995796436141	2.50280873710159e-36	3.29695727044071e-35
MICALCL	0.176420692060299	-0.80220147695457	1.72189959290958	0.18994095376812	0.216477121846993
MICALL2	1.89852753808301	4.77902648034507	192.775458546347	2.68404271345625e-38	3.99523892977774e-37
MOGS	0.411297991089875	5.96723647776635	67.7737030723905	1.11111838937838e-15	3.78638137819464e-15
MON1A	-0.610679135591333	3.03046759188984	93.3934269927206	1.17396796971071e-20	5.7076539716768e-20
MYO5B	-0.95158062977652	5.84074818821805	74.2027247628428	5.99476929840437e-17	2.2443429654587e-16
NAPA	-0.376787932903578	6.34021418408934	45.3945751151916	3.72470783374739e-11	9.24133785999329e-11
NAPB	-0.127508643245754	3.7477908655135	6.28807825329297	0.0124132564687844	0.0161068625470333
NAPG	-0.617549744699621	5.13475607427404	107.888479891919	2.18991662924765e-23	1.28389419327251e-22
NCKIPSD	0.405942157843251	5.33016296593547	30.0527017566151	6.15551855919693e-08	1.21817464708672e-07
NDE1	0.388660798925821	4.25689491251252	44.2727985659217	6.35170754461497e-11	1.55243187802796e-10
NET1	0.0600797675157655	6.63145903455155	0.243272437701279	0.622029555202649	0.652042659160231
NGLY1	-0.309619860285857	4.68594006707325	41.1217679865412	2.86280883308557e-10	6.69231310004255e-10
NPLOC4	0.0689271195683854	6.90539900707151	1.82399419323382	0.177338049203298	0.203001678830366
NSF	-0.366392503547956	5.38712767520484	38.7085944260623	9.12946566851737e-10	2.05899246933628e-09
NSFL1C	0.144692749416282	6.52923670822732	9.57420233269838	0.00206337557123774	0.00287728206133421
OCRL	-0.332480446854274	5.48708805834617	35.4769219651466	4.35527464097029e-09	9.34881622318472e-09
OPTN	0.297192189734525	7.48118415267376	26.4268614959275	3.68851339871049e-07	6.88760988149116e-07
OS9	0.16288502143769	8.54706461908057	7.13981128032582	0.00774000943947944	0.01023755728828
OSGIN2	0.00100058920909088	5.38324524668979	0.000139921951168789	0.990566011850627	0.991424226273069
P4HB	1.30513262769364	10.0965918350798	160.863053539245	6.84239648753558e-33	7.29837313022161e-32
PAK1	-0.0950292584338573	6.00333985244147	2.75852132083097	0.0972501085509132	0.115035855409036
PARK2	-1.00681069029568	4.49034976153635	63.0335177469714	9.75939644482455e-15	3.11330488100598e-14
PDIA2	3.12824934596316	-0.388764007649155	40.0395139517381	4.81232297971725e-10	1.10733022924645e-09
PDIA3	0.433083083594391	9.11799841446907	41.6046507845893	2.27150114504339e-10	5.34672089154881e-10
PDIA4	0.661881620609587	7.89003856805324	41.5213535471709	2.36395136340482e-10	5.55645680517215e-10
PDIA5	1.65147808176255	6.22962230326899	173.330157679655	4.96967257579812e-35	6.06263546092544e-34
PDIA6	0.03163211672563	7.80216960026622	0.12420173843738	0.724642707698388	0.748649068494679
PDILT	-3.11715505411912	-3.06035166598053	363.338507557158	6.21901633756977e-64	3.4353277357428e-62
PGAP1	-0.688958964308479	4.35897784579533	63.7503636476655	7.01822182694069e-15	2.2616634801918e-14
PICK1	0.0529897937940889	4.66942637419228	0.675366641052286	0.411507020342281	0.445711203395476
PIGA	0.170943192324343	3.95398574031972	6.11475566111806	0.0136765382644689	0.0176873021020657
PIGB	0.135389113562579	3.87746693664604	5.9396499002245	0.0150879570297119	0.0194388313184039
PIGC	0.0287393186710947	4.95608009217728	0.373323645506139	0.541425145545876	0.574026021194443
PIGF	-0.235883149228569	3.48846380559713	19.3487307148116	1.28446188223331e-05	2.13087863454914e-05
PIGG	0.0652878772180599	5.54843378760465	2.58159047470927	0.108629089440633	0.127773469672744
PIGH	-1.00269953454515	4.3304856811521	183.335136233913	1.01135387657121e-36	1.36543051323664e-35
PIGK	-0.749608988409054	5.78178459015318	134.038453265935	3.63507408877859e-28	2.87709021563441e-27
PIGL	0.502396906444136	3.15410230484666	38.5933008471087	9.6510026668941e-10	2.17255901770208e-09
PIGM	-0.325583863182259	4.37618542334906	34.4550537052676	7.15477768758935e-09	1.51319305229045e-08
PIGN	-0.400112327963151	4.68884388998507	41.261012539834	2.6779827944388e-10	6.27128528540797e-10
PIGO	-0.502039661460133	5.57594492737281	50.2406761509336	3.76255482346993e-12	1.00269231014539e-11
PIGP	-0.0388136437239222	4.61523780394325	0.356291166424056	0.550794160159799	0.582982146972308
PIGQ	-0.651030696382167	6.00075166838558	72.8616315471408	1.09943159962604e-16	4.0331213036123e-16
PIGS	-0.603532587879638	6.39435387023196	72.3225271013025	1.40350263249798e-16	5.10067910620591e-16
PIGT	-0.00128844125480411	7.09013889311572	0.000307972625665372	0.986004246835389	0.987304798885106
PIGU	-0.128663312967351	4.70651811991708	3.90012115352082	0.048731924556874	0.0595423174595852
PIGV	-0.620290820350869	4.51072443460337	114.928645097352	1.08604151029692e-24	6.91495876553776e-24
PIGX	-0.168515317368511	4.82087057130017	7.46616932043988	0.00646856028099264	0.00861458807408022
PIGZ	0.453664198833176	1.79240516290996	10.0313486282108	0.00161562706995197	0.00227416885190844
PIK3C3	-0.160574156219669	5.67067905621456	8.3217504703818	0.00405527117944958	0.00550777259305706
PIK3CA	-0.268198477662186	5.27678887023249	11.67238406384	0.00067641184790284	0.000980537006862266
PLAA	-0.3813912078128	5.24849744486955	48.5676127817688	8.28257940305661e-12	2.15225559647153e-11
PLIN3	0.240825729239165	5.96787695382342	6.6838147769831	0.00995947248823512	0.0130420494831152
POMT1	-0.437556446405476	5.23183128123569	67.2927085121747	1.38411230053992e-15	4.68482341724149e-15
POMT2	-0.201847067512739	4.61811576312247	10.7216643555241	0.00111864942093344	0.00159524018431739
PPIA	0.269600915338853	8.40639811401736	18.7305388889155	1.75852691243882e-05	2.89026723144249e-05
PRKCSH	0.602492789580868	8.4828888908895	81.266084441106	2.51121875422612e-18	1.03542958255413e-17
PSD	0.0680851917328935	1.52541658087385	0.460964189439958	0.497430529271099	0.530877617397699
PSD2	2.26860739092843	0.301532505941429	99.7005282027309	7.49581585298033e-22	3.95637320646976e-21
PSD3	-0.754484034266234	3.67569249627991	22.6117113936924	2.4751442683633e-06	4.33374518684764e-06
PSD4	0.104929227977874	5.68754641469108	1.90735921993071	0.167761276465377	0.192586611176714
QSOX2	0.542237968152856	4.61195759947044	85.1056209910376	4.5431849148694e-19	1.97662392644637e-18
RAB10	-0.15198012511848	7.4428856309539	7.24628285179664	0.00729925020889511	0.00967528451236434
RAB11A	-0.370368146448979	7.39720849245815	48.8272042465236	7.3269659061064e-12	1.91141368802403e-11
RAB11B	-0.37225435681396	6.72147134956906	38.9329381738879	8.19435394307954e-10	1.85470639975827e-09
RAB11FIP1	-1.06708130773229	5.37038194053155	79.9679293328607	4.48698782299207e-18	1.82041939925026e-17
RAB11FIP2	-0.931606204000437	5.24948185854783	159.160743206243	1.34899335085408e-32	1.41839150503336e-31
RAB11FIP3	-0.370144816871782	7.24565343526213	17.9080373365797	2.67408501695309e-05	4.32970377211721e-05
RAB11FIP4	-2.05894396572252	4.51874006737161	522.491369195111	4.62993782824286e-84	5.23478502537927e-82
RAB11FIP5	-0.499663715000439	6.95914745409322	44.9612280652974	4.57694961115194e-11	1.12894124738495e-10
RAB12	-0.235764741411713	5.61617224217374	22.5296562494279	2.57921655529175e-06	4.50735226743632e-06
RAB13	0.10912792700603	6.89194475794469	3.03079854381471	0.082200654476879	0.0980723569578211
RAB14	-0.593906176842495	7.10145124712956	103.849521610767	1.24445642847602e-22	6.93772708867141e-22
RAB15	-1.12747999571816	3.91864832540876	122.289106359673	4.85360626675348e-26	3.35921642374681e-25
RAB17	-0.791346344989108	6.03772476683753	53.2145807371276	9.310875228543e-13	2.58262819524363e-12
RAB18	-0.479815348030791	6.6299320770147	65.9294396484803	2.58232812368528e-15	8.5937447703304e-15
RAB19	-0.88495165197914	0.828662240842915	36.8400028033774	2.25018161207486e-09	4.92928728113027e-09
RAB1A	-0.30049820591099	7.66661343332148	34.8224120094433	5.98464108644863e-09	1.27270620831551e-08
RAB1B	-0.209966701856567	7.49750943254004	11.7330328539874	0.000655125058755705	0.000950837169961102
RAB20	0.280715279692805	5.17146347563534	13.8043358269846	0.000221449900498221	0.00033399125028312
RAB21	-0.0523086199942701	7.07152687639146	0.808616321589104	0.368883535918108	0.403027902024924
RAB22A	-0.0318866646486031	5.8888290544502	0.366191406161639	0.545312084058819	0.577848453258113
RAB23	-0.319108201469695	3.2330153586578	9.58082705705698	0.00205605938561905	0.00286738913898269
RAB24	1.51878645319131	3.85407751747348	182.919750740977	1.1876619463869e-36	1.59535783192619e-35
RAB25	-3.58614786717127	3.19807279374056	142.977843512725	9.25806726573599e-30	8.11034774977267e-29
RAB26	0.397146981897879	0.151221278656459	4.11245997314074	0.0430013657170324	0.0528076486920665
RAB27A	-0.199230355052935	5.00359120652612	6.33242676146874	0.0121097709338323	0.0157276671088046
RAB27B	0.355562279245454	2.56537541806675	2.33602544876191	0.126928700293184	0.147974883365798
RAB28	-0.381918742810883	3.96609085513142	66.0096769201074	2.48916378743349e-15	8.29097177286044e-15
RAB29	-1.23548348604767	5.91800583793175	177.745186075161	8.85573433222031e-36	1.13069130805908e-34
RAB2A	-0.392317660715467	7.30988662188637	40.6747882625591	3.54723596182936e-10	8.23720149500141e-10
RAB2B	0.257874180062015	4.70131228328881	24.6675365928351	8.84988533263011e-07	1.60189013752968e-06
RAB30	-0.1902735830471	4.14067419684279	7.10007302689067	0.00791142618840737	0.0104543986584763
RAB31	0.799632739569761	6.59669437923404	77.8492536067999	1.16003966406403e-17	4.56152935832195e-17
RAB32	0.726804661469502	5.0715967564936	69.4431071560069	5.19049342818056e-16	1.8105738530492e-15
RAB33A	2.03717471692076	0.967669751417871	122.007129030582	5.46402008032262e-26	3.77088346842005e-25
RAB33B	0.0187404958361243	4.22196310765918	0.0899668848333526	0.76432116951506	0.785761790443612
RAB34	0.0652937155071703	6.16966636926141	0.498208572872126	0.480557072316691	0.514150012541454
RAB35	0.111045981058922	5.76331761446361	5.265472030448	0.0220903492554959	0.0279868672381521
RAB36	-0.0854925683877945	5.07901381699889	1.01781193579002	0.313437535450563	0.346395279798747
RAB37	1.78855528226648	3.76494432936926	211.22869300837	2.52178909743038e-41	4.37648179743469e-40
RAB38	0.872451586173664	3.31699137608373	92.3720139941264	1.83753570413695e-20	8.79858058369412e-20
RAB39A	1.31186616234211	0.127061736077942	43.4567005542836	9.37236103954387e-11	2.26179503016059e-10
RAB39B	-0.698736276629237	0.91012649072826	42.5404417017958	1.45168869160225e-10	3.46490913904705e-10
RAB3A	-0.965879549087717	2.52518564302513	73.6109359410994	7.83305076528389e-17	2.90676199488259e-16
RAB3B	-2.20043265110289	1.55365747268742	72.460477475716	1.31846516182522e-16	4.80675347827882e-16
RAB3C	1.31711579700117	1.37840126025333	49.11443500252	6.39800403430089e-12	1.67565270765278e-11
RAB3D	0.152090640537626	4.91089305652994	3.20232600112814	0.0740282668000292	0.0887123871945145
RAB3IL1	0.32848055880676	4.48666755033545	8.66351206330998	0.00336956665471583	0.00460802851489009
RAB3IP	-0.500003689838555	6.31159510304911	19.4257177787995	1.23524577003884e-05	2.05230615995073e-05
RAB40A	-0.188169334798492	0.131485238545113	2.32993817520637	0.127423850037355	0.148500008574609
RAB40B	-0.436257281532337	4.79097365302944	13.634701252136	0.000241898925663166	0.000363573620028868
RAB40C	0.750254737852923	5.33503248490731	71.0795945365455	2.46639976124517e-16	8.80572986512822e-16
RAB41	-0.395659666165586	-0.591949508091632	29.7634213026736	7.09633142104258e-08	1.39728416968357e-07
RAB42	4.76870491065569	4.94138654519702	222.488995052951	3.87560547293051e-43	7.47820170049119e-42
RAB43	-0.176143893253917	1.4073065007937	4.51173959184316	0.0340635943544606	0.0423365002337926
RAB44	1.5510630825243	-1.79103287866559	92.2127667510883	1.97060625034533e-20	9.41200936035869e-20
RAB4A	-0.0625284282869828	5.26035454856301	1.17567254469132	0.278665964557973	0.310368656870613
RAB4B	0.449265663363692	3.57692688552484	26.2256607375308	4.07589313729646e-07	7.57794980462997e-07
RAB5A	-0.614971371294967	5.79364391592036	131.173822387584	1.18990454759856e-27	9.05636317092348e-27
RAB5B	-0.477984597050629	7.69800387759661	147.995566205868	1.20325086306862e-30	1.11433863477634e-29
RAB5C	-0.624183939359106	6.74219868518496	128.12432423621	4.22692216536996e-27	3.10418247467883e-26
RAB6A	-0.209097629495012	7.4378269546871	16.7468481919717	4.8439971173258e-05	7.69536642196391e-05
RAB6B	0.13051037952339	4.91237187491547	0.623600108331509	0.43001863320351	0.463964715512761
RAB6C	-0.637603861634533	-2.5708413544065	12.7997125854023	0.000374104877561254	0.000554129033158798
RAB7A	-0.281376361672663	8.15207358485272	25.7449105447846	5.17552003410674e-07	9.55287025399208e-07
RAB8A	0.0820432989498225	5.40826602997822	3.78528017788337	0.0521630133990329	0.0635475133430676
RAB8B	0.268428153989516	5.83833901435418	12.7981336004725	0.000374414231697768	0.000554556337377206
RAB9A	-0.185843666929153	5.00275634948177	8.06595433323835	0.00466048372025072	0.00629084802108625
RAB9B	0.671278259492376	1.44370684668455	34.1831880085458	8.16648877726382e-09	1.71990810725983e-08
RABEP1	-0.452441131287871	6.02553921856353	88.3331557914649	1.08801951786487e-19	4.93406359270689e-19
RABGAP1	-0.305156312707994	6.07719209274628	32.4826461519005	1.87130957327345e-08	3.84270000478211e-08
RABGAP1L	-0.665099371191063	5.27517750367551	120.245450415409	1.14658540892375e-25	7.74593804096212e-25
RABGEF1	-0.527518727831828	2.5657728047228	66.5725669275914	1.92381851157684e-15	6.45483746086584e-15
RAD23A	0.480364520258677	6.60998936977157	75.4899118217435	3.35354754115031e-17	1.27838964373549e-16
RAD23B	-0.23499152040423	7.23647908109685	17.1281902495772	3.98405453546609e-05	6.36729798540356e-05
RALBP1	-1.56009567954822	6.55891523465411	696.770295490313	4.45747248357581e-103	1.06698237737486e-100
RASEF	0.0413471203351551	4.62608166969711	0.133642733488835	0.714811022407341	0.739584457373951
RBSN	-0.451099925780895	4.79402802199086	75.7430141397303	2.9920056393802e-17	1.14302789127724e-16
RBX1	0.240928978324389	5.75541199370963	9.69999196637636	0.00192886924978503	0.00269609426938756
REPIN1	-0.0566008939635229	6.5420588728438	0.868703637770568	0.351682208654988	0.385566176354984
RER1	-0.0556702524948475	6.65728671729785	1.50357577819819	0.220593868415454	0.249316393032397
RFT1	-0.343376579742534	4.25123611882358	36.8413129089095	2.24875599969484e-09	4.92657049075626e-09
RFWD2	-0.234811714215572	5.07530467323866	32.0325173323729	2.33188868765254e-08	4.7576044253189e-08
RNF185	-0.287247834165612	5.91665511835005	24.6100837070958	9.10714994396948e-07	1.64677401668211e-06
RNF5	-0.0728123703390929	6.51694584024474	0.935325727088047	0.333865107583102	0.367214302623795
ROCK1	-0.117794459275736	6.29332433119991	2.72017696335449	0.0996004993986634	0.117653726449228
RPN1	-0.00118236878347385	8.3568856587558	0.00031397343428467	0.985868566040271	0.987206143050049
RPN2	0.0543959760911195	8.42118386903173	0.603035939165868	0.437722221241153	0.471587033427031
RRBP1	0.106091790642417	8.2257771679642	1.8551830876474	0.173683186658732	0.198980780852126
RUFY1	0.297673575324243	6.28661683157027	40.8700550324682	3.23004809612834e-10	7.5210216382552e-10
SAR1A	-0.211140992270975	6.94467965000047	24.211220205286	1.11131891310912e-06	1.99741213023806e-06
SAR1B	-0.0106281400185797	6.46641555860528	0.0288625017349085	0.865153078568127	0.878678846280919
SEC11A	-0.0071883273897036	6.87670167549653	0.0198946602902018	0.887878123059271	0.899730043084852
SEC11C	0.145548920924521	5.75334531472985	2.57906785097144	0.108801554297208	0.127963806103598
SEC13	-0.390391877838115	6.09813954868543	35.8082975156163	3.70862359279508e-09	7.99887400442935e-09
SEC16A	-0.277416958037163	6.82551038168461	30.4911065895127	4.96293707512067e-08	9.89385039660536e-08
SEC16B	1.57554565477626	-0.272562450135967	125.400790893622	1.31733594609291e-26	9.41156657372643e-26
SEC23A	0.459527338187314	6.32328617497663	26.6854999995163	3.24439797096543e-07	6.08267387020545e-07
SEC23B	-0.392406339767666	6.59708283332255	24.3053247985557	1.06030707207459e-06	1.90792082520804e-06
SEC24A	0.365446747438305	5.80024976198862	17.6503322383877	3.05022246607129e-05	4.91834026723596e-05
SEC24B	-0.126883051912992	5.96198675504933	4.03456796844964	0.0450161349772553	0.0551824085972629
SEC24C	-0.330697584046245	5.74399277968061	18.0067248495494	2.54274773677365e-05	4.12610280726003e-05
SEC24D	0.791973929098054	5.72878823783771	77.5388123646372	1.33362935880785e-17	5.23173365768855e-17
SEC31A	0.128887093068612	8.07813568735613	6.68975232214138	0.00992672083249024	0.0130004422574559
SEC31B	1.47990426325823	2.96543293884695	66.5095067078147	1.98013005606793e-15	6.63874518482333e-15
SEC61A1	0.220589694407312	8.53742810397891	10.602190568966	0.00119195734747635	0.00169568489170887
SEC61A2	0.132418986720345	2.59081290435757	3.19388383558317	0.0744092956471458	0.0891287974639195
SEC61B	0.302742372922712	6.05466443903923	16.930505265425	4.4086762143971e-05	7.0290145224441e-05
SEC61G	1.0144453219516	5.84345804236843	143.151853363199	8.62356935704703e-30	7.57198406532517e-29
SEC62	-0.417427420676541	7.9755300740245	44.3619628380423	6.08761586643172e-11	1.48952899503721e-10
SEC63	-0.0930588016530317	6.70697845457219	2.65310247093321	0.103862941840698	0.122432935435109
SEL1L	-0.321131661688075	7.55349868274616	18.409520773602	2.07072444023326e-05	3.38579374627678e-05
SELENOS	0.0858097942545104	5.7040231936975	2.30082608095946	0.129821876017677	0.151113904474546
SGSM1	-0.426639975930757	3.46957489535152	9.3634390475216	0.00231049878602057	0.00320959652556943
SGSM3	-0.0634612086052455	5.5711135939059	1.16801139762464	0.280236177975693	0.311960585252814
SIL1	0.346477808372021	6.24470894206319	16.4263169028871	5.71027811641129e-05	9.02302049081462e-05
SKP1	-0.411952112318699	8.27142098170276	43.158673535031	1.08048540416179e-10	2.59734888162298e-10
SMCHD1	0.051641430827942	5.70223691102384	0.536164512961066	0.464307127472962	0.497949961457807
SNAP23	-0.104295460692828	5.79913740315172	4.52760124839243	0.0337516297972911	0.0419703656907392
SNAP25	1.89221911835967	3.08321662183209	85.7127898618587	3.47016588367854e-19	1.5212391936865e-18
SNAP29	-0.0806816860542211	5.49342757168127	3.69507247377416	0.0550375948278186	0.0668746922108721
SNAP47	-0.204102086783832	4.94475325354725	18.6447661585746	1.83697666613004e-05	3.01491568466707e-05
SPCS1	-0.91753322909285	6.09280217393156	162.748198563976	3.23238262666998e-33	3.52997971190388e-32
SPCS2	0.0378978348309843	5.53706099657362	0.409823585889425	0.522298799940822	0.555210206618429
SPCS3	0.190345536976666	7.41959849062274	7.829451488713	0.00530208142879705	0.00712129537925693
SRP14	-0.313342295103795	7.86797021207665	31.692271600842	2.75429454254655e-08	5.591931381941e-08
SRP19	0.107106027882842	4.05595270441957	3.49491751934651	0.0620350793198012	0.0749623457125304
SRP54	-0.26896075415246	5.8063936680223	17.3114414946633	3.62732906750872e-05	5.81501950788625e-05
SRP68	-0.0272092673447594	6.62163178784112	0.32995035825473	0.565899518419391	0.597779597042231
SRP72	0.0739896258819628	6.74191095539032	1.66292165467821	0.197696729839529	0.224853478525589
SRP9	-0.46657531186143	7.00106293913466	50.2661840519373	3.71763337077322e-12	9.91145079886058e-12
SRPRA	-0.012037489239337	7.51247568561909	0.0603866115913997	0.805968362878102	0.824843209370278
SRPRB	-0.132313131383888	6.08423025295028	3.35437302590179	0.067512950834396	0.0812381279683847
SSR1	-0.11943116113981	7.59133153263304	4.23332496818391	0.0400610663179861	0.0493885733142581
SSR2	0.675459020936953	8.06630402663028	82.4504208942948	1.4803598256469e-18	6.20592624920135e-18
SSR3	0.236439915038593	7.49831375907687	9.06857279670288	0.00270770705739481	0.00373404144469715
SSR4	0.649971777490455	7.2175339875186	39.9363319691225	5.05692377340361e-10	1.16109976373431e-09
STT3A	0.0336042958492147	7.40146143821759	0.335690944230113	0.562540447559049	0.594420349637858
STT3B	-0.5439414237154	7.12111389930511	61.1893050494307	2.28366052624664e-14	7.09670879326002e-14
STUB1	-0.0350631902000111	5.27628543061258	0.233890692696508	0.628826919539744	0.658522952025189
STX10	0.611117080969537	4.99736443473664	84.8894785142606	5.00081764749125e-19	2.17137777475458e-18
STX11	0.743726593700374	2.720373716947	48.393649243851	8.99207050535276e-12	2.3306927453636e-11
STX12	-0.296611336463842	6.36418742728024	29.806205150011	6.94857151683556e-08	1.36920457729398e-07
STX16	0.817137024357153	6.18904768157484	148.289828237759	1.06801057038764e-30	9.92204225706282e-30
STX17	-0.47579515137052	4.24726974084618	35.2940117263377	4.75956216001291e-09	1.01861914290409e-08
STX18	-0.757459567401527	4.9325346447363	170.584067934489	1.46030035052849e-34	1.74069898221364e-33
STX19	-1.83514227885374	-2.20276217518615	121.490826630489	6.78839573694565e-26	4.66186804679881e-25
STX1A	0.604717624479359	1.49324507489604	21.7660463668866	3.78596183111516e-06	6.53371043470576e-06
STX1B	1.58855943692944	1.85708269746034	100.606350612639	5.05997930430922e-22	2.70673746960934e-21
STX2	0.30080992224194	4.75170084577211	29.9993654778075	6.31902399330597e-08	1.24978760981197e-07
STX3	0.0232063631979701	6.18472809027964	0.0840549959492527	0.771973868456519	0.792831575311727
STX4	1.05114522358454	5.91020163088356	253.849683536353	4.63556723820698e-48	1.17525783892328e-46
STX5	-0.164006358146648	5.49715264593193	10.413604530653	0.0013177323505101	0.00186801198063562
STX6	0.152658076440369	5.6133831225974	9.90907967017508	0.00172470045238403	0.00242077607077885
STX7	-0.197194635599592	6.87192857851599	10.4714874483024	0.00127775705433033	0.00181335324602098
STX8	0.106388195314248	4.95441571010859	2.47106238405215	0.116476660297234	0.136454359087192
SURF4	-0.0690970811063509	7.9073689451701	1.22428803528324	0.268955763169573	0.300296450284302
SVIP	-1.06516276072072	5.231022422669	144.575612710998	4.82706826660755e-30	4.31981151376768e-29
SYTL2	0.220612812169834	6.67893777373377	2.4394421457739	0.118835541806525	0.139034883307272
SYVN1	0.275476541489951	6.31559831144554	22.0446568784943	3.29086559789165e-06	5.70783334003402e-06
TBC1D1	-0.824685632435962	7.18919953581413	68.8386278907216	6.83585427370643e-16	2.36341767146883e-15
TBC1D10A	-0.155188343812235	4.19364788958614	7.29841616157232	0.00709290049515611	0.00941209439925575
TBC1D10B	0.366749518188456	5.94345669587132	68.2667563453761	8.87231761462944e-16	3.04413066917232e-15
TBC1D10C	2.39668648948188	3.46398300935955	203.705008466491	4.24092741655129e-40	6.98583022056836e-39
TBC1D12	0.144598800274342	4.3380067132606	5.16714244374512	0.023364004922113	0.0295300927970956
TBC1D13	-1.07969114118878	5.91833518765412	357.66581587543	3.72272828015659e-63	1.98222225258038e-61
TBC1D14	-0.651125380266351	5.68004991484722	16.2893898217049	6.12650143696988e-05	9.65888228685039e-05
TBC1D15	0.00291555186482917	6.06019894366257	0.00231746623478199	0.961620327884369	0.965617993646549
TBC1D16	-0.870626428800498	7.1346769708965	93.4779022414537	1.13129867613878e-20	5.5072564721523e-20
TBC1D17	-0.0355823107360158	5.8044113640949	0.387405211536165	0.533898466976857	0.566611370329728
TBC1D19	-0.585409242434813	3.57981063916211	74.8763235824337	4.42274754078574e-17	1.67182248056163e-16
TBC1D2	0.660744999621194	4.43665038123442	25.3314013239497	6.35755470027612e-07	1.16496709231956e-06
TBC1D20	0.197686159984698	5.98340002996157	21.5688835066054	4.18102712242009e-06	7.1944751403861e-06
TBC1D21	0	NA	NA	1	1
TBC1D22A	0.246126965224487	5.48004866713606	21.7819683510175	3.75574724816928e-06	6.48367256083801e-06
TBC1D22B	-0.0440520328813502	4.69170687867321	0.801559436177343	0.370979734878543	0.405151529274647
TBC1D23	-0.233566129935085	5.36138202146471	13.747764965554	0.000228067535651417	0.000343601407476647
TBC1D24	-1.46972538382356	4.51598173116856	300.791469007683	4.22707487923112e-55	1.56862261929009e-53
TBC1D2B	0.791294306319397	6.11089734538107	127.058775378066	6.59084530760355e-27	4.78859064323288e-26
TBC1D30	-1.20168852112312	2.67758897679804	258.162182417273	1.00789480143574e-48	2.65672270576862e-47
TBC1D4	-1.55567213025734	6.23154978895032	274.725818520359	3.08102890785971e-51	9.37719794751804e-50
TBC1D5	-0.839834811176553	6.2911721394302	223.83332888354	2.36326311098271e-43	4.61027172237963e-42
TBC1D7	-0.435878471494729	3.8712893072141	32.2638991299682	2.08244101913798e-08	4.26241875652848e-08
TBC1D8	-0.159028004847723	5.27641464110671	4.60038789649768	0.0323579738232233	0.0403109229408779
TBC1D9	-1.24487185513549	6.01155845069994	204.764903784222	2.84503767336987e-40	4.72158969278185e-39
TBC1D9B	0.267170365066131	7.92337240740539	20.7381011241352	6.35678098317913e-06	1.07861083544971e-05
TMED10	-0.114247503681138	8.40969353251892	2.90667169006197	0.0887215610966176	0.105473462117992
TMED2	0.281891755530849	8.17511420791589	16.789317890076	4.73962581171557e-05	7.5372191655065e-05
TMED5	-0.451692889400333	7.25105371270309	25.5526771642792	5.69471076530931e-07	1.0469724953935e-06
TMED7	-0.0912544662829504	7.44421421243504	1.3471935004538	0.246222177408288	0.276599156677584
TMED8	-0.574896907863376	5.88130286344509	56.0284054441146	2.50134049169103e-13	7.23341498304642e-13
TMX1	0.0862519330929075	6.12261718117442	1.35247210773789	0.245299936835438	0.275656374628557
TMX2	-0.569875931555349	6.39750935613763	69.9307391171164	4.157458331732e-16	1.46115962796454e-15
TMX3	0.383339631846935	6.07471213794249	44.2357723136745	6.46472679410212e-11	1.57932871385889e-10
TMX4	-0.479179544711326	7.21602048966458	28.0319623284199	1.66612197386073e-07	3.1896289967202e-07
TOR1A	-0.0785765602287683	5.38571729018771	2.3900108507142	0.122630019237457	0.143239970595649
TRAM1	0.103072994394032	8.60673849129145	1.35780334750538	0.244372786673113	0.274660953549265
TRAPPC1	0.10872728089466	6.27129156285805	1.81405484339642	0.178521411682104	0.204250695792685
TRAPPC2	0.26943296382786	4.09564275723118	30.0914302688306	6.0394650223368e-08	1.19574206887845e-07
TRAPPC3	-0.0920873518062065	5.71027620277115	3.98033036207155	0.0464777573088462	0.0568884017099759
TRAPPC4	-0.186962036930007	5.64773212052109	14.8937637669801	0.000125825081466581	0.000193649931334978
TRAPPC5	0.701739053423238	0.440020898244104	30.0230585116341	6.24585953728489e-08	1.23577695960726e-07
TRAPPC6A	-0.463034647242434	4.42503818039519	27.7546961921427	1.91082289886182e-07	3.64416913743601e-07
TRAPPC6B	-0.240402655269749	4.94000144944211	13.7382562478699	0.000229199325396728	0.000345208665936799
TRAPPC9	-0.496788144532389	5.46463693597846	75.4283397206739	3.44793933316708e-17	1.31230121876879e-16
TUSC3	-0.447308338448971	5.68737911925132	13.7163443752942	0.000231829082400266	0.000348932120284092
TXNDC12	0.317914077177829	6.30303877702745	31.2211416774428	3.46916043667175e-08	6.99412647411551e-08
TXNDC5	0.44048626168333	3.13110169529993	15.6616099319131	8.46346053411581e-05	0.000132154528908943
UBA1	-0.626444523345374	8.37000927862269	112.760350852306	2.7303389405677e-24	1.69735857863556e-23
UBA5	0.622330924439644	6.35772906684244	55.7070015864843	2.90554056665865e-13	8.36405339719614e-13
UBA7	0.532724219181904	5.74770128445083	53.9915857605838	6.47254384413234e-13	1.8181149163611e-12
UBE2D1	-0.0533685777001194	4.33915869424534	0.518513442490652	0.47175157759232	0.505237591866981
UBE2D2	0.504334518732286	6.83895506135326	93.2109919034025	1.27170949268065e-20	6.16593452929287e-20
UBE2D3	-0.13147113283077	8.26363120042035	6.20456651976294	0.0130061990429532	0.0168515486697843
UBE2D4	-0.35355625282882	4.742228117537	34.9997218363297	5.49069075214323e-09	1.16981519753384e-08
UBE2E1	-0.376978106029399	5.80358714295329	42.1028095235378	1.78961243804359e-10	4.24477793954813e-10
UBE2E2	-0.37336308413123	4.60417338633969	29.4825086079613	8.14816294534066e-08	1.59564187395122e-07
UBE2E3	-0.222676809353906	5.91543794343161	18.3031267268199	2.18607240125364e-05	3.56715247198361e-05
UBE2G1	-0.536486787458419	5.46162634208494	94.186174991969	8.29557631519268e-21	4.07644650813149e-20
UBE2G2	-0.0808384631290633	6.61403424030439	3.73856762340417	0.05363111921619	0.0652403093844047
UBE2J1	0.157218808186604	6.69077266213694	6.1590078030367	0.0133419031282231	0.0172738702912429
UBE2J2	0.280199339842497	5.30030805290964	21.8619028715936	3.60768673239716e-06	6.23739175428114e-06
UBE4B	-0.405099416296361	5.82454051467575	48.7933725985347	7.44494434521852e-12	1.94161927024398e-11
UBQLN1	-0.533047395897384	7.05708012354193	82.4912083248934	1.45368592938229e-18	6.09795313288401e-18
UBQLN2	-0.270299437134497	6.00380675598402	22.4633728167858	2.66649297439747e-06	4.65466909728276e-06
UBQLN3	0	NA	NA	1	1
UBQLN4	-0.543444514072286	5.10592465420638	103.502611178651	1.44543908258172e-22	8.02283610281936e-22
UBQLNL	0.735520357100166	-0.537891745779917	26.8983062043895	2.91957833977144e-07	5.4926854413175e-07
UBXN2A	-0.275663869082894	4.24746982293574	31.7132910256095	2.7261014379016e-08	5.53680746101862e-08
UBXN6	0.115806081558317	7.53966892473175	2.97516881903367	0.0850564908339297	0.101329460676031
UFD1L	0.265653821002415	5.65587693675531	27.839508583738	1.83236192813994e-07	3.49830110157924e-07
UGCG	0.378135696145296	6.93158103183945	20.1195229176308	8.69073762057067e-06	1.46064203035336e-05
UGGT1	-0.139306481974613	6.58591369991816	4.60790522244957	0.0322175115187221	0.0401420521986551
UGGT2	-0.0181376021059448	4.67016619103677	0.0958146344838001	0.757016678763095	0.779005931631891
USE1	0.642393186003623	4.75583635221893	69.2136833678447	5.76210808566218e-16	2.00129688674568e-15
USO1	0.0961561427699312	7.00438677010644	1.82139521184926	0.177646601044465	0.203328602987483
USP6	0.453712931779091	0.291452915755244	7.53224997780764	0.00623833753425266	0.00831914112728517
USP6NL	-0.302737860595229	4.50215771943515	29.9422529051189	6.49894947011566e-08	1.28336742787791e-07
VAMP1	0.826941638673804	3.06138673062588	44.4469345345473	5.84620764579497e-11	1.43193703552079e-10
VAMP2	-0.65292841667081	6.65649910547605	99.4632235603625	8.30938592753445e-22	4.3710232447949e-21
VAMP3	0.0390533430274343	7.08600382264173	0.536225919791573	0.464281558388686	0.497949961457807
VAMP4	-0.182529531742725	4.72694538521083	9.992254976017	0.00164971745441345	0.00231994245600536
VAMP5	1.10166354444868	5.8097223788794	109.870543530087	9.37090489088951e-24	5.63824599073674e-23
VAMP7	-0.669929585899781	5.78270926429302	133.499478956297	4.54204906919532e-28	3.57153725269369e-27
VAMP8	-0.0797927886143609	7.06364536590683	0.783455584743672	0.376434217204239	0.410602124517289
VCP	-0.241128809080752	8.23811987837584	22.8125388378685	2.23790521104011e-06	3.93079536308161e-06
VPS45	-0.462952274910404	5.06215412089014	179.388742623141	4.67149800041753e-36	6.03998549251065e-35
VTI1A	-0.927799397097104	4.25866376657855	422.423871169342	9.11205731370427e-72	6.83919104025769e-70
VTI1B	-0.617671810610466	6.63281551747791	104.621310696973	8.92167397341679e-23	5.02754777250656e-22
WAS	2.06070340242124	4.21734663565229	210.281424915122	3.59258757427905e-41	6.21047832456697e-40
WDR38	0.974581071305805	-2.02704624758102	23.7828828290468	1.37657208906696e-06	2.4590238272495e-06
WFS1	-0.987107931474072	5.36159689069643	133.907676037503	3.83688971531394e-28	3.02960355827315e-27
YKT6	-0.0802665091625993	6.42051235769449	1.42705238992747	0.232709138392311	0.262239452331992
YOD1	-0.291127340452937	3.82550379653981	16.9212505347583	4.42963773124596e-05	7.06116357806606e-05
YWHAQ	-0.174243193912284	7.98131247987038	8.26477317768005	0.00418274080783097	0.00567191095560217
