pspGenes	logFC	logCPM	F	PValue	FDR
A3GALT2	0	NA	NA	1	1
ABO	-0.00783320703165814	4.89605362364856	0.000890685822440845	0.976219981800314	0.994722988037088
ACAP1	0.156104373514619	4.42356481541188	1.30546003478275	0.254540264423698	0.684520635716722
ACAP2	-0.0186719815513438	5.83289701439442	0.0615181788760456	0.804358563479025	0.950602957905552
ACAP3	-0.0263682187025314	5.03479654847197	0.0608567610212017	0.805391757794333	0.951198957150783
AGAP1	-0.0656779122583255	5.81735127179103	0.518129915693611	0.472453765452746	0.821751942018533
AGAP2	0.0642747821094763	3.19468344028152	0.342858704424558	0.558822613202123	0.861983837688066
AGAP3	0.143481634268328	5.84687992403752	4.65310321928754	0.0321516287110133	0.309966902946681
AGR2	0.0600610930529826	-0.301010637075654	0.0209863283946613	0.884957390982206	0.971811455044708
AGR3	0	NA	NA	1	1
AKAP10	-0.0701885882183632	5.11717255327132	1.92164931593979	0.167168752423049	0.60050627458974
ALG1	0.0217231418054006	4.48902399297402	0.0963819115660896	0.756528332788349	0.934216644241095
ALG10B	-0.00676597556164113	4.03701512400345	0.00722213815409341	0.932357046631762	0.983415322002681
ALG11	-0.0719461762465101	2.885227057775	0.579167834933636	0.44750617526914	0.810068404794419
ALG12	0.0662064027154948	4.24135336741059	0.967504169689259	0.326453570555979	0.736074842056273
ALG13	-0.00358291939811155	5.08612961130243	0.00375555088787913	0.951193413387218	0.988245706952576
ALG14	-0.0887870785981973	3.69047376493051	1.76698337112398	0.18522142346706	0.61751271979014
ALG1L	0.0520050970347399	-1.52089888305275	0.0620465449145604	0.803537437865464	0.950155311018338
ALG1L2	-0.145983248965972	-2.11061376874309	0.9257798657491	0.337086382629268	0.744695992423392
ALG2	-0.0286138275126743	5.40286124162444	0.121577257031005	0.727685049941959	0.92643474862502
ALG3	0.208742742137469	5.2973937511938	5.26284234025436	0.0227903500712334	0.261470414084627
ALG5	0.0221649269828669	5.08504122090118	0.108033777264983	0.742726672849425	0.93049109358845
ALG6	-0.0184897445891747	3.9671676762067	0.081269174321228	0.77587026690575	0.940261247100631
ALG8	0.0559274529919802	5.10571543635366	0.804454896188137	0.370808393951475	0.767620635712305
ALG9	-0.00981507380748114	3.60363394835486	0.0374893038371014	0.846662397405112	0.962470149802389
AMFR	0.0132668844837327	7.02190832044173	0.0345446488072251	0.852735356421376	0.964269463325834
ANKFY1	0.0135495640675959	6.01229205907663	0.0324989947725361	0.857113509957975	0.96473096434819
AP1B1	0.0573650926503192	7.1346907903644	0.696510584725588	0.404922373507084	0.788086814243199
AP1G1	-0.0507574068581831	6.96261730247273	0.659788517848443	0.417569284615147	0.793953942066957
AP1M1	0.0304827759340727	6.45568276652615	0.208891565020522	0.648117635230826	0.89792715885034
AP1S1	0.143898607094265	5.72227180542161	3.45712761364772	0.0644010192769416	0.420931085612563
AP1S2	0.0228121491702313	5.20907127103851	0.0626977535517194	0.80253049782231	0.950027675019886
AP3B1	-0.00424795609631988	6.11785203180713	0.00353869978421452	0.952621726135444	0.988468149686089
AP3B2	0.156138982483631	1.07387923414243	0.344126325072282	0.558097295229376	0.861980338571265
AP3D1	0.0402272905095014	7.18385674304422	0.557425673347148	0.456147859276128	0.815468704222313
AP3M1	-0.00486479336474864	5.5449951521788	0.00446638155573114	0.946780860385593	0.987628946777751
AP3M2	0.016817859304655	4.77278692483586	0.0845403362778111	0.771527831644828	0.93818879635322
AP3S1	0.0717760857211208	6.06341713821338	0.709885565583201	0.40045583466589	0.785318514378611
AP3S2	0.138352185669814	5.06691112571686	2.73948855846994	0.0994139008411155	0.498264829757878
APPL1	-0.00215412074239532	5.69383817244694	0.000598666524486952	0.980503186501981	0.995171006276965
APPL2	0.0197683224793838	5.48316897021051	0.0839668345631823	0.772282481807293	0.938473058995572
ARAP1	-0.0894798906865821	6.97612579282828	1.99010568201207	0.159833324408323	0.592835745153846
ARAP2	0.0439821977365174	4.67859478633007	0.189306157840521	0.663948752969532	0.904005316217777
ARAP3	-0.204747498754945	5.44521054674749	3.77159724273157	0.05348898268378	0.389297188744228
ARF1	0.0235997719389479	9.03076247773934	0.168897746185611	0.681519105419522	0.910719272594945
ARF3	0.00339447039189338	7.94140160552727	0.0038441591055871	0.95062173276666	0.988245706952576
ARF4	0.217415633371827	7.25705389386794	4.95651018748401	0.0270723183775206	0.284415141562138
ARF5	0.124609796123356	6.94983963577753	2.74691049536413	0.0989598013715472	0.49775051137941
ARF6	0.0396422667013974	6.94908989166862	0.27220615395125	0.602414402049461	0.879205106060587
ARFGAP1	0.0655439332141842	6.40355582942659	0.462813175367124	0.497073579772024	0.833367502687227
ARFGAP2	0.0100976066329966	6.46396441435744	0.0457723925522612	0.830801011565392	0.958131985839882
ARFGAP3	-0.00331429139533206	6.38393870547258	0.0027880888682772	0.957940389091045	0.989269401435443
ARFGEF1	0.0310679088085367	6.09079687291611	0.133146922903146	0.715564395109991	0.9219902401584
ARFGEF2	0.0117224263843911	6.14803341152622	0.0208868616619353	0.885228436194668	0.971911987915513
ARFIP1	0.00637584920882555	5.2701789886719	0.0107121714049671	0.917666819231026	0.979741269702237
ARFIP2	-0.0045178337114841	5.59199573009017	0.00597842419252582	0.938443572732949	0.985147345044222
ARHGAP1	-0.151261783480417	7.70177506359049	2.90234790734619	0.089953812823604	0.479736315259353
ARHGAP24	-0.231518937425982	5.87131246339427	3.99664860873587	0.0469008101642661	0.371094748098507
ARHGAP5	-0.0852340324557261	6.47698398380712	0.765873467949709	0.382512625482628	0.772851858473791
ARHGDIA	0.0221992544415645	7.77724120179968	0.143412294456491	0.705300781368333	0.918253060818857
ARHGEF1	0.0353503843533539	6.72553338805353	0.169567713446109	0.680923051971176	0.910460795543058
ARHGEF11	0.0244650286492738	5.76842343816209	0.20309444328205	0.652707061463561	0.899691781960181
ARHGEF2	0.00402482072699469	6.39134686052946	0.00302345060143915	0.956202807566195	0.988949679063737
ARHGEF6	-0.110987132949296	5.77329138181037	1.43837468402246	0.231775798298892	0.663524523606282
ARHGEF7	-0.191286733375878	6.51702827256636	9.6442999994188	0.00216590944688095	0.0675147528921798
ASAP1	-0.0397251731090793	6.17492933825882	0.212762772803215	0.645095634501424	0.896408394138822
ASAP2	-0.130688458276756	4.69525895103267	1.04150056565083	0.308665928878853	0.725406635807265
ASAP3	0.0746033161643443	4.32481087865923	0.285902753685721	0.593432990385305	0.87573904928012
ATF4	0.12681980045495	8.19341782163538	2.33758798628833	0.127814118042278	0.550945606422041
ATF6	-0.0717460841156616	6.26397450059951	0.783482317871905	0.377106949218897	0.769719742044547
ATF6B	0.0112948633785322	6.60029582988297	0.0659831136743181	0.797533307545338	0.948242319970699
ATXN3	-0.113665058085722	4.58833359796587	2.83530149550308	0.0937233073231123	0.487883321477334
ATXN3L	0	NA	NA	1	1
B3GNTL1	0.151612222282839	2.64592541294633	1.89205209536515	0.170459734240361	0.604419483637913
B4GALNT1	-0.38604745763097	3.87774012807347	1.736626500493	0.189025791189732	0.62056621535258
B4GALNT2	0.0285900475845161	1.80084039912501	0.00622327978925341	0.937198226056173	0.984798489117483
B4GALT1	-0.248646010344634	7.93816980564855	3.68216094551347	0.0563752495060793	0.397261924923955
B4GALT3	0.0746588826775883	5.4095540498412	2.08755795211569	0.15001781182349	0.579889363891383
BAG1	-0.120704083187042	5.73021770176501	1.80563864140608	0.180505780025779	0.613099764366775
BAG2	0.289240808144792	3.06802718251083	3.03885746420427	0.0827803514736845	0.461980821162981
BAK1	0.14915520266011	4.69129170392287	3.93451708556193	0.0486285858378874	0.37497018176
BAX	0.110803249704164	5.88735643035497	2.35768017525015	0.126197007265457	0.548820028049995
BCAP31	0.0481014861530361	8.16388385473651	0.433800855002586	0.510862917708688	0.837851122860756
BCL2	-0.0871724319141721	6.66157933730996	0.444571613645555	0.505667866262051	0.836561624040741
BET1	0.128169920560887	5.0907116350983	1.89836096324392	0.169752012099658	0.603563445280391
BET1L	-0.00466639322332697	6.60491516034307	0.00675169906890914	0.93459207266913	0.983863272538996
BNIP1	0.0541762582390204	3.48466257544633	0.603918503968088	0.437975465875481	0.80597070387759
CALR	0.0877269642953177	10.2742123513829	1.1400169285867	0.286894404604348	0.712467245207333
CANX	-0.1193705685626	10.4377544554071	1.26495469616038	0.262019919657215	0.692098638384372
CAPN1	-0.0290243939087328	7.41387353355697	0.242971953591352	0.622591137581137	0.887347371367847
CAPN2	0.131683867629758	7.90830078642907	3.69388111838496	0.0559877238409529	0.395700865236662
CKAP4	0.331573502425001	6.76658824919445	7.84167845257738	0.0055897414585405	0.118242117494833
CLTA	0.127556819120867	6.97792639397319	2.84822721147112	0.092983354332935	0.486720507298763
CLTB	0.0972336389148646	6.02674946690539	1.10373968488063	0.294673827204365	0.716842213593041
CLTC	0.0500475898492882	8.86442070509579	0.316432432900314	0.5743692335485	0.867623428590651
COG4	0.0918317706598872	6.02785263356396	3.99061092805117	0.0470658094512586	0.371597972112685
COG6	0.0149165917676296	4.8755039727313	0.0399682064601659	0.841739341783335	0.960955551436885
COPA	0.0214541166072497	8.14913207121292	0.098747293941201	0.753655138067641	0.933181466206149
COPB1	0.0901175352054398	7.30506484083325	1.53064626672906	0.217419428456883	0.650189435901451
COPB2	0.128270749474137	7.3126378597247	3.41997260034585	0.0658401973932168	0.423807440060845
COPE	0.11749536555607	6.87639758035701	2.28974640758522	0.131758984369462	0.555269803143008
COPZ1	0.104256703692363	7.58052996048387	2.28708534950281	0.131982387000282	0.555537321757241
COPZ2	0.0769003741338175	4.53596924329764	0.304259043129778	0.581820553488936	0.870868241241613
CRYAA	0	NA	NA	1	1
CRYAB	0.132133077863489	10.3497417531811	0.524636968352642	0.469689549973381	0.821175954348853
CTBP1	0.0655790189558925	6.98892307734321	1.32567321844665	0.250906751690743	0.679898666984155
CTSA	0.0390502321473865	8.11138997280038	0.164974310685641	0.685037740095392	0.911574038173301
CUL1	0.104631712545099	6.15995542747917	3.46949166513483	0.0639296338902223	0.419756333089314
CYTH1	0.0273467201469574	5.70733865672466	0.196956067960695	0.657653429015908	0.901235812894615
CYTH2	0.0546584269383385	6.25862956759234	0.87792657990703	0.34986387936206	0.753982955044114
CYTH3	-0.0344913128332614	5.21498571340996	0.173123510749491	0.677782398687793	0.909596046381428
CYTH4	0.0730907919511608	5.04275689210858	0.413771741382164	0.520774410939299	0.842562615262172
DAD1	0.0149293923358213	6.74983616956578	0.0431360286294072	0.835673872643672	0.959221009322765
DDIT3	0.0933988584840769	4.97200641766144	0.456674808609861	0.499937619495631	0.83470034491617
DDOST	0.0377328121700906	8.07593368868792	0.282799941112985	0.59544306562855	0.87609825252511
DERL1	-0.0763525687391295	7.18834143819746	0.681728268530098	0.409944362172736	0.790599925419839
DERL2	-0.0137710308479072	5.74856466491752	0.0495204642191429	0.82411958765664	0.957034301360701
DERL3	0.388736087936803	3.90849981912028	3.45746605528231	0.0643880664206302	0.420931085612563
DNAJA1	0.154730441878127	7.36371280267482	3.24834343036459	0.0729528071789078	0.439169549759791
DNAJA2	-0.012479141426124	6.50686726990505	0.0521949835281247	0.819512832403873	0.955387105178573
DNAJB1	0.0686432638809246	7.08776332586231	0.564179254428313	0.45343569161808	0.813708538573101
DNAJB11	0.135751778167187	6.10156878734109	4.15215549424814	0.0428559243587124	0.358301334821668
DNAJB12	0.0631175843230634	6.10909377540437	0.848422360053012	0.358073022320985	0.759557614960347
DNAJB2	0.0475125521562413	6.75803319827016	0.342906022140583	0.558795506189878	0.861983837688066
DNAJB9	-0.0450994228932432	6.83157085225646	0.110701555910188	0.739684098346752	0.92967657398546
DNAJC1	-0.00078152049149779	5.72055201005488	9.9983427615007e-05	0.992031594446677	0.998056807747116
DNAJC10	-0.00365476772120801	6.97226528469313	0.00208236008351679	0.963646923358695	0.990632717093702
DNAJC3	-0.107095788097635	7.10415061764828	1.34370224906437	0.247719740335346	0.67594854815205
DNAJC5	0.0298227626408313	6.56640429269413	0.232295216295104	0.630337186653696	0.890769439157404
DNAJC5B	-0.167606377823618	1.01608470623869	0.573010713474987	0.449927166416967	0.811357803721779
DNAJC5G	0	NA	NA	1	1
DNAJC6	0.0553511214006385	3.23131563975641	0.0991393460882351	0.753182584056773	0.933060069273731
DNMBP	-0.0269965201702712	4.81336267148657	0.170389496323752	0.680193810657104	0.910284279615767
DOCK5	-0.0270514353226547	5.39209595224083	0.0871454575870995	0.768134339440149	0.937257244945091
DOLK	0.033948134550469	4.1675847434495	0.200726783408154	0.654604167466061	0.899906622828745
DOLPP1	0.138294263160021	3.43872788754938	2.75287539468738	0.0985965007520818	0.497630616715713
DPAGT1	0.103040618944386	5.32795534458689	3.38812113096355	0.0671015005703137	0.425628837812583
DPM1	0.0763352211511245	4.7925230215282	1.34056172725126	0.248271291022221	0.676812381420794
DPM2	0.102094839177502	5.46705355475199	1.24632817241768	0.265551273949985	0.695058161785888
DPM3	0.231062796865156	4.08251832327023	3.54251980166563	0.0612199091359176	0.41270158512609
DPP6	1.60468435439621	0.506399997618786	21.4163788178827	6.52046458578627e-06	0.00103836102590412
EDEM1	0.0787123669062422	6.19657503787069	0.953049545974145	0.330085639476629	0.739217754030748
EDEM2	0.0678334347590195	5.70120852005574	0.921569323609801	0.338185056713618	0.74601412565326
EDEM3	-0.0651968776631361	5.84761581835385	0.653077393656225	0.419943836594095	0.794974706894685
EEA1	-0.085740716334671	5.6401540017498	0.796144254200722	0.37328643804415	0.768665170101893
EIF2AK1	0.142433457907571	7.36019738218454	6.41465690222939	0.0120609345388152	0.184653969347481
EIF2AK2	-0.0199499908097072	6.23336752188799	0.0707265981361424	0.790546905918012	0.945153705378239
EIF2AK3	-0.0997334105046917	4.90322939514796	1.29234788515157	0.256932159709456	0.686843235312676
EIF2AK4	0.0413039309871147	6.02308611436666	0.386312007873868	0.534929378475063	0.849344055291153
EIF2S1	0.0564224266571975	6.02296406727702	0.424879830192573	0.515236350730087	0.840259598951353
ERLEC1	-0.047286332872326	6.30208356726788	0.39623795583069	0.529733817714747	0.846982310682568
ERN1	0.0785516369671123	5.25533149728443	1.13600259248047	0.287742208779395	0.713142335439077
ERO1A	-0.145458184778481	7.41517860618349	1.35355459082303	0.245999188209102	0.67497735391229
ERO1B	-0.0557216741141279	4.82432602697153	0.311969083204028	0.577079047614878	0.868470191000208
ERP27	0.208278585689391	3.05356198080805	0.438477645727956	0.50859588527706	0.837699621306292
ERP29	0.181362122761064	7.1208335744184	7.24940933244936	0.00767412047671029	0.143192193989246
ERP44	-0.00460139775743037	6.36338072332996	0.0052917298304149	0.942079969713493	0.98576103498833
EVI5	-0.0122952676959655	4.30929836985335	0.0256170349133986	0.872995476456941	0.969037040542128
EVI5L	-0.077532831898848	4.05076676223512	0.771992966958884	0.380621634720122	0.771513037958803
EXOC1	-0.0255973798770466	5.55146584801972	0.29609192881272	0.58692945964673	0.872747250991734
EXOC2	0.0162687918908883	5.12992337723743	0.0697699498662868	0.791935247619943	0.945898198508943
EXOC3	-0.033912828770658	6.88847722688873	0.096778196100153	0.756044294529056	0.934051943596897
EXOC5	-0.0509306082184492	6.01663145943906	0.308907201354011	0.578952751990702	0.869140183281268
EXOC6	-0.0401198963518191	4.21421263997199	0.19648728377295	0.658034958208647	0.901499122135716
EXOC6B	-0.0437327263420758	5.05923943717846	0.429020854352839	0.513198173755301	0.838974533037053
EXOC7	-0.0498443344189776	6.40943126226383	0.728781376883204	0.394266898265937	0.780677154661444
FAM71B	0	NA	NA	1	1
FBXO2	-0.0818441390094363	2.35958332704957	0.111462800515026	0.738823389987391	0.929510070031505
FBXO6	0.0994138278790164	4.31093816313371	0.806861533604339	0.370095099367865	0.766809646509577
FBXO8	-0.0186775167829756	4.5786883523604	0.085475306836701	0.77030346862145	0.938047765479052
FUT8	0.184462851503487	4.91991281142227	2.31075902762794	0.130009765340012	0.553907834635853
GALNT1	-0.0154288991064717	6.50080171513548	0.0272625541764078	0.869015839840948	0.968032275188343
GALNT10	-0.00990914317408663	5.8905746876615	0.007766703967649	0.929859561908935	0.982841650623854
GALNT11	-0.0364963405978926	7.28027149649084	0.0710710537541069	0.790049476513663	0.944990305286788
GALNT12	-0.065117543674055	3.61714758515109	0.319972944884044	0.572237547960379	0.866363663097753
GALNT13	-0.244145922754508	-0.263500566027892	0.704664904059238	0.4021906556647	0.785669290653422
GALNT14	-0.230595215161903	7.94758146741261	3.33550496370656	0.0692424272664994	0.430265830892869
GALNT15	-0.111811267786844	4.90198627198366	0.284490542756315	0.594346106538736	0.875851971792795
GALNT16	0.040671713095978	3.17702557371164	0.0487314615938814	0.8255034513395	0.95706375532336
GALNT18	-0.136922807030541	5.75007357834566	1.55084987227519	0.21442017451518	0.6464049335171
GALNT2	0.121407737548154	7.14888199870195	0.783711365080696	0.377037349506472	0.769719742044547
GALNT3	0.15918692872713	2.59218706118916	0.641164486630264	0.424209013850369	0.796995549202259
GALNT5	-0.135234561180536	2.29761180713968	0.127166311051434	0.721752213179718	0.924177961304245
GALNT6	0.0936856110897422	3.15550722295781	0.774910131374124	0.379724869339279	0.771223180160522
GALNT7	0.148643389491999	4.50794024138093	1.73122228501306	0.189712610077724	0.621104857635381
GALNT8	0.250626096455769	-1.03022202184808	2.00865833069224	0.157909423428381	0.59133869314426
GALNT9	-0.298526960825532	3.64340918244722	0.998436405580599	0.318857678724464	0.73218050205736
GALNTL5	0	NA	NA	1	1
GALNTL6	0	NA	NA	1	1
GANAB	0.0557891513781294	9.04232876144999	0.579730675728662	0.447285880167777	0.810068404794419
GBF1	0.0620285704987667	6.488564221077	1.33048235728411	0.2500517165643	0.678964873519274
GBGT1	-0.0379014509794244	3.54925773685676	0.123006166539604	0.726153902510217	0.925777651094523
GGA1	0.0427057910476357	5.74881028561134	0.423339063446148	0.515998320704459	0.840895793174542
GGA2	-0.0959776762332072	6.81279598156718	1.98446604522185	0.160423465572472	0.593314551552684
GGA3	0.0169146750265921	5.20209764286161	0.0888388830889945	0.765957940607922	0.936603412694908
GIT1	0.0325811762038092	6.36541500266642	0.303033134673197	0.582581672947215	0.871175728763085
GIT2	-0.109194826408064	6.1996811559719	1.11440310526064	0.29235934379788	0.715420942412086
GLT1D1	0.303495276897376	0.225399205169843	2.27122925003469	0.133322407506293	0.557109465355857
GLT6D1	0	NA	NA	1	1
GLT8D1	0.190761948688489	5.27316331726424	12.8416745553078	0.000422824644167284	0.0225151224790944
GLT8D2	0.467039767021077	2.67901041573805	6.00774242901883	0.0150740039134946	0.209311012489403
GMCL1	0.00722604308976996	5.51875088514343	0.00671269746510145	0.934780837134372	0.983863272538996
GOLGA4	0.128454763249671	6.04963500931933	2.75381345684374	0.0985395002453332	0.497604671515793
GOSR1	-0.0293259817652325	5.91667891465603	0.301563173833263	0.58349696661126	0.871920994680741
GOSR2	-0.014680682837684	4.53823455499082	0.0510727001437043	0.821430448448544	0.956346368281719
GPAA1	0.0487693354313632	6.76910968950757	0.364832490259409	0.546497035757774	0.856063825584511
GPLD1	-0.0691315968005297	0.433781119297476	0.244963326938136	0.621169887535133	0.886782994631706
GXYLT1	-0.0662481630408325	5.25012319558526	0.612265528428424	0.434831730220209	0.803731397373679
GXYLT2	0.293349364843301	3.74101224685735	1.35127755785996	0.246395526345876	0.675280818962465
HAS1	-0.262204754761236	-0.801086288391584	0.598131690964896	0.440175490903057	0.80705774160916
HAS2	0.718826427841958	1.40753574070984	7.40674657579315	0.00705240983885705	0.135955791718734
HAS3	0.169946680263106	2.06110015964163	1.27303777468497	0.26050570696909	0.690564446810595
HERPUD1	0.0717031307003497	7.9778501208632	0.772883007341567	0.380347709249652	0.771480446554967
HSP90AA1	0.152374301825792	9.26765340078469	2.67054288805778	0.103743554843235	0.506554958141307
HSP90AB1	0.0800722673515268	10.0937463568051	0.897242075590886	0.344628558862693	0.749770395332062
HSP90B1	0.0394354523812442	10.2470331510191	0.176641386152352	0.674712278577899	0.908441128638407
HSPA1B	0.167618215574089	5.91640059294779	1.23858593567995	0.267036599830235	0.696271759905963
HSPA1L	-0.0186649312702001	1.8179588798468	0.0576386216047721	0.81050586288688	0.952795231724943
HSPA2	-0.0186211098887656	4.21592558510027	0.0155559399376666	0.900863724474716	0.975260961737142
HSPA4L	-0.110125804370941	5.13180633236947	0.772266469217314	0.380537429835674	0.771480446554967
HSPA5	0.098946614112615	9.47263983707621	1.03338812535799	0.310552849094809	0.726368595012507
HSPA6	0.0201395669763837	2.83959999356046	0.0215313689832346	0.883483673212007	0.971254443441769
HSPA8	0.0642926293617827	9.72925318741914	0.313880024372457	0.575915765757531	0.867922906436191
HSPBP1	0.112822363379601	5.18863719021475	1.60483193453593	0.206645642109163	0.637407571813364
HSPH1	0.278677860761532	5.92524904892302	7.47117649082674	0.00681302061682534	0.133157160940598
HYOU1	-0.00486525639869188	7.54155018085213	0.00215462584578226	0.963021955995782	0.990434373475404
IFT27	0.171094555946358	4.42000011022696	4.85353945977089	0.0286944532096862	0.293633917791608
INPP5B	-0.0821483803446919	4.43356465363444	1.65562207160117	0.199634922102904	0.630542542960835
INPP5E	0.0605874639203873	4.13436061644648	0.3892314252395	0.533391712163091	0.848615841408704
IQSEC1	-0.104515880567259	6.00293684790604	2.50331707545733	0.115135977051372	0.529073328401277
IQSEC2	0.0883002262636505	4.74335177325153	1.40554549372649	0.237158668073889	0.668103769920874
IQSEC3	-0.646862882032524	3.71072874525671	4.60094627282002	0.0331212314035205	0.314509038753816
JUN	-0.141741755133245	8.60319677625156	1.45967592642705	0.228362389057756	0.660437230306055
KDELR1	0.0835184304997562	7.79990917781711	1.77419280464495	0.184331127002405	0.616715893123885
KDELR2	0.17816125342092	8.20095225246509	4.64457359623017	0.0323081294916197	0.310754458610802
KDELR3	0.482892569462856	5.09866135452765	6.34210700292814	0.0125484558936524	0.189046124665664
KIF20A	0.633118996342545	3.58295729242378	12.118529150838	0.000609021458464027	0.0293641838811238
KIF23	0.67525101066133	2.97719957030572	19.1204652292621	1.94428088633898e-05	0.00241571558696612
LARGE1	0.0296362349343043	3.81100137264644	0.0925390082508062	0.761279898142416	0.935513418663232
LARGE2	-0.191529596353439	3.23210806617846	0.544191058326856	0.461537773708281	0.817428284464956
LMAN1	-0.0146235512355763	8.19186593694397	0.0248324574448691	0.874939120928185	0.969314388881172
LMAN1L	0	NA	NA	1	1
LMAN2	0.0329138588536809	8.07732428009007	0.145811941740451	0.702962531869202	0.91770097413427
MAN1A1	-0.143186374682375	6.89252985990052	1.13095454758646	0.288812876909783	0.713340866957644
MAN1A2	-0.0822909485274494	6.06656820400012	0.834418764363523	0.362062361285616	0.761616143687821
MAN1B1	-0.0183381405865301	6.86074982550549	0.0651609888587051	0.798771134335778	0.949006750466107
MAN1C1	0.326543796601056	3.69589214838697	4.16775306557196	0.0424711373097736	0.35787617832801
MAN2A2	-0.0484792779888928	5.98774270405431	0.579664928496521	0.447311604820733	0.810068404794419
MAP2K7	-0.0252097736928902	5.41598316652587	0.219180013568915	0.640158796205155	0.894237142240373
MAP3K5	-0.026406033914733	5.27082230876773	0.0977841981941008	0.754820385579593	0.93356462712074
MARCH6	-0.128378028399771	7.68147705466787	3.78799510555158	0.0529771270945	0.388076727532384
MCF2L	-0.173570086676313	6.03559344782018	1.89499187378104	0.170129529835966	0.603891054815811
MGAT1	0.0793945335563461	8.03904348413747	1.31749682035481	0.25236876524147	0.681980746702362
MGAT2	0.0432444991485435	1.49055817806107	0.125500297350889	0.723505082979066	0.924896214629712
MGAT3	-0.062942213099131	5.00105223552704	0.0880663844136545	0.766947933544577	0.936952653767883
MGAT4B	0.131917320029721	7.36643074026657	2.0672147941401	0.15200862703774	0.58234140971651
MGAT4C	0.764881551142049	-2.10439150432464	8.56810280341539	0.00380411307012699	0.0961144233014321
MGAT5	0.0832127943653793	6.32693209853614	0.754403554224668	0.386093155634058	0.77533422276228
MICAL1	0.0177444622237214	5.81045007032288	0.0277984042563833	0.867746670266184	0.967664676374364
MICALCL	-0.06644930418466	-0.708777272725009	0.200938553424987	0.654433939072947	0.899891435953575
MICALL2	0.118447901124037	5.19771989984695	0.668865391371111	0.41438939707871	0.791916358235826
MOGS	0.109746897856065	6.09380345882515	5.15233934380688	0.0242468666893855	0.269299801791294
MON1A	0.029274331487398	2.92475670213215	0.160435304585928	0.689169824496172	0.91408277560748
MYO5B	0.155081848678264	5.46635766818955	1.09558966192792	0.296458696833792	0.717523334207701
NAPA	-0.0223551529905371	6.20612150034568	0.18606581862409	0.666661003037938	0.905214584559424
NAPB	0.0523504550566731	3.78433833605008	0.825749192025608	0.364563075881983	0.762864880866437
NAPG	-0.111520225993579	4.90774155759278	4.14039152760225	0.0431485808044278	0.358456597255887
NCKIPSD	-0.0720679912533442	5.22702503870116	0.90310989598472	0.343059248548583	0.748931703272943
NDE1	0.173892268045118	4.3715977126142	6.42522533170349	0.0119915711898952	0.184491884537177
NET1	-0.149247682757586	6.58975675071206	0.971209184933481	0.325531177305725	0.735461735679324
NGLY1	0.0649199115665412	4.55404848985236	1.24169875560055	0.266438167240728	0.696149059162681
NPLOC4	-0.000354240218424532	6.99253490738966	4.097533096933e-05	0.994898793013803	0.998570803073704
NSF	-0.0313827222341365	5.3165897641725	0.190190686104343	0.663213183099407	0.90386146220373
NSFL1C	0.0778384504239637	6.56687184585562	2.2304574807436	0.136838951331575	0.560954546644153
OCRL	0.0207859424279527	5.4478631716696	0.0863387549950646	0.769179207440784	0.937706578424191
OPTN	0.119029961010086	7.52934011573014	3.99811290020715	0.0468608863147972	0.37103124027889
OS9	-0.0293405743571012	8.53034590318469	0.168265313832899	0.682083034950225	0.910855501142421
OSGIN2	0.074768855554696	5.41212028814579	0.453038440972711	0.501647542960548	0.835300815909907
P4HB	0.0361285045353846	10.3932859692263	0.120849673275698	0.728468573405697	0.927003571926337
PAK1	0.0615053269588085	6.00824023571812	0.742426831381213	0.389883245997162	0.777912193560512
PARK2	-0.223535154422107	4.24033234319709	1.36369647541213	0.244243383396872	0.673838203194157
PDIA2	1.0164367065595	-0.510585731625446	8.18394044855157	0.00466041409534877	0.106774006016334
PDIA3	-0.0114616471338625	9.29687433313009	0.0193271964556683	0.88956791770719	0.973348539840204
PDIA4	0.107428695478972	8.18597791803389	0.760540404171533	0.384171516974627	0.773760326089397
PDIA5	-0.0700951469204529	6.52331217351053	0.368227932929938	0.54463785165866	0.855390136265095
PDIA6	-0.038295430552788	7.86055314458251	0.0995571997358889	0.752680060291906	0.932968388110917
PDILT	0	NA	NA	1	1
PGAP1	-0.0465851654921129	4.1100255867027	0.164948318123495	0.685061212785437	0.911574038173301
PICK1	0.026572499502851	4.75790916619935	0.0877198060278815	0.767393625705174	0.93704152805611
PIGA	-0.0585879635343313	3.89280513023392	0.586479574782294	0.444657466423684	0.809645103547695
PIGB	-0.068088687430944	3.86722585234123	1.03355557826818	0.310513748031595	0.726368595012507
PIGC	0.0992813829824521	5.00051655062989	3.72017373811302	0.0551286822514405	0.393381158646836
PIGF	-0.00265537631078749	3.36208841494744	0.00153306844396271	0.968805073213857	0.992631640730639
PIGG	0.00692239153676054	5.54585765422074	0.0186506830357651	0.89150561103748	0.973808809992858
PIGH	-0.121272150905764	3.9944138233723	1.9910307171703	0.159736764933355	0.592834620323658
PIGK	-0.098971884056327	5.64877506271983	1.11106529620748	0.293081291406662	0.715927496034876
PIGL	-0.0176703826389613	3.26671205556275	0.0309971053707907	0.86041924716562	0.965026608617901
PIGM	-0.0554161502552447	4.28344403104999	0.742110863608822	0.389983956663648	0.777912193560512
PIGN	-0.00493001593943033	4.5830751947089	0.00369166241805707	0.951609819227744	0.988245706952576
PIGO	-0.0986192952110846	5.33678587352106	1.53503425057408	0.216763776730057	0.649557558870927
PIGP	-0.0536669965783672	4.53896211935536	0.45246114449861	0.501919921861335	0.835300815909907
PIGQ	0.0766657467588677	5.94258446516092	0.674896219468769	0.412296479923641	0.790676332613418
PIGS	-0.118758683503844	6.26031563445405	1.77860702442389	0.183788479180861	0.616527055291025
PIGT	0.00576308827691499	7.15341086819925	0.00437575779628289	0.947322741670028	0.987863000109954
PIGU	0.11887071103407	4.74977283289325	2.64380329713757	0.105478327031468	0.510786264166031
PIGV	0.0354286491380179	4.29624352065346	0.233137492121519	0.62971820736559	0.890296715940992
PIGX	0.0212940947867325	4.84522922035698	0.07763194937505	0.780811140831268	0.942081012038067
PIGZ	0.74364818867356	2.14647423445663	17.0093376523989	5.38845250252688e-05	0.00507704485165168
PIK3C3	-0.0601437551106074	5.50657403760755	0.963641918062941	0.327418815840616	0.737061760612112
PIK3CA	-0.0829736100817206	5.11680106482571	0.783119254550332	0.377217309102283	0.769719742044547
PLAA	-0.00372564787074915	5.17368134913095	0.00299504471101199	0.956408827262209	0.988949679063737
PLIN3	0.289414220052421	6.20520929246614	6.9706526749119	0.00891812574237263	0.155846659514894
POMT1	0.0193255712254687	5.07724001602052	0.0917144572417916	0.762313404511107	0.935533095708564
POMT2	0.108184724094126	4.60010367426098	1.56519604191866	0.212320487261962	0.644197394130518
PPIA	0.14995207235792	8.49360381013951	6.34343921422546	0.0125393220929575	0.189046124665664
PRKCSH	0.0730115524100679	8.62307772491353	1.20383529192675	0.273833270404565	0.700236542311255
PSD	0.156270828731795	1.55709531942836	2.08109143757566	0.150647398442035	0.580571930706606
PSD2	-0.211837853909204	0.641530637599824	0.984909407864808	0.322150312220303	0.733370960523433
PSD3	0.370389930893785	3.38827578627058	4.27636399730774	0.0398911247868184	0.347613874683748
PSD4	-0.157120427879211	5.8268718382689	3.09000724888962	0.0802549367584297	0.457050735727702
QSOX2	0.0157403340969166	4.70074663417593	0.0450468173438741	0.832127152392534	0.958675499461151
RAB10	-0.0361173182851785	7.41347266286413	0.241968721775582	0.623309893495502	0.887696573123117
RAB11A	-0.0487974821779908	7.25309074849446	0.751153396252916	0.387116447877381	0.775983001139192
RAB11B	-0.0691841137940024	6.68549021310914	1.25974744988169	0.263001212568285	0.692816966082889
RAB11FIP1	0.0452156281285831	4.97041883664656	0.0795441811157148	0.778198312377208	0.940634938945146
RAB11FIP2	-0.0450859272653095	4.952126391013	0.233687327023363	0.629314883668992	0.890086156142539
RAB11FIP3	-0.0958823367149969	7.22517655318013	0.860486908394702	0.354684578734957	0.757643633062345
RAB11FIP4	0.245571466017712	3.89671277157898	3.96962924524824	0.0476440161163554	0.37288239659918
RAB11FIP5	-0.148092473336487	6.7907538968552	2.63579770704662	0.106003910548539	0.510807400806187
RAB12	0.00810523014860425	5.53668836550559	0.0224401579951277	0.881068192742005	0.970896843272232
RAB13	0.088435038339772	6.97885550759924	1.64111808418516	0.201607815873298	0.631498296347182
RAB14	-0.048246640290637	6.88627514082633	0.439815395407687	0.507950623742259	0.83744269928896
RAB15	0.157012597572683	3.81973995889053	1.37057275998631	0.243061675548297	0.672501366594107
RAB17	-0.11935840870633	5.80113265596625	0.545662198761594	0.460933651848343	0.817428284464956
RAB18	-0.0481663476832349	6.4787409465328	0.43704981332961	0.509286163379825	0.837699621306292
RAB19	-0.0444759963195329	0.505126022387693	0.050289136172431	0.822782468571294	0.956634272291771
RAB1A	-0.0480357488764938	7.64233094150257	0.579430236843803	0.447403450485095	0.810068404794419
RAB1B	-0.00541961270426207	7.45622449253373	0.00823551220581538	0.92777935790149	0.982525856798875
RAB20	-0.0142785278049372	5.18016392846719	0.0321694204841232	0.857832054410682	0.96473096434819
RAB21	-0.129355902988101	7.01852238838102	2.93710048405084	0.0880654201037897	0.476475917243997
RAB22A	0.057088878112051	5.94814343806105	0.750072188808875	0.387457719603211	0.776254222857041
RAB23	-0.129845915977278	3.28069511070938	0.871258936657825	0.35169629444724	0.75468858477277
RAB24	0.0253153878926064	4.14735688429046	0.0464552897733771	0.829562880453556	0.958055189882573
RAB25	-0.78009540840262	0.705215566029022	3.65363333064143	0.0573305491018036	0.400296377244555
RAB26	-0.140248610416715	0.390349768620765	0.413704192614145	0.520808408902278	0.842562615262172
RAB27A	0.198240900362398	5.02620017713466	4.77961557968043	0.0299216954267991	0.298464622270052
RAB27B	0.383586828501776	2.66662454804749	2.26863453498944	0.133543143843771	0.557675182223306
RAB28	-0.0251201730319483	3.86130683695498	0.198122821266784	0.656706199457834	0.900717357073101
RAB29	0.0680160553337574	5.64747724740719	0.361886577049521	0.548119678130509	0.856743566638258
RAB2A	-0.0381616500419755	7.33864931368792	0.194663746529813	0.659524283063616	0.902379592903671
RAB2B	-0.0264587468498472	4.73331589439503	0.168125798397737	0.682207605304644	0.910855501142421
RAB30	-0.0394427865318287	4.08332458723336	0.203007039836269	0.652776856968146	0.899691781960181
RAB31	-0.0102906200497002	6.74012608006808	0.00923539618718428	0.923533508168205	0.980834556019883
RAB32	0.171528797068636	5.2013973539958	3.67611224255315	0.0565763699755631	0.397693779881191
RAB33A	-0.0887730760552306	1.14275920020954	0.340045056221108	0.5604390110887	0.86229892887996
RAB33B	-0.0452809493254729	4.15945472623581	0.391273087704832	0.532321119018203	0.84791121095404
RAB34	0.153197234795722	6.29247981406962	2.45088850568443	0.118988311013107	0.535885814965023
RAB35	0.0992148874386059	5.79721625084373	3.16506808028121	0.0766991491033834	0.448282701126846
RAB36	0.109118021524782	5.08318533631076	0.965141607803493	0.32704356596322	0.736964240869585
RAB37	-0.0704978900171305	4.05400637405701	0.384128409082944	0.536084765666203	0.850239369921509
RAB38	-0.0275955872642756	3.2873780649195	0.0683154505378301	0.79406575570118	0.94665799945544
RAB39A	0.0738402910715377	0.275782961045016	0.129891399234759	0.71891275434668	0.923313125348147
RAB39B	0.208068925282659	0.810726214333536	2.40909109492114	0.122162438386993	0.54230139307768
RAB3A	-0.129317257207021	2.17066152797373	1.00852440674628	0.316431009389713	0.730817460496199
RAB3B	0.946216420931265	1.31113977641206	7.10967210120226	0.00827363242600532	0.14909269968922
RAB3C	-0.128280103796762	1.45812308049724	0.447580671616895	0.504232761602017	0.835976191526305
RAB3D	-0.057279909193594	4.90160540133363	0.336498055255754	0.562489537271875	0.862959590038734
RAB3IL1	0.180663207247735	4.58580861749219	3.71818038016524	0.0551933139346427	0.393469863809608
RAB3IP	-0.288753897823941	6.02021631402768	3.18669865708668	0.0757064355486949	0.445795189538685
RAB40A	-0.379818728565289	0.183466276567678	7.01831419338594	0.00869152331527731	0.153188945228656
RAB40B	-0.000763555205919059	4.31077436218365	5.94803249401551e-05	0.993853936669833	0.998470015859684
RAB40C	-0.00784972069544932	5.51875081846892	0.00636255742461081	0.936500839424699	0.984523174426347
RAB41	0.133940610843437	-0.573927445830281	2.19989313447127	0.139543729635403	0.565246351676242
RAB42	0.11722984084571	5.35094731918569	0.189217955376354	0.664022213817711	0.904005316217777
RAB43	0.0218193226762684	1.34011734880541	0.0506100639237137	0.822227386736649	0.956551174643283
RAB44	-0.557711394172957	-1.80401917324265	14.3928868189653	0.000194822232289482	0.0128067300545408
RAB4A	-0.0778354917914274	5.18152908145402	1.26357896962837	0.262278727465646	0.69223682608072
RAB4B	0.00805159916650683	3.85975357925231	0.00546675278566688	0.941131638836713	0.985584945710959
RAB5A	0.0247054922912313	5.64852501516812	0.153294660272497	0.695809942082041	0.915591560499157
RAB5B	0.00915884724627895	7.62651112814029	0.0460637646748828	0.830271563599953	0.958114366961002
RAB5C	-0.0502278434760524	6.56024275789352	0.6823269137938	0.409739207567289	0.790599925419839
RAB6A	-0.0379574388506762	7.3918285885148	0.329327327824413	0.566679481448373	0.864410168497151
RAB6B	-0.0303013180474	5.11813972095057	0.0247365313845926	0.875178906957222	0.969362075253734
RAB6C	0	NA	NA	1	1
RAB7A	0.0180644468244086	8.10406371199896	0.107848947427843	0.742939005329445	0.93049109358845
RAB8A	0.045590334616224	5.48105896198461	0.828050036580526	0.363897070184284	0.762745054339188
RAB8B	-0.0367016051934409	5.87566328456771	0.155969613552563	0.693301940949433	0.914739015488967
RAB9A	0.0199704832016981	4.94590831402262	0.063328673094074	0.801560217953445	0.949784175674977
RAB9B	-0.0975846570357344	1.56755765688629	0.567498945002659	0.452111837037472	0.812687199596849
RABEP1	-0.035347734572244	5.90080992753204	0.340691153265866	0.560067046547956	0.86229892887996
RABGAP1	-0.093457538684229	5.86540377272248	2.28304045252664	0.132322782256456	0.556092280158672
RABGAP1L	-0.023333570954714	5.10863235032164	0.123182861575504	0.725965260356552	0.925693720110675
RABGEF1	0.12933248399769	2.45587004343346	3.26069454585037	0.072414223885265	0.437834985218582
RAD23A	0.0962383047584325	6.69168646707553	3.56499795400471	0.0604108615907886	0.410231475421172
RAD23B	0.0458267577698229	7.13989826553262	0.406563244337125	0.524424852143299	0.844825759173358
RALBP1	-0.00313213374376803	6.15500714798975	0.00158445145873302	0.968286882883215	0.992365747431845
RASEF	-0.237296018312492	4.46965018306378	2.49792746657667	0.115525526122073	0.529246148674282
RBSN	-0.00752294225932964	4.60028699712784	0.0158251287182141	0.900014146377054	0.975260961737142
RBX1	0.169597243642974	5.86028683117762	4.57463785127992	0.0336219401590183	0.317338114278396
REPIN1	0.103246141306526	6.56696198867561	2.69720658763628	0.102044979199906	0.503089269897327
RER1	0.0596239210811786	6.71875119068001	1.21056565645377	0.272500079926094	0.698922070259819
RFT1	0.122041764861267	4.14906933190742	4.14777577568962	0.0429646336327903	0.358301334821668
RFWD2	0.0746283795639905	5.05802930431596	2.04645822903591	0.154070997122939	0.586186921229966
RNF185	0.0459045075958703	5.82448088004161	0.427031095370833	0.514175754593287	0.839862772724475
RNF5	0.0751436200337209	6.45788897463672	0.71801357901107	0.397776516105256	0.783219615528603
ROCK1	-0.0692815402824616	6.15665681240646	0.724766822340687	0.395570126780891	0.781634679910545
RPN1	0.0982203004763931	8.42203259187817	1.95630976802841	0.163407446382391	0.596919669565033
RPN2	0.0607177335201267	8.46986563199994	0.452290391600451	0.502000534569302	0.835300815909907
RRBP1	0.136054004266004	8.38805507666981	2.26270237576375	0.134049347978935	0.558397167043826
RUFY1	0.089759484777791	6.38399501025993	2.89727220154938	0.0902333000546965	0.480003439080451
SAR1A	0.00730011855650217	6.93449987124596	0.0163369213755311	0.898418902566413	0.975260961737142
SAR1B	-0.00711560617332235	6.46365573004061	0.00937967565844793	0.922940385778248	0.980690912688371
SEC11A	0.0376014421335853	6.83491921513749	0.461843732784028	0.497524048962892	0.833715974099154
SEC11C	0.0122946160790256	5.68467644846273	0.0175797866619556	0.89464760719493	0.974693345869748
SEC13	0.239617426656887	6.11899501852498	9.21597770369107	0.00270765437499805	0.0784976774126036
SEC16A	-0.0379611740344293	6.74666901269687	0.422482472227101	0.516422793664291	0.841190529737973
SEC16B	-0.0316221478217628	-0.111006735228034	0.0528436690567666	0.818414324157551	0.954806287569413
SEC23A	0.00561449460025681	6.44848940689476	0.00227244702925491	0.962025127900254	0.990077935510992
SEC23B	0.0454668141510999	6.52690279189722	0.177365162656268	0.674085096623854	0.908204960375667
SEC24A	0.0259390003863202	5.93786957403437	0.0576575096847807	0.810475411771621	0.952795231724943
SEC24B	-0.0206820642560491	5.76687312792167	0.0969590805696465	0.755823716201684	0.933996114511074
SEC24C	0.0209897681139938	5.61052160809896	0.0402863284115712	0.841119180603503	0.960776053863469
SEC24D	0.065351753694678	5.91692801749386	0.404282838230915	0.525589158890794	0.84533574699552
SEC31A	0.0117348124872008	8.08425126847262	0.0430631172788117	0.83581081573752	0.959221009322765
SEC31B	0.247813602900777	3.31289476450704	1.48128074034087	0.224962266712332	0.657205569980478
SEC61A1	0.0602976798137353	8.7148534538076	0.651742272644819	0.420418641157121	0.79505099690885
SEC61A2	0.0729559303567492	2.76070343558162	0.663173442425552	0.416379215295501	0.793024778529198
SEC61B	0.11974352895938	6.14035546972108	2.40958517198188	0.122124370508987	0.54230139307768
SEC61G	0.274660041690285	6.05660320764217	10.5452215914251	0.0013592783479094	0.0508055558368187
SEC62	-0.112071614665327	7.91926279969999	1.74836781189539	0.187543608286748	0.619401097368233
SEC63	-0.00881253409444865	6.67775514827361	0.0165477944462124	0.897769014624472	0.975079254061957
SEL1L	-0.083823399529992	7.46441604720308	0.714059034713535	0.399076825390899	0.784408932674362
SELENOS	0.215588620799308	5.71083573838527	15.2523182284906	0.000127365560022993	0.00953681261192031
SGSM1	-0.262816827508378	3.15522813085337	1.72522655350582	0.190478030857149	0.621664747986741
SGSM3	0.0571159059541807	5.61453411090937	0.602653910117355	0.43845479087681	0.806332153900333
SIL1	0.0976369146634906	6.38887032343264	1.03995363616632	0.30902457997588	0.725646191795906
SKP1	0.0158206203206072	8.14009263005633	0.0491684539637768	0.824735552539275	0.95706375532336
SMCHD1	0.0364578237456676	5.65404820416666	0.261008187675264	0.609973693247692	0.882321699316194
SNAP23	-0.0113820484536515	5.80973198731563	0.0335873625406116	0.854766985227179	0.964402046280488
SNAP25	0.285950067809683	3.2777332552313	1.85426308482305	0.174770991035762	0.608245330315917
SNAP29	0.021977703496296	5.46271551453812	0.207576327767799	0.649152063318824	0.898529448970347
SNAP47	0.0268970553549153	4.92004783125415	0.191079954194677	0.662475722219407	0.903641181478311
SPCS1	0.167459156060335	5.84386338961048	6.64669084679887	0.0106292331595346	0.171930507465348
SPCS2	0.0906103667786664	5.56437036791327	1.64273490325103	0.20138675088245	0.631266786485285
SPCS3	-0.0291021229826988	7.39161898416741	0.134813382593761	0.713868352153221	0.921455943223105
SRP14	0.031073057635729	7.80703067615521	0.293381355450337	0.588645253383214	0.873486204027361
SRP19	0.00553175673989425	4.23085339282919	0.0066317607145934	0.93517433388215	0.983997822906196
SRP54	0.0496947863883973	5.67182290654867	0.390113471147645	0.532928712747324	0.848407530061898
SRP68	0.0572282903649917	6.59543601274114	1.15009638092446	0.284779693546655	0.710219277097251
SRP72	0.00204728030643825	6.68168605170221	0.000762013803179881	0.978004153023563	0.995037966741346
SRP9	-0.0180792510601494	6.86409929528901	0.0626760591838214	0.802563953296992	0.950027675019886
SRPRA	0.0500887056432336	7.53717722820673	0.902843987826472	0.343130153975092	0.748931703272943
SRPRB	0.172578027763896	6.14931478500306	4.9037904258718	0.027890461292953	0.289173315551374
SSR1	-0.000961558758757267	7.60434390663287	0.000152267177766627	0.990166530719596	0.997801266980286
SSR2	0.100699728967243	8.22157618154969	1.81307042200379	0.179615273257151	0.612675498234289
SSR3	0.198033817123793	7.63908290105808	4.14233825696762	0.0431000054342551	0.358301334821668
SSR4	0.209285513494812	7.40589111229825	4.5519995951612	0.0340591782001506	0.319842274352162
STT3A	0.0815671831922962	7.42692927734886	1.3136677053195	0.253057063735193	0.68294299823892
STT3B	0.072748942197393	6.96768427157964	0.775795264666561	0.379453363028086	0.771010773488554
STUB1	-0.0519829777239891	5.21059224960999	0.517868474376618	0.472565377073499	0.821819647140125
STX10	0.131384266038206	5.21301553584381	3.33446347164064	0.069285541042103	0.430265830892869
STX11	0.0112742877111961	2.89174774238304	0.00894966197865722	0.924722103832451	0.981251766495125
STX12	-0.0407527199425415	6.26725040556222	0.323341073874253	0.570224062894707	0.865793415494703
STX16	-0.0825769592325167	6.44969350971342	0.995103710142695	0.319664751585861	0.732453037553052
STX17	-0.104427298833222	3.96777826072437	1.13975392932448	0.286949850748429	0.712467245207333
STX18	0.0231643130553256	4.78680721169208	0.145261128028969	0.703497292017526	0.917861566768351
STX19	0	NA	NA	1	1
STX1A	0.668001666837896	1.88107336286634	17.2739518244092	4.73824026778621e-05	0.0046255539484799
STX1B	-0.0881075995265608	2.12164608114375	0.346005841908494	0.557025158054419	0.861433773671133
STX2	0.131952246265691	4.86206395004449	3.91644973282826	0.0491436197705125	0.37560804100476
STX3	0.0262021240276898	6.10310884857954	0.0937591124914196	0.75975978989576	0.935193953998847
STX4	0.122076599683339	6.16637651429625	3.28877039532866	0.0712058578233405	0.435043648898309
STX5	0.0743535248488207	5.49468136054154	1.5902583395571	0.208710962336602	0.640464240917029
STX6	0.00323166950110525	5.66418884625143	0.00305580088609282	0.955969359086625	0.988949679063737
STX7	-0.0994913186195395	6.78343952590857	1.99368263041889	0.15946031625646	0.592594971458861
STX8	0.0523873484608869	4.97275770215663	0.632491341886886	0.427355409007892	0.799717631901312
SURF4	0.0468373593121696	7.94021957258543	0.34272605171749	0.558898619677735	0.861983837688066
SVIP	-0.0112036746321811	4.80487394474338	0.0180514082492188	0.893252201017213	0.974155390479973
SYTL2	-0.181616120837107	6.7448220491788	1.55591550473846	0.213675953230836	0.645831202717683
SYVN1	0.0396561349454413	6.41968334169061	0.472538000313573	0.492592613295776	0.831702465117392
TBC1D1	-0.0407789416042553	6.69463609878041	0.259662663574101	0.610895714771418	0.882588227173119
TBC1D10A	0.067931930185622	4.1344375377228	1.16618260842105	0.28144569021395	0.707121691253608
TBC1D10B	0.0022344792946769	6.01670607042349	0.00245621582274254	0.960520709768309	0.989870903425166
TBC1D10C	0.175650660908121	3.9290936470363	1.24133114605376	0.266508751831748	0.696149059162681
TBC1D12	-0.0530071514816827	4.27377240831335	0.555097448807589	0.457088791386646	0.815722381760911
TBC1D13	-0.0573441363489398	5.63271029424384	0.834313496782214	0.362092582403716	0.761616143687821
TBC1D14	0.0109725471506045	4.74529153450333	0.00826341498084739	0.927657453492457	0.982525856798875
TBC1D15	-0.0464021579286484	5.93332305578827	0.420143609182136	0.517584915123089	0.841440001343936
TBC1D16	-0.0296746431665656	6.95679657921647	0.0734266268955931	0.78668188656923	0.944026613298132
TBC1D17	-0.0643630651749162	5.86746291169154	0.828800480329178	0.363680211505855	0.76274351908569
TBC1D19	0.0674135374650386	3.31950810654308	0.784493721910883	0.376799754492764	0.769719742044547
TBC1D2	0.0978592147716199	4.54247672929779	0.469149250920509	0.494146310930071	0.83233746957629
TBC1D20	-0.00676547552465951	6.03925387430742	0.0186915268345114	0.891387619172603	0.973808809992858
TBC1D21	0	NA	NA	1	1
TBC1D22A	0.0470813672722193	5.545224770003	0.547478459535544	0.460189542126515	0.816930272481498
TBC1D22B	-0.0215191797410182	4.65249051018642	0.170118461362217	0.680434096195082	0.910343698446624
TBC1D23	0.0574220826248767	5.34706957224578	0.53327834404079	0.466058833506916	0.819402911686028
TBC1D24	-0.110831253624488	4.06025922977904	2.04695312314414	0.154021454479902	0.586186921229966
TBC1D2B	-0.0160427548676974	6.18197241202139	0.0487813043446717	0.825415683848575	0.95706375532336
TBC1D30	-0.131572142102893	2.37562051299117	2.08291633916679	0.150469419967345	0.580345385250142
TBC1D4	0.0615937234853175	5.60913330937423	0.40258667850067	0.52645816386949	0.845631372324248
TBC1D5	0.0486445758920128	6.03172751407514	0.553404942397164	0.457774733193632	0.815990859349487
TBC1D7	0.0586961531348076	3.97518964788808	0.437263483969819	0.50918276230522	0.837699621306292
TBC1D8	-0.052270327074256	5.11497048322608	0.404315778763252	0.525572307618587	0.84533574699552
TBC1D9	-0.00256070302809768	5.55668305618285	0.000700917237961337	0.978904147305398	0.995037966741346
TBC1D9B	-0.0332116644267371	7.95969612859146	0.259150528671058	0.611247446967576	0.882588227173119
TMED10	-0.00787931941827878	8.37281226834526	0.00693330416534262	0.933720262596733	0.983841214207163
TMED2	0.033234601198273	8.25589651360214	0.149182736468708	0.699714946274054	0.91627420047165
TMED5	-0.232708803420338	7.13874039694161	3.45639224982313	0.0644291728147795	0.420931085612563
TMED7	-0.14070928318486	7.41598773553846	2.24925793045778	0.135204606121385	0.5593586578474
TMED8	-0.0150591153421451	5.6230431082205	0.0232925753324148	0.878847602517603	0.970683978549947
TMX1	-0.123722084345693	6.07118206328462	1.63121163568739	0.202968597976277	0.633502954594556
TMX2	0.0325168999520312	6.2058550956745	0.239208391436787	0.62529710903649	0.888683522509091
TMX3	-0.0466520999167995	6.11869916292331	0.543817920505616	0.461691202903835	0.817434064988393
TMX4	-0.048479950051505	7.01952838137103	0.194799484270905	0.659413136242285	0.902293915638799
TOR1A	-0.00326688689957075	5.39409832267015	0.0028232215798179	0.957676470999216	0.989265368136586
TRAM1	-0.117826260085525	8.67625200623873	1.03839502278171	0.309386490648954	0.726078214637526
TRAPPC1	0.0582635625887606	6.42696315617165	0.435424057577528	0.510074103718659	0.837851122860756
TRAPPC2	-0.0579147853762121	4.05867337009774	1.07205356598795	0.301692098163906	0.720927276603178
TRAPPC3	0.0562583492792496	5.74385985433236	1.3943494509195	0.239029177449841	0.668585006911911
TRAPPC4	0.0891345677626736	5.62661159553809	2.61498452625257	0.107383924872412	0.51424469913313
TRAPPC5	0.276310022653782	0.645001744373259	3.648428616066	0.0575066987509577	0.401110110689515
TRAPPC6A	0.0361999718523726	4.26216814738219	0.167576847351422	0.682698339290301	0.910893451736028
TRAPPC6B	-0.0970228858513174	4.78148542917805	1.98521830388586	0.160344603734135	0.593288047509021
TRAPPC9	-0.0468445982954954	5.40411702973878	0.436732108704865	0.509439976579797	0.837699621306292
TUSC3	0.219654908189102	5.71169727328207	2.44319186662055	0.119565825742871	0.536992688161569
TXNDC12	0.0415941984075447	6.43546782447392	0.431851215163491	0.511813171830189	0.8383066427246
TXNDC5	-0.122597144525203	3.17955276428107	0.798935585029006	0.372451540069323	0.768285123392701
UBA1	0.220718882174236	8.31182575588078	9.59098272017398	0.00222680014077493	0.068790480305114
UBA5	-0.245487338038765	6.3972145842729	6.08958736736188	0.0144106773768976	0.204306362083878
UBA7	0.176361454975061	5.97926978294672	4.06081830147315	0.0451846478612975	0.364896051447319
UBE2D1	0.0267906831572881	4.43331933344033	0.0814349853371599	0.77564790190219	0.940215813761149
UBE2D2	0.029936029587797	6.91873550400024	0.268639399616149	0.604800410472193	0.879852091609098
UBE2D3	-0.052689024209528	8.13890280190526	0.728219146735169	0.394449038632685	0.780677154661444
UBE2D4	-0.0325512376849556	4.74726651650935	0.192144463452043	0.661595620236478	0.903203438807502
UBE2E1	0.0888351735827442	5.73769170099744	1.58721305097349	0.20914562691296	0.640841471732083
UBE2E2	0.165968464194521	4.60088393814562	4.61538171858563	0.032849833345035	0.313115830105835
UBE2E3	0.0420925517615689	5.86955344590639	0.464008216488731	0.496519231672936	0.833269122885945
UBE2G1	0.0127720444654691	5.34225874987977	0.0287450995295026	0.865534769506802	0.967197543714109
UBE2G2	-0.130519389378914	6.61213004923958	5.63514047360282	0.0185200515447325	0.233832454260768
UBE2J1	-0.104418477157135	6.73460898036968	1.8218473102768	0.178570163790325	0.611383381857396
UBE2J2	0.0521102968495647	5.42462718277249	0.533978543524897	0.465766619890572	0.819402911686028
UBE4B	-0.0775160697856825	5.64369730211005	1.23343275644451	0.268030993088306	0.696696801171405
UBQLN1	0.0513075796407508	6.87513021580614	0.521843805741019	0.470872877955961	0.821466470391772
UBQLN2	0.0447614137146023	5.93835366572055	0.381928079744201	0.537253616075633	0.85118167311135
UBQLN3	0	NA	NA	1	1
UBQLN4	0.0572848012005022	5.05029472372583	0.885255671597637	0.347864704850662	0.753114979596408
UBQLNL	-0.03484452602023	-0.156870768273852	0.0434862424431588	0.835017773178533	0.959025694798423
UBXN2A	0.006139516886845	4.17237079435189	0.0105665538106482	0.918226347295886	0.979926933823108
UBXN6	0.0198766796148403	7.57883671759419	0.0637556993967961	0.800906415962407	0.94952886280426
UFD1L	0.0591672040433058	5.74561510300937	1.21448565438531	0.271727349767212	0.698922070259819
UGCG	0.0653291796218847	7.04187086687994	0.519679664507522	0.471793041164359	0.821751942018533
UGGT1	-0.0133954785655761	6.62562033001621	0.0248726918097845	0.874838688553161	0.969314388881172
UGGT2	-0.0501292846652435	4.60619106915966	0.595965733863565	0.441003324275883	0.807613230632536
USE1	0.0801181719381206	4.90334037266924	0.990377663534168	0.320813883793748	0.732681878709686
USO1	-0.0357531214065701	6.91616848523908	0.169616396134121	0.680879793912469	0.910460795543058
USP6	-0.185781810898386	0.328267210908863	1.07408486802752	0.301235735950705	0.720533335661118
USP6NL	-0.012952190096429	4.40682597077141	0.0362030059206072	0.849283645285528	0.963131949390252
VAMP1	0.0953175361184452	3.41631998540131	0.379610049384461	0.538490038989553	0.852041610067037
VAMP2	-0.154852996174549	6.40231829776458	4.42537704832118	0.0366178331426179	0.333349058314822
VAMP3	-0.0789207617513386	6.98386775174213	1.52969726380458	0.217561540792263	0.650326387565823
VAMP4	-0.0317825574150723	4.67673034978725	0.262033368404488	0.609273198235129	0.882218698262281
VAMP5	0.181148353228265	5.98074061042091	3.95636903654087	0.0480133273870045	0.37288239659918
VAMP7	-0.0149386758845374	5.66265568685696	0.0348887618966452	0.852012181225033	0.964178041096438
VAMP8	0.0876143690369308	7.04150381238544	0.952208712202537	0.330298575330226	0.73936266916872
VCP	0.0809403445163385	8.20857876701027	1.84066671249932	0.176352968065008	0.609579588329874
VPS45	0.0222536224945665	5.03161133748707	0.253956491093653	0.614839665122917	0.883692182166143
VTI1A	0.0266061135154402	4.00185718988504	0.257190095310792	0.612597924863439	0.88295911709498
VTI1B	-0.0438783822701755	6.41656131608875	0.404684305932315	0.525383847219734	0.84533574699552
WAS	0.140156805942961	4.61676533072546	1.28380642423175	0.258505286683121	0.688687564534098
WDR38	0.500156463676245	-1.71317424941141	5.5973266624044	0.0189129014894163	0.237180883348904
WFS1	0.0678605363230821	5.19476141546166	0.463655654735202	0.496682666945539	0.83331986553194
YKT6	0.189937060118334	6.54317459538167	5.15384796779688	0.024226339630425	0.269299801791294
YOD1	0.00405508870232914	3.67541364009141	0.00267434185962266	0.958806501680062	0.989391038182565
YWHAQ	0.0084726669226489	7.96897026418038	0.0110387889251032	0.916425626171948	0.97946914970189
