pspGenes	logFC	logCPM	F	PValue	FDR
A3GALT2	0	NA	NA	1	1
ABO	-0.398377713329588	5.68957863858674	2.02622022280844	0.15666874909111	0.498518146421151
ACAP1	-0.0567646676985109	3.73734135227785	0.0815704963624268	0.775571913650789	0.922337836599991
ACAP2	0.0604067612641752	6.27750294702559	0.490282296253982	0.484879404136411	0.780031984521386
ACAP3	0.0381061833381038	5.44961564478592	0.0974914257555644	0.755292029649054	0.914072116361974
AGAP1	0.0306596769183819	6.12477782372762	0.0590778238193658	0.808289501899652	0.93359076830462
AGAP2	0.147469921034286	3.30497179734029	0.518327249115557	0.472669609343096	0.772493172192681
AGAP3	-0.0496283063019374	6.17679191361143	0.19679201451367	0.657958127561035	0.871916156128589
AGR2	0.058533798876783	10.6644934181342	0.0363143083832121	0.849123975374457	0.949028457301699
AGR3	-0.121280240121369	6.08517397179036	0.103206426932215	0.748459678656135	0.911085788592948
AKAP10	0.0314700838146657	4.7159757138777	0.13295930471527	0.715893679089048	0.898627446161252
ALG1	-0.0808363888051529	4.78448210752251	0.585463715496179	0.445373537066955	0.755636955045753
ALG10B	0.226913879051672	3.45586143505182	1.87663788516685	0.172751404626651	0.519363643821497
ALG11	0.217876280176747	3.20607245393521	3.72300629856044	0.055543754021536	0.327308871181096
ALG12	-0.150439943975182	4.51856653104408	2.18286050658148	0.141638677633369	0.478013230233829
ALG13	-0.285193592161986	5.44663606840591	2.13357335154346	0.146183220442934	0.484356325167344
ALG14	0.139757581996971	3.60065421789032	2.15833757269077	0.14387944676331	0.480845400503275
ALG1L	-0.0194830694186897	0.982353578846559	0.00463179675311835	0.94583010166525	0.982527344829471
ALG1L2	-0.341509633881342	-0.585407984451185	2.80260771869553	0.0961823436700878	0.406548273300593
ALG2	0.104609476599667	5.36667047603373	1.36189707532038	0.245049596296122	0.5974814485963
ALG3	0.0816235677518271	6.76731546165241	0.477034420080928	0.4908295814987	0.783670330134349
ALG5	0.362375266771395	5.32737546252318	9.95601416098865	0.00193556237391027	0.0664928268251266
ALG6	0.0238382494886316	4.231257999538	0.0597429387920974	0.807234691870018	0.933443112726023
ALG8	0.175447216068116	5.508772050335	2.02036767159361	0.15726465994247	0.499420184161772
ALG9	0.0204482070122905	3.24607395476183	0.0528460050040211	0.818494289216219	0.937311382389243
AMFR	0.0257841566391798	6.54389972615576	0.0782804896384695	0.780024404986962	0.924131345847376
ANKFY1	0.218118900785122	6.40426807142727	4.62863309432539	0.0330337151467799	0.259905523485036
AP1B1	-0.0193208890995664	7.44706551962454	0.0318841855942154	0.858521555074971	0.952418578590621
AP1G1	0.344643137906028	6.83382358698132	12.9829007654466	0.000426206935628564	0.0300508132800132
AP1M1	-0.00689429283319133	5.64311029704278	0.00463374211804405	0.945818744792777	0.982527344829471
AP1S1	-0.179687161664811	5.80949468072522	1.42130999015423	0.235059120076691	0.588008097216847
AP1S2	-0.214344071681798	4.66770212763241	1.75675354092531	0.187032917840423	0.538444967839451
AP3B1	0.163948249896151	6.08488063560087	3.11363445750576	0.0796624895817227	0.374324253529632
AP3B2	0.161024333194523	1.65344506220978	0.132060504777313	0.716813658454275	0.898929555654445
AP3D1	0.166854498193283	7.78746235434343	4.1442176452413	0.0435262214990263	0.290876902444497
AP3M1	0.314152872556575	6.37860441977754	11.201748710989	0.00103158852006134	0.0479611164281806
AP3M2	0.172106303089173	4.35849279461062	1.95042683219678	0.164591361764577	0.50946749379641
AP3S1	0.0564646133687333	5.5264181967838	0.266652516537024	0.606341990157997	0.847927202759861
AP3S2	0.138308094364658	4.73766474346287	1.93591125792502	0.166160762229162	0.51162561226899
APPL1	0.0238377407024387	6.13234320716826	0.0593249987207765	0.807896774527991	0.933460764010727
APPL2	0.0585246819872252	5.97601893634895	0.283300918197513	0.595328523057604	0.841978623159836
ARAP1	0.0164301158832342	6.67054126239687	0.0220992548732554	0.882021811569556	0.961234908470952
ARAP2	0.137805767015164	4.92745667792481	0.625936444010992	0.4300913891954	0.746269893804307
ARAP3	0.231770532919441	4.90194744702341	2.394213627027	0.123879401087932	0.452484347242825
ARF1	0.0410599337956164	9.24376575053324	0.239985088619372	0.624928246419584	0.856003364296295
ARF3	0.0177648213688614	7.59930610386887	0.0367060726330596	0.848322241281181	0.948917230412884
ARF4	-0.0890858762227759	8.07426037912128	0.589045694725515	0.443987468789317	0.754743976292711
ARF5	-0.176306446155522	6.45167546086618	2.24335072202015	0.136278554480214	0.471031619915342
ARF6	-0.0798787662182301	7.34692077917884	0.547956259060176	0.460304004582978	0.764405760376494
ARFGAP1	0.0776886531469043	6.37116179609374	0.646597412747673	0.422596636926842	0.740851736713384
ARFGAP2	-0.100390773505298	6.19584544333332	1.63424833257771	0.203078979136554	0.554472262134402
ARFGAP3	0.0702651055322164	5.90120734459537	0.369147059775168	0.544382687991163	0.817032540472527
ARFGEF1	0.28063500691684	6.67407328749376	5.45140927612722	0.0208701773662516	0.211380380951914
ARFGEF2	0.238861899572885	6.94760935121502	4.25171079107232	0.0409257623593589	0.284009891440436
ARFIP1	0.105738571635576	5.49247502816109	1.32565793430716	0.251399958151744	0.603744617350766
ARFIP2	0.188144211819442	5.83849136470258	3.68521330279272	0.0567836374780315	0.330251435490257
ARHGAP1	-0.0321020088697094	7.67839415086038	0.124509546931225	0.724686411899083	0.90125394904332
ARHGAP24	-0.0605611454967464	3.87932528731292	0.113563092248568	0.736591689996533	0.906342160542801
ARHGAP5	0.113853782495242	7.00763518411781	1.25103484809684	0.265132097314142	0.618141610570249
ARHGDIA	0.101438207022034	8.32418647263177	0.8616224733104	0.354767247527813	0.693171432987988
ARHGEF1	0.00670605406017663	6.89079798096368	0.00352399255690522	0.952741336418093	0.984768209275748
ARHGEF11	0.0349197595746942	6.68975928851756	0.172689983672266	0.678322368552795	0.881286223219728
ARHGEF2	0.075943031992057	6.47558860141416	0.694847613363472	0.405837755661682	0.728571502829408
ARHGEF6	0.179102591008072	4.41287266808131	1.00983502569416	0.316550851120528	0.662672598574004
ARHGEF7	0.11301805200255	6.21311396807899	1.49920681198734	0.222701311268986	0.5752240432727
ASAP1	0.220480841434056	5.90057430514422	5.00090509689611	0.0268006643753386	0.236496597459058
ASAP2	0.229694747196595	5.85005955396216	2.21796688815313	0.138499387489131	0.474004588567735
ASAP3	0.0155497803032911	4.00895744209398	0.00731145468372709	0.931971626795452	0.978026463364237
ATF4	0.0399444038751286	7.92278845286371	0.174385182872783	0.676837100055164	0.880696374046872
ATF6	0.201823392091168	6.43747827847712	7.43521002099389	0.00715376627213979	0.129503851874973
ATF6B	-0.0781281129923425	7.02934846322589	0.668825233486	0.414750781646686	0.735092384795703
ATXN3	0.00391796593448196	4.78826623274812	0.002735058239889	0.95836057797224	0.986237504118432
ATXN3L	0	NA	NA	1	1
B3GNTL1	-0.0966605695001691	2.58729056600901	0.746187416524228	0.389056808087766	0.717770959814581
B4GALNT1	0.132507380975868	2.02109931124949	0.263406110544287	0.608540194510495	0.848411497268178
B4GALNT2	-1.25370302117635	1.18946484679154	4.22146822702021	0.0416402720847658	0.285652506228203
B4GALT1	0.402703427828932	7.77216419377793	7.94486857007909	0.00546939172859793	0.112122602975635
B4GALT3	0.108791472435159	5.51278097938838	1.19685818927061	0.275693575071353	0.627508025530722
BAG1	0.32401043649628	6.38099985157038	5.90695620996522	0.0162540182860769	0.189096698797744
BAG2	-0.409316701754675	4.92087865952845	2.71099783242052	0.101739452646319	0.415625452165556
BAK1	-0.0937021188108569	5.74902164541494	0.413432302138297	0.521208241461334	0.803836437120816
BAX	-0.0689099396476518	5.81155344299249	0.289423574801703	0.591382635079118	0.840182520492014
BCAP31	-0.127304652523492	7.61172562341069	1.09771298832268	0.296443580169314	0.644929001268515
BCL2	-0.186962820071464	3.82617150139453	0.964651272270333	0.327589668659049	0.672372389648687
BET1	-0.157815424323648	4.80481585152662	1.01805383842005	0.314596054718444	0.660670850921793
BET1L	0.197141957222871	6.16164517523949	5.01813354894769	0.0265440323144163	0.235815288771236
BNIP1	0.0881494653596437	3.12715584364641	0.833931944082368	0.362594574710724	0.69926969656108
CALR	0.103980881004522	9.80678517750526	0.840859260865865	0.360614165396156	0.697441583099351
CANX	0.2046209625564	9.45461919890048	4.03638296321068	0.046312189469779	0.300537095972021
CAPN1	0.098285224010438	8.40659539786773	0.716805821641918	0.398534175156486	0.724241137523928
CAPN2	0.197931050606979	8.18637619456755	2.29111572206519	0.132207773341453	0.464457628373919
CKAP4	-0.0950287604356388	7.31296466287295	0.449064399926626	0.503803676043407	0.792279591270831
CLTA	0.335232250685321	7.37195168601323	8.40179325672969	0.00430769165404595	0.0994725716408427
CLTB	-0.108622252289712	7.15499029814297	0.509934371865475	0.476270243906552	0.774619251954951
CLTC	0.302139743577096	9.06929390416225	8.8873839553342	0.00334852287287895	0.0867252284154656
COG4	0.116686355176359	5.74741161665735	1.93749038272511	0.165989195410469	0.511304570647205
COG6	0.293967111067497	5.17880918403571	7.77473217746515	0.00598065132639035	0.116656489855156
COPA	0.230588550325471	8.33682933667117	6.12519878156485	0.0144331916189359	0.179148040141548
COPB1	0.230664992537967	7.25018261336026	6.12484303108702	0.0144359802631867	0.179148040141548
COPB2	0.15239611078598	7.59635386305867	2.72949165186056	0.100589700643275	0.413787232026722
COPE	0.105836436029712	7.28356269767183	0.810293078700733	0.369467742261137	0.704549781914705
COPZ1	0.0383021710423379	7.47757266771462	0.207092744717516	0.649709660691102	0.86910874580142
COPZ2	-0.328228818764384	3.16833675877473	2.24508229096811	0.136128532387219	0.470988485455889
CRYAA	0	NA	NA	1	1
CRYAB	-0.872411616965513	4.89960997969219	6.68567503686675	0.0106652307059277	0.155859085765992
CTBP1	-0.170975757775473	7.11459565785318	2.47460045675156	0.117792933759749	0.443278714926706
CTSA	-0.169525954801414	8.53001844214728	1.21873347121102	0.271366432234618	0.623607692679935
CUL1	0.112626892099118	6.12114997853167	1.68191031091397	0.196650068685616	0.54750859487699
CYTH1	0.0700347300212449	5.90468007341084	0.549361139484537	0.459730591856845	0.764096699186789
CYTH2	-0.016928589170479	5.85831128948624	0.0364123764346577	0.848922862979142	0.949012404398911
CYTH3	0.0316086634300116	5.60455974113038	0.0694164724822141	0.792547682585556	0.929122983812003
CYTH4	0.243949389923744	4.02466067595137	1.56840900046772	0.212375462484099	0.564454414338992
DAD1	0.280563276692723	6.97317839234409	5.35765095312771	0.0219798217042843	0.216815241240119
DDIT3	-0.200647696308974	4.65538331737791	0.800489054553708	0.372371871644001	0.707094533079424
DDOST	0.0414568987457095	8.06690357104217	0.144306104039308	0.704571189369101	0.894313246800302
DERL1	0.0498462986825356	6.62855093562777	0.294532134847511	0.588131323061522	0.838447059504915
DERL2	-0.0293316937371494	5.16752317751502	0.107474667197783	0.743492066006304	0.908894925868971
DERL3	0.422249495931634	4.86041738548325	2.21402684793155	0.13884775899913	0.474473511642115
DNAJA1	0.262165736272333	7.46461427695338	4.80716828404674	0.0298730239381912	0.24775023716529
DNAJA2	0.0602787976409112	5.98718937384519	0.620235604814933	0.432194875309625	0.747505321556984
DNAJB1	-0.0540675417049476	7.63791508949546	0.0752695468167708	0.784188565934378	0.925808428771426
DNAJB11	0.104873445207495	6.40151586715133	0.795747062693686	0.373788059640492	0.708324581519975
DNAJB12	0.0901900974694202	5.92408744206771	0.920506585384609	0.338876544977316	0.680463116850126
DNAJB2	-0.374873301865724	5.61802628262053	9.68647096978297	0.0022208497479655	0.0712370899412419
DNAJB9	0.0728666749067525	4.90299812954276	0.328318650948258	0.567503543887931	0.829952797148703
DNAJC1	-0.161067336832528	5.43470414532886	1.68913585146303	0.195696603722106	0.546249044336608
DNAJC10	0.277731350636401	7.35457658895284	5.64676153109395	0.0187422583817543	0.202652441194653
DNAJC3	0.195353448161698	6.8490900199168	2.89512533357744	0.0909071243465123	0.397538754662867
DNAJC5	0.0222970654530832	6.84640025092166	0.0360441003242442	0.849679563425609	0.949317854590547
DNAJC5B	-0.209901131697235	0.317097242002194	0.594125564675098	0.442033235730961	0.753360358564058
DNAJC5G	0	NA	NA	1	1
DNAJC6	0.50652668607574	2.29587379040521	2.78284753432767	0.0973521099219576	0.408735482241332
DNMBP	-0.0441880589631045	6.14841321413019	0.134173468732782	0.714656485077445	0.898042488860535
DOCK5	0.0481708985619779	6.2984605965473	0.0921914333020265	0.761827661404895	0.915925219894679
DOLK	0.109175751386358	4.55874191372944	1.14045419138618	0.287261619455167	0.637836267836337
DOLPP1	0.148218655349386	4.61035472240509	1.38059290586842	0.241850680976512	0.594404325375623
DPAGT1	0.126364227369019	6.07664147276361	1.50845251856109	0.221287330282867	0.573892588019979
DPM1	0.0524346727287586	5.6450922855292	0.275920853580813	0.600158252006256	0.844891247484652
DPM2	0.117020005184932	5.99404769489839	1.19830302298429	0.275405095607212	0.627407517376378
DPM3	-0.322564677026661	4.60062926293974	4.54637337614051	0.0346070131413975	0.263635009245958
DPP6	-1.65247567503091	1.21466374591672	9.9121880199552	0.00197925331056261	0.0674628962425168
EDEM1	0.209989294176929	5.90905818166288	3.02430060143427	0.0840647631906774	0.38348783385423
EDEM2	-0.090940203765291	5.45342679911587	0.776383909754598	0.379650448168567	0.712215267161301
EDEM3	0.223603603304863	6.86738825732029	2.09428960922629	0.149924382682971	0.488634482121254
EEA1	-0.061764358461795	5.75500415022999	0.450727930735138	0.503015776480872	0.791821255351744
EIF2AK1	-0.0532089827179345	7.88663843704023	0.39906180490098	0.528529896179354	0.808350170689061
EIF2AK2	-0.114793041008438	7.10004252703991	1.26117222219164	0.263212654979698	0.616148277865857
EIF2AK3	0.108316682298199	5.02163751567287	1.123512410109	0.290856826568827	0.640170181766676
EIF2AK4	0.215568204424807	5.82451395578523	6.57964847242482	0.0112903672471674	0.160329019725842
EIF2S1	0.337827100589872	6.25657086352265	12.2490490976219	0.000612163654359915	0.0372422029370503
ERLEC1	0.034329629265278	6.26988629408053	0.121120026434034	0.728307842313989	0.902356315033532
ERN1	0.130339596685776	5.3520655213928	1.68471112804857	0.196279829858312	0.547103136902704
ERO1A	-0.0995918048603574	7.67404519673351	0.370171885005661	0.543825199304025	0.816884830781023
ERO1B	0.192728424770639	3.73090307042911	0.986132656444868	0.32227892632497	0.668018307324253
ERP27	0.575192292522015	1.347194129083	4.71621460454724	0.0314413263294942	0.253921451285965
ERP29	-0.0589325581810664	7.03100863957949	0.293219449659138	0.588963268734149	0.839032673944563
ERP44	0.063490228742809	6.84186289961538	0.472259433996456	0.493004239364341	0.784581217348804
EVI5	-0.0255450207950457	4.99371371564819	0.0753740778374777	0.784042511314869	0.925693384174309
EVI5L	-0.222917283524809	4.48751360248753	2.93288210286022	0.0888461900779262	0.393573659976314
EXOC1	0.205357117144204	5.43222176569745	4.67009570266969	0.032269499060569	0.256854053041186
EXOC2	0.117340450357468	5.17876314443642	1.92613272388335	0.167227739227673	0.51264368688518
EXOC3	-0.0352969068584862	6.00054405035633	0.136976936870658	0.711823913039948	0.897251573483176
EXOC5	0.261645491974313	5.96269287849654	8.76110408478427	0.00357456945283843	0.0900817593863114
EXOC6	0.0909859276268985	4.56640109185775	0.637393620015419	0.42591071101585	0.743106557471448
EXOC6B	0.078647253925289	4.85966122913892	0.525698260426065	0.469543722610704	0.770891854906292
EXOC7	0.0523271110428542	6.13362803149374	0.342150830549638	0.559463849118972	0.825448264565492
FAM71B	0	NA	NA	1	1
FBXO2	-0.118998740833222	4.23575476570612	0.100153656822118	0.752082622886706	0.912436178693263
FBXO6	-0.112387482299059	4.52982877306691	0.394094404094689	0.531103759858027	0.810357189662949
FBXO8	0.0283753794413352	4.12597545615165	0.0927671384339566	0.761107946352591	0.915799317317367
FUT8	0.00800447118736404	6.09472698900332	0.00362621621212877	0.952061620627503	0.984678251080986
GALNT1	0.0530702363352083	6.77355837841133	0.174809000061146	0.676467094391956	0.880638384002911
GALNT10	0.258559874302464	6.55063292222557	3.6150745940136	0.059164078724939	0.334653257092528
GALNT11	0.0294802603360454	4.98823573719458	0.0959890085831731	0.75712452072331	0.914696882564951
GALNT12	-0.197696316598967	5.33273176762505	1.35063605186892	0.247001514157015	0.600068767791076
GALNT13	-0.734559328494975	0.440092277332177	2.50775131649341	0.115380787746944	0.439293606857518
GALNT14	0.0776670973392212	2.61060696402175	0.0377661902590413	0.846174730190819	0.947807622557812
GALNT15	0.302549154762678	2.37961490733554	1.32830889241296	0.250928580939024	0.603317072208952
GALNT16	0.1227538240087	2.5814413172243	0.14253646571274	0.706302741746916	0.895155472297843
GALNT18	0.379176380583537	3.58374070592848	4.94678681295319	0.0276239037852392	0.240124586228371
GALNT2	-0.0158341438781402	6.86399535725677	0.0237001096786132	0.87785609150026	0.960042493597688
GALNT3	-0.0363266620746271	6.7580329322397	0.042192827222296	0.837529448355665	0.944854672304173
GALNT5	0.2774200009066	5.32243206396843	0.813545869147489	0.368511226707148	0.703648813111057
GALNT6	-0.0227370650882192	6.13036891372263	0.0117070189236375	0.913981572215501	0.972357558179621
GALNT7	0.14610191320953	6.55328662241168	0.754152730664555	0.38654349993434	0.716660176548957
GALNT8	-0.450323379628869	0.898776969421793	1.17333525325339	0.28044455859926	0.63185241116825
GALNT9	-2.95507180265595	0.87151346832188	26.3014634148775	8.83696134926164e-07	0.000455248670021591
GALNTL5	0	NA	NA	1	1
GALNTL6	-0.12870743759727	0.00586809235972285	0.0791739771253528	0.778805375290392	0.923650892548802
GANAB	0.231826582777156	8.92984494439486	6.3073145987738	0.0130766737706997	0.171825751449441
GBF1	0.141446213605369	7.18498874200811	2.64694654037505	0.105835122881573	0.423401809673964
GBGT1	0.14578642683105	3.04582803606249	0.402525278582161	0.526748535906213	0.80705578086923
GGA1	-0.0774046356921738	5.90070617498082	1.06895016278595	0.302836605460797	0.650128981762126
GGA2	0.121165077759149	6.05814969874589	2.12874228229314	0.146637521182436	0.48444813909883
GGA3	0.118553408299828	5.68861529498464	2.61778283907287	0.107760123608517	0.426898252161107
GIT1	0.0666589191179427	6.80857465242937	0.290099966015396	0.590950030617997	0.840129701753607
GIT2	0.110252813472682	5.17210623475445	1.42670337159077	0.234177081504916	0.587143336162472
GLT1D1	0.760467188508699	-0.141969215500005	9.81826057340844	0.00207633232773213	0.0686805974754029
GLT6D1	0	NA	NA	1	1
GLT8D1	0.120280606176037	5.28559478662314	2.05404460361319	0.153870804273539	0.493993034034224
GLT8D2	-0.140791539994263	3.69706865829336	0.521341499057572	0.471387264698388	0.771666738696358
GMCL1	0.0274323939967846	5.4549857603946	0.0915098520482482	0.762682918764765	0.916320945507973
GOLGA4	-0.237258036046313	7.37919863196671	3.69420031818887	0.056486132992637	0.329720463550621
GOSR1	0.116817108252563	6.07779143136049	2.81558833976905	0.0954223339060757	0.405661162337715
GOSR2	0.205784509309331	4.12888096882847	8.01100941845831	0.00528301027012937	0.110125844272433
GPAA1	-0.172316686958643	7.22745136111257	2.25625081462941	0.135165368579176	0.469271932371612
GPLD1	-0.303273486574927	0.632591062660204	2.61663538213148	0.107836652650467	0.427140161509523
GXYLT1	0.245404972760769	4.36405979612462	7.20578408781144	0.00807910367922306	0.136396603679793
GXYLT2	-0.0288070817665371	3.37293956326937	0.0122501881187137	0.912016707865003	0.971345446775591
HAS1	0.0284158133703358	0.640971613765895	0.00475590672158142	0.945110294513006	0.982163681783777
HAS2	0.296541496035736	2.82552548755758	2.05160202306053	0.154114119686378	0.49432332220229
HAS3	-0.503958262639556	4.21536979385266	1.55737349509311	0.213982962410254	0.56638326993495
HERPUD1	0.272763156857006	7.14093239899939	5.36333303801628	0.0219108459069966	0.216558280055305
HSP90AA1	0.255830348385986	10.3303556707717	4.21180668795906	0.0418713175205059	0.286117216703705
HSP90AB1	0.0629623419584685	10.501457726687	0.353218084576928	0.553186968939377	0.821705473348758
HSP90B1	0.214817179115023	9.88593145001501	4.01218264733153	0.0469631329517884	0.302709052178368
HSPA1B	-0.331692351643805	6.68047104426532	1.94008204234731	0.165708062875612	0.510752895505456
HSPA1L	-0.31421102108903	1.15163368510947	5.31511913894602	0.0225034007165051	0.219162174820124
HSPA2	-0.198429999639274	4.17108381905948	0.721294604885151	0.397064777209731	0.723449153544137
HSPA4L	0.330466000689797	4.42324816617011	1.68946568716937	0.195653209836144	0.546249044336608
HSPA5	0.186265994762082	9.50999487104908	3.06157918437328	0.0821962844101326	0.379388598831528
HSPA6	-0.37450658639282	3.54891656277866	0.712153752767078	0.400065389361623	0.724712231390871
HSPA8	0.463286736357663	10.3072513883911	12.8552152765161	0.000453828711708949	0.0313368725435029
HSPBP1	-0.164270170989274	5.97178685114088	1.51919468100971	0.219658055119003	0.572073111427401
HSPH1	0.60441731039623	7.6285603890277	11.9459832989739	0.000711500357659442	0.0397806475274368
HYOU1	0.200955107126906	7.94842007661109	1.94699080472232	0.164961309148199	0.509809361333751
IFT27	-0.205942813555641	3.94663706344195	3.97353622977167	0.0480229515272991	0.305973222879816
INPP5B	-0.17073090629985	4.36240638433183	3.49832970783695	0.0633673550630051	0.342779164621113
INPP5E	0.0828437991388124	4.27546902041562	0.757881329508249	0.385374999641837	0.715585169229797
IQSEC1	-0.0337479477116332	6.17718963776729	0.0889927046802055	0.765871974157404	0.917313216884526
IQSEC2	-0.100101418419631	4.63630918706609	0.652960194571436	0.420328186718713	0.739409242543204
IQSEC3	-0.429436326280698	1.53158755392842	2.07030493394807	0.15226219838571	0.491466859812237
JUN	-0.672318809152521	7.99342120473822	17.6806439575503	4.46064133296904e-05	0.00832452119031114
KDELR1	-0.0479770700855726	8.3666786846449	0.224473285469829	0.636337115584874	0.862138803397252
KDELR2	0.0571641893084323	8.74471109228839	0.285086147264531	0.594172368689105	0.841362359078286
KDELR3	0.230273304140012	6.27551116947594	1.60430253636212	0.207245889650268	0.560255600679298
KIF20A	0.140416219860894	5.03421552078026	0.673260167842199	0.41321139306036	0.73409622584617
KIF23	0.246458797163139	5.05402900898164	2.4469258529214	0.119849745999276	0.446667114357037
LARGE1	-0.163813922417636	4.97180805524784	1.23140542202138	0.268898944355248	0.621245407201334
LARGE2	-0.389055847395407	4.98062600572533	1.68956032446655	0.195640761249574	0.546249044336608
LMAN1	0.37658035468513	7.23365481430731	8.16304293818768	0.00487900644462443	0.105873644890832
LMAN1L	0	NA	NA	1	1
LMAN2	-0.0608869188292593	7.22659534299898	0.29268611495042	0.589301971241551	0.839154386050083
MAN1A1	0.0934921947333802	6.62414133146084	0.419570543408782	0.518135583001568	0.801170125717115
MAN1A2	-0.0893963352672251	6.41059039951438	1.22863830698506	0.269435340560477	0.62170460369928
MAN1B1	0.161089425165929	5.93263156241421	3.00051680451116	0.0852810468615598	0.385761957798277
MAN1C1	-0.250884740912682	4.48543328322768	1.4466548296473	0.230949036218474	0.583552500261116
MAN2A2	0.0144860227330734	6.14409564913022	0.0145232960996494	0.904237360476776	0.96900115994291
MAP2K7	-0.270501706937462	5.42337474111852	7.62300030244498	0.00647819966884674	0.122302033392718
MAP3K5	0.145612395803045	5.21371071297578	1.46174585908602	0.228543261120251	0.581143781121449
MARCH6	0.0372739643434817	7.08730579074189	0.142029561212871	0.706800999455643	0.895434665137012
MCF2L	-0.0467702926446707	5.77488614192791	0.0603812592939571	0.806228212998993	0.933301740270454
MGAT1	-0.104851560301687	7.20006122736527	0.972188238781834	0.325713161479932	0.671207753493676
MGAT2	-0.0568488447744667	2.58341274426351	0.131585882031486	0.71730089666543	0.899067469862915
MGAT3	0.043582002268722	4.89346126132008	0.0406929280515833	0.840403459557966	0.945911497090541
MGAT4B	0.0483005042383775	7.97059612182701	0.154977246424456	0.694379213008405	0.889800216353908
MGAT4C	-0.351078600058169	-1.13376225392687	0.781859512866106	0.377979534341209	0.710589731685372
MGAT5	0.220304380238098	6.85920950805047	2.31486360228175	0.130235003203845	0.461302423326816
MICAL1	-0.0663448030028944	5.70739800966383	0.304490169626076	0.581897245889286	0.835636758161346
MICALCL	0.133400899650531	1.86134964173752	0.382134689103851	0.537394777192264	0.813406633960458
MICALL2	0.0466470348385444	5.92772195147078	0.119809278252871	0.729723507174022	0.902845717789288
MOGS	-0.00758277107640621	6.16667221697535	0.00536673804465999	0.941697797713165	0.981085811842419
MON1A	-0.0904953936679138	4.20689840688029	0.550973396542739	0.459073936489813	0.763515673554263
MYO5B	0.148802752405357	6.96268126993912	0.846940348323493	0.358888022254909	0.696465698849534
NAPA	-0.0333214418283044	6.66985781165816	0.126549425394899	0.722533638189011	0.900753799102135
NAPB	0.177481254755585	3.64537955952032	1.80761623868428	0.180811764388354	0.529117008354998
NAPG	0.0398751898187297	5.30846923914268	0.13759066878264	0.711208218478523	0.897081680460938
NCKIPSD	-0.126421767502673	5.2429024308864	1.75685849178446	0.18701982543893	0.538444967839451
NDE1	-0.233513752097532	5.58406880030145	5.01525562323764	0.026586721072541	0.235815288771236
NET1	-0.215520668711458	7.55555024523492	2.68183808877751	0.103581891013451	0.41869337476826
NGLY1	0.0758598723386359	4.80448709638782	0.859063433687729	0.355480769074191	0.693678685940283
NPLOC4	0.130509583938848	7.04296459689704	2.90198011936089	0.0905291010018225	0.3972694263855
NSF	0.143939050256863	5.9701073979439	1.52133228796325	0.219335567313173	0.571776177526148
NSFL1C	-0.137360106792587	6.46690329618102	2.19723436216236	0.14034368938276	0.476496457509745
OCRL	0.22957541313102	5.75467705801239	4.53111939313614	0.0349073624761747	0.264424350450634
OPTN	-0.0621653598618971	6.62080375861855	0.284530911250112	0.594531452095874	0.84157987459768
OS9	0.0849061355490702	7.66196558830014	0.600802978280885	0.439484610413892	0.751604662700465
OSGIN2	-0.0304135869031082	4.85665787294352	0.0788550202786616	0.779239687931494	0.923650892548802
P4HB	0.0215665391746031	9.90304313034849	0.0246494746211456	0.875453500227844	0.959117481612959
PAK1	0.0226141190069289	6.58955847061802	0.0398473795266439	0.84204799172198	0.946446536311848
PARK2	-0.545410005717671	1.39035905611189	6.07798736959095	0.0148082181450568	0.181135068718542
PDIA2	1.02297345930382	3.91782984516686	3.80614058584133	0.0529172461034354	0.320054380767222
PDIA3	0.112932255222398	9.4525798211373	1.03030724795547	0.311711040881866	0.658215509745819
PDIA4	0.110369313929368	8.28606312125312	0.55970462277655	0.455543526270857	0.761451617512371
PDIA5	-0.00702904172110736	5.16007112121859	0.00337008517987978	0.95378365542184	0.985195300481758
PDIA6	0.175559237480972	7.65307682131438	1.96318864668028	0.163225680438578	0.507429729629885
PDILT	1.18192302559731	-1.28143046686571	5.35556602594516	0.0220051879893994	0.216910525434408
PGAP1	0.557020819832198	4.39929079997086	8.38905528324154	0.00433635805868006	0.0997254034810519
PICK1	-0.0904828553192918	4.56279576340165	0.866456867118127	0.353424673733423	0.692213124983487
PIGA	0.245850673796858	3.76969313383693	5.13096306686957	0.0249259000973549	0.228497275147691
PIGB	0.020878077251848	3.56568072147805	0.0505375145040339	0.822434676933008	0.939439690640874
PIGC	0.00481721486582261	4.67733810135764	0.00258197521857819	0.959541610782009	0.986854764279717
PIGF	0.213271042870752	3.6378449296622	4.02792388953743	0.0465386232752759	0.301241334629276
PIGG	0.21103849502082	5.21955279888603	4.74640275706285	0.0309113888549854	0.251776042516867
PIGH	0.184857141753287	3.85639332766513	3.04132517569532	0.0832057711990381	0.381308014023135
PIGK	-0.0214667256825188	5.25000183153273	0.0639861600624976	0.80064732190663	0.931354916765974
PIGL	-0.100431979568792	3.42307834651775	0.634295893217902	0.427034963552188	0.743785701458165
PIGM	0.000635898609794208	4.72894400716954	3.43285710217213e-05	0.995332911791056	0.998952186207542
PIGN	0.187481417718055	4.65788726396797	2.36568385240282	0.126123538731456	0.455125704175962
PIGO	0.394034703109616	5.71823182818407	7.79889348049649	0.00590514178536667	0.115591790298956
PIGP	-0.0971671427261353	4.23568803141758	0.724555885798112	0.396002131485241	0.722787600467862
PIGQ	-0.141844764613684	5.69019106850493	1.93290261596597	0.166488208346861	0.51178679071122
PIGS	0.258505836205288	6.05321112794558	5.48247619785529	0.0205155596837754	0.209972147972074
PIGT	0.0105179056381808	8.22020812984187	0.00498681743954924	0.943795749856507	0.981901900845151
PIGU	-0.145740276129744	5.64363374396441	1.67382251071304	0.197723832756539	0.548912680745362
PIGV	-0.0367543093243679	4.09692543625645	0.145463047517576	0.703445708508772	0.893664986385735
PIGX	-0.0875600568437323	4.78420838051826	0.887657316401251	0.347618649235624	0.687688790164765
PIGZ	0.122997124300785	3.11868676026745	0.367148733568076	0.545472803146455	0.817513637359873
PIK3C3	0.251163197355199	4.89428428317391	7.5843267243196	0.006611724182373	0.12372345658343
PIK3CA	0.202593105799542	4.99699137663655	4.47156349112353	0.0361066598873328	0.267794292719692
PLAA	-0.0198938627357022	5.17715667768762	0.0274252059740679	0.868688995562803	0.956540222662292
PLIN3	-0.0705181698902834	6.36160930823847	0.304088553698118	0.582146081063593	0.835636758161346
POMT1	0.0600325407303688	4.60050062036628	0.324403863501688	0.569819823509665	0.831488985911715
POMT2	0.228086116232806	4.23422066851464	6.29138469609714	0.0131898535597617	0.17212942371827
PPIA	0.124524216056269	9.40409085976265	1.30342074241954	0.255397541464192	0.606850398411034
PRKCSH	-0.220634260743897	8.61648002716683	3.21033560738349	0.0751781533620224	0.366644152752909
PSD	-1.3894214797481	3.85133632115925	14.318074406119	0.000222115397342791	0.0212047591499284
PSD2	-0.244395035109845	-1.20887268447805	0.66255154710226	0.41694302947737	0.736927527623022
PSD3	0.346255958174435	5.26428217631166	3.72549178604043	0.0554632354313827	0.327257971077716
PSD4	-0.224803606179896	6.60872566361931	2.72640577828309	0.100780547171043	0.413850537149005
QSOX2	0.288939596934962	4.97251648043858	6.04759870439954	0.0150549677837563	0.18269692890481
RAB10	0.0998897370149232	7.66570550373216	1.3456656146701	0.247869150805332	0.600741576250711
RAB11A	0.158035473523711	7.67246561593237	2.64008361021557	0.106284671438642	0.424217142360593
RAB11B	-0.178643312652058	7.29337616885413	2.41466259339548	0.122298423390864	0.450084271026739
RAB11FIP1	0.130935437117969	7.55006469129259	0.514643602613469	0.47424445056008	0.77368192425161
RAB11FIP2	0.139765398556375	4.71476365147034	1.49043739269988	0.224052538201535	0.576785451125584
RAB11FIP3	-0.280148388026672	5.56120527438436	3.60781365020547	0.0594165601745386	0.334718284939933
RAB11FIP4	-0.0650453077125488	5.85190004845396	0.241498792094221	0.62383962893516	0.855733364593267
RAB11FIP5	0.0613457235891919	5.43579991798639	0.272438518307336	0.602465895714059	0.845832514534354
RAB12	-0.181355143147829	5.05016402701574	2.28901087089977	0.13238424392372	0.464496913484263
RAB13	-0.243356951064946	6.58043840654971	4.78602372094813	0.0302301104811203	0.249091781470329
RAB14	0.169561363079104	6.80962867463199	3.62800433981132	0.0587173271722793	0.333988185445937
RAB15	-0.257720803650748	5.56209855411932	1.74041834516618	0.189083872262305	0.540153286613204
RAB17	-0.221461271398625	4.37325228040805	1.6565265759792	0.200043462419627	0.551618310878178
RAB18	0.037642601170699	6.34535304807525	0.179767803697507	0.672176580009743	0.878646439735071
RAB19	-0.163160257664007	1.6465531562322	0.594833839204344	0.441761820594188	0.753176634864906
RAB1A	-0.0283060543618927	7.51137528509211	0.107831401551667	0.743081862335027	0.908808693380276
RAB1B	0.0946759849556239	7.69295269964131	0.766576766147367	0.382669490605544	0.714130204788684
RAB20	-0.192213942126311	5.19558811825768	1.78350189581978	0.183730578675273	0.533106269882448
RAB21	0.0350252192099298	6.37991042048404	0.190960404827148	0.66274309988776	0.873548364317831
RAB22A	0.200474686923236	6.32989463570039	4.7166985191527	0.0314327563210302	0.253921451285965
RAB23	-0.504009423135753	4.32638545718211	4.59896296986193	0.0335922927161346	0.26125290878442
RAB24	-0.173544013386482	2.63413513238107	2.14502842719716	0.14511240126362	0.482656775603531
RAB25	-0.0492983456895691	7.21733448647937	0.114895937779865	0.735108749360035	0.905716460286743
RAB26	-0.626111744902647	1.50790953004372	5.50567996737379	0.020254812719279	0.20905752141498
RAB27A	0.0719548350800828	5.5253400819651	0.301034247803499	0.584045534376408	0.836485338600172
RAB27B	0.164213685168027	5.93081461324976	0.421427329222843	0.517212410277046	0.800616867782997
RAB28	0.0466750057275103	3.74999363441196	0.320370156977064	0.572225929134637	0.832908688972546
RAB29	0.0593896569991865	4.80535205634775	0.268301829493337	0.605231701393584	0.847340037283948
RAB2A	0.0072742584124993	7.34020188086072	0.00621629205260024	0.937261574459506	0.979980492374756
RAB2B	-0.0988154299824282	4.60895926582188	1.37758866839269	0.242361241919548	0.59491801473675
RAB30	-0.0564782835556903	4.31650694943351	0.163115896305892	0.686875547866741	0.886304268143839
RAB31	0.0440863812216245	6.49175415565643	0.0646947115127256	0.799570209974573	0.930916376491073
RAB32	0.114612282445634	4.41596490259887	0.437973033141974	0.509111621804542	0.795838077663787
RAB33A	0.0287679126409029	-0.187995324175304	0.0243171902253384	0.876288942785117	0.959520493537581
RAB33B	-0.154645849015971	4.00649064201187	3.19956022754449	0.0756639916064254	0.367027303493422
RAB34	0.0197680977120779	5.47196013974297	0.0088522953815047	0.925165132452676	0.97568006713795
RAB35	0.09799593823436	6.01931328411289	1.05324330637693	0.306403409471162	0.653416450840917
RAB36	0.0925292007253124	3.40058039947838	0.19532101075999	0.659157039427105	0.872294913211614
RAB37	0.13667765447193	2.45913311724848	0.30194976570656	0.583474866363849	0.836347133685825
RAB38	0.0184667530086848	1.95204409703167	0.00686966423892638	0.934054053938253	0.978553063638847
RAB39A	-0.250112945674492	0.169780613550424	0.657371741163387	0.418766094654558	0.738349327812746
RAB39B	-0.019007790173323	0.475009278520484	0.00449694331084206	0.94662329025377	0.982885428247401
RAB3A	-0.102900951884243	2.10598449238681	0.369301510933106	0.54429860116304	0.817032540472527
RAB3B	0.187778651939603	4.05473685302094	0.351667898152997	0.554058095311388	0.822127677688866
RAB3C	0.141839783499708	2.42628566988342	0.139334314168311	0.709467482064362	0.896941999112816
RAB3D	-0.33015327693772	5.65959101747721	3.43127993499099	0.0659258821048852	0.348026158971126
RAB3IL1	-0.118462864207557	4.01214491529141	0.36311109491807	0.547687838236514	0.818612375782917
RAB3IP	0.711607690939291	5.71727274525398	15.5469213126759	0.000122834630477045	0.0157799650873302
RAB40A	0.0800838811494256	-0.929045393855113	0.126327643202723	0.722766743146809	0.900788832547307
RAB40B	-0.134016376938242	5.14474682710937	0.635199875629967	0.426706419237722	0.74352604247971
RAB40C	-0.208249505134325	5.66126289471261	3.19887135325654	0.0756951671294298	0.367027303493422
RAB41	-0.0509852219196188	-1.30163526495291	0.102673752870114	0.749087544300439	0.911244130084921
RAB42	0.0059728845568589	2.13268892946091	0.000893061978826203	0.976198935491677	0.992148020248753
RAB43	-0.173385245990819	2.46519959652886	1.2474396687187	0.265817028758115	0.618418660234091
RAB44	0.693777312284956	-1.01554269484009	6.88953892606723	0.00956207915198305	0.148066629458434
RAB4A	-0.00883617824461591	5.33814198069091	0.00947575777719126	0.922582765761537	0.974812838007119
RAB4B	-0.186705511595912	3.99997060080557	1.99082990960074	0.16031219328383	0.502963951222355
RAB5A	0.115896917347917	6.2019421657671	1.850510152629	0.175752441188929	0.522583244720235
RAB5B	0.117260940126911	7.51855347378636	2.25366847309867	0.135387381540815	0.469832828013233
RAB5C	0.0204390496624258	7.19601485327811	0.0415110134123316	0.838829185339715	0.945364882550794
RAB6A	0.00776366774585859	7.41245887084002	0.00731358159571075	0.93196175699625	0.978026463364237
RAB6B	0.00109658132179099	3.01713177526978	2.7362877655571e-05	0.995833229907963	0.998952186207542
RAB6C	-0.0231953406077886	-1.62251693180066	0.0177022141287262	0.894331340039332	0.965842878275127
RAB7A	-0.00942870367765909	8.45826802945504	0.0145807081400159	0.904049189880791	0.968989849929662
RAB8A	0.024581311626301	5.89513794586655	0.0958976538010755	0.757236451454637	0.914696882564951
RAB8B	-0.0536928488316003	5.03084068303859	0.255250151791617	0.614139318054925	0.85111204379475
RAB9A	0.0609228417526281	4.69042374970916	0.359918336556821	0.549451305839009	0.819589787389617
RAB9B	-0.715035770432544	1.32177473246548	6.65374104937175	0.0108496420792952	0.157140594771963
RABEP1	0.171875131929299	5.63640276145735	3.73652669384259	0.0551072613984691	0.325993266186703
RABGAP1	0.207657945317832	5.94655404499262	4.2846400707767	0.0401625507089108	0.281760134767619
RABGAP1L	-0.0754847143417937	6.19037368387616	0.370576153881434	0.543605574545525	0.816826590974111
RABGEF1	-0.363579140017817	2.68238726810364	11.5166201323733	0.000881213157614997	0.0443361679618007
RAD23A	-0.105392964146409	6.86993160988529	1.09120990932551	0.297873592310106	0.645840367532637
RAD23B	-0.0516157235267829	7.67574751606369	0.322556897907806	0.570919065730398	0.832081926836241
RALBP1	-0.0673169385528294	6.81607232245665	0.421660593849059	0.517096638443301	0.800616867782997
RASEF	0.167964720764803	5.7455593604374	0.741503334225713	0.390545757292924	0.719412686169839
RBSN	0.0430120581422538	5.05130258958391	0.242715116422838	0.62296794706805	0.85501762562212
RBX1	0.0262502989309674	5.51234809988298	0.0704110249751692	0.791101372835437	0.928359469713741
REPIN1	-0.257601972458663	7.7882271868505	3.65312000198163	0.0578598425274353	0.332298057128906
RER1	0.17102981123322	6.61009468122246	3.13433980527985	0.0786784021151109	0.372532326523217
RFT1	0.0332248753636254	4.44211732683292	0.152970392794325	0.696264363799454	0.890706520491005
RFWD2	0.0960731993371201	5.69546173160536	1.45714250511456	0.229273878646761	0.581438694583124
RNF185	-0.0840769368476706	5.33422647042631	1.28569184030345	0.258641333203422	0.61087516012282
RNF5	-0.1758869101583	6.32480244568914	2.23487417015518	0.137015659212178	0.472271411864251
ROCK1	0.00414496103924046	6.65316334876221	0.0017451994192116	0.966732816472825	0.989714494022522
RPN1	0.0231579076824048	8.5875858040865	0.061392045250789	0.804645921805978	0.93283362535107
RPN2	0.209211165510806	8.93362445729924	3.67225639463297	0.0572155223068573	0.331526382136022
RRBP1	-0.272785543156992	9.33828135079669	3.19866818070051	0.0757043645185383	0.367027303493422
RUFY1	0.0187874548516355	5.34700752934848	0.0759546764071085	0.783233253896424	0.925456051684502
SAR1A	0.0798419667464053	6.34406987890685	0.995463322555027	0.320007773724942	0.665494339608774
SAR1B	0.124967791649562	6.14817019715634	1.45720551532262	0.229263858922232	0.581438694583124
SEC11A	0.0488501928690202	6.52671604789244	0.27038240340943	0.603837258671912	0.846504294775458
SEC11C	0.109797559268454	5.38828272721147	0.649777745493418	0.421460496560882	0.740070683955071
SEC13	0.110342288132726	6.66799689288152	1.1188800737637	0.291849893246839	0.641297615599668
SEC16A	0.298433271992957	7.89036537943569	6.94455613280569	0.00928512906674293	0.146099439904671
SEC16B	-0.0753374833428046	-0.262241518040384	0.148162895037755	0.700839092383292	0.89252931259805
SEC23A	0.161832285604018	6.4638334669299	2.52194358648361	0.114364988386534	0.437910045376462
SEC23B	0.179235378688891	6.76065268781096	2.49032900924642	0.116641543029117	0.441380931424059
SEC24A	0.234586742943971	6.15020577854682	4.42083812440508	0.0371625117241433	0.271183242753194
SEC24B	0.264997802730495	5.88471691833844	9.62796808092864	0.00228827383120672	0.0724435242161924
SEC24C	0.294090338100826	6.3521517321759	5.31981126306009	0.0224450035005677	0.218901795050834
SEC24D	0.286707369042311	6.64825256266896	4.23398347620636	0.0413429939581064	0.285351503745487
SEC31A	0.0308321345825858	7.87116177789051	0.10965920586265	0.740991808014266	0.908030023363289
SEC31B	0.310641798431705	2.26325907868752	2.43638874735242	0.120643397528546	0.447772997779368
SEC61A1	0.12907913654429	8.5264666098686	1.61240990058389	0.206107801046638	0.558819815932869
SEC61A2	-0.0795398692674031	2.97952974812584	0.441484451009066	0.507420779545928	0.794565454539383
SEC61B	0.0709552517640435	6.2330207720492	0.326142321622182	0.568788944628794	0.830710107959226
SEC61G	0.948961079709295	6.39311108995282	23.1655175210876	3.57455968274272e-06	0.00129907024259676
SEC62	-0.275302634139954	7.86577478561872	5.31231199700583	0.0225384139194194	0.219348482189698
SEC63	0.0583778037867917	6.61359984937246	0.421364623302815	0.517243539699864	0.80062018418013
SEL1L	0.268747001238569	7.18532178863941	6.95592388430367	0.00922894870643535	0.145742460418379
SELENOS	0.121354928992876	6.01361934123648	1.38189039676963	0.241630584432153	0.594293806462136
SGSM1	-0.33777185179405	2.60994527802668	1.93406484284587	0.166361628938532	0.51162561226899
SGSM3	-0.217058909755508	6.02933663640092	2.94992670382907	0.0879326280935841	0.391220874346777
SIL1	-0.0714485634659683	5.4071093906	0.372556607283386	0.54253203473526	0.816051479013489
SKP1	0.137548329301457	7.40902462006161	2.49810151930527	0.116077202718096	0.440391804817831
SMCHD1	0.0965735697656279	6.49021446693842	0.696215450041531	0.405377093731596	0.728571502829408
SNAP23	0.0475564457848024	5.49381050323645	0.300241938983322	0.584540315724907	0.836485338600172
SNAP25	-1.87320906653412	2.46814062632736	12.3031948545821	0.000595967687529189	0.0367424721641879
SNAP29	0.0480504113132446	5.66337064934269	0.476910611924202	0.490885763614359	0.783714727805121
SNAP47	0.0390825500886861	4.72415997066937	0.181219433445358	0.670933821456949	0.878047483944133
SPCS1	0.012730297930106	6.79582138738044	0.013917239088646	0.90624722569152	0.969312178042821
SPCS2	-0.14417607290488	6.09544814483137	1.53004511419413	0.218026993887882	0.570663704278529
SPCS3	0.19969192996874	7.13508847634898	3.81002117884243	0.0527979377916681	0.320008567436005
SRP14	-0.130952854126281	7.82737919482602	2.44956255207283	0.11965206444198	0.446458978135526
SRP19	0.0473295482564152	4.01484341405002	0.185612830391368	0.667208075022949	0.876270827353842
SRP54	0.188415658353684	5.69156236897783	5.26922409137211	0.0230830675355706	0.222066988969857
SRP68	0.179099746767121	6.47852319308029	4.27777977858715	0.0403202991513473	0.282221658023368
SRP72	0.305184343497783	7.06908451122623	14.2870857999726	0.000225478545825297	0.0214010908443117
SRP9	0.124009687337394	7.3127618431358	1.69909382404986	0.194391501018075	0.54562889900625
SRPRA	0.0835792211831591	7.77778845450617	0.930840847456709	0.336187964733497	0.678701860559393
SRPRB	0.126956558955524	5.90839898689202	1.29335327580027	0.257233298957082	0.609167188871581
SSR1	0.196448109838001	7.97804704121096	4.54354936422601	0.0346624109278149	0.263699476966737
SSR2	0.0557470075607294	7.94118316395675	0.275612653534159	0.600361735249642	0.844983953678913
SSR3	0.0484956460873665	7.65170800432853	0.236780286888885	0.62724719611241	0.856973068689393
SSR4	0.160191545871366	7.78258363581433	1.19206993501125	0.276652349408186	0.628331378229922
STT3A	0.177690588345637	7.4566035789608	3.27933026044708	0.0721464105039195	0.360471030773925
STT3B	0.0595857679083162	7.60177825667105	0.29797883275338	0.585958276250232	0.837126549942141
STUB1	-0.09646908890242	5.22936432228201	0.72189805736849	0.396867838284949	0.723435169840965
STX10	-0.13042278680681	5.18581251308255	1.58804223060257	0.209551121726929	0.562304671339529
STX11	0.113674921993792	2.77154930541783	0.355938704948888	0.551664359593169	0.820957414437679
STX12	0.0256661494742685	5.79425335944942	0.0767172933711455	0.782175335623482	0.924973572954298
STX16	0.159124269226195	5.77011034357589	2.11834509148127	0.147620707002856	0.485333165982488
STX17	0.071228139336877	4.22858627678565	0.587570311916248	0.444557563717871	0.755099926811857
STX18	-0.0318262450573482	4.89951259478876	0.0986413075133934	0.753899973325602	0.913397256799278
STX19	-0.519381260864236	1.81198256858198	2.62439009252409	0.10732062579034	0.426012601944408
STX1A	0.130134232290394	3.69984952579584	0.346910205228138	0.556747996193589	0.823557283392366
STX1B	-0.179197834631315	0.906115562360678	0.777733635250119	0.379237599590733	0.711940196614864
STX2	0.105687278852733	3.90895838803806	0.702023290882637	0.403429643680871	0.726872950758972
STX3	0.150129471321157	5.9675572970378	1.35202211944749	0.246760230785977	0.599849358987407
STX4	-0.101973634909646	5.28290760375249	1.45348467793991	0.229856449121669	0.582229927067177
STX5	0.133011077824452	5.57656177085032	2.11155122732367	0.148267208159184	0.486470385319245
STX6	0.0399230593663367	5.47129257398103	0.278138738804798	0.598698200470301	0.843882797147307
STX7	0.0716922127709709	6.25019331950122	0.588082074987335	0.444359687268679	0.7550432960455
STX8	0.0131379346280834	4.34785496640637	0.0144714762813055	0.904407526592127	0.969004513945354
SURF4	0.0950683105518154	8.44016310257237	0.99748029764873	0.319519616345047	0.664958242324132
SVIP	-0.0741517036195197	5.42178230158844	0.372425880522603	0.54260277652371	0.816090649509087
SYTL2	-0.014735871125272	5.98317934742935	0.00581695859140149	0.939306110635697	0.98040039765783
SYVN1	0.171681208719553	7.13582472904519	4.4540505021757	0.0364675597578637	0.268810782095595
TBC1D1	-0.248858390928126	6.29387955162329	4.73683644272524	0.0310782937914288	0.252324944609283
TBC1D10A	0.00984059960656668	3.89356892739002	0.0081519685590033	0.928177873228982	0.976805976703543
TBC1D10B	0.0458316162407894	6.28494940300773	0.249362585301748	0.618251445441844	0.852909690979658
TBC1D10C	-0.139239971129424	3.2733082732541	0.306773720455754	0.580486452011558	0.83538012553317
TBC1D12	-0.0728113515063689	4.28641491206589	0.453556001898737	0.501681148833848	0.791118089111669
TBC1D13	0.0867522156146689	5.19267934714366	0.927250303008097	0.337118813050061	0.679205019800327
TBC1D14	0.220285593905629	4.91406440509251	3.15622026109208	0.0776528132781449	0.370426718953776
TBC1D15	0.143558802850939	5.53290015387815	2.75926204938544	0.0987688750787245	0.411032967377238
TBC1D16	0.105538013647938	6.46410143395874	0.593484182634539	0.442279240086401	0.753556774787304
TBC1D17	-0.144857711865863	5.66806134305713	2.0556197135058	0.153714134238468	0.493672603217033
TBC1D19	-0.042309561142749	2.13989938220966	0.111232077634467	0.739208692017077	0.907335221985687
TBC1D2	-0.0198723873811428	4.77705788093952	0.0135881362172782	0.907357244580149	0.96971084566258
TBC1D20	-0.140346393550032	6.01844108750205	3.24206776731485	0.073766974038845	0.363634449929127
TBC1D21	0	NA	NA	1	1
TBC1D22A	-0.11162463401237	5.43659610707633	1.67196197843775	0.197971823118048	0.549077774117854
TBC1D22B	0.00257338772098483	4.34362172854674	0.000583807251198004	0.980755224269168	0.993675718936183
TBC1D23	-0.0667183978748578	5.41044108387722	0.794539912403808	0.37414978442459	0.708324581519975
TBC1D24	-0.0293719013822112	4.38235823665772	0.081200828155307	0.776067300097323	0.922502546743747
TBC1D2B	0.00752084078290194	5.89124571733308	0.00383306322292268	0.95071503776027	0.984221115480656
TBC1D30	0.187463584672929	4.14188281778601	1.13917448557036	0.287531189954564	0.638075574260332
TBC1D4	0.495894897114026	5.61202726902474	6.20772827142128	0.0138011735997081	0.175687064338321
TBC1D5	0.142427143835536	6.17005136633877	2.22301622967791	0.138054378691474	0.473790002417808
TBC1D7	-0.138965837456132	4.06463183781693	1.4869819757854	0.224587680884627	0.577355895945028
TBC1D8	0.21834594043014	5.0475232615976	2.85267222924259	0.0932872129898023	0.402322322169778
TBC1D9	0.310038972247706	4.98406901045902	4.50089762045873	0.0355105941401741	0.26626839277951
TBC1D9B	0.0516365588419087	7.34217571750983	0.345462951398676	0.557571177764405	0.824196731595016
TMED10	0.251418087296129	8.39885476260028	9.69830993951011	0.00220745542800005	0.0712370899412419
TMED2	0.14888625965707	8.27571190437305	2.43096010740618	0.121054572845856	0.448198947588467
TMED5	0.130515559023448	6.46096046565018	1.75489597773509	0.187264822942734	0.538444967839451
TMED7	0.0448956769601901	6.69267439026139	0.158146381612393	0.691430787280701	0.888191096200405
TMED8	0.113501970107592	5.15006003967342	1.39400365780533	0.239587583259905	0.591949999967669
TMX1	0.163782357602161	5.95181319135357	2.60839690544442	0.10838788604744	0.428452627883176
TMX2	0.207889404961176	6.63260126627661	4.68278444155445	0.0320393732230278	0.256370901371745
TMX3	0.229528652609897	5.38836811291803	5.21313809319231	0.0238127707326611	0.225466088438802
TMX4	-0.270213708937684	6.22482659718124	5.25067178531186	0.0233218107621293	0.223120337114656
TOR1A	0.178395801037766	5.41737619389103	4.730013976438	0.0311979066541291	0.252911346766423
TRAM1	-0.0762334895406501	8.1883897429803	0.482349390997163	0.488427847014532	0.781978773999125
TRAPPC1	0.094762897501955	6.49863984793567	0.620788062381086	0.43199034513625	0.747451815615061
TRAPPC2	-0.0499948992701047	3.81080148455934	0.210212454311914	0.647260488218946	0.868042470726258
TRAPPC3	-0.0816326875129903	5.50372551173318	1.3322874170827	0.250223193110523	0.602663449207974
TRAPPC4	0.13575874502193	5.13948706336148	1.49014848061589	0.224097223137097	0.57679296459292
TRAPPC5	0.00729340733123228	2.22657643500525	0.003719423581946	0.951450190219153	0.984529231749326
TRAPPC6A	-0.141655209289687	3.83571617844841	1.01108193979987	0.316253251779157	0.662417327645061
TRAPPC6B	0.168201431529032	4.49518684775307	5.21948908578604	0.0237289407087688	0.225332250762531
TRAPPC9	-0.0527337705783179	5.92346995815532	0.237378369896065	0.626812962144039	0.856718816201778
TUSC3	0.0418033711489639	4.11908317006523	0.0214045244701451	0.883877556118379	0.96158943736704
TXNDC12	-0.0151412553887458	6.71199420827868	0.0330381280654419	0.856011891243981	0.951639209543443
TXNDC5	0.31573879095343	4.49405871592754	3.13429411344543	0.0786805591496758	0.372532326523217
UBA1	0.0690065560979188	8.94713736668867	0.556326940925307	0.456904147832164	0.762259207514372
UBA5	0.0844923690988627	4.8446835544746	0.98535178310667	0.322469964733371	0.668207360219678
UBA7	-0.176310549344688	5.82053640835946	1.48354589394881	0.225121361793269	0.577706216921871
UBE2D1	-0.0363213928990194	5.20073099754978	0.13949156998259	0.709311100276219	0.896854368789832
UBE2D2	0.0880482269583933	6.49367379017692	1.45942539383893	0.228911198264765	0.581383533179959
UBE2D3	0.107938967293724	7.72778071306834	1.74404566838826	0.18862617550089	0.539754803690774
UBE2D4	-0.176824386419518	4.54391980155686	3.35057144874347	0.0691543732713937	0.354209607723345
UBE2E1	-0.101197083229329	5.756602993737	1.0124079917893	0.31593716934603	0.662077740313911
UBE2E2	-0.00139988389012145	3.9986145457018	6.78682798595619e-05	0.993437805119966	0.998389992992521
UBE2E3	0.0597959919250203	5.87877624433928	0.26549174502501	0.607126014513306	0.848238176987076
UBE2G1	0.0369018231844693	6.02580043274271	0.181762513065479	0.6704703967169	0.877732124244989
UBE2G2	0.0789911777946625	5.91915671872945	1.14555050880668	0.286191281027226	0.637182363325817
UBE2J1	0.147011485691227	6.91823053830654	2.3534221523452	0.127102021107749	0.456687631455189
UBE2J2	-0.0475927162776839	5.48795751416274	0.234261167174359	0.629083672275367	0.858266571513631
UBE4B	-0.0230033732777056	6.30805322200083	0.0549838226290338	0.814925293415853	0.936377140847686
UBQLN1	0.0420484575654467	7.16707079196262	0.20868661038236	0.648455606497833	0.868478865598054
UBQLN2	-0.0317818189086558	6.30752026675371	0.129444563710355	0.719511591581094	0.90008198557316
UBQLN3	0	NA	NA	1	1
UBQLN4	0.0831731596443165	6.16800407469125	0.599923180782641	0.439819110128489	0.751756619810986
UBQLNL	-0.121739992207949	-1.66137910028824	0.282276810266486	0.595993872163651	0.842142055003839
UBXN2A	-0.223609278804547	4.63575867403478	7.82365094327905	0.00582878933378579	0.115075883773527
UBXN6	-0.16202248387942	5.97894148389555	2.88625032599286	0.0913991305380408	0.398680351462522
UFD1L	-0.0348059832276694	5.85371541080455	0.180206489136658	0.671800392844687	0.878561308565149
UGCG	0.0257595713713284	6.01858065458375	0.0451861609398578	0.831948931892595	0.943240656531357
UGGT1	0.130255026056635	7.22930661454697	2.51866841691353	0.114598518836382	0.438093490132348
UGGT2	0.123316264611746	4.5351595285663	1.46876444210283	0.227434738034027	0.579889626081248
USE1	-0.0158916414170192	4.0131102557414	0.0190071318554184	0.89052981278937	0.964187903929533
USO1	0.246208672846451	6.69343338473729	5.82211541117646	0.0170250940321966	0.194391524253522
USP6	0.238296914335212	-0.151773097989794	1.38992690033951	0.240272790564159	0.59243477872817
USP6NL	-0.124712209484609	5.47062550645215	1.4583606425531	0.229080267617577	0.581383533179959
VAMP1	0.159619356400443	2.83924471205236	1.41050416171137	0.236838540867262	0.590439615376277
VAMP2	-0.252288266264448	5.97317894123233	4.6964207279909	0.0317939914374651	0.255350405205812
VAMP3	0.0253316064422275	6.86125788439212	0.0716979653499771	0.789246004661252	0.927734376675481
VAMP4	0.0746439915193629	4.30947477151655	0.642591201384862	0.424034385038539	0.742053457185862
VAMP5	0.0538442298074093	4.21337182005328	0.0928989934565339	0.760943452287167	0.915744767207161
VAMP7	0.120355945463338	5.67788101939322	1.72529506122222	0.191006248623189	0.542522709305044
VAMP8	-0.0245011675447129	6.5185335717464	0.0408279502633971	0.840142503048814	0.945792316778455
VCP	0.3148853253372	8.45027029392958	7.72207239141295	0.00614869862410217	0.118947320900431
VPS45	0.0146150593043326	5.15434074591393	0.0483576887629689	0.826243232552691	0.940689823337568
VTI1A	0.048919608958207	4.59959864924728	0.377639857715672	0.53979441351418	0.81465558871965
VTI1B	0.215530713297342	6.02024510279977	9.52666607567235	0.00241003657071217	0.0734715343080243
WAS	0.0488319098539337	4.15208445880902	0.0532352803620894	0.817838820415949	0.937135256384356
WDR38	-0.414729567432259	-2.43750488642586	2.17648250590865	0.142217629048714	0.479205918546479
WFS1	-0.293144953651929	6.19545056093004	2.66825686516335	0.104452572305256	0.420673672655466
YKT6	0.0183650379457561	6.6003653162118	0.0423514858294894	0.837228571713938	0.944854672304173
YOD1	0.319928228415918	4.83687649709761	3.48169481956112	0.0639919784744844	0.343936124152964
YWHAQ	-0.0325209338703005	8.24453790519495	0.161696668167294	0.688168141302935	0.886639146737179
