pspGenes	logFC	logCPM	F	PValue	FDR
A3GALT2	0	NA	NA	1	1
ABO	-0.256344632229764	5.65127957382644	1.8323123865165	0.177017744519768	0.526008473926326
ACAP1	0.201507726037669	3.88124621342587	2.26978587188537	0.133119230261332	0.470193531514762
ACAP2	0.180178032994893	6.37886298796459	9.68430302696003	0.00206357966730752	0.0737198028780472
ACAP3	0.0107443706838238	5.45584908270146	0.0192425734560764	0.88977954778613	0.967485080813221
AGAP1	0.0355068664485008	6.1440456929719	0.182408497875386	0.669661245151377	0.882445976785657
AGAP2	0.091779131059919	3.32854951324869	0.420339095884528	0.517333985591222	0.805048639835882
AGAP3	-0.133358026344059	6.12380878507767	3.99322835682293	0.0467137513622174	0.302501318465255
AGR2	-0.112003718661211	10.5978553566352	0.275391187870094	0.600180442088156	0.849311946351165
AGR3	-0.0862569348437594	6.07747861283583	0.125627571026886	0.723293561392215	0.906755724777478
AKAP10	0.0644059402209358	4.75664472820055	1.58121953321726	0.209701445182928	0.564945076036352
ALG1	-0.0840373994015212	4.76676220096616	1.39372246685417	0.238844911152153	0.59682142923066
ALG10B	0.720860422112963	3.86382420961487	19.0806052929138	1.80482362131523e-05	0.00382592775923436
ALG11	0.209830873592999	3.28092670372869	7.24400784931485	0.00757029116048553	0.138796438158364
ALG12	-0.0182172604527614	4.55399760588842	0.0611413847194043	0.804894017134561	0.939485442930479
ALG13	-0.365359958184218	5.32527147733838	12.8019931004597	0.000412154364004942	0.0315574908559008
ALG14	-0.0775901872551792	3.53084128966052	1.56896244171559	0.211471270944115	0.566677611754758
ALG1L	0.0472832053842007	1.03231127587829	0.0533784286113716	0.817465272973427	0.942193931893209
ALG1L2	0.0086356075215223	-0.490317388340064	0.00392187446709029	0.950112829600887	0.985605596942728
ALG2	0.00216566173915931	5.35221717410725	0.00132256306464983	0.971017288408623	0.990873386683688
ALG3	-0.027861452004346	6.74204266429132	0.108517776035064	0.742100383514288	0.9156641182431
ALG5	-0.0288928947366311	5.22172442351919	0.152309291693085	0.69665436354791	0.894487882314856
ALG6	0.010226268374829	4.24221222554615	0.0242470750539671	0.876377435359318	0.962845225758272
ALG8	0.0762966936254462	5.5179881365976	0.675693802384444	0.411818679236616	0.740827206064925
ALG9	0.113315124077306	3.31650760298821	3.51636223736987	0.061874566127787	0.34151353811136
AMFR	0.0452573299110246	6.5716861756825	0.471428922585061	0.492935925460323	0.790831028775162
ANKFY1	0.126054738590413	6.42907996411797	3.38500320955123	0.0669198302331677	0.354243912211256
AP1B1	-0.0433514504979922	7.4358736630411	0.329965457606296	0.566170809470754	0.829797226611328
AP1G1	0.122099402506307	6.81842779389752	3.68319956833831	0.0560462437554825	0.32761762815135
AP1M1	-0.0636710126747772	5.61965278644553	0.925166196638307	0.33700633969929	0.684310688195598
AP1S1	-0.0876924753245469	5.81493984221766	0.638267728301813	0.425060231832821	0.749666725777958
AP1S2	0.140363419854336	4.80959615967451	1.35237604460455	0.245918077135481	0.603097684150022
AP3B1	0.130908247268538	6.12796340824253	4.7104295611173	0.0308758954790151	0.254979626219168
AP3B2	-0.272363817939998	1.48085509350342	0.834655680491966	0.361767164825204	0.703901303365017
AP3D1	0.0804056237796608	7.80033667534768	2.38425347145779	0.12376676775398	0.454751123462194
AP3M1	0.157400409381276	6.39351460830541	5.14604158482624	0.0241109653146398	0.23007673375019
AP3M2	-0.0470613559809897	4.2960558552644	0.347964274371025	0.555774619953866	0.824204577938705
AP3S1	-0.0623363220509295	5.48741002018896	0.883494884914054	0.348109404181989	0.692875900871509
AP3S2	0.0909634035385836	4.76368258106914	1.49478462209458	0.222570946868777	0.579529467788461
APPL1	0.0612716809146708	6.17164511159017	0.885115928416541	0.347668281973661	0.692672122578863
APPL2	0.0102049589691821	5.97741631692744	0.0189585000945511	0.890590965370164	0.967582627885328
ARAP1	0.0181329682091815	6.68666698555378	0.0676511609279969	0.794991567660352	0.936336381232805
ARAP2	0.0741601876696038	4.945284284874	0.513198986735583	0.474393444626759	0.780130264892241
ARAP3	0.0683091787109896	4.89014711471062	0.427364381574603	0.513856663795681	0.803186552464401
ARF1	-0.0477826648909531	9.21698028461876	0.729133109698317	0.393942014215666	0.728575431871932
ARF3	-0.0144038064675739	7.59747417112752	0.057664484530444	0.810413352604224	0.940290641344897
ARF4	-0.0937097937190548	8.05480035494741	1.67716860641595	0.196437698939465	0.549948371294181
ARF5	-0.201238627184409	6.39494262991522	7.96146205186008	0.00514323878497756	0.116193835187841
ARF6	-0.0840816843000731	7.33035795873674	1.44879758318246	0.229804115662128	0.587567341181578
ARFGAP1	0.158104944269571	6.45467972074844	4.75840046993339	0.0300420871994231	0.252400765366919
ARFGAP2	-0.00569810748365999	6.22817990332069	0.0139491109069326	0.906073612534278	0.973234607941297
ARFGAP3	0.0622437949404218	5.92865719292799	0.761435622138782	0.383676214234647	0.720611051157613
ARFGEF1	0.112297899729394	6.67154522184264	2.3028638206143	0.130337752066885	0.465491971667448
ARFGEF2	0.20407696398496	7.01224529432528	6.73592728849717	0.00998018406405873	0.155997392591777
ARFIP1	0.0828186454218823	5.52289464959674	1.81200563118869	0.17942786140938	0.528850898557351
ARFIP2	-0.0223688550230465	5.78672551462798	0.112215142826444	0.737903418076268	0.913411637833733
ARHGAP1	0.00865931407205963	7.70026104556351	0.0216783736390493	0.883058819668244	0.964862137198599
ARHGAP24	0.0588654827838227	3.93786675186362	0.237565615391052	0.626376251083167	0.862062571271872
ARHGAP5	0.134294430537591	7.06680068977753	4.25699696591285	0.0400711691966033	0.285269356062413
ARHGDIA	-0.115929297442638	8.24175729080875	2.9194452202546	0.0886986667297847	0.397761644910094
ARHGEF1	0.0152116975584065	6.90869651163185	0.044912186311783	0.832329854514782	0.948223884890258
ARHGEF11	0.0719163545906568	6.73348408850768	1.5881760939387	0.208704814782646	0.563533811030481
ARHGEF2	-0.0849694185773767	6.41606747870146	1.8739075690908	0.172197145591678	0.521116324903403
ARHGEF6	0.266510133714717	4.53296622180876	4.4829783939506	0.0351735085486721	0.269233212257069
ARHGEF7	0.0658579894605612	6.23072698795938	0.991724692538396	0.320237287312525	0.670615564969772
ASAP1	0.31326191872507	6.03971723386653	13.6486259596201	0.000268135574334637	0.0244757205753859
ASAP2	0.0337879805055654	5.8162518375046	0.113570555193996	0.736384148366998	0.912642438705734
ASAP3	0.0614830482705313	4.05126479070382	0.24841513503764	0.618610134967075	0.85872869344182
ATF4	-0.0388637141727437	7.90111739707367	0.397177323011534	0.529098233201271	0.811285256652329
ATF6	0.0643719463232156	6.43135182293278	1.74399068092515	0.187782901773685	0.540344562541511
ATF6B	-0.0629792723207477	7.02293128075375	1.10754078975669	0.293583869764395	0.646499507164897
ATXN3	0.0893832301972938	4.85099564809821	3.01005727218545	0.0839217906228789	0.389533053081723
ATXN3L	0	NA	NA	1	1
B3GNTL1	0.0143669270375445	2.63088815238113	0.0304201617585169	0.861674587655093	0.95922515512008
B4GALNT1	-0.25488353450727	1.85380281949121	2.24880595489104	0.134917923751102	0.472636539772709
B4GALNT2	-0.441921617867629	1.21135775739842	1.32181265567264	0.251312224304455	0.607841447751935
B4GALT1	0.086534707241324	7.71871387362021	0.934149906117054	0.334675512186237	0.682315808572622
B4GALT3	-0.0794675921202907	5.45114714504561	1.34667326579128	0.246913678960441	0.604066810712648
BAG1	-0.0229070791061503	6.28800315667387	0.0649607474204326	0.799019776067614	0.937850970399227
BAG2	-0.0435668519631025	4.99521440653465	0.0680152645956381	0.794453028558688	0.936260977832775
BAK1	-0.164728912340941	5.69033877125032	3.23361242120906	0.0732890101475646	0.367802296276796
BAX	-0.0122719412186361	5.83498148094984	0.0180150370754415	0.893331262165316	0.969072373476933
BCAP31	-0.115658343259255	7.58822791543274	1.86379312648503	0.173355215176328	0.521880154136632
BCL2	0.192367739686602	3.99176287342264	2.14729718551269	0.144016527916031	0.485353296681934
BET1	-0.259503329185889	4.71053399453629	9.35667056398031	0.00245139124589709	0.0799976914214507
BET1L	0.0353657713677613	6.13991239930207	0.325972786497659	0.568528042251881	0.831636400556644
BNIP1	-0.101121295294682	3.05922659372404	2.45832909835229	0.118106386548215	0.447084614015022
CALR	-0.0808011233104009	9.74499765388339	1.28592098364554	0.257834412344782	0.614461830032859
CANX	0.0772392696924019	9.45545880847954	1.31489552354388	0.252553190525361	0.60918780070471
CAPN1	-0.16686216350325	8.29725113400708	5.22431858252802	0.0230696947472061	0.225851142603632
CAPN2	0.0565271741425594	8.1753374979069	0.414540730845616	0.520235270050865	0.807115144063673
CKAP4	0.013906515562863	7.35709756084165	0.0250689755135744	0.874316910902405	0.962601238408848
CLTA	0.0720574166680562	7.3335239449206	0.893896939990152	0.345291945700682	0.691416033992571
CLTB	-0.209204090448186	7.07431957059396	4.48840282848959	0.0350640055088412	0.268876454798737
CLTC	0.121541963141936	9.06696768995829	3.32172724481045	0.0695063043670084	0.359878221036287
COG4	0.0502791031387867	5.75625664647841	0.756847818539421	0.385110735101364	0.722135415991665
COG6	0.14956932394056	5.19580948173877	4.62595332205947	0.0324038018662435	0.261288122561819
COPA	0.0832506023110001	8.33397800079256	2.1085216071563	0.147673622034505	0.490206859736643
COPB1	0.119320266189191	7.26850239540908	4.06532846857275	0.044789564557179	0.298694018896943
COPB2	0.173668618864175	7.66874962060117	6.4374865909287	0.0117524444783647	0.168785106870131
COPE	-0.0910023198435296	7.21581877821412	1.38030937603851	0.241111906274062	0.599012709299019
COPZ1	-0.0158040722002993	7.47063927382675	0.0642012890141512	0.80017289790319	0.93843433483263
COPZ2	-0.276357145802301	3.09980505136047	3.48080489179392	0.0631986741754781	0.344025040874578
CRYAA	0	NA	NA	1	1
CRYAB	-0.441427514746034	4.84265080279132	4.00213799579334	0.0464712993837887	0.301985779945768
CTBP1	-0.189392298875889	7.06150466343015	9.13205015505541	0.00275962900725301	0.0850821072541952
CTSA	-0.100675787575381	8.52543562993976	0.964868708176733	0.32686671458367	0.676630718188293
CUL1	0.080468389836607	6.14956435640465	2.17916176012833	0.14108786864472	0.481708696829906
CYTH1	0.099867552835493	5.9545569274424	2.20775908976299	0.138516674785561	0.477462951712118
CYTH2	-0.0919752193341752	5.82150656510668	2.64023756349949	0.105386672154842	0.428595513771026
CYTH3	0.00264936437619669	5.60559024678495	0.000991304640325932	0.974906660958914	0.991725395740478
CYTH4	0.107884742393193	4.03210378136703	0.673835460608294	0.412461595144948	0.741219448954773
DAD1	-0.0879329480792379	6.85824758012425	1.37402981841563	0.242182267211961	0.599764411901357
DDIT3	-0.235207029874392	4.58218497277117	2.65389015611464	0.104494952452841	0.426677109431993
DDOST	-0.143955452112358	7.98418482140259	3.94342714288312	0.0480939046744256	0.307097001468513
DERL1	0.0196928832065793	6.63646928746181	0.104796398738995	0.746405449503343	0.91722798734062
DERL2	-0.0747327153750878	5.14437225231631	1.87311816081985	0.172287207849491	0.521128169969275
DERL3	0.0263949054028184	4.77358180443696	0.0196540092198885	0.888615085782209	0.966992361389575
DNAJA1	0.0384255373244814	7.42736385766735	0.238047390959061	0.626026774729522	0.862062571271872
DNAJA2	-0.0167877234306902	5.97209655397722	0.10645332688235	0.744478358191073	0.916356494826598
DNAJB1	-0.212762180520236	7.54240544389954	2.90432945586015	0.0895239787370755	0.398800117475873
DNAJB11	-0.0517895178757741	6.35751742054878	0.463409044147791	0.496634399596652	0.793085357854832
DNAJB12	-0.0507074168233497	5.88093146498437	0.722182433322207	0.396202511060385	0.730049606198248
DNAJB2	-0.194223785289141	5.60489293962385	7.47533104099792	0.0066801955215977	0.132110266097904
DNAJB9	0.0559172109143598	4.92811458788063	0.592942584760905	0.441975134512963	0.761690583794542
DNAJC1	-0.13670235693266	5.40582967828967	3.43000733766009	0.0651432863136297	0.349565961076277
DNAJC10	0.0708793400436272	7.33014163277045	1.09779439002674	0.295713340009234	0.648611007626042
DNAJC3	0.0448890692327152	6.83194924674204	0.381231500576964	0.537479531995485	0.815712087786769
DNAJC5	-0.00630283099233765	6.84421846371356	0.00681612066455291	0.93426441591168	0.982301962909176
DNAJC5B	0.007600390144618	0.385486698315259	0.00176337749732946	0.966536493609045	0.989805607900029
DNAJC5G	0	NA	NA	1	1
DNAJC6	0.160378721967204	2.25757767163503	0.609694065691731	0.435605827521838	0.757660980501281
DNMBP	0.0501901786060024	6.1981802588621	0.444241917581137	0.505666860344007	0.798751275859706
DOCK5	0.0175017691231092	6.30693631209891	0.0302988711557465	0.861947837340958	0.95922515512008
DOLK	-0.15421054165562	4.45407069512362	5.27267125058334	0.0224500299188695	0.223628453366603
DOLPP1	-0.0980460505825753	4.52573257132144	1.10993356979893	0.293064091001751	0.646059695204001
DPAGT1	-0.0640204885477704	6.01545813384949	0.827404357642294	0.363857668279139	0.705133242538159
DPM1	-0.0300346381223817	5.62576782616727	0.193840190307696	0.660101407462816	0.878615770259787
DPM2	-0.117820855816667	5.90872603937444	2.67747689232127	0.102973898472863	0.424042719508473
DPM3	-0.184797986002582	4.58837841735428	3.64001192017717	0.057496389119887	0.331784562637818
DPP6	-0.0893950262608656	1.44895393129082	0.0659480224544876	0.797531431895473	0.937376397209938
EDEM1	0.172637691602363	5.96319938560271	4.20945338547471	0.0411903278830494	0.290273371694917
EDEM2	-0.0700630612789015	5.44724595220587	1.01906575806993	0.313669294201236	0.664429163364199
EDEM3	0.0859186196928575	6.86725831916412	0.664137946218019	0.41584081961007	0.743762443670473
EEA1	0.0686756896796724	5.82121139354441	1.25897274022446	0.262869785561336	0.61890687692247
EIF2AK1	0.0635668233049986	7.94904718554507	1.04371141217744	0.307899417512671	0.659764843918115
EIF2AK2	0.0776918494738308	7.1866504505404	1.28380231416604	0.258225927525511	0.614590013407965
EIF2AK3	0.17891814160183	5.11029809263377	6.54120261582365	0.0111023377717206	0.164230082955383
EIF2AK4	0.102499241196893	5.83664506576756	3.44593910243737	0.0645265720223427	0.347885811358793
EIF2S1	-0.0265710361769218	6.15837480713878	0.193775064521129	0.660154905160742	0.878615770259787
ERLEC1	-0.00433273733192552	6.26985888779418	0.00548040159610364	0.9410430439902	0.983926349027019
ERN1	0.189369710516139	5.43954465939937	7.26351113093105	0.007490743783466	0.138150841450301
ERO1A	0.0474111356010311	7.73856252073546	0.176211363939462	0.674992537026225	0.885196511821804
ERO1B	0.137246313630543	3.77094285109948	1.2196576704732	0.270438011455134	0.625541188879059
ERP27	0.662658615683286	1.60907280526819	10.1118254198851	0.00164979917858485	0.0655442526976655
ERP29	-0.0700824610896241	7.01912892838305	0.940351573311212	0.333079095761138	0.681099532065702
ERP44	0.014091721620126	6.84606035368125	0.0500784843371415	0.823100632722073	0.944301937791475
EVI5	0.177088994200414	5.11459973394946	8.64897565822925	0.00356404999257159	0.0967367600230631
EVI5L	-0.126102327688171	4.48025523842737	2.52158783092982	0.113499869831047	0.440234638010941
EXOC1	0.0401447260373199	5.4121831221819	0.465192430482629	0.495807929863449	0.792402659377829
EXOC2	0.0376293737819476	5.1794212798365	0.46159499827139	0.497477470397329	0.793698893804285
EXOC3	-0.0448244202253241	5.99584358756567	0.609017591012842	0.435860301452627	0.757660980501281
EXOC5	0.0873460900709334	5.9526767237684	2.2951104678876	0.130983822290901	0.466824377068447
EXOC6	0.133077389248085	4.63064597865966	2.92425346887936	0.0884378809908885	0.397685217281478
EXOC6B	0.0334465636083587	4.86766130385559	0.233261221891287	0.629518261913526	0.863714544962929
EXOC7	0.00823037025295006	6.13454808107517	0.0179092812193108	0.893642941063655	0.969092353540047
FAM71B	0	NA	NA	1	1
FBXO2	-0.232887283248953	4.14579398401642	0.798265125031654	0.372430052750152	0.711835383982221
FBXO6	-0.207607611886026	4.45356524229243	3.22883250427487	0.0735004602547381	0.367802296276796
FBXO8	-0.013727511767384	4.12159718420802	0.052626817498265	0.818732318573725	0.942454698697405
FUT8	0.0264110614649056	6.12218563817485	0.0930220470815491	0.7606112572519	0.922567136289235
GALNT1	0.00705928851216695	6.77454531007803	0.00704412342498362	0.93317656151619	0.982234337104651
GALNT10	0.0630295918674555	6.52704299177507	0.489199862874284	0.484903064831325	0.787540417152315
GALNT11	-0.0322927126624637	4.97284323438477	0.274731173714045	0.600617371114275	0.849602138040101
GALNT12	-0.159611399990426	5.30342992553291	1.83813793252828	0.176333282845696	0.525393851778754
GALNT13	-0.328580569433318	0.442461255991415	1.15542089354849	0.283403161366517	0.636540375573657
GALNT14	-0.641176244702907	2.27101659179329	5.77328843307518	0.0169654015857622	0.199533821828413
GALNT15	0.25954490633802	2.45927177471377	1.6757432842747	0.196627348352205	0.550084433916875
GALNT16	-0.0663399469771571	2.52108788748253	0.0887352418842763	0.766026602464459	0.924781260124031
GALNT18	-0.00152218386470376	3.48617056909948	0.000189785157303952	0.989018940645027	0.996574492964927
GALNT2	0.144896309987212	6.96343718031298	3.56210150209171	0.0602148327329145	0.338115249474443
GALNT3	-0.0154161681148841	6.76937835770316	0.01421583561243	0.905184091796207	0.97296953252201
GALNT5	0.207485695216824	5.38083082557992	1.01301184614637	0.31510821300187	0.665696858192229
GALNT6	0.037935462472772	6.16726363719011	0.0678361823100111	0.794717712993955	0.936323644386105
GALNT7	0.237993218687298	6.66649964214399	4.02963485200476	0.0457314232862539	0.300256370951639
GALNT8	0.130914469814744	1.08950271550922	0.209497547391024	0.647539710034694	0.872450901831727
GALNT9	-0.885435576615833	0.787109522844579	7.09875292688771	0.00819077033310981	0.14399812134631
GALNTL5	0	NA	NA	1	1
GALNTL6	0.437833443746087	0.312863742904725	1.90155342909464	0.169077088275253	0.517491764204849
GANAB	-0.0162221097395584	8.86918816574604	0.0742509259173784	0.785459087161877	0.93221476891089
GBF1	0.0913816249426803	7.2099701592418	2.61791448554004	0.106862830480287	0.431170800041674
GBGT1	-0.271866334491991	2.86221432137191	3.89680740829578	0.0494251633207318	0.311124662387523
GGA1	-0.0120302183236638	5.92465900185647	0.0533474029981387	0.81751738848317	0.942193931893209
GGA2	0.0612689765578984	6.07161868018681	0.963454422325432	0.327220860410361	0.676665827632263
GGA3	0.0628998026195995	5.70477277397102	1.42389650140971	0.233839297198642	0.591166762580836
GIT1	-0.101227591430565	6.7435388425316	1.91263209758553	0.167845103087207	0.515966789811465
GIT2	0.128467211155214	5.22863517217133	3.61210241065378	0.0584548110856077	0.334142996451363
GLT1D1	0.263441214271016	-0.204233492915394	2.12778760724414	0.145843571399366	0.487984295120498
GLT6D1	0	NA	NA	1	1
GLT8D1	-0.0117277909705514	5.25909591063073	0.0536300642475072	0.817043174368045	0.942192374119196
GLT8D2	-0.18165550144686	3.6377372976486	1.88469722305966	0.170971606445731	0.519990661875878
GMCL1	0.120988192038099	5.5309945124355	3.5218249697571	0.0616737895993313	0.341357261447991
GOLGA4	0.0718093725438201	7.49007847472524	0.831902739347664	0.362558851544405	0.704078490031258
GOSR1	0.0532767451138921	6.08838189677424	1.18120156530478	0.278107379301021	0.630831518564489
GOSR2	0.0861250270436569	4.1338591154187	3.07648689688342	0.0805975963927913	0.382345366473177
GPAA1	-0.0497003348539735	7.25181688520747	0.401973977997542	0.526623048043622	0.810225698507828
GPLD1	0.157249256950279	0.806716783890966	1.36209147525607	0.244233256507534	0.601632786253133
GXYLT1	0.233972785533432	4.44875460378391	10.6705503435303	0.0012332941833045	0.0565903323823978
GXYLT2	0.00866910424437125	3.39409871542217	0.00245154462225507	0.960548028278742	0.987637172457097
HAS1	-0.537168525557879	0.365100543654385	4.17068421169083	0.0421273816734778	0.292710106998805
HAS2	-0.0322141059725139	2.73453754193232	0.053029104393928	0.818052977698068	0.942280233624372
HAS3	-0.688282186460487	3.99185409943228	7.22097128154892	0.00766537055657621	0.139444506933461
HERPUD1	0.109921893064021	7.14186367688755	2.15838036230033	0.142990151549462	0.483957164457388
HSP90AA1	0.0943009864793872	10.3263702378753	1.22278913091314	0.269825282090234	0.62514824825126
HSP90AB1	0.0923477235565134	10.5505127225605	1.23683119784987	0.267098990941738	0.623156462497119
HSP90B1	0.0585316608170772	9.87397860255401	0.690572522628998	0.406724098681161	0.737694324082293
HSPA1B	-0.272199751742874	6.61756526765912	3.2243372004868	0.073699920833481	0.367854245841367
HSPA1L	-0.223078908093741	1.11221591270804	6.0812564614472	0.0143013859960711	0.183111794904565
HSPA2	-0.0923345746352201	4.17474692716992	0.320821840244924	0.571597568216047	0.833322588651904
HSPA4L	0.111907453049781	4.40685934567041	0.407259057754491	0.523919700710042	0.80916066493332
HSPA5	0.0646762047438261	9.50956801299643	0.820707366913699	0.365803290564927	0.707019395900112
HSPA6	-0.466379129775469	3.39093475632862	2.88337896719531	0.0906817450648762	0.401032200157599
HSPA8	0.0389545845347374	10.2048596094097	0.196884861975411	0.657612249421687	0.877614682500846
HSPBP1	-0.190527476921007	5.91591870819673	5.00917704620426	0.0260512077713521	0.237399312064899
HSPH1	0.0444184761453628	7.48398363316269	0.176447491984589	0.67478739254068	0.885154127098965
HYOU1	0.056548360349287	7.93514602976495	0.347863167096943	0.555831999578313	0.824204577938705
IFT27	-0.0260868444151779	3.99207610021884	0.135322992275794	0.713271701630572	0.902142564131119
INPP5B	0.105161118803214	4.47658259904791	2.29146373187081	0.131288938127676	0.467259449147735
INPP5E	0.0544258590257502	4.29647228639644	0.682463536782824	0.40948908438955	0.739602239667947
IQSEC1	0.137586759374621	6.27519169008927	2.57951324969678	0.109455870110569	0.435045503539027
IQSEC2	-0.109042287010882	4.60875507675513	1.68862621505272	0.194920975310815	0.548155138331588
IQSEC3	-0.329616322206456	1.46189994311705	3.30371617635961	0.0702620476770626	0.361239030450322
JUN	-0.177125709427626	8.04906387700973	3.06294327890317	0.0812635521358927	0.384010706021674
KDELR1	-0.0671887204737344	8.35249991168158	0.833572507420231	0.3620783760121	0.703947178925759
KDELR2	0.0243675885154145	8.75530093824709	0.099914788751432	0.75218282812006	0.91974493689658
KDELR3	-0.0451350134211232	6.19985096330899	0.133820091435437	0.714797956103798	0.902728257373362
KIF20A	0.0241397091943656	5.02363457939446	0.0432846169159557	0.835351423885461	0.949119502674045
KIF23	0.151807690629532	5.08853324165124	1.82030019630299	0.178438844692209	0.528029114715638
LARGE1	0.0803162471742977	5.06596813575567	0.754088967273876	0.38597706134667	0.722916967331917
LARGE2	0.169146098825633	5.17941597302232	0.645370183419242	0.42249885930728	0.748568481855077
LMAN1	0.23549168987442	7.27992254608836	8.19535610804123	0.00453817044154219	0.108788852173418
LMAN1L	0	NA	NA	1	1
LMAN2	-0.155575578945388	7.16665261174475	4.53285636609093	0.0341800236710715	0.265994075893127
MAN1A1	0.439540458846005	6.87904212887045	14.7996467030648	0.000150121758462487	0.0168910353871264
MAN1A2	0.07616151498593	6.48752305101932	2.27164205673664	0.132961393730993	0.469904066723266
MAN1B1	0.0342210757323862	5.91979358550922	0.247872733197683	0.618993315128209	0.858823052135141
MAN1C1	-0.154954215081542	4.46750366128399	1.40561015805312	0.236857425185443	0.594868594537022
MAN2A2	0.150152363137302	6.23754623983586	3.23556277017658	0.073202920863274	0.367695070891596
MAP2K7	-0.138863433334842	5.42041322214061	5.39071850749553	0.021008991737281	0.216908045360543
MAP3K5	0.140927761010448	5.26835627206347	2.97945455127894	0.0855030334871583	0.39296771348246
MARCH6	0.138441526000695	7.17135871540227	4.46211565521349	0.0355980304021709	0.270436677970527
MCF2L	0.0609026456755104	5.83087195576191	0.238891865216897	0.625415254979985	0.861841105683511
MGAT1	-0.105576065167428	7.17672645556701	2.57963010814292	0.109447874593276	0.435045503539027
MGAT2	-0.00509635517041951	2.60556848002897	0.00287592188131301	0.95727259361843	0.987255921608007
MGAT3	0.100381530635895	4.94913932424243	0.416356841872006	0.519323478502441	0.806481033092426
MGAT4B	-0.0756448459127588	7.92299488374278	0.715347067394446	0.398443860059879	0.731286139375401
MGAT4C	-0.184796895198244	-1.13377269777852	0.455579198540025	0.500290730183919	0.795420051942968
MGAT5	0.106328404348359	6.86837574294704	1.21806056390853	0.270751188037369	0.625542062075168
MICAL1	0.0690847088152555	5.77295522737974	0.686874870840291	0.407981499878641	0.738408514809987
MICALCL	-0.0760438882177522	1.79319773206096	0.315702694844585	0.574680581488676	0.834780661183857
MICALL2	0.0969888963299596	5.98331871709584	0.957923067794113	0.328610861128188	0.677398423847789
MOGS	-0.0517003544813095	6.15121443452188	0.537155220132759	0.464267329837744	0.774166408709543
MON1A	-0.257393868047779	4.09487830849784	12.5150223613592	0.000477126369269876	0.0347126402007944
MYO5B	0.00196489014927384	6.93161690048099	0.000304422734062696	0.986092683801765	0.995523963455554
NAPA	-0.0427133454229417	6.66404289135928	0.401793224907409	0.526715944558242	0.810307921664902
NAPB	0.213764924727562	3.73758384341277	5.19295605580631	0.0234811402063846	0.227795478931076
NAPG	0.14169396929247	5.39210286050272	2.87636106990266	0.0910732138319505	0.401724494374812
NCKIPSD	-0.0894620543552807	5.2334459622125	1.84426257959964	0.175616983737088	0.524414733918816
NDE1	-0.0287960272599663	5.63339348942351	0.162880810895342	0.686846152216891	0.890441197691486
NET1	-0.123819289999988	7.54895436883231	1.89579905782731	0.169721104007799	0.518193824282828
NGLY1	0.016552466103615	4.80618433100303	0.0853733201312925	0.770374091856607	0.926526616931111
NPLOC4	0.0557950101611135	7.05115703763073	1.06024489315088	0.304106100630232	0.65604049463124
NSF	0.0415055745239031	5.96337626231652	0.291578145675334	0.589668272611673	0.843532205467061
NSFL1C	-0.109817904931968	6.44994709839476	3.05890870413718	0.0814630890645511	0.384303131276118
OCRL	0.105132556127828	5.76318451409601	2.13274202720325	0.145377122829754	0.487295845251421
OPTN	0.00453944637149478	6.64784631496874	0.00388705926553104	0.950334462879565	0.985605596942728
OS9	-0.084351769789968	7.60125244124066	1.50371648786084	0.22119805915431	0.578409361413785
OSGIN2	-0.0284035625054372	4.85861817527881	0.170700181602064	0.679827202657166	0.887221911428376
P4HB	-0.0757708428287335	9.86497051400753	0.708217698859962	0.400801278086657	0.733068509906072
PAK1	0.0581729379042727	6.62803162105757	0.589246018509399	0.443399985940243	0.762261835867459
PARK2	-0.0144321056501717	1.50984310371074	0.00849999688138179	0.926613013428931	0.980061197769641
PDIA2	0.0939891203393835	3.65149304991206	0.0699072209663427	0.791679156433372	0.934766691788482
PDIA3	-0.0190858209190269	9.42362274834952	0.064203297715726	0.800169838446097	0.93843433483263
PDIA4	0.0367917269208728	8.29126115985958	0.147714612026286	0.701039812059991	0.896387095388364
PDIA5	0.0590745125924722	5.20678172956272	0.484200234097761	0.487140839566473	0.788473553731839
PDIA6	-0.0686570157267212	7.57745620985896	0.677438191605974	0.411216533820047	0.740553541563168
PDILT	0	NA	NA	1	1
PGAP1	0.265814289812522	4.4054838452427	4.31599995570111	0.0387267336477907	0.280922148774273
PICK1	-0.112509139890092	4.53260799248419	2.81218204800127	0.0947401050260109	0.407458701193356
PIGA	0.151217221201216	3.80227833500148	4.0594741958737	0.0449426229778629	0.298879512414359
PIGB	-0.00788216280973271	3.56601668857868	0.0171805290599741	0.895816646798775	0.969876529079132
PIGC	-0.118633594730218	4.62054548403707	3.99995611537515	0.046530549760995	0.30200116431415
PIGF	-0.026056572096138	3.57769576904367	0.134474344398254	0.714132347323871	0.902536061027041
PIGG	0.0475289906564475	5.20175941296864	0.589935310889548	0.443133757838296	0.762212729208001
PIGH	-0.0729395498110082	3.77783357926723	1.44679835748455	0.230124956243973	0.587702269589101
PIGK	0.0483559886099153	5.29482012166679	0.64627181079332	0.422175363425229	0.748523925046771
PIGL	0.126028072763956	3.533409721653	2.73266749765711	0.0995090679836301	0.416719607147773
PIGM	-0.000305150903007225	4.74131910180758	1.83149313434366e-05	0.996588634736589	0.998730161398457
PIGN	0.0852380831984502	4.66853803598056	1.01959849866805	0.313543083198641	0.664429163364199
PIGO	0.0264943380017573	5.63312202667911	0.0983249492573582	0.754097842900752	0.920419114907665
PIGP	-0.0325691651731538	4.25434077047305	0.19458213972701	0.659492688155997	0.878494147391071
PIGQ	-0.0953443625139501	5.68060699123932	1.76233491540942	0.185485610525424	0.537270607154426
PIGS	0.00611528091753659	5.99641545739418	0.00731972375395514	0.931885012513188	0.982145422970021
PIGT	-0.163977701608964	8.13432405147327	3.06656710056961	0.0810847816681257	0.383636335523817
PIGU	-0.0300973825922081	5.67226745989709	0.1269094445927	0.721944040794885	0.906361149546708
PIGV	-0.0212329386865719	4.10447904123311	0.103057980625407	0.748445503825612	0.918154897896156
PIGX	-0.00698079228590156	4.81393484082361	0.0124321899341156	0.911305193176331	0.975392218212408
PIGZ	0.0662969212209377	3.13697106484671	0.219959461066001	0.639459651222304	0.868857549254939
PIK3C3	0.153327075634279	4.92689038692659	5.7778295243829	0.0169225885650969	0.199292696457677
PIK3CA	0.208118526844885	5.0761410385948	9.14288987236549	0.00274388118592681	0.084795846287979
PLAA	0.0364140548850256	5.21260857838617	0.216797213874071	0.64187683861519	0.870043704117669
PLIN3	-0.106394344396807	6.32923029495664	1.77058897873603	0.184462647650977	0.535655680976599
POMT1	-0.00752691230706876	4.58947783216836	0.010844474010418	0.917140215885726	0.977573945242047
POMT2	0.0488319680882066	4.21177761966593	0.611692589047931	0.434855356008883	0.757005909469555
PPIA	-0.0163944298506798	9.37332300427872	0.0452518815030228	0.831706464983507	0.948011562704866
PRKCSH	-0.273646083034627	8.53117249445207	14.192188080238	0.000203762878089071	0.0207478604723321
PSD	-0.0404511189432541	4.07676238497789	0.0265115574397653	0.87078238328451	0.961955332153181
PSD2	0.286478005565465	-0.98912080689606	1.55497995142658	0.21351200993805	0.5690864403626
PSD3	0.0155787217964724	5.18252003553956	0.0185885915481891	0.89165690219998	0.968371561581399
PSD4	-0.130305828576399	6.60022071193157	2.100342866068	0.148458375157584	0.491184868332231
QSOX2	0.214112969854596	5.03080027886855	6.36319465383047	0.0122422051122186	0.171685380606018
RAB10	-0.056351430300277	7.61878972563538	1.00392628845213	0.31728402090178	0.667723241379593
RAB11A	-0.0527600398775799	7.61134453316179	0.647309075948017	0.421803661373825	0.74842722151623
RAB11B	-0.200030057888994	7.23634565298757	9.50183857046665	0.00227111898264601	0.0777354574761867
RAB11FIP1	-0.0848253567569101	7.47527020240274	0.514700938170334	0.473748125625229	0.779450893026756
RAB11FIP2	0.174941523163778	4.79098875907182	3.88272487770794	0.0498349567170458	0.312153025590287
RAB11FIP3	-0.0390182062508491	5.61363280395065	0.171843249922574	0.678817004875394	0.887113261517104
RAB11FIP4	0.0715993709177279	5.91898047104872	0.605492359039939	0.437190103338055	0.758303779463119
RAB11FIP5	-0.0583376379808428	5.39398754332741	0.42373890544267	0.515646046231046	0.804040844654374
RAB12	-0.131536972693135	5.02991571018934	2.65590376262398	0.104364138502249	0.426611331430393
RAB13	-0.0378243717477666	6.62987838434848	0.234028353802497	0.628955683162534	0.863267736742675
RAB14	0.0364683153259874	6.79479251093641	0.374662119673869	0.541003144326184	0.817461559825055
RAB15	-0.125772361310565	5.56132868467486	0.836512805059597	0.361234447734826	0.70356714199265
RAB17	-0.17817776531868	4.34134263904503	2.27702546792726	0.132504814661888	0.469505248801966
RAB18	0.043384069324983	6.37136268987023	0.60749701317825	0.436433138672196	0.757973458388639
RAB19	0.024349799302168	1.71109256059432	0.0316858516795441	0.858856028881945	0.958767531222443
RAB1A	-0.0888842526806943	7.47926010971748	2.54772859796712	0.111654763348629	0.438067390911503
RAB1B	-0.184386565970376	7.57532371544779	8.45879764249625	0.00394332701677977	0.101079969388347
RAB20	-0.244172597608142	5.11739326255852	7.42529588285508	0.00686314131319798	0.133664181562099
RAB21	0.0296009377933605	6.39837879306324	0.302220632804726	0.582960518595184	0.839434832139918
RAB22A	0.225040362370582	6.41874911681805	7.17533671985204	0.00785736523002516	0.141023258188136
RAB23	-0.00334921657799813	4.44118201673554	0.000425455671206109	0.983559192178376	0.994784165949169
RAB24	-0.140114258925022	2.61088046168402	3.8944913899799	0.0494923112930448	0.311131200954282
RAB25	-0.205407503451563	7.12806643582527	3.54106032667999	0.0609723517195425	0.339884832893591
RAB26	0.0164791768260977	1.6608520912126	0.00705930562260909	0.933104757756271	0.982234337104651
RAB27A	0.163178704019305	5.61459205939724	3.10107240971276	0.0794037683446532	0.380550571382727
RAB27B	0.188365646754775	6.01131868424715	1.11980109595923	0.29093301799179	0.644034859022129
RAB28	0.0186920731629575	3.75941775424757	0.122326793699624	0.726804597947407	0.907980802727407
RAB29	0.0343601626323407	4.81958011126859	0.188993296133427	0.664112584321527	0.880107868139869
RAB2A	0.0188629515371596	7.35997043800312	0.0828162021749572	0.773743464037541	0.927537498367197
RAB2B	0.0180471148378543	4.65598544607264	0.114265240622516	0.73560939413817	0.912222250233695
RAB30	0.191585101925686	4.45145722341278	3.44703031500006	0.0644845613937691	0.347810147111899
RAB31	-0.0210435648411325	6.47577216870467	0.0314450136442595	0.859387814886595	0.958779531203107
RAB32	-0.20031150330492	4.28267063467467	3.28876712208091	0.0708960316408685	0.36231982697515
RAB33A	0.0370806075206561	-0.165989046919641	0.0836506624197815	0.772637820101857	0.927382315658055
RAB33B	0.109303649219678	4.11793355597045	3.09552958233505	0.0796712347299028	0.381096902278046
RAB34	-0.0388882912447796	5.45667659231329	0.070650856602565	0.790599889509797	0.934451117354797
RAB35	-0.154780363136875	5.91650005884156	6.49983393545793	0.011357070094599	0.166349376767447
RAB36	-0.0266075143230978	3.37555642184023	0.032286171554854	0.857539492722821	0.958381534629643
RAB37	-0.123149851207421	2.36577513208806	0.643308558105861	0.423239951935199	0.748989326264196
RAB38	-0.167886744234809	1.86676866199041	1.21645473363752	0.271066534521133	0.62598871076502
RAB39A	-0.150552752680379	0.160202690412081	0.556585873909849	0.456305961447549	0.769126013224322
RAB39B	0.335429307535375	0.693129294354208	3.10817670009682	0.0790623760605904	0.379623726311146
RAB3A	-0.0940146394066348	2.08993543868249	0.609246912793173	0.435774010484102	0.757660980501281
RAB3B	0.452575022429259	4.2987520312125	3.67442890773108	0.0563375519117709	0.32864639675618
RAB3C	-0.322586955182644	2.23173139394107	1.79239437645012	0.181791684734877	0.532240236668142
RAB3D	-0.0674238178608167	5.71148566548269	0.390626450853483	0.532512606745556	0.81311203629152
RAB3IL1	-0.45438526527336	3.80902936503185	12.8541905190842	0.000401340060546038	0.031195068342442
RAB3IP	-0.0175134341197131	5.50254094338859	0.0266417932292274	0.870468198937486	0.961955332153181
RAB40A	0.138295801428304	-0.864454103768472	0.795504264319767	0.373256865169967	0.712884481877114
RAB40B	-0.0572399438804869	5.15714168849763	0.24159393347637	0.62346753151722	0.860872141885423
RAB40C	-0.193558917870681	5.61287372537192	6.23792971309699	0.0131163472607433	0.177307089836951
RAB41	0.0284796846300969	-1.26922530510039	0.0737836658739555	0.786118652729509	0.932479811436918
RAB42	-0.0987835153295967	2.091997647151	0.600972810378747	0.438904110678633	0.759129496891905
RAB43	0.0300066300992829	2.53417494162518	0.0861789130768714	0.769323977080604	0.926222014180591
RAB44	0.0515058695401499	-1.17881708171841	0.0902094226480158	0.764148549209217	0.924257500223796
RAB4A	-0.0232995265866735	5.33664766930805	0.162164847966629	0.687498555029606	0.890612861483995
RAB4B	-0.233797449957802	3.93028087016476	7.85206095839518	0.00545408173917404	0.119774997097444
RAB5A	-0.0906335596198774	6.13193918106503	2.91258824898183	0.0890720206910866	0.398164728357433
RAB5B	0.0367191906631724	7.51899466722695	0.413129917300387	0.520945532342092	0.807558699762626
RAB5C	-0.148873031197316	7.1164389699466	5.90311478884404	0.0157845833669821	0.192248130751705
RAB6A	-0.0133175084661023	7.41210132563208	0.0533324299231965	0.817542545331587	0.942193931893209
RAB6B	-0.0150845724491054	3.01768201349903	0.00989234380641466	0.920848666808257	0.978230611543395
RAB6C	0.0112486848277767	-1.60282013967479	0.00983660862377883	0.921071222961205	0.978253296286605
RAB7A	-0.0632854832890026	8.43510553781558	1.42518834807652	0.23362785277871	0.591022134311783
RAB8A	0.00928607991131426	5.90572261636371	0.0261524539199621	0.871652821155931	0.962469525370813
RAB8B	0.108849305900615	5.11852766497651	2.12497300760248	0.146109315496588	0.488427465461681
RAB9A	-0.0426890487442777	4.66078300441844	0.431470879147706	0.511842916707316	0.8023314643374
RAB9B	0.114881181652644	1.54244142348435	0.344706570714265	0.557629087751429	0.825031009558545
RABEP1	0.128335600582444	5.67600668068259	4.95440739561725	0.0268727501593352	0.240292857121625
RABGAP1	0.103077369054148	5.95974271722618	2.40728217795596	0.121975329877513	0.452275072999585
RABGAP1L	0.17560658210585	6.32642998631579	3.81949010196215	0.0517200927345981	0.317297387859948
RABGEF1	-0.040706284259337	2.7554364470057	0.304045572916356	0.581825788607769	0.838888784586244
RAD23A	-0.17042560685852	6.80999295694829	6.94185862743786	0.00892008171169575	0.148295845299976
RAD23B	0.0442001669327903	7.72533667671198	0.526076774199344	0.468906326962649	0.776465286416523
RALBP1	-0.0408576521282676	6.81972509770806	0.391910879885804	0.531840022193167	0.812733792832991
RASEF	0.178699123723126	5.81377388753175	1.41727005603999	0.234927548796163	0.592574651059257
RBSN	0.1030687136481	5.10998595372789	2.72020357807018	0.100280195657871	0.418786554644155
RBX1	-0.0162593714783094	5.50950933768532	0.0584710812375136	0.809117568602702	0.940215696442295
REPIN1	-0.0661462798035427	7.82271643642134	0.60798849590837	0.436247859591175	0.757762152649845
RER1	-0.0918316787015264	6.52211549946565	2.04285373081646	0.154110172234215	0.497348505008508
RFT1	-0.097304094135049	4.39004308818252	2.55726436388859	0.110989982052378	0.437243593863229
RFWD2	-0.0144385434046616	5.67360622892607	0.0844003862273671	0.771649537098952	0.927107153805242
RNF185	-0.0387736764901507	5.3419710890978	0.615103114547983	0.433579213947278	0.756191394420867
RNF5	-0.264381579024437	6.23372507052446	12.0402889409438	0.000608329351798853	0.0392051454111572
ROCK1	0.172753796289784	6.76487951050436	6.94467601324048	0.00890641194888304	0.148295845299976
RPN1	-0.0445992933566782	8.56708401535037	0.498875353117745	0.48062042846198	0.784418044671022
RPN2	0.0988406001845319	8.94456006656158	1.45408628358427	0.228957977922244	0.586573325380099
RRBP1	0.00189974085928289	9.41276357167401	0.000372328850026445	0.984619756945653	0.995208301165601
RUFY1	-0.00502230543036966	5.35000361355132	0.0111444177533668	0.916006344560683	0.977573945242047
SAR1A	-0.0208193524798321	6.32147827801545	0.162143366475013	0.687518155340573	0.890612861483995
SAR1B	0.0698437374472616	6.16741165452708	0.989986207377799	0.320661016816203	0.67093197498455
SEC11A	-0.102085516882584	6.46876859779942	2.58435825803966	0.109124912773157	0.434905844100603
SEC11C	0.0869846398603647	5.42329394480865	0.754084474662134	0.385978474370784	0.722916967331917
SEC13	-0.0779170292700533	6.60554868987875	1.35363316855173	0.245699269337985	0.602801341095791
SEC16A	0.184772122118276	7.92675383907074	5.54276082500385	0.0192935832987372	0.209072330205742
SEC16B	0.0237392327772551	-0.220486796960486	0.0375008517710312	0.846598471696697	0.953428159429507
SEC23A	0.0790739142794379	6.47574920322471	1.36769573205393	0.24326781635724	0.600744589920679
SEC23B	0.0612736731147988	6.75863389247331	0.584615889252383	0.445194740324896	0.763040945338596
SEC24A	0.238275380770031	6.2389375658249	8.82885906613464	0.00323965735350662	0.0924329378392043
SEC24B	0.15459972922098	5.91270398729098	8.67103862792258	0.00352253663001275	0.0963252287418199
SEC24C	0.0834608363279228	6.32834579001456	0.921055683737703	0.338080094937609	0.685056451038484
SEC24D	0.177308045616231	6.68401379068868	3.79445237724488	0.0524873500335546	0.319028561222909
SEC31A	0.103957246755709	7.93348139255691	2.88138065883666	0.0907930262904064	0.401398193132617
SEC31B	0.20024703399779	2.30746632530082	2.63224138745015	0.105912834910553	0.429444232604441
SEC61A1	0.0742483135204069	8.54561676452083	1.12339051835116	0.290162743339422	0.643079971303064
SEC61A2	0.109537200982092	3.07483191290371	1.74812352212042	0.187262449160001	0.539921786215649
SEC61B	-0.0337507023887006	6.20869488342139	0.182059301027906	0.669958784421145	0.88270201460871
SEC61G	0.547582545001008	6.44151768925699	13.9257348782312	0.000233082840088791	0.022646116849536
SEC62	0.0941491788162745	7.99809139442611	1.58676738069485	0.208906178228987	0.563735344612274
SEC63	0.236341233661867	6.74888440667771	9.43610183513295	0.00235101168050935	0.0786224897067339
SEL1L	0.152182412085552	7.2125687672061	4.63692442969861	0.0322009626469097	0.260583628616272
SELENOS	0.012746690367648	6.00081919280434	0.0247677054709323	0.875068125532074	0.962635119157491
SGSM1	0.47510060607688	2.992830527208	5.61203142315694	0.0185609990965933	0.206419703576118
SGSM3	-0.0363750375181444	6.07165078662854	0.190430221778276	0.662917089386352	0.879735141841041
SIL1	-0.115217591626744	5.37181673230956	2.51132585201422	0.114233408421393	0.441810453258252
SKP1	0.0211462479915597	7.39504008485055	0.123893179663613	0.725131878897774	0.90737818418948
SMCHD1	0.19890851457499	6.59529746063068	7.27277180045516	0.00745327426343899	0.137834524049899
SNAP23	0.027847668735229	5.50752116691175	0.306021159874175	0.580602385886573	0.837956687216588
SNAP25	0.0332605171025374	2.81164895733518	0.00941521201252776	0.922774930600853	0.978812977808619
SNAP29	0.00292225056385829	5.66324114588737	0.00311997320727727	0.955498392807136	0.987179367505197
SNAP47	-0.0463164662081605	4.69857284474791	0.690108528367137	0.406881569167905	0.737789809725615
SPCS1	-0.114598029181269	6.74097647607182	2.80431386051457	0.0952006565479532	0.408207429029589
SPCS2	-0.0287568382763425	6.1256338214976	0.178527589747105	0.672987177875701	0.884329975026215
SPCS3	0.13362691776235	7.1709361838913	4.23924472251363	0.0404852458510988	0.287046193428534
SRP14	-0.132052302917374	7.79645978088554	5.3151671243214	0.0219197541829357	0.220833344380323
SRP19	0.0168617413719858	4.02478907320482	0.0553957191195926	0.814110345286469	0.941309954811739
SRP54	0.0555967853213872	5.68480673189506	0.922358533987826	0.337739264220249	0.684858233800763
SRP68	-0.0650294870109446	6.40507324894475	1.38565450550418	0.240205371705267	0.5979491250233
SRP72	0.0740827659701539	7.03956551918276	1.79411600086646	0.181582726378622	0.5320535676961
SRP9	0.0719462498049041	7.33344622855975	1.19371574018868	0.275581912010675	0.629126693852769
SRPRA	-0.0307042742380332	7.74761271588013	0.257747521197095	0.61209770527661	0.855167433466288
SRPRB	-0.0196877525726584	5.87436866469436	0.0675888201618147	0.795083929809876	0.936402167208013
SSR1	0.0827943272745023	7.98370050840821	1.67865891229475	0.196239633184705	0.549633827384548
SSR2	-0.131717839039601	7.8649503152654	3.9462803988324	0.0480136743522324	0.307020691689699
SSR3	0.0939340787338325	7.70508337367743	1.91782274551788	0.167271444311084	0.514882100873551
SSR4	-0.0849006046353396	7.7047700479362	0.793363170173152	0.373899848466657	0.713436908448913
STT3A	-0.0161207512520314	7.41016012412758	0.0603981954450368	0.806059510793133	0.939627061614482
STT3B	0.0332188356228825	7.61629097450432	0.226325779940514	0.634656919095634	0.866705286573054
STUB1	-0.198580096093691	5.15304249634424	6.8041242505993	0.00961543344429382	0.153286056176241
STX10	-0.193475104169995	5.12054125759549	8.8918509831755	0.00313334111740056	0.091329772342414
STX11	0.0682825984918999	2.79337005241641	0.292620501998876	0.589004356079335	0.843172325786078
STX12	-0.0160211072584497	5.78764944646948	0.0844012987148067	0.771648337168108	0.927107153805242
STX16	0.297108326228499	5.91859359089738	10.849201231032	0.00112411533993259	0.0543738469665396
STX17	0.153072347761201	4.31084240896754	6.46044760772453	0.0116052088204153	0.167420475952561
STX18	-0.125122585887607	4.84743346563258	3.6642823082288	0.0566765782164857	0.329948758795474
STX19	-0.0544047151240035	1.90738588892673	0.077258531631912	0.781266082827501	0.930228837879611
STX1A	0.110495009133315	3.74220281205805	0.509400420179569	0.47603191434316	0.781542713228881
STX1B	-0.180215697374583	0.859703188241078	1.83644913327245	0.176531388919187	0.525452383433629
STX2	0.158377895480005	3.98328669961373	3.07755476541603	0.080545340338435	0.382345366473177
STX3	0.0676882250790235	5.97813480645222	0.490345376455774	0.484392745654668	0.787368436377836
STX4	-0.0802417708915533	5.27385885540004	1.82316000894323	0.178099318226211	0.527511260104193
STX5	-0.124354661435178	5.4826074460118	4.79967928581581	0.0293435009482696	0.249887383573412
STX6	0.0186163533364765	5.48242698325248	0.143451546312343	0.705179350004321	0.898373414503369
STX7	0.0283701999387202	6.25676194136773	0.237583799489327	0.62636305251045	0.862062571271872
STX8	-0.142786955766998	4.27498387971974	4.29573985529691	0.0391829297501586	0.282632775053872
SURF4	0.00388441624343193	8.42753378229324	0.00348662741890069	0.952959015107173	0.986257211809998
SVIP	-0.0157591569587423	5.44232826789568	0.0342418618259108	0.853336027941835	0.956712115394453
SYTL2	0.297518906976221	6.1760424325207	5.0090037984701	0.0260537646574149	0.237399312064899
SYVN1	0.0977455047199191	7.15830465843837	2.78336171449201	0.0964390556862024	0.411043831563824
TBC1D1	0.0303003614020644	6.37909678575062	0.144043028570983	0.704600835146978	0.897872931501325
TBC1D10A	-0.0510841110702418	3.87118445992191	0.542543333930918	0.462037625817759	0.773076653765527
TBC1D10B	-0.0611128884304784	6.24898616038648	0.921368744424546	0.337998154772453	0.685056451038484
TBC1D10C	0.126632628407864	3.39153084431894	0.579302511105605	0.447268276437573	0.763799455193585
TBC1D12	0.002919014083795	4.3165594875031	0.00189848946766172	0.965278931641067	0.989347262710515
TBC1D13	0.0461303792701531	5.20740025173944	0.598177794098151	0.439969276294858	0.759691143518216
TBC1D14	0.0639276535514259	4.89914498347054	0.523262716907835	0.470096574476785	0.777160625782802
TBC1D15	0.0768783792874266	5.5510582457781	1.78593792644506	0.182577818837953	0.532902731426154
TBC1D16	0.0765553653018362	6.48793443286307	0.641061862771959	0.424049798172447	0.749223065626673
TBC1D17	-0.0514300028928132	5.68537361791652	0.734732914295868	0.392134360781032	0.727277393639442
TBC1D19	-0.0773651651159099	2.11589818222396	0.876126340524051	0.350124198149103	0.693917917054898
TBC1D2	-0.16243893903486	4.7009474516506	2.27167620439165	0.132958492030888	0.469904066723266
TBC1D20	-0.0147836897246997	6.05353905466293	0.0753985875961649	0.783848500877937	0.931541021390105
TBC1D21	0	NA	NA	1	1
TBC1D22A	-0.0939884372043966	5.4206277562386	2.84203926233761	0.093014509728379	0.404308112952537
TBC1D22B	-0.103191166343953	4.29707029007089	2.55416021363853	0.111205904355459	0.437498185145966
TBC1D23	0.102188737403328	5.49770672445307	3.90227154557762	0.0492671257183656	0.311101046379088
TBC1D24	0.0769665622646654	4.44623772193206	1.21887591717851	0.270591248579838	0.625541188879059
TBC1D2B	0.0402898768922159	5.92193362042351	0.256606965722159	0.612885597744896	0.855584825413986
TBC1D30	0.266147128771158	4.25977817013963	4.19062806717786	0.0416425545970871	0.292078623301964
TBC1D4	0.0131734026683304	5.48439117585065	0.0100960355146383	0.920040643822349	0.978199080071908
TBC1D5	0.150509664440734	6.23003926516604	4.98711542942596	0.0263789258199616	0.238472534930235
TBC1D7	-0.0822253672416273	4.06187857953807	1.09025924659809	0.297373316437933	0.649823271991222
TBC1D8	0.0149659847104921	5.00881921277831	0.0380040508565048	0.845585637855247	0.953351834001053
TBC1D9	0.198060563296301	5.02415208940983	3.88449192895893	0.0497833390234281	0.312058320124861
TBC1D9B	0.0338262585090162	7.35758766480292	0.328269158308356	0.567169959029238	0.830549751604245
TMED10	0.0642839981906692	8.37860095800869	1.27634176226766	0.259610473195663	0.615944374186961
TMED2	-0.0381480892770742	8.22599988974759	0.348626203032016	0.555399244815363	0.823983093838533
TMED5	0.143702498670758	6.52129437001254	4.79860623410789	0.0293614436047248	0.249953692314663
TMED7	0.0856508464148884	6.74281447274988	1.41476026336464	0.235341334667956	0.593043233885765
TMED8	0.0941687338401639	5.18577282370917	2.04110354570404	0.154286036811829	0.497523657064488
TMX1	0.1029471756458	5.98028591063018	2.1830386345015	0.140736161704063	0.481638765538253
TMX2	-0.0789508910299966	6.54246422260367	1.46181193239142	0.227728712486035	0.585412054045579
TMX3	0.105194548833972	5.39853582916922	2.30972213370661	0.129769239939619	0.464819991499624
TMX4	0.0892716515090162	6.35026558256281	1.28751455985257	0.25754041587763	0.614160623583229
TOR1A	-0.0751051211841531	5.33792588804747	1.99225034972465	0.159288651170782	0.503716775398014
TRAM1	0.171790485374157	8.31945224224482	3.65329085869836	0.0570462926801714	0.330872978530691
TRAPPC1	-0.117331777440691	6.41992031896002	2.36929503285167	0.124946127946148	0.45685820061867
TRAPPC2	0.100172042105863	3.89285838588878	1.99133595042331	0.159384038243033	0.50372111642851
TRAPPC3	-0.143708930457436	5.45555408613906	8.8465234199583	0.00320947675299143	0.0920839806646869
TRAPPC4	0.0527234811189699	5.14508501202376	0.530578914611817	0.46701215356574	0.776237187037015
TRAPPC5	-0.181120213172927	2.13628664332991	6.20947473340835	0.0133237661768054	0.178006252493391
TRAPPC6A	0.0301905463131529	3.90010106625067	0.0810621321099308	0.776087406042289	0.928654691406266
TRAPPC6B	0.170668742902681	4.56248293247104	10.7992357262772	0.00115361962992289	0.055103060535423
TRAPPC9	0.0243774241191206	5.95993619830836	0.107689490343533	0.743051423756977	0.915738673875293
TUSC3	-0.572565157908303	3.82702383819308	11.7980929196894	0.000688860371148347	0.0422509640824664
TXNDC12	-0.0445695456354704	6.70228247826809	0.591286229587499	0.442612704154545	0.761893040743509
TXNDC5	0.0907160733835522	4.46878342184776	0.593861864170534	0.441621894629165	0.761214293864148
UBA1	-0.0045880302003843	8.93706654908138	0.00486708776655066	0.944434147722095	0.984410856124293
UBA5	0.150850916582571	4.92388034598469	6.52577302577305	0.0111966499705576	0.164959260048709
UBA7	-0.0152604684267126	5.86685202351818	0.0252497285749699	0.873868424017363	0.962601238408848
UBE2D1	-0.0146724824241259	5.21179109171348	0.0548923991222915	0.814941293997474	0.94162999193816
UBE2D2	-0.0625440073602891	6.44614059577456	1.55001990198947	0.214241567008988	0.570362697644708
UBE2D3	0.0556568061404827	7.74286277211367	1.06328135840758	0.30341604891095	0.655451070746634
UBE2D4	-0.0564509167617572	4.56492825189552	0.812527899689085	0.368199307633788	0.708394257486248
UBE2E1	-0.157987386256975	5.70584339363283	5.54749112184949	0.019242613305205	0.208876088510157
UBE2E2	-0.0806240268641057	3.96279498922439	0.489660657008647	0.484697676943003	0.787464872915381
UBE2E3	-0.0429474061770954	5.85010091818481	0.358500079171465	0.549856192085316	0.821678577114694
UBE2G1	0.0367158629735762	6.04785849285603	0.459078094008213	0.498651213433258	0.794147092281332
UBE2G2	0.0459692695843957	5.93620817016278	0.779584426668442	0.3780752393886	0.716425723727382
UBE2J1	0.0683975157777254	6.92919177075149	1.26808654194975	0.261153263443572	0.617298997779807
UBE2J2	-0.159757900111339	5.420650069357	8.30253572286845	0.00428578445916783	0.105600740996787
UBE4B	0.0615311176825729	6.3563768395394	0.900277682104998	0.343578999505584	0.689685501433575
UBQLN1	-0.0103733557548436	7.16019545862824	0.0283131675961121	0.866504101586496	0.960587515585244
UBQLN2	0.0441813006026862	6.350720620003	0.562949531460135	0.453745503785933	0.767462721537039
UBQLN3	0	NA	NA	1	1
UBQLN4	-0.0696915776933161	6.11718593721205	0.960709085496717	0.327909768577456	0.676986925628762
UBQLNL	0.0584695428756578	-1.59749398066293	0.135407312188602	0.713186357196969	0.902122007204963
UBXN2A	-0.0197006900036904	4.68854054330461	0.138243304700915	0.710333312099371	0.900829777428866
UBXN6	-0.121115131130919	5.96063800347248	4.72212343599742	0.0306704251423392	0.254235104257627
UFD1L	-0.0551503958145152	5.84317384148228	0.954315260952624	0.329521726250983	0.677988129244475
UGCG	0.0356509718664361	6.0449206251165	0.196657574735098	0.657797268420905	0.877655502895919
UGGT1	0.123068382398394	7.27670463513024	4.47716443801076	0.0352912745562145	0.269411069156816
UGGT2	0.0630338571963093	4.5511541292763	0.795513274316832	0.37325416269844	0.712884481877114
USE1	-0.187624146575852	3.92477497528268	5.14803899988507	0.0240837938267173	0.23007673375019
USO1	0.132192401274783	6.71432372541745	4.4344681287339	0.036168939453571	0.272222211556366
USP6	0.280673771177839	-0.0339664169421072	3.93661468828341	0.048286039359215	0.307787502376706
USP6NL	0.0329406668049451	5.53065866916562	0.211203422105914	0.646205756158093	0.871918866147033
VAMP1	0.458657181070513	3.08716977459877	14.9753753276429	0.000137457476910822	0.0158819111836152
VAMP2	-0.0766519556593026	6.00009370951969	0.94134374405312	0.332824641320096	0.680940579872415
VAMP3	-0.0171595745848338	6.85419219027463	0.0709122405162498	0.790221978536352	0.934370798014678
VAMP4	0.0121979672824593	4.30687987831696	0.0433077335380237	0.835308096759958	0.949119502674045
VAMP5	-0.0716824371542323	4.17111451239044	0.404161882821728	0.525500910989385	0.809701349605197
VAMP7	0.0369441938716826	5.67827064022936	0.361566951205721	0.548155607295846	0.82074838941758
VAMP8	-0.0807471168605696	6.4921353717912	0.870106358822015	0.351782090761813	0.695177217512305
VCP	0.0710333714397246	8.41514448632276	1.16200054812624	0.282039519398393	0.635132087198401
VPS45	-0.0639654845673837	5.12590894353065	1.86594545458753	0.173108028764855	0.521613158537781
VTI1A	-0.0210902908409632	4.58509175605289	0.145398966937745	0.703279735021517	0.897424267613647
VTI1B	0.00364339499478485	5.97520534284383	0.00724494746187848	0.932232980744011	0.982234337104651
WAS	0.248159523941976	4.29741998498249	2.50817225195747	0.114459886072828	0.442059858809399
WDR38	0	NA	NA	1	1
WFS1	-0.0807636671268119	6.22332212931277	0.403081157062678	0.526054661402209	0.809808934705239
YKT6	-0.0604598276845186	6.57075419153823	1.02831662842835	0.311487101213507	0.662415232358352
YOD1	0.140375528289215	4.84116011618903	1.50679680778696	0.220726954285302	0.578013923166718
YWHAQ	-0.0386771823181817	8.24163242228987	0.517658294838106	0.472481647536696	0.779053490000424
