pspGenes	logFC	logCPM	F	PValue	FDR
A3GALT2	0	NA	NA	1	1
ABO	-0.411942945630804	5.67411990292547	6.71561842918812	0.00993157616065419	0.0339164457148382
ACAP1	-0.465283840087856	3.76605709071684	16.856410998182	4.95440680290898e-05	0.000529532572010958
ACAP2	-0.0529464473662246	6.37775125169831	1.1296167483615	0.288543173601332	0.432136581528023
ACAP3	0.240162917332509	5.4722557185761	12.9256669636676	0.000367558258176943	0.00255613585039551
AGAP1	-0.0196767633279249	6.15104282234009	0.0786525189686214	0.779286980108042	0.857043629100621
AGAP2	-0.66492052382167	3.27118768059244	32.9031058958255	2.00160498980277e-08	1.45536988896239e-06
AGAP3	0.0292172268922746	6.11147637026253	0.266908447531183	0.605718671476481	0.726104027238245
AGR2	-0.183390223831246	10.6002969764474	1.077052979613	0.300028551352746	0.444444089446299
AGR3	0.235051947731557	6.04456240591424	1.33652363398646	0.248386245156372	0.388864067886638
AKAP10	-0.184158378572156	4.74757808743172	19.2272817418038	1.51053106472403e-05	0.00021050928754779
ALG1	0.0135978947102299	4.76861030292325	0.0458704234509876	0.830528283841895	0.89173137726335
ALG10B	0.742268913227461	3.78359482691218	36.5471271308854	3.61094440788934e-09	3.71313843287063e-07
ALG11	0.0768213459489302	3.30661332926017	1.42440367327123	0.233436771693286	0.371770771247927
ALG12	-0.00621394619296191	4.54929104592827	0.0103418080331281	0.91905354657378	0.952073434474635
ALG13	0.239197788097493	5.27836795977011	9.28196039717651	0.00247853321633153	0.0113435514927342
ALG14	0.0672934083719971	3.56466173706915	1.51330723350662	0.21940866609686	0.355470048756324
ALG1L	0.609544597110875	1.00550910228753	14.5621010798727	0.000158654822384222	0.00131565494859775
ALG1L2	0.182620189670013	-0.555828788642077	2.69224427637905	0.101678735746191	0.201820428651233
ALG2	-0.143968410802577	5.38138040707924	7.69679205105552	0.00580949390009348	0.0223616931845704
ALG3	0.0700008462822531	6.75986937926852	0.990300629751011	0.320312586965276	0.464648591464165
ALG5	-0.0116683533745583	5.30010321759137	0.0304040198364946	0.861671054553784	0.913449703970198
ALG6	0.0246995717055789	4.27419603186685	0.203100545162099	0.652490993376072	0.76288681281001
ALG8	0.235164249321707	5.53590703216623	10.0548716536582	0.00164490662306562	0.00822289410912736
ALG9	-0.00269212995308566	3.30618923489544	0.00285269288186379	0.957433284191769	0.975516406740476
AMFR	-0.13487184342661	6.55878678324517	6.24666094405429	0.0128708396003462	0.0415367311687488
ANKFY1	-0.175002012363249	6.44979679368646	9.64297895496234	0.00204576829213604	0.0097377794323022
AP1B1	-0.0441904743432261	7.4293435177455	0.505097240388683	0.477712105166205	0.617144142279209
AP1G1	-0.0121434854663487	6.87520058860916	0.047583282752174	0.827442228084695	0.889534082947826
AP1M1	-0.0366124999799853	5.59972472940999	0.443166728161023	0.506008494273315	0.642174596723976
AP1S1	0.062729938277159	5.79400631772195	0.484230723524929	0.486944566795578	0.625320183171244
AP1S2	-0.392867110523285	4.73868745510118	16.4272060149016	6.15253979553033e-05	0.000623329809252336
AP3B1	-0.20208462670662	6.14052373660711	16.4692042177066	6.02338518753987e-05	0.000612719454296178
AP3B2	0.940191922364098	1.39067467415663	15.0311757475265	0.000124900221104563	0.00109816500836939
AP3D1	0.0310508521928839	7.81779570374865	0.457521801953743	0.499202712248714	0.636273565202937
AP3M1	0.017369122139081	6.42725083462244	0.0889335353146736	0.765703025304151	0.846808291204581
AP3M2	-0.0503727747383834	4.3390191891612	0.522261001623758	0.470330645912665	0.611227009643742
AP3S1	-0.193178507107586	5.51875761119085	10.9234376982923	0.00104136656891973	0.00575516201395715
AP3S2	-0.13435155499995	4.75155192556416	5.05424198277976	0.0251478270371852	0.0698515589113264
APPL1	-0.125824148982194	6.19543732392297	4.96874172915168	0.0264031614607276	0.0725625189381588
APPL2	0.145907427879264	5.98255509026839	5.93479927818452	0.0153110058014564	0.0476817604630084
ARAP1	-0.0751946601620106	6.65087906969743	1.65444246290231	0.199151398377588	0.331017282553791
ARAP2	-0.209267039285086	4.92938081775114	6.00455400484508	0.0147265512057033	0.0461942649737485
ARAP3	0.205192812558646	4.87817516003553	5.59574237729125	0.0185138550938642	0.0550065207899542
ARF1	0.119109717201691	9.26780641469675	5.78629148828828	0.016636668346236	0.0507873064766322
ARF3	-0.0608461950764656	7.58242611821054	1.51274128908206	0.21949470748969	0.355571503866895
ARF4	-0.18309388571588	8.06672236103631	9.50092746758424	0.00220602841118416	0.0103435930270196
ARF5	-0.0239449633867175	6.41394787241419	0.143511548572623	0.705029773582097	0.803346439714145
ARF6	-0.191206069760732	7.31029129925703	11.1351999716191	0.000932026855059995	0.00529316134461851
ARFGAP1	0.11080752900425	6.43911517027288	3.49193638628484	0.0624502778862022	0.140034434680914
ARFGAP2	0.0426661102612254	6.19379310404776	0.967226087532328	0.326009019557755	0.47081247827363
ARFGAP3	-0.0244995463000902	5.95560037196684	0.165722217949119	0.684174918880028	0.787524794204814
ARFGEF1	0.150242191839531	6.73849814011141	5.21835495769345	0.0229095472917102	0.0649876731666348
ARFGEF2	0.252289280860277	7.07287354018266	13.6062813393364	0.000258876158959338	0.00194021764191664
ARFIP1	-0.119372023251793	5.54035383446681	5.77395457521699	0.0167520119172531	0.051103516836227
ARFIP2	0.0745761733644893	5.81684873201303	1.83144637666552	0.17677454097917	0.303031598427479
ARHGAP1	-0.220715971868715	7.66539091649332	19.1768372940131	1.54897038423533e-05	0.000213964328681405
ARHGAP24	-0.33861622321172	3.94200753065512	10.4611723353069	0.00132762318014676	0.00695850971040147
ARHGAP5	0.0273470584636981	7.07145281607275	0.241835578785595	0.623172116616437	0.739989232914714
ARHGDIA	-0.0492388407945569	8.26596938516821	0.669003600857346	0.413920224321224	0.558328820415432
ARHGEF1	0.0233762784028868	6.86988123884451	0.151462484935571	0.697363242291813	0.797654321868137
ARHGEF11	0.0952976572255839	6.74175194428708	3.82585182828624	0.0512120652585319	0.120874544317865
ARHGEF2	-0.0271061928970661	6.43599191389615	0.241038317436164	0.623745266243872	0.740319375619944
ARHGEF6	-0.512260639975244	4.48387873902232	23.6453180853952	1.70904904825367e-06	4.0791146884342e-05
ARHGEF7	0.118722189703801	6.22331342466801	4.99734614737982	0.02597606150921	0.0716921006665786
ASAP1	0.189378737657923	6.03151548950628	7.45887687483251	0.00661152212823419	0.0247100600195347
ASAP2	0.046515805198328	5.83581419274534	0.321578184854909	0.571001092534354	0.698081842152316
ASAP3	0.213168896047006	4.06561583710004	4.1024260008125	0.0435317657472906	0.106432197248615
ATF4	-0.105271625668378	7.90011643322866	4.08870453383253	0.0438825129638373	0.107081015340259
ATF6	-0.0800929781537133	6.51438885518293	2.59727672307783	0.107891419911844	0.210684747663756
ATF6B	-0.0386819151417245	7.02811269380111	0.480583147372198	0.488588758616326	0.626562565776304
ATXN3	-0.0787426187103029	4.83099365216295	3.29044464025703	0.0704857243432877	0.153483229514547
ATXN3L	0	NA	NA	1	1
B3GNTL1	0.104864271482639	2.6525132879769	2.38392067205233	0.123435592026378	0.233301825345215
B4GALNT1	0.270672296747917	1.88585848798117	3.52313302652617	0.0612965432159894	0.138002493858651
B4GALNT2	-0.82030154837249	1.24356719823428	6.76085124826342	0.00968735987136214	0.0333206392942711
B4GALT1	-0.0861159570234041	7.79486509534282	1.29976567996349	0.254985927615519	0.395934509082965
B4GALT3	0.183022507598592	5.49363507903661	10.6326974096899	0.00121307926664251	0.00647173402886587
BAG1	-0.121407169193023	6.34660970494112	2.48883925703863	0.115502036533442	0.2219382345289
BAG2	-0.460166433525468	4.90049290433324	10.6509619419343	0.00120148982834485	0.00641906644542932
BAK1	-0.0263007027832243	5.69444809912471	0.11244822051147	0.737561997955503	0.826797976073777
BAX	-0.34384040553057	5.78490853418571	21.6727968886167	4.49837859592005e-06	8.38446146724361e-05
BCAP31	0.0620348368833903	7.57354969024339	0.853760120595762	0.356086798104899	0.501991532564988
BCL2	-0.49746695648338	3.90293730012097	21.312019416966	5.37411890432106e-06	9.64994793950564e-05
BET1	0.00268050549837611	4.68703617436362	0.00150057981301873	0.969120498079797	0.981999826075768
BET1L	0.0239358325363656	6.15774175317261	0.228065389529965	0.633241130444753	0.747648661467092
BNIP1	0.00179803494165756	3.08931117405979	0.00104990990532293	0.974168510127297	0.984866215724916
CALR	-0.0133742372239433	9.79541615350067	0.0460486076386007	0.830204470138294	0.891548402475239
CANX	-0.074776331070151	9.49217248101957	1.71244012297311	0.191472996328037	0.321664888353122
CAPN1	-0.0206814330410458	8.32701128721645	0.103083901165794	0.748339171147119	0.834087867097842
CAPN2	-0.124543770024084	8.2061841561677	2.90146211113395	0.0893303351884766	0.183165886725759
CKAP4	-0.081238914866953	7.34264036899292	1.22790045660091	0.268528151281193	0.410933911352412
CLTA	-0.0284007094025883	7.37983743211373	0.17436737465216	0.676498915882162	0.781621385139079
CLTB	-0.0806217827294727	7.06553072717406	0.770021746491679	0.380773904859122	0.526352201652675
CLTC	-0.012716156172697	9.12099508549587	0.0514884960534494	0.820617159257813	0.885201179683353
COG4	0.0717756151532694	5.7740197945761	2.01912645645244	0.156162043846187	0.277745665760182
COG6	0.0894423057054966	5.24072106480625	2.15436636739154	0.143005902817576	0.260345676186871
COPA	0.172658502877021	8.37702280322074	11.7803536671868	0.000665542668744432	0.00407099191549721
COPB1	0.0401024076123263	7.28885360259471	0.653305902372936	0.419447248727615	0.563538869601641
COPB2	0.0926687035988425	7.68946426370122	2.79399270916876	0.0954550020905595	0.192548344516877
COPE	-0.0716416417302498	7.22783249145063	1.24124538224003	0.265946944620496	0.408179093600413
COPZ1	0.0531866873607967	7.48279483662503	1.05565052611996	0.304873622438144	0.449022711299955
COPZ2	-0.514711445505523	3.02110060818484	17.1614739291826	4.2487999164852e-05	0.000470659225516463
CRYAA	0	NA	NA	1	1
CRYAB	-0.809807825568142	4.70490330265959	19.7371549312996	1.17210224507751e-05	0.000172649353010976
CTBP1	0.0166379390437988	7.05721913273533	0.092897104696485	0.760695506480164	0.843266148727994
CTSA	0.128732918184562	8.51202456778688	2.55076162314439	0.111085999889166	0.215247358815057
CUL1	-0.0767670285735768	6.16835705408858	2.59968992669301	0.107728472280002	0.210479108752798
CYTH1	-0.287056033428712	5.95699220341627	27.8903246802441	2.18375964574864e-07	9.31626032544298e-06
CYTH2	0.0420002257823075	5.82402714954435	0.767273155759234	0.381624420061142	0.527324478199502
CYTH3	-0.0846997067701921	5.5680339423497	1.42635657316177	0.233117191999953	0.371426877624417
CYTH4	-0.518572709892439	4.00197378062349	22.3822700149865	3.17311961425392e-06	6.48772030526985e-05
DAD1	-0.128332482107813	6.9145229568588	4.15952150364807	0.0421037808109534	0.103709086964136
DDIT3	0.590188204666352	4.50329199518873	31.3284744406605	4.22168040304913e-08	2.57040905122542e-06
DDOST	0.0682334308686294	8.02371365720814	1.31625707198679	0.25199860108881	0.392666036552559
DERL1	0.0370283802493716	6.66130822914436	0.562217807098354	0.453839632919384	0.595489444072745
DERL2	-0.0785219916646522	5.13753151992373	3.21457175669525	0.07379358065316	0.158852825082341
DERL3	-0.170556378620921	4.7386226570941	1.18016790230603	0.278021793997558	0.421178847831524
DNAJA1	-0.0430955718861237	7.45868434769091	0.428225617571707	0.513263273555655	0.648404515476705
DNAJA2	-0.0745812383442941	5.97795289968524	3.0710608061554	0.0805172437039506	0.169700475408637
DNAJB1	-0.121945299738713	7.5541704607025	1.46275151485833	0.22725712229778	0.364474452582303
DNAJB11	0.124800292077033	6.39034572204342	3.73282636146222	0.0541083710364761	0.125874848135955
DNAJB12	-0.00311161536947923	5.87242218559663	0.00369860813605791	0.951538100898236	0.971957539743963
DNAJB2	0.0715654976152742	5.54389748440368	1.34772753616853	0.246416547480735	0.386578193416316
DNAJB9	-0.10273953971643	4.93994516549765	2.3247441489523	0.128176658474103	0.240056105556434
DNAJC1	0.0599175137683201	5.39115155688717	0.912542011124474	0.340058148015025	0.485424153130195
DNAJC10	0.0226490998062302	7.36897076283347	0.148893867988944	0.699814158829039	0.79954628230217
DNAJC3	0.0382377098294931	6.84525551989491	0.394576783925105	0.530286955121516	0.663341896730196
DNAJC5	0.137012912137158	6.8951011049231	4.49875971729009	0.0345771649159468	0.0892537746363989
DNAJC5B	-0.40362375111728	0.27440019612252	7.12011042417256	0.00795426662635436	0.0285658952501216
DNAJC5G	0	NA	NA	1	1
DNAJC6	0.55032990525031	2.26222993080908	11.2079446669013	0.000897220244560703	0.00515146940599799
DNMBP	0.039018015036071	6.18636251058902	0.356951077959327	0.550566130885816	0.680912655586979
DOCK5	-0.0856296683072687	6.35579058737279	0.928630983242824	0.335841839896304	0.481005237144069
DOLK	0.0404406143319822	4.49789224226155	0.493579849083861	0.482771970481962	0.621336105312955
DOLPP1	0.187276214155854	4.57797760106024	6.30452377458393	0.0124642261641757	0.0404849298625337
DPAGT1	0.209524642143253	6.04353910868621	13.3433259775517	0.000296363011878183	0.00215236425968854
DPM1	0.236862258652003	5.66757681544744	15.4712346721044	9.98536478285353e-05	0.000918866014592373
DPM2	0.0801766668429167	5.96099407607001	1.44903108655049	0.229445152232489	0.367138587979331
DPM3	0.00701686959398227	4.57664218510459	0.00677448273460287	0.93444644295677	0.961428531297755
DPP6	-1.10474045697344	1.22949479989742	15.4698315060225	9.99248409297603e-05	0.000919183951126892
EDEM1	-0.180563987037732	5.96907932638802	7.12985896552718	0.00791195531113152	0.0284465241478765
EDEM2	0.164460424201413	5.44437062057737	7.92396838263709	0.00513663412416438	0.0201647053215436
EDEM3	0.154639814675567	6.92935186859967	3.02604446503224	0.0827605946523853	0.173030720398987
EEA1	0.0312179708589195	5.78471761525394	0.341077723896161	0.559560022423644	0.688438038280303
EIF2AK1	0.228855492774744	7.93831711537844	22.9193291086451	2.43808897932042e-06	5.36083316450062e-05
EIF2AK2	-0.0439577873825648	7.12944610478893	0.567581290864967	0.451695848369951	0.593514763834278
EIF2AK3	0.0344466688592293	5.12773057464731	0.342925222324648	0.558498911130581	0.687638420816267
EIF2AK4	-0.00385747838451994	5.83732640939857	0.00680746213029689	0.934287435278844	0.961422665380063
EIF2S1	-0.111429663650482	6.20571360815863	4.52933480200912	0.0339721550690276	0.0880090374787315
ERLEC1	-0.129490386455156	6.29186686357349	6.91681450230444	0.00889166489143452	0.0311954424897392
ERN1	-0.067699043271394	5.47629729286835	1.14641809186319	0.284991004118917	0.4281863523193
ERO1A	-0.161486919084909	7.7150687077611	3.23899276049397	0.0727110081038985	0.157142727516696
ERO1B	-0.504892405178938	4.12893715747478	12.0466507538174	0.000579463215063294	0.00366049729283876
ERP27	-2.702027387586	3.72589628683795	79.2891398342048	2.36560098244122e-17	2.37364402578152e-14
ERP29	-0.0408183890759157	7.01478029248061	0.466169735827581	0.495177439247982	0.632267436808288
ERP44	-0.0392430174232175	6.87333949746451	0.562037290156138	0.453912063361108	0.595522181454676
EVI5	-0.059556395271692	5.08251695743196	1.31858740882268	0.251579961459069	0.392248327006076
EVI5L	-0.144792675003357	4.44350476983969	4.17560216390975	0.0417105843076606	0.102871891392947
EXOC1	-0.0100936552395967	5.44341626070118	0.0413255849449658	0.839021356852305	0.897757176570932
EXOC2	-0.0394225210589314	5.19278734878303	0.696302456635352	0.404561818978636	0.549799279720351
EXOC3	0.0688224863023282	5.9680556078168	2.03580843941974	0.154467121228632	0.275649693108077
EXOC5	-0.180185457618937	5.97321846089961	14.0553762598816	0.000205598984600615	0.00161776992744869
EXOC6	-0.0518931063556299	4.62539029171546	0.69456410654857	0.405148435885684	0.550311268907969
EXOC6B	-0.0293169104584349	4.86975617125828	0.257986257238611	0.611806560195185	0.731444455366324
EXOC7	-0.110463868436743	6.15499485024945	4.62131888220024	0.0322180703620884	0.0846441884096254
FAM71B	0	NA	NA	1	1
FBXO2	1.14681027976411	4.14108835904281	31.4033648206077	4.07410521641968e-08	2.49265681350946e-06
FBXO6	0.0361679979908909	4.43059746049781	0.146266399690069	0.702346498317981	0.801463190242584
FBXO8	-0.187965619484677	4.13282031517163	14.1190189301648	0.000199004593008441	0.00157378001753365
FUT8	-0.377835143877291	6.10728107672887	27.8079420558977	2.27202026353358e-07	9.61018160681209e-06
GALNT1	-0.0404663202963565	6.79784538866299	0.324964654873802	0.56898165594067	0.696579055113309
GALNT10	-0.342492400971817	6.54391459033316	22.0318000673058	3.76966657310402e-06	7.31455805377826e-05
GALNT11	-0.0297587921760665	4.99605809011577	0.290174692907922	0.590429215429432	0.714323380670158
GALNT12	-0.12632411004367	5.28678023783394	1.63404945745934	0.201936943361916	0.334309485955111
GALNT13	-0.289512795503064	0.511426456451567	1.26553965070436	0.261326863054966	0.402999883768267
GALNT14	0.379147601879606	2.33000434793487	2.98845330176942	0.0846858588688827	0.176001479047012
GALNT15	-0.566048229608198	2.49579496577316	11.3874640733638	0.000816865337171062	0.00479323204279207
GALNT16	-0.231341379795691	2.45157024812232	1.47596637534136	0.225173458832366	0.362174673942672
GALNT18	0.00839536251013057	3.4727735350011	0.00747932614538566	0.931128693385638	0.959830557236511
GALNT2	-0.210463918992486	6.95424790721774	10.5285437840694	0.00128137528947943	0.00676131660424725
GALNT3	0.0746918714960144	6.82646253023611	0.517975224770484	0.472156364778273	0.61288705875617
GALNT5	-0.0999077151822641	5.44739479321157	0.33941015021823	0.560521109877412	0.689147284285393
GALNT6	0.0664503475396216	6.17289569372123	0.306727080162145	0.580026662131985	0.705453033676647
GALNT7	-0.16742877518724	6.68749245679551	2.87960143242844	0.0905405694436367	0.184936909412395
GALNT8	1.3400982311291	1.88067299189149	23.5447999692242	1.79510863176252e-06	4.22951395981358e-05
GALNT9	-0.400428347670097	0.543345948049516	2.0946291683045	0.148655596553267	0.267847504718163
GALNTL5	0	NA	NA	1	1
GALNTL6	-0.827298696353836	0.179398202762546	10.656067208378	0.0011982705491044	0.006406354800572
GANAB	0.00530452101904	8.916906102884	0.0106071155316291	0.918025455664756	0.951276731705817
GBF1	0.0456706378267423	7.21266010458406	0.922800578309408	0.337361601072741	0.482425935635031
GBGT1	0.217363964168441	2.90064513844103	3.18024880651621	0.0753445722117465	0.161369792207666
GGA1	0.00838594145618725	5.92174373443753	0.0350493710348622	0.85159380644521	0.906716071081413
GGA2	-0.144197908805971	6.08188807317181	7.88586365982759	0.00524365785852357	0.0205270220632122
GGA3	-0.0217304431183853	5.73390467332194	0.242744052091908	0.622520445849738	0.739390406446055
GIT1	0.128183290967684	6.73862331254152	4.1550029600938	0.0422149687331447	0.103921736081544
GIT2	-0.226076492596051	5.22157356535233	16.8605612455762	4.94405359901001e-05	0.00052910232308518
GLT1D1	-0.142046139561145	-0.0812362627769978	0.870376698666574	0.351453191859273	0.497413408726521
GLT6D1	0	NA	NA	1	1
GLT8D1	-0.0886918927393228	5.2857706010257	3.7488700186984	0.0535966887674563	0.125032357270682
GLT8D2	-0.523680367940127	3.58402831809768	20.7136249124871	7.22280161622444e-06	0.000120202167420204
GMCL1	0.135078293716992	5.51916159679235	6.62308541759344	0.0104511197176952	0.0352705957377082
GOLGA4	-0.0527723889010969	7.43273696106146	0.624311271035882	0.429950595148791	0.573168447643483
GOSR1	-0.0141180517818161	6.11678499297748	0.124729108828794	0.724159993302586	0.817090384670537
GOSR2	0.0181472715483153	4.17641494719752	0.186801486645946	0.665841343502299	0.773717639156284
GPAA1	0.194098876241862	7.23836322763729	8.90432289634476	0.00303186281105891	0.0133148246875722
GPLD1	-0.217785952518731	0.738919601697646	3.71869792725114	0.0545632755376101	0.12670984695991
GXYLT1	0.14093400587048	4.44771679861619	5.54229081022623	0.0190789491047217	0.0563885822328226
GXYLT2	-0.567272575207133	3.34319978118639	13.9999208145249	0.000211525251872836	0.00165446830288886
HAS1	-0.121617092586122	0.456594750052437	0.291048133218456	0.589870813391703	0.714033168649851
HAS2	-0.119011164692777	2.88475889396482	0.820941246260068	0.365488708956304	0.511366181279986
HAS3	-0.0649381600044289	4.02229936889529	0.0972620608342941	0.755314202371589	0.839308265758835
HERPUD1	-0.141432520289137	7.15251568976851	4.67295675786599	0.0312752288804325	0.0827408606914332
HSP90AA1	0.0166914692763695	10.3369460909638	0.058342780643338	0.80926711192169	0.87717519347343
HSP90AB1	0.260882272409423	10.5861477711986	13.9529838808218	0.000216676184070738	0.00168678812781065
HSP90B1	0.133243565573287	9.90573889254354	5.04273307429422	0.0253131116123168	0.0702177822398503
HSPA1B	-0.165414805437104	6.51529501685547	1.81289677780044	0.178976909562749	0.306041975213466
HSPA1L	-0.15647943176697	1.08150628609884	4.19649805036232	0.0412054280262511	0.101886462497635
HSPA2	-0.130236751818617	4.19119883504082	0.857054367099411	0.355161554276943	0.501222367878319
HSPA4L	-0.637116416000926	4.4980573769514	19.7679236491364	1.15431915895215e-05	0.00017148314798746
HSPA5	-0.013814220181003	9.54837203846898	0.0541864072639089	0.816059837963675	0.882174575967196
HSPA6	-0.201264351390913	3.23284744506803	0.858990313608418	0.354619350794702	0.500636677999073
HSPA8	-0.0562858691944901	10.2989604342218	0.562070349055912	0.453898797480907	0.595522181454676
HSPBP1	0.141015246259614	5.90390389867517	3.45806081518729	0.0637294481902364	0.142140411474356
HSPH1	0.099666657369484	7.53228750495337	1.13481587388217	0.287437967934591	0.430853391493721
HYOU1	0.3143839703484	7.94950082704605	16.3213213652008	6.49072750845644e-05	0.000649461107098643
IFT27	-0.250324306018224	3.97044240925799	15.6996994407585	8.89199665475841e-05	0.000836040989822394
INPP5B	-0.183011853227584	4.39717999246512	10.5030896752729	0.00129865281615517	0.00682806663031908
INPP5E	-0.0334585267717701	4.28108608343243	0.354421074734234	0.551981279732368	0.68209115281214
IQSEC1	-0.127408714867041	6.23536341276696	3.26467118358459	0.0715911165452514	0.155230630005846
IQSEC2	-0.0555733120726093	4.60290018595794	0.575852567820071	0.448420766542776	0.590464322864438
IQSEC3	-0.196439215809695	1.47980596044931	1.43553248532503	0.231622688693597	0.369773763500215
JUN	0.0292393525913369	7.94798293433847	0.107978314815925	0.742641628560747	0.830089808413377
KDELR1	-0.00870274396455818	8.37670297867351	0.0206799242850008	0.885731813395229	0.929959088356744
KDELR2	0.139082275908057	8.78112221364512	5.18050569178987	0.0234066509361794	0.0661062642123464
KDELR3	-0.0376840691638094	6.26771928872421	0.142963457578686	0.705567131056403	0.803739679512732
KIF20A	0.168359721460515	5.00838121431589	3.2550403151769	0.0720089480343353	0.155894058983456
KIF23	0.3789132339442	5.11002550928863	17.6548015593428	3.31578930699269e-05	0.000389873602601707
LARGE1	-0.120603381867531	5.03615496367804	2.35267854220195	0.125913775886587	0.236861422430824
LARGE2	0.62119641982688	5.15711802217358	13.6135846966728	0.000257906507890409	0.00193468443493747
LMAN1	-0.042831897567991	7.3360206843509	0.340131561181271	0.560104945096371	0.689007088453436
LMAN1L	0	NA	NA	1	1
LMAN2	-0.133386817210914	7.16843148360146	4.44769595360912	0.0356129605957139	0.0911489762823675
MAN1A1	-0.203428229287993	6.85711053057501	4.38864109938596	0.0368516424058809	0.0935849646464613
MAN1A2	0.0415296467340896	6.4670808343372	0.85693880296493	0.355193956474952	0.501239896386935
MAN1B1	0.0318347881295483	5.95774531815843	0.32150644217207	0.571044026349034	0.698081842152316
MAN1C1	-0.302833860316105	4.3856185497363	6.71722049063389	0.0099228191105164	0.0339073583145762
MAN2A2	0.0511631014109375	6.20630831561047	0.567838662725989	0.451593376470993	0.593429484846272
MAP2K7	-0.0594661639471795	5.37323199470408	1.26446584384892	0.261528950066491	0.403177946504224
MAP3K5	-0.176337290452435	5.27677872477009	6.12089399002305	0.0138025688958407	0.0439387615167721
MARCH6	0.124451847542379	7.17304774300466	5.3538645350734	0.0212180558365344	0.0613055667656607
MCF2L	0.238728760287069	5.79268164964559	5.73346742590419	0.017136401314707	0.0519350763536819
MGAT1	-0.228440570784964	7.15960586615153	16.3792497149058	6.30344446333694e-05	0.000634644133460422
MGAT2	-0.224851207241785	2.55969745077991	7.07621549232024	0.00814768242092581	0.029104433391188
MGAT3	0.157834793670919	4.90507567443889	1.44375228967481	0.230293745626386	0.368120729563365
MGAT4B	0.0828141276859539	7.95795502213642	1.19018606422529	0.275994670928601	0.419037786289691
MGAT4C	0.106423692537751	-1.08381802242133	0.22028872265418	0.639093632722687	0.752300802039278
MGAT5	-0.000534745412126172	6.95146182624232	4.21825367782536e-05	0.994821393437268	0.997126889134689
MICAL1	0.0418469523712639	5.72074842958005	0.370508543332169	0.543096876180744	0.674568485788966
MICALCL	0.184450047997946	1.77938454137884	2.96463957285255	0.0859306155676545	0.178072655226321
MICALL2	0.166687759265464	5.95469574362604	4.18454471955776	0.0414936036017633	0.10244754393211
MOGS	0.103137268991127	6.1307355229422	3.37947218221734	0.0668063756820515	0.14722287041942
MON1A	-0.0177043048789214	4.1136128748865	0.0669019523576453	0.796044475091326	0.868283140171576
MYO5B	0.0493823485705903	7.00755401467625	0.268521576132329	0.604631783865905	0.725316661857825
NAPA	-0.00548926026851195	6.67527097835833	0.00992091762117964	0.920712264230821	0.953279971447505
NAPB	0.368100938877407	3.74331794037063	23.894951248709	1.5128780030319e-06	3.72429290540287e-05
NAPG	0.166674778788665	5.38237770729907	6.30617025062699	0.0124528520283224	0.0404584630398222
NCKIPSD	-0.0445276884936962	5.22936665074893	0.645233572033237	0.422332393667046	0.565960152526195
NDE1	-0.112760386071293	5.59392573174956	3.31613134853328	0.0694022944862311	0.151651268047657
NET1	0.0598167725716072	7.53128826458166	0.627124381466212	0.42891427221006	0.572182222845636
NGLY1	-0.0423411021559729	4.83428672362645	0.772803464067783	0.379915870935221	0.525687551569861
NPLOC4	0.0276222283352836	7.07673883165153	0.364164839085836	0.546568202022022	0.677571699912153
NSF	0.141814090907512	6.02381307019099	5.18181925045632	0.0233892121340036	0.066074136383695
NSFL1C	0.224241958878499	6.44064846443883	19.5240279083611	1.30311348936461e-05	0.00018721994204302
OCRL	0.0478711743890834	5.79971068953573	0.645980356652263	0.422064238984169	0.565721690350942
OPTN	-0.035218873996709	6.59246546389071	0.302141240019433	0.582871377122946	0.708054648674533
OS9	0.0151917007307808	7.62537010193832	0.068611676263303	0.793513272235955	0.866482639989949
OSGIN2	0.096834758586176	4.88036277037964	2.99265783191613	0.0844681260357949	0.175680535743961
P4HB	-0.0180567804383875	9.90758013000361	0.0594623078815557	0.807481575776068	0.875769610806462
PAK1	0.0740970048985804	6.63740976739773	1.45245867917505	0.228896171759783	0.366540725732152
PARK2	-0.542024734502534	1.43448723442042	18.7060685950682	1.95892849591733e-05	0.000258766305003086
PDIA2	0.148746018862292	3.7767419585839	0.255958232013442	0.613208792703031	0.732387876253655
PDIA3	0.173683503534502	9.44530753438245	7.79010684666904	0.00552280546677951	0.021429168620907
PDIA4	0.0516737443528363	8.33421145170314	0.405569455550552	0.524616653558015	0.658461360677615
PDIA5	0.0204169319515431	5.20560235175232	0.0859618861988191	0.769537642138139	0.84990321635342
PDIA6	0.0379113993904468	7.64294463389069	0.284136207007651	0.594319654963428	0.716755218497961
PDILT	0	NA	NA	1	1
PGAP1	0.150734022560854	4.53285526089154	1.75580954185851	0.185957365702358	0.314674886578767
PICK1	0.0262846105464477	4.54203937887449	0.211819701682138	0.645612440644582	0.757102897179624
PIGA	0.164925804305436	3.83549533675987	7.10798082206321	0.0080072371940769	0.0287150171570292
PIGB	-0.145520710419785	3.59179207899856	8.42961112557737	0.00391062382767036	0.0162133350858157
PIGC	0.113411946446545	4.65963916798463	4.88844445759722	0.0276417353306228	0.0751726941423105
PIGF	-0.0510839858085773	3.66315494526495	0.649264040683771	0.420888158274096	0.564908187233236
PIGG	-0.0100257543498525	5.26563525242369	0.0330612761371424	0.855816573424737	0.90974484042544
PIGH	0.0256849254221079	3.83072730994503	0.227896809057842	0.633366691433401	0.747670750805029
PIGK	-0.0849635469048333	5.28647220125161	3.05840348055807	0.0811412784431414	0.17067155540384
PIGL	-0.11419040306064	3.5332422033205	3.15649140866275	0.0764387027434132	0.163143707471211
PIGM	0.259608562871636	4.7676968363009	17.3039218656775	3.95499299652276e-05	0.000444294667791193
PIGN	-0.0526336913249748	4.72147420915289	0.544566164804203	0.461009461261788	0.602419539097068
PIGO	0.211047111772668	5.7190132291311	7.65146665645739	0.00595420559112152	0.0227858500767785
PIGP	-0.220673357351735	4.23748348586468	12.028551520047	0.000584938414942146	0.00368899460303895
PIGQ	-0.0130445943101338	5.64880263748507	0.0425765358905988	0.836637020904771	0.895886607589694
PIGS	0.000906953249884586	6.04894840867621	0.000220632190341313	0.988156827424246	0.993227219497708
PIGT	0.239584341281714	8.19563591595094	9.07034910663475	0.00277453407185254	0.0123823487647856
PIGU	0.252400799846958	5.67943970224525	14.5577817450705	0.000159005190347755	0.00131725402902029
PIGV	-0.0533009079414569	4.10004956752557	0.945663256062891	0.331454421825281	0.476276203167348
PIGX	0.00983618157122741	4.79769117271769	0.0355271337029782	0.850597629610883	0.906001509014012
PIGZ	0.435187479874614	3.15071596193192	14.5885053765232	0.000156529928678537	0.00130406949880475
PIK3C3	-0.0921424576512865	4.95695781648298	2.83119140668758	0.0932847066438425	0.189171129034825
PIK3CA	-0.0663438989885133	5.06424839888114	1.32637031293752	0.250187973740726	0.390928449064788
PLAA	-0.072790041741787	5.22990135147088	1.16349733896101	0.281436878332554	0.424736290825447
PLIN3	-0.193231277023541	6.3343116092364	7.59790434314291	0.00612998950778261	0.0233339585436611
POMT1	0.0351761456381696	4.61483220536142	0.348888752717242	0.555099766183903	0.684735117308764
POMT2	0.0243466664430317	4.2401290350207	0.195470993949565	0.65865729469755	0.76794879095924
PPIA	0.0327950565160858	9.39182939907187	0.264034120300497	0.607665684855875	0.727846712725475
PRKCSH	0.0735834802022592	8.50375017667878	1.42758078395181	0.232917128009429	0.371288925224726
PSD	-0.905735621507909	3.84868547859081	19.8806295652564	1.09147322188984e-05	0.000164442076703343
PSD2	0.172003266472273	-1.05423991346675	0.871533130681735	0.351133794628819	0.497187575160193
PSD3	-0.161736425148975	5.30546746130232	2.57276635846523	0.109561927817004	0.213018211074992
PSD4	-0.0912765098846931	6.56945248091104	1.4713598783832	0.225897168798676	0.36294099462487
QSOX2	0.106076985857535	5.08938064196303	2.03625242205788	0.154422298812416	0.275629224151299
RAB10	0.021844091190149	7.64554089754623	0.211110287088126	0.646165627477312	0.757503727697372
RAB11A	-0.04806742761225	7.66131692945104	0.776485571599162	0.378784309782208	0.524497925087584
RAB11B	-0.145684759051521	7.22538658371788	6.1663764773247	0.0134578267082663	0.0430598957878647
RAB11FIP1	0.00804169487329206	7.6131085593802	0.00593106600486048	0.938654073506893	0.964057379377678
RAB11FIP2	-0.0674512258759039	4.82043963872234	0.779395452706323	0.377893431246866	0.523611175587032
RAB11FIP3	-0.173548049331088	5.55268069770682	4.55120136771605	0.0335462883568234	0.087202968231183
RAB11FIP4	0.0144896692159712	5.93496441879307	0.0354168046201458	0.85082705646565	0.906152385205585
RAB11FIP5	-0.0772515190348426	5.40033209114555	1.13375918812686	0.287662155530035	0.431140895708367
RAB12	-0.192341899350521	4.97196285630711	8.38441263647201	0.00400684483335197	0.0165043846707117
RAB13	0.167110276706056	6.59716094307591	6.30992220295885	0.0124269729088487	0.0404087520365931
RAB14	-0.0633659245971091	6.84222323737092	1.68383534789824	0.195215726631743	0.326335232744054
RAB15	0.157998534161262	5.59190260437158	1.93731195061784	0.164788222736756	0.288707400988374
RAB17	0.265038737759387	4.33682284197936	8.15802653083178	0.00452651815721767	0.0182017579069416
RAB18	-0.0634972676499075	6.39976003310546	1.58686257465699	0.208560820971956	0.342347087690193
RAB19	-0.0529007816090307	1.67209054558838	0.214068003655145	0.643866647376083	0.75590372300412
RAB1A	-0.0423250541639699	7.498702007993	0.840422248780868	0.359867045816906	0.505559187069729
RAB1B	-0.0498016747123132	7.6058112626199	0.738969320958811	0.390542147863254	0.535956550092988
RAB20	-0.0657130522139834	5.08079832609902	0.759138228411286	0.384157525161879	0.529745012296506
RAB21	-0.0781481820499577	6.38654071860049	2.93739245258803	0.0873792700652598	0.18021121348245
RAB22A	0.0691823204929372	6.43666728408269	1.07465132255617	0.300567252181499	0.444979315449297
RAB23	-0.618315437562463	4.31894514555681	22.0081262655306	3.81382426649946e-06	7.38192760224837e-05
RAB24	0.0376901889202444	2.57242266260869	0.404252083156632	0.525290461271027	0.659109204731078
RAB25	0.0441509292562971	7.18897100759115	0.234919970017704	0.628183361587317	0.743467001998026
RAB26	0.450815157999202	1.70762866413016	7.7456034011982	0.00565767858357763	0.0218780433588785
RAB27A	-0.229527214224767	5.59643323116421	7.9605774740366	0.00503591753993128	0.0198625772781723
RAB27B	-0.266458572711202	6.06474823629665	3.17593406587415	0.0755420217800654	0.161700794978491
RAB28	-0.138280889871086	3.77742786494986	9.67576219126016	0.00201049890588883	0.00959173926478151
RAB29	-0.0878789841130772	4.8671458084534	1.5966079316542	0.207171976301781	0.34062456744643
RAB2A	0.0874023780697868	7.39691806517585	2.70016569284725	0.101178570100206	0.200955220187147
RAB2B	-0.0972217257998156	4.61640716366365	5.07897502757734	0.0247964218293201	0.0690594250681131
RAB30	-0.161786574169473	4.44807509312133	3.3864821688497	0.0665255535952212	0.146784546744315
RAB31	-0.473569053286398	6.45007579355831	21.0515599770263	6.11157381835203e-06	0.000106038098565387
RAB32	-0.0804788083343467	4.29838118485361	0.685290192753648	0.408299135225621	0.553332458516191
RAB33A	-0.401218925129409	-0.220394469623754	13.8408928197229	0.000229497202647692	0.00176811594972064
RAB33B	-0.129831737852895	4.08878402278902	6.48636093851734	0.0112705695365054	0.0374317803287752
RAB34	0.0183069258457245	5.43208981311317	0.0212251331874116	0.884245837221715	0.929137805332665
RAB35	0.0324687476515185	5.94029619857527	0.396469236985522	0.529302970447469	0.662586207578959
RAB36	0.183294618018579	3.3709517753269	2.18563353314884	0.140145773942095	0.256441515744216
RAB37	0.0501555483224642	2.32404737443252	0.144187629606421	0.704368546955964	0.802884763956484
RAB38	-0.0556017289576129	1.96544180952011	0.17472155215561	0.676189250065378	0.781380474382256
RAB39A	0.179527257924361	0.0581681249471184	1.23198904991968	0.267734011182263	0.41013418358575
RAB39B	-0.0737847665145316	0.664240301019154	0.197086245383649	0.657339947750474	0.766947562293983
RAB3A	-0.195215353296438	2.11473540901464	4.07684205421488	0.0441881480039974	0.107659255310827
RAB3B	0.262620127246643	4.2402509855732	1.90278426621162	0.16859158673846	0.293525571158814
RAB3C	0.238397712449269	2.27914353659136	1.25979412685403	0.262410417434826	0.404160700027789
RAB3D	0.0549465729721789	5.68133744919093	0.380705554854332	0.537601473609387	0.669932089691579
RAB3IL1	0.0299283024647594	3.75282859187713	0.0732271571780469	0.786844058116551	0.862276464055598
RAB3IP	-0.0209791898310393	5.58801677463419	0.0458570592325251	0.830552597105079	0.89173137726335
RAB40A	-0.0275293496396169	-0.940473386351143	0.0446136504388025	0.832831137488207	0.89322198828046
RAB40B	0.0536661103957778	5.18956550338144	0.315182052086271	0.574853925388414	0.701167495787628
RAB40C	0.155055525761305	5.61572868790187	5.16202408510226	0.0236534536538206	0.0666756809648377
RAB41	0.184533392191598	-1.24247190372544	4.65232541142378	0.0316484145487502	0.0834805971561933
RAB42	-0.136419239793591	2.02052650080555	1.56391143878058	0.211875589182371	0.346315185680574
RAB43	-0.155967867369204	2.4769107464241	3.00853799705856	0.0836512305510541	0.174421865413155
RAB44	-0.027196877645491	-1.03722040983642	0.0297875800563114	0.863066493115466	0.914506335211687
RAB4A	0.036025629312162	5.3667369001873	0.486499916584187	0.485926331841288	0.624300232227334
RAB4B	0.0196689336007945	3.90915186148179	0.0771006514557418	0.781419152686456	0.858674598299112
RAB5A	-0.0288767114060678	6.16962501414567	0.401548098203799	0.526678337057458	0.66027195957348
RAB5B	-0.0542827802987953	7.53124653816113	1.28717193727865	0.257296721267252	0.398388263254676
RAB5C	0.00165725474291287	7.13526549487432	0.000990309726484631	0.97491215913569	0.985399668043039
RAB6A	0.101504463806871	7.4142352186229	4.5930139244353	0.0327474802931808	0.0857037603708336
RAB6B	-0.0560183782424191	3.05437380042478	0.191275345327202	0.66210981344581	0.770648880395701
RAB6C	0.208454697850853	-1.62455536189705	4.42133746795124	0.0361603352786812	0.0922544618537536
RAB7A	0.0675772870583112	8.43350275264095	2.42064558484432	0.120591710690994	0.229169928991181
RAB8A	-0.10132374303001	5.91058032345299	4.69894652833179	0.0308116688605499	0.081832791251127
RAB8B	-0.311836737246932	5.0701759672457	24.5624071835669	1.09265775611816e-06	2.92768307954925e-05
RAB9A	-0.110655230534069	4.6823246058308	4.01252258916137	0.0458849840270366	0.111070618963448
RAB9B	-0.58578224495091	1.4343005959084	12.7791915427189	0.000396444629859286	0.00271197533133902
RABEP1	-0.194603994097125	5.68510916480601	15.3760156970255	0.00010480317271536	0.000954260467355647
RABGAP1	-0.134242047883358	5.99522011168937	5.38727067658549	0.0208213766555527	0.0603540828986063
RABGAP1L	-0.251113473856709	6.28998006705997	12.2462879295474	0.000522411734294424	0.00337402120359826
RABGEF1	0.138658897101059	2.69369250400199	5.37600380614257	0.0209542955639069	0.0606762673693414
RAD23A	-0.0854833999866157	6.8221652032744	2.30220495090618	0.13003563994679	0.242541752402799
RAD23B	-0.0574819897826018	7.72655151219309	1.27129920986307	0.260246238051695	0.401764839776403
RALBP1	0.0773541778994477	6.79603986879535	2.02519260766983	0.155543271117295	0.27695932396205
RASEF	0.0257553857852757	5.91316227308121	0.0444630615043967	0.833109332341534	0.893443957153921
RBSN	-0.217007479725623	5.08681864538986	18.0332574200097	2.74261340588507e-05	0.000339242886028732
RBX1	-0.0922877725449737	5.51067496037626	2.79574485847716	0.0953515469630687	0.192382655478853
REPIN1	-0.0581720799888033	7.83382897798172	0.591969501096622	0.442144381183175	0.584994238328126
RER1	0.0280223085765632	6.58005367928897	0.276343024542689	0.599419879235148	0.721186704501018
RFT1	-0.0690394098112555	4.42814707090942	1.76981485325374	0.18421595795368	0.312481932164368
RFWD2	0.158359774724555	5.72076003291074	12.8343813918829	0.000385299754168014	0.00265164453588605
RNF185	0.00318649892477519	5.33946953988759	0.00594658360386936	0.938574034635039	0.964022810722891
RNF5	0.0224847550738608	6.2566115822798	0.110241060406772	0.740055934043901	0.828197500746772
ROCK1	0.0786215262627052	6.71903378874928	2.0447990664877	0.15356234832596	0.274484217454518
RPN1	0.0843969609669368	8.57202133904556	2.66331856669832	0.103528320291211	0.204440519129736
RPN2	0.19536520730041	8.98484987574921	8.81738419399094	0.003176203601487	0.0138204800248571
RRBP1	0.313827030136588	9.40640832267261	13.7507615867298	0.000240361936815731	0.00182933227700929
RUFY1	-0.104199175390377	5.3387161721841	6.21102178831842	0.0131280756990215	0.0422094051409836
SAR1A	-0.0952234817615689	6.34874113107247	4.76091514291019	0.0297351728881108	0.079444755767202
SAR1B	-0.113750858916247	6.19364830173921	3.81704986298135	0.0514789184433708	0.121333145649907
SEC11A	-0.107259505236475	6.48233094203149	4.37891643254345	0.0370599244421359	0.0939893038753391
SEC11C	0.153619739538479	5.43070430137429	3.51542855080446	0.0615793397916906	0.13850244227334
SEC13	-0.11899630742529	6.64611678794383	4.44480865879363	0.0356724927194598	0.0912640978957316
SEC16A	-0.0362520257152765	7.96207876869715	0.314957911697219	0.574989871113366	0.701254598672421
SEC16B	0.0210270576418381	-0.215988167098217	0.041021257136849	0.839607076028292	0.898182864059261
SEC23A	-0.142705783795292	6.47523106580858	5.75014392965588	0.0169769775172706	0.0515717515677912
SEC23B	0.145350910956367	6.81274585222362	4.58914682452833	0.0328205149079413	0.0858769809602281
SEC24A	-0.0878581911650225	6.26040700097268	1.79589582185543	0.181023393213272	0.308427074560546
SEC24B	-0.128526735236986	5.96078533227941	8.05977285497898	0.00477305544899852	0.0190111298726783
SEC24C	0.0233850183979404	6.35590155610108	0.105307075300321	0.745733064601724	0.832108683563166
SEC24D	-0.0966817745444925	6.71457915070981	1.70638214169447	0.192258568945155	0.32250944242271
SEC31A	-0.101579326720875	7.93288896087561	3.91652858090174	0.0485469011386312	0.115965182018546
SEC31B	-0.358667640699601	2.30430218229616	11.0494912923118	0.000974802099229216	0.00548148636161508
SEC61A1	0.0434479839813144	8.55655874986332	0.567174921304221	0.451857717495989	0.593696356766546
SEC61A2	0.319556300617417	3.0808433762954	22.5449901035668	2.92945660205076e-06	6.10851362115073e-05
SEC61B	-0.0679362617780911	6.21315148991104	1.04311975775766	0.307757476853708	0.451890441751069
SEC61G	-0.15641301769537	6.57991438140453	1.29209523015076	0.256390286910262	0.397401776269397
SEC62	-0.122796810874527	7.90895314903746	3.64881678534078	0.0568739631888083	0.130419835059648
SEC63	0.128621226743748	6.71723245560816	4.55419298766544	0.0334884615879803	0.0870977769761003
SEL1L	-0.351772612917353	7.36880634162646	18.4314739467855	2.2470196307655e-05	0.000288614887034063
SELENOS	0.0640205492734019	5.99602342873222	1.03870505272711	0.308781933994983	0.452848539544908
SGSM1	0.748431049712346	2.88111008063839	22.5486633556442	2.92417953908986e-06	6.10766392490168e-05
SGSM3	-0.0814495162563509	6.05788106416072	1.3102709379781	0.253077938734054	0.393751788943977
SIL1	-0.186129428636037	5.37099121844791	8.58985845556015	0.00358810051543312	0.0151813093699367
SKP1	-0.246443220615901	7.42289947965967	25.878104848986	5.76741725004375e-07	1.82671290047156e-05
SMCHD1	-0.0744264789215159	6.58847278349213	1.46133742997013	0.227481462729616	0.364787604204592
SNAP23	-0.111156005671803	5.51027779784634	6.37934277161264	0.0119580290297323	0.0391960222410603
SNAP25	0.0174744469699546	2.74558857014868	0.00373377771603702	0.951308523148496	0.971924237861739
SNAP29	-0.00577255587155324	5.67411122522685	0.0166239094613338	0.897479415643336	0.937105347645522
SNAP47	0.0294100872309773	4.71231422645514	0.386410400389751	0.534571189153369	0.667082091017682
SPCS1	-0.0599859575073036	6.77133435493256	0.938103580401622	0.333392223506957	0.478221862229644
SPCS2	0.0245888437314167	6.07139307854412	0.184006681334987	0.6681994172172	0.775345672148344
SPCS3	-0.165700799306071	7.17714304896696	9.68269298540088	0.00200312218814888	0.00956607280900988
SRP14	-0.0443203347277856	7.76434508260519	0.816191587786782	0.366877784272605	0.512709148661744
SRP19	-0.12394588975123	4.01164839985092	4.53547523477492	0.0338519959187385	0.0877158679497526
SRP54	0.0339824026477591	5.74028558253296	0.471752091804061	0.492608052215931	0.630237822708044
SRP68	-0.0625086548368115	6.45334976476218	1.72232806541344	0.190198828181372	0.320146118562015
SRP72	-0.100239268741108	7.07978554628588	4.82104513841477	0.0287281942046038	0.0774164762841071
SRP9	0.057992002552433	7.38814522276288	1.02278150481545	0.312514245472749	0.456770604119501
SRPRA	0.0960319518131168	7.74963730426343	3.73629048830498	0.0539974509583553	0.125698409176906
SRPRB	0.0280014032681598	5.89968687946124	0.192233405061541	0.66131749392223	0.77004824467526
SSR1	-0.0386209802683121	8.00556268291898	0.50888217526601	0.476068231526049	0.61579805021559
SSR2	0.00689791231757985	7.93037504719133	0.0130656888956426	0.909057189757519	0.945113544639728
SSR3	-0.0692753651050773	7.70194707426119	1.47863553596401	0.224755393735969	0.361740989892938
SSR4	-0.0937101448290252	7.72240497460982	1.34979485691103	0.246055199765431	0.386251231922143
STT3A	0.0876745468862559	7.44567220851043	2.53599248943257	0.112122053170801	0.216852868449463
STT3B	-0.0570780447175714	7.63984590776407	0.946853624056767	0.331150662729281	0.47604093837043
STUB1	-0.0966123661654793	5.14055488957124	2.05111918655086	0.152929931412746	0.273470724942168
STX10	0.0268833483037744	5.1619008587636	0.159217635370877	0.690105678244885	0.792019670046455
STX11	-0.384650316129026	2.74638161045823	12.5482120359952	0.000446749585162315	0.00298130176743726
STX12	-0.161345519156283	5.82191977354626	10.0659297165957	0.00163532332553398	0.00818804104211975
STX16	0.0944632175006115	5.91293637771258	1.69704849412834	0.19347631950469	0.324075418988726
STX17	-0.148802453646969	4.32277501056582	8.90695083354511	0.00302760555156245	0.0133067413076613
STX18	-0.106244002703061	4.88310755864915	3.61355405196765	0.0580793467119512	0.132459351965569
STX19	-0.063993794768823	1.82017567902634	0.148618415002468	0.700078428771835	0.799557706475202
STX1A	0.601955988767041	3.71558892860514	26.2073976404653	4.91750206434689e-07	1.64612557336249e-05
STX1B	-0.136741185823429	0.810981065590582	1.54243722412003	0.215033974031651	0.350290748657963
STX2	-0.00136855318200892	3.94939715372386	0.000303692748335791	0.986105439874142	0.991933517417039
STX3	0.324391994373	6.04774165829351	17.2349723184655	4.09455039059018e-05	0.000456496873546465
STX4	-0.0116822236417352	5.24495956482273	0.0548914224067315	0.814888739530992	0.881364378525198
STX5	0.0643086731778541	5.52350479125604	1.83737635592239	0.176077113987635	0.302228124998244
STX6	0.0247924812819491	5.50585195871818	0.322752448737685	0.570299262519532	0.697511311570086
STX7	-0.0565651623917903	6.26217068586637	1.28551481704596	0.257602708216637	0.398697873156404
STX8	-0.23020033910759	4.29096513766711	15.9414993530497	7.86622672712665e-05	0.000756321569375132
SURF4	-0.0344137386466941	8.45680607802622	0.398085672942625	0.528465096016048	0.661999846869541
SVIP	-0.13518426927741	5.42346418630152	3.48270619303061	0.0627960714611539	0.140596166779993
SYTL2	0.156382979456774	6.17066893078979	1.79453817406281	0.181187987450193	0.308644619393459
SYVN1	0.0762791103612636	7.15188456155374	2.38072183550079	0.123686814850649	0.233668206182238
TBC1D1	-0.288321478853366	6.32199278746999	18.7485422273708	1.91782381341109e-05	0.00025451558159439
TBC1D10A	-0.115213510365703	3.88486094131667	3.684286244553	0.055688376100536	0.128383688492045
TBC1D10B	0.114131183238647	6.25821239335937	4.47337580741257	0.0350880471941553	0.0901715704459834
TBC1D10C	-0.547866422394136	3.25936708586024	15.3945906589218	0.000103818528105645	0.000947358231185923
TBC1D12	-0.150971437555187	4.28737477379671	7.52951358893662	0.00636220077333259	0.0240174275995558
TBC1D13	-0.041669988101765	5.21591128072483	0.668009873720732	0.414266890300101	0.558583366113633
TBC1D14	-0.160243697985208	4.97252721932398	4.82718584933945	0.0286273842439398	0.0772169821246483
TBC1D15	-0.0292166586307065	5.57291945194857	0.355974890640627	0.551111349505785	0.681318229872979
TBC1D16	-0.0780505609517777	6.52839239401281	0.88222029630147	0.34820074451242	0.494011406373738
TBC1D17	0.0136889969436557	5.65728518021138	0.065382781407974	0.798322687044471	0.869915943296792
TBC1D19	-0.170567150329049	2.12703206444916	5.68179317434851	0.0176403226390577	0.0531282466879405
TBC1D2	-0.0890075396942437	4.73079606509942	0.949537250106818	0.330467214696378	0.475412632944809
TBC1D20	0.129015869718932	6.0359997427579	8.64462847115831	0.00348420986686415	0.0148364292158016
TBC1D21	0	NA	NA	1	1
TBC1D22A	-0.0987498112385556	5.41556960967552	4.22532587692096	0.0405190855487287	0.100605885478557
TBC1D22B	-0.0311965420799853	4.35039962783025	0.304917265742688	0.581145999294395	0.706574611879599
TBC1D23	0.126904358938595	5.48733716804611	8.60917778407463	0.00355109806160925	0.0150573520749608
TBC1D24	0.0570568213146874	4.38885344887339	0.953858905979301	0.329370553045805	0.474297377907808
TBC1D2B	-0.230167491986333	5.88715162892036	12.6378022477472	0.000426511300767168	0.00286760546227403
TBC1D30	-0.104247826957926	4.25183537552437	0.952299791273268	0.329765633150701	0.474652886414808
TBC1D4	0.158280619607657	5.52982777468703	2.09718313058923	0.14840894430934	0.267579843886998
TBC1D5	-0.111128010863628	6.25580558522226	3.71879231733892	0.0545602229150038	0.12670984695991
TBC1D7	0.135656966495449	4.06995098093033	4.19285268447743	0.0412930874967865	0.102052916242058
TBC1D8	0.0633439087965621	5.06639064873811	0.786433665785892	0.375750824316465	0.521425989219839
TBC1D9	-0.100039207650196	5.03796104994938	1.3351170059099	0.248634900450862	0.389059102851343
TBC1D9B	-0.1496827214832	7.34697162492973	8.53775726867739	0.0036898666915105	0.0155120338455741
TMED10	-0.132069725266131	8.43437047147746	7.44229400353454	0.00667149261566682	0.0248928145565971
TMED2	-0.0258004857192293	8.26771352188775	0.234933873019491	0.628173196111918	0.743467001998026
TMED5	-0.0128756242383349	6.53375429430651	0.0547925676791255	0.815052466693561	0.881389452386429
TMED7	-0.2257659216296	6.74140072773157	14.4265474734533	0.000170032188599113	0.00139024036864692
TMED8	-0.134844197852871	5.19926480351031	6.5023397977927	0.0111714776187086	0.0371906622854936
TMX1	-0.180708954303429	5.99009366672099	10.7185554625448	0.00115957001366579	0.00625184343342084
TMX2	-0.0212703047743004	6.61272470934619	0.144312398069698	0.704246713849436	0.802782369213537
TMX3	-0.105973225675923	5.41855546474797	3.23756710626688	0.072773734210593	0.157237650531673
TMX4	-0.1516889571145	6.31493147952076	4.68777697227745	0.0310100037311877	0.0822463463308144
TOR1A	-0.0587192239985197	5.38417525940139	1.63440699907377	0.201887711309641	0.334280741795535
TRAM1	0.00180696525299479	8.27353631274377	0.000683795142596423	0.97915206651582	0.987787350978845
TRAPPC1	-0.132742505961832	6.44775993295134	4.35230824669714	0.0376361706868877	0.0951045977314977
TRAPPC2	-0.0727198273327345	3.85828352861153	1.61052187745542	0.205208004709556	0.338260139186439
TRAPPC3	0.0410106762465619	5.45235369425724	0.956376128961613	0.328734017910303	0.473734293059112
TRAPPC4	0.0424462539857624	5.1354917459653	0.50719209663609	0.476801123833715	0.616428191071934
TRAPPC5	-0.21242153472682	2.12538881016284	11.4178700547352	0.000803997385865827	0.00473656045665671
TRAPPC6A	0.0758023932797017	3.90355468479911	0.688464161483814	0.407216784617614	0.552420042161083
TRAPPC6B	-0.115670886205515	4.56477278617833	7.40232667934454	0.00681833536352077	0.0253539790385293
TRAPPC9	0.169370374473976	5.93329123551196	7.55959863797902	0.00625895963211394	0.0237161806256147
TUSC3	-0.470908033036695	3.94977815491819	9.72739531358729	0.00195620159556858	0.00940604121618512
TXNDC12	0.0060648583752414	6.73476257896489	0.0142973578436541	0.904886780367456	0.942300837955816
TXNDC5	-0.138701097433379	4.47547362264242	2.06386472200071	0.151663548464116	0.27182624415707
UBA1	0.102689835314368	8.93100887604563	3.79128171349782	0.0522686698372554	0.12277924738904
UBA5	-0.0282773279053401	4.92785157386166	0.323907135203136	0.569610779060111	0.696980983145293
UBA7	-0.328621842887257	5.80770993336476	16.5267112923704	5.85096955672122e-05	0.00059980208962138
UBE2D1	-0.0678193926748012	5.17422547540921	1.79157672960849	0.181547621261162	0.309131284234066
UBE2D2	-0.0935309254335654	6.45507050937076	4.78662062858129	0.0293002459812108	0.0785085099806316
UBE2D3	-0.191845475384219	7.76616770697649	19.4626172591776	1.34353820675425e-05	0.000191928564444364
UBE2D4	-0.0248579623738313	4.53786904622298	0.21940720912605	0.639764960527562	0.752779400292411
UBE2E1	-0.0524859118831436	5.69885306604089	0.924488764698967	0.336920607481559	0.481987649767603
UBE2E2	0.0716113534963	3.93917341487881	0.554280468777521	0.457041687190187	0.598595035929924
UBE2E3	0.154859808664469	5.87584772810114	6.98539089102396	0.00856338556091451	0.0302552854641606
UBE2G1	-0.129512717719237	6.04496908267349	8.80678567122281	0.00319427332847246	0.013877441365558
UBE2G2	-0.164902468530092	5.93196414543969	14.5145991229178	0.000162551344760782	0.0013399935863701
UBE2J1	-0.122488734828583	6.92624075104182	5.95720248507501	0.0151207242235342	0.0472122687512266
UBE2J2	0.118860325474533	5.42689778111518	5.27638992151837	0.0221685707536199	0.0633297571295474
UBE4B	0.132757521574046	6.36652736692133	6.62398388915026	0.0104459427420939	0.0352626125266353
UBQLN1	-0.0555679336777202	7.19695729372722	1.18098780146293	0.277855187159345	0.421020680754585
UBQLN2	-0.0931372384679854	6.31925137193546	3.54966705051636	0.060333173095943	0.136544356469842
UBQLN3	0	NA	NA	1	1
UBQLN4	0.144704167528026	6.1807453413892	5.47625222441925	0.0198019324986223	0.0580921222830977
UBQLNL	0.0380439829373609	-1.5709925382921	0.0742085970352084	0.785455223365743	0.861264338773863
UBXN2A	-0.00164250934437083	4.64835243435897	0.00128569513310715	0.971415846902043	0.98328222300023
UBXN6	-0.196642512978004	5.94321818861196	13.7833075219254	0.000236379899942255	0.00180711171186065
UFD1L	-0.0241115213007368	5.84592187040747	0.253848080827749	0.61467523859465	0.733475804402378
UGCG	-0.215641297016304	6.03670272993688	10.5554662805276	0.00126335534010527	0.00668592166804655
UGGT1	-0.0183263247226022	7.28208162250311	0.154875004828839	0.694143842431031	0.795204744366006
UGGT2	0.101841257529567	4.54809853838022	3.09955032577654	0.0791315667409788	0.167427070824684
USE1	0.049165285876482	3.94045529117596	0.528384777070689	0.467741651425955	0.608573616494818
USO1	-0.046549234365653	6.76246647954795	0.724232131229909	0.395303957801359	0.540714981978518
USP6	0.424540200307754	-0.0568359369967748	13.4089410419754	0.000286522632885431	0.00209790433331321
USP6NL	0.1708217608934	5.52445284301062	8.33781694934972	0.00410857624233863	0.0168579088409164
VAMP1	0.0272511552908238	3.0348770395086	0.0781448864521295	0.779981920284394	0.857474207657727
VAMP2	-0.193687948817989	5.94551719222297	8.74131243288507	0.00330825203553	0.0142467815126644
VAMP3	-0.0748789940811163	6.86195029019219	2.08945211400342	0.149157004661739	0.268446223413669
VAMP4	-0.0468578825133225	4.32530230394813	0.807859858203058	0.369332286038895	0.515278108747813
VAMP5	-0.255998370506216	4.12613995297128	7.05173039188827	0.00825766548128049	0.0294447105327535
VAMP7	0.137846572109914	5.70755793458917	7.03834826161326	0.00831841956855885	0.0296066337794124
VAMP8	-0.0172131130812147	6.49504293001005	0.0572927620868825	0.810958343234239	0.878384126585258
VCP	0.0720744972730617	8.46228147185852	1.4651797528414	0.226872511409152	0.364020528892067
VPS45	0.0873505754371492	5.17169048107562	4.22506060255158	0.0405253460368669	0.100611471232661
VTI1A	0.0125814146660061	4.60099961287969	0.075492316928932	0.783653444608378	0.860252551067321
VTI1B	-0.182668661511494	5.99598086000251	21.4995588754745	4.89931670541146e-06	8.9904432739756e-05
WAS	-0.238585691213606	4.22231209832555	3.35649875826279	0.0677356482922748	0.14885227660199
WDR38	0	NA	NA	1	1
WFS1	-0.0515216735047757	6.24872644371401	0.2189035741837	0.640149248849889	0.753125593630966
YKT6	0.142350851593315	6.57584410545936	8.68863048621812	0.00340297368538801	0.014569652653688
YOD1	0.138464830155621	4.90296922461365	2.18627563056253	0.1400877185776	0.256353984572447
YWHAQ	0.00599467135809942	8.24351465954698	0.0177030874170882	0.894223094719232	0.935221838904171
