pspGenes	logFC	logCPM	F	PValue	FDR
A3GALT2	-0.964328568809979	-2.98579259419144	7.94990199433109	0.00531914649799741	0.0886362716097369
ABO	-0.143608131316776	5.51403178984856	0.261241450233558	0.609862215460876	0.836037957597753
ACAP1	-0.265701870165019	3.89529453909111	1.72342505654101	0.190836896920619	0.514343217602255
ACAP2	-0.123081714450882	6.42715346663492	1.6627499171997	0.198800612954356	0.523287489052429
ACAP3	0.0240610013378338	5.46264400412465	0.0510712268505321	0.821452656557067	0.932750396463701
AGAP1	-0.00703597173870836	6.15916008044592	0.0030012352677617	0.956368508355335	0.984090060622378
AGAP2	0.0526744242757157	3.3761663871529	0.0638224070518237	0.800826614198248	0.924127083758014
AGAP3	0.0815403495039551	6.08186882666019	0.83568070172976	0.361794146666602	0.679231468197564
AGR2	0.156159521498603	10.588448020447	0.278639752193548	0.598210350107354	0.831878192536731
AGR3	-0.0375530829541385	6.03191187577689	0.0121624974889375	0.912300824775729	0.968472458195875
AKAP10	-0.0350555514990384	4.77315798794684	0.221981820782149	0.638074742924702	0.850034268866752
ALG1	-0.00234302123540355	4.73213609419794	0.000458114549023126	0.982946163898381	0.994046910415716
ALG10B	-0.439193932574269	3.99016288617476	2.9628898458355	0.0868239625888418	0.362395526383213
ALG11	0.00779110197205288	3.36683592517052	0.00461478338245467	0.94591107452288	0.98106020086908
ALG12	-0.134764111900368	4.52101693993168	1.41539309881279	0.235648340208642	0.564739769992504
ALG13	0.077719886045495	5.16929966656526	0.825704529585358	0.364669218179183	0.68087881607832
ALG14	0.218580745688921	3.53672831638477	4.97072866305699	0.026951444496668	0.203131438594554
ALG1L	-0.0805027807943654	1.03444074139782	0.0777800147001889	0.780632164842833	0.916601852137864
ALG1L2	-0.360173922515262	-0.550875881900305	3.08326178044407	0.0807137490954195	0.349646940608925
ALG2	0.095093642839293	5.3739279346518	1.02663697872949	0.312238968033441	0.637946919602339
ALG3	0.096972193549053	6.7517994253879	0.611679315981088	0.435130214836719	0.73025331755448
ALG5	0.390073695021956	5.29449797524281	11.0066237134907	0.00108799325860547	0.0387240057596039
ALG6	0.0089035525553447	4.24626537288562	0.00807432761070296	0.928495336446032	0.974502434857794
ALG8	0.101742879136513	5.56345268590194	0.4922769671845	0.483772245497026	0.765019743309947
ALG9	-0.0970657097438156	3.34311320404826	1.0939502549098	0.296926977124869	0.624599125608359
AMFR	-0.0244493170654536	6.58754173832467	0.0589923624013774	0.808357816467492	0.92736765101355
ANKFY1	0.0895471420579128	6.49997158851039	0.762892420888481	0.383527909862422	0.694169463643037
AP1B1	0.0165428259617899	7.42529569388594	0.0228171148328682	0.880093953983005	0.955435564683918
AP1G1	0.215863527294264	6.91859901887086	5.42072744457381	0.0209519082861281	0.17594744546832
AP1M1	0.0515463290316174	5.59895571689447	0.32091503394767	0.571727099102553	0.817777216252736
AP1S1	-0.0991594958444093	5.75891820355129	0.353741210743521	0.552710853519599	0.806260452553739
AP1S2	-0.369589664733504	4.81040634552023	4.01109574936117	0.0466239640194614	0.266121693097231
AP3B1	0.027799748693417	6.19112080863793	0.0910027976596712	0.763236220809216	0.908885930347876
AP3B2	0.417439783951444	1.457874622009	0.983486389601434	0.322601407368399	0.647986442097661
AP3D1	0.0796905395880009	7.85143902791434	0.911094813200265	0.341037441670917	0.663632190291816
AP3M1	0.161278421298263	6.4870776656336	2.15742527287343	0.143536674281931	0.453533299174356
AP3M2	0.216440095992518	4.32688509992374	3.2367620396001	0.0735904346499789	0.335128856639412
AP3S1	0.118864224006911	5.48278385271408	1.45740313054312	0.228845155338955	0.55668361381026
AP3S2	0.0464049251205651	4.80808695260284	0.158745004219941	0.690762162424	0.875410584390365
APPL1	-0.0426771388408612	6.19319617143061	0.156815991578386	0.692549560759903	0.876219305399183
APPL2	0.0499275186115479	5.98761972662285	0.214281560981732	0.64396203056489	0.852796736330871
ARAP1	-0.002419316286564	6.69071444118496	0.000575565803639358	0.980885013812483	0.993197837616349
ARAP2	0.0582432231069265	4.98403730559306	0.169303998509933	0.681195069951398	0.871250055542805
ARAP3	0.157886361119318	4.95060555175152	1.00950952325814	0.31629879199747	0.641795567336704
ARF1	0.0850095885908059	9.21379804231881	1.00347659817698	0.317745343982692	0.642902305039916
ARF3	0.029762111532615	7.5964850712175	0.11491449511218	0.734991478792664	0.897508705024558
ARF4	-0.00114850089621272	8.01464074484938	0.000126891749938334	0.991024144840992	0.996778586608989
ARF5	0.0188540759681477	6.30832564382107	0.0351405474731871	0.851501576697629	0.944728820131111
ARF6	-0.00556032107800472	7.29406325543238	0.00336072197507123	0.953832092968509	0.983292339385884
ARFGAP1	-0.0831770938644646	6.50090589095722	0.56615688185029	0.45272170326857	0.743046294306424
ARFGAP2	-0.0979788771439176	6.20223018566944	1.73804460472867	0.188974518079469	0.512287611693079
ARFGAP3	0.00324670177019643	5.95659272173635	0.000938846684354434	0.975588334829526	0.991134890210928
ARFGEF1	0.164628579486045	6.75472351390581	2.32646827761089	0.128853707392859	0.431465231754733
ARFGEF2	0.034188184673101	7.10276512140267	0.0822158223443603	0.774629325917906	0.914218052978959
ARFIP1	0.0177990971666762	5.56065915718713	0.0421845058340807	0.83748844962593	0.939398171147255
ARFIP2	0.205264292305497	5.81881935174304	4.27774738415232	0.0399694607271329	0.247699511483742
ARHGAP1	-0.0439369203112545	7.69343956307827	0.243234882070402	0.622449197316251	0.842266194937149
ARHGAP24	-0.120212779683949	3.93184391821133	0.449080176867918	0.503586101512524	0.777920369662536
ARHGAP5	-0.0293270182920495	7.11908452996374	0.0986960900438358	0.753744850037846	0.905706764352224
ARHGDIA	0.213534028637037	8.23728051425812	4.24565529317516	0.0407141020115156	0.250120645351491
ARHGEF1	-0.0104159294971632	6.90640339336498	0.0105128209206959	0.918442555322779	0.970548955488659
ARHGEF11	-0.0424947195050354	6.75716384829106	0.197969677266995	0.656871358181219	0.858794087961474
ARHGEF2	0.159455134674103	6.41199070873566	2.67247267013622	0.103753707139932	0.391536622135092
ARHGEF6	-0.0897299189623909	4.61284116332758	0.221801369546804	0.638211270143735	0.850048589490819
ARHGEF7	0.0442216167258872	6.26769717245159	0.196746659805314	0.657864668653028	0.859526929324633
ASAP1	-0.0995705637473044	6.14270201741676	0.563563737793703	0.453757022347002	0.743776432896031
ASAP2	0.202395854932888	5.87463902426357	2.0355890828379	0.155296553554414	0.469629463884896
ASAP3	-0.0445319342487273	4.06066651351559	0.0577637628143405	0.810325198651125	0.928317999986729
ATF4	0.0735810207122526	7.89878879993926	0.599922623220606	0.439570758833271	0.733385777421107
ATF6	0.133315884258404	6.48726652685724	3.05705308508809	0.0820031332032802	0.352663447170345
ATF6B	-0.0155711318949205	6.99071049256127	0.0304743632110573	0.861604202342361	0.948493969153766
ATXN3	-0.0842452933808762	4.86278862814201	1.22671655741589	0.269447317576675	0.598422973156873
ATXN3L	0	NA	NA	1	1
B3GNTL1	-0.113059646612669	2.61258319570933	0.849509614673661	0.357860460343012	0.675310863040716
B4GALNT1	0.374215198294262	1.81724790098258	2.57376944119653	0.1103102138838	0.402507243909502
B4GALNT2	-0.823844737701853	0.872518014204212	2.18277313469121	0.141219167355569	0.44990122241319
B4GALT1	0.320829540960123	7.82510017567623	6.52869145317685	0.0113982089116903	0.128294059281077
B4GALT3	0.179681204062164	5.45436077118598	3.12703291744919	0.0786092007981046	0.344861563525543
BAG1	0.348866821128587	6.35603010329589	6.49142822156005	0.0116313202023841	0.129587166774854
BAG2	-0.363250242444246	4.91408052274026	2.14580713799584	0.14461328064904	0.455059842181384
BAK1	0.0697334095908645	5.63154815370527	0.314996627726764	0.575291748964242	0.819517777116334
BAX	-0.0605707713201264	5.81183965400244	0.170456526123025	0.680172124989713	0.870821570926739
BCAP31	-0.0163347311179802	7.53616105461792	0.0185711178059542	0.891747529095863	0.960306545851113
BCL2	-0.384335062679868	3.99129749236662	3.67099348335383	0.0568690057472875	0.29371958162181
BET1	0.0989657406501371	4.61254567225176	0.968295057408106	0.326357685952966	0.651649755136155
BET1L	0.155682745648054	6.19012800749801	2.73590392090173	0.0997678087247256	0.38446628258335
BNIP1	0.179230772728828	3.0519123458816	3.69322453417906	0.0561308014922231	0.292567773392584
CALR	0.181711480515362	9.7478398999661	2.99169824045043	0.0853170766965937	0.35916976838909
CANX	0.117423716677963	9.51713992696152	1.42130764562423	0.234675802306479	0.563766778144553
CAPN1	0.265738095284668	8.28189949364326	6.38750913124793	0.0123078759751464	0.13329121706707
CAPN2	0.144444339517557	8.22777745963029	1.3019356416889	0.255296704968008	0.584357760489809
CKAP4	-0.120498733994925	7.33914635469629	0.874450735294679	0.350913577360105	0.671073229093125
CLTA	0.249870590658485	7.41836878047012	3.67112190270296	0.056864711743453	0.29371958162181
CLTB	0.100284425917372	6.99592045875582	0.444569103059042	0.505734567977994	0.77977425682114
CLTC	0.167688331045715	9.15850156658493	2.53923517775964	0.112711476896102	0.406646887426998
COG4	0.061610486733211	5.7884910427274	0.540213569332075	0.463250842877563	0.750718585714392
COG6	0.143001516714889	5.28961235392457	1.62366756304651	0.204138157871166	0.52964164044231
COPA	0.141731649592408	8.40119895055755	2.24198517179524	0.135968577881307	0.441441836529749
COPB1	0.105400276366754	7.34203570991065	1.36366749642206	0.244366827096793	0.573027570125236
COPB2	-0.0248257714352996	7.73740005972903	0.0543485365871713	0.815913294398591	0.930252251596395
COPE	0.189427333816366	7.21476989888892	2.61774206418758	0.107334327487897	0.397302943142885
COPZ1	0.0481834865404999	7.47382292255571	0.253431379978787	0.615252622136973	0.839361587624661
COPZ2	-0.0506381801873275	2.96139882153012	0.0550905563237999	0.814683755879488	0.92985224176466
CRYAA	0	NA	NA	1	1
CRYAB	-0.424555275365154	4.551152052819	1.85961889557723	0.174282962689237	0.494837906216443
CTBP1	0.0125463627507338	6.98074090950115	0.0215016139111307	0.883576224873327	0.956827778538911
CTSA	-0.073314487312643	8.46411393231388	0.264187653601848	0.607855191346801	0.835846483330576
CUL1	0.0287204594507907	6.19162633742292	0.108370356841382	0.742369896065821	0.900417707325849
CYTH1	-0.0315504554481522	5.9839808548353	0.0921682107952255	0.76177094351598	0.908668977725467
CYTH2	0.0759173682450999	5.79084565988525	0.887395887413973	0.347380694648937	0.668947390187372
CYTH3	0.0358193873056091	5.60480216137173	0.0837413039604541	0.772605571686951	0.913453278965521
CYTH4	0.133397989075832	4.09590938920582	0.455987476459575	0.500326540591387	0.775407111052405
DAD1	0.356246832893752	6.89500890228908	10.9452605414143	0.00112256941465092	0.0395177169881731
DDIT3	0.0277414206739949	4.47540894748281	0.0243229224212508	0.87623171268525	0.953673916597588
DDOST	0.181644316464387	7.96234800040584	3.11194007298426	0.0793280657121353	0.346429198246947
DERL1	0.0264959159302875	6.64710500491257	0.100892183950104	0.751110548986734	0.90441689145271
DERL2	0.041250103833134	5.1173558487797	0.284850555965284	0.594163573528945	0.829486797667371
DERL3	0.391188237869915	4.85381041983817	1.95990925204364	0.163154462886264	0.481242877101293
DNAJA1	0.219446152724648	7.48981507896888	3.94016120167464	0.0485857311347833	0.272162761492061
DNAJA2	0.0736895492018196	5.97971806090606	0.871335520648115	0.35177108560895	0.671079623252984
DNAJB1	0.154763680136645	7.4749239257605	0.855207107341447	0.356256969107428	0.674385946356119
DNAJB11	0.150617162649256	6.36586284522049	1.73810822635845	0.188966460055505	0.512287611693079
DNAJB12	0.145414860120611	5.88371165867712	2.26746705979747	0.133777067628887	0.438934224614282
DNAJB2	-0.18152772424584	5.48057809327652	3.47652940945027	0.0637880875369927	0.312894845588907
DNAJB9	0.011628064662204	4.95083106753508	0.013601368209735	0.907280535716525	0.966681716276701
DNAJC1	-0.0264371438167508	5.33889180680935	0.0602328715565374	0.806393259866693	0.926328460790289
DNAJC10	0.200574038412457	7.40156527996545	4.35640402886488	0.038204652327448	0.242520856097902
DNAJC3	0.145543686026932	6.8853323108537	1.78880481831108	0.182671384318722	0.504555325373899
DNAJC5	0.0263123766719508	6.84800661804613	0.0569065684084939	0.811710985660889	0.928869104262926
DNAJC5B	-0.223024789337661	0.33320730896899	0.683743901591644	0.409338193323232	0.712659506309101
DNAJC5G	0	NA	NA	1	1
DNAJC6	0.329017296184844	2.4053209569344	1.42562967449653	0.233968212988077	0.563021251085167
DNMBP	-0.0927922439508128	6.20051370826629	0.648850678758037	0.421531259099416	0.720932918455034
DOCK5	0.0338285099012426	6.32343153656924	0.050678915534565	0.822128138076895	0.933042009415692
DOLK	0.255954992505058	4.4428072547799	6.27651591163561	0.0130757007362269	0.137406311835316
DOLPP1	0.237677639238309	4.53745623854324	3.11833086620336	0.0790228078489443	0.345733734370223
DPAGT1	0.185037639002778	6.02816883217877	2.99778930412127	0.0850021364391532	0.358613136831858
DPM1	0.0836234780718645	5.62337333175599	0.616535023137588	0.433316234718182	0.72915604877611
DPM2	0.227765542918756	5.90207313986687	4.2314075096609	0.0410493925385327	0.250620654593355
DPM3	-0.153038045135881	4.47140152240121	1.16808338169809	0.28116591727362	0.609570682283166
DPP6	-1.55792300379528	1.19838137943572	8.05154026046235	0.00504041126738642	0.0866137575555868
EDEM1	0.0308175265538174	6.04557628400632	0.0551598847524056	0.814569325057822	0.92985224176466
EDEM2	-0.026242326357793	5.41052697430014	0.0605362117086665	0.805916141136396	0.926111288460212
EDEM3	0.135579582107679	6.93199935078015	0.766095228124785	0.382533338953739	0.693570637685661
EEA1	-0.13089498863982	5.82002765780131	2.03130690327431	0.155729429871089	0.469860605263559
EIF2AK1	-0.119036381156573	7.94887132994228	1.60341813034803	0.206970422540315	0.532629870477706
EIF2AK2	-0.195164011245816	7.1771216977871	3.67022419386392	0.0568947360231119	0.29371958162181
EIF2AK3	-0.0750067659661367	5.16607773340987	0.471234537647877	0.493257030119029	0.770779996547655
EIF2AK4	0.109998744103467	5.90326210138195	1.48259082018384	0.224880292202966	0.551717488839387
EIF2S1	0.357546348580209	6.22883658152416	14.5949835911771	0.000180433899555443	0.0135780024361566
ERLEC1	0.0338357233154177	6.27366262937099	0.159565175064635	0.690006016998156	0.874782253379587
ERN1	-0.0642470246482425	5.50007346225187	0.376903320156277	0.539999875282328	0.799023308819183
ERO1A	-0.164673020787204	7.73471253043971	1.03361940437132	0.31060350522961	0.636707629715084
ERO1B	0.049844976566658	3.83147066850083	0.0753646764491575	0.783978603991672	0.917751348129085
ERP27	-0.0862312491470417	1.81293985533141	0.0761176023577498	0.782929313270988	0.917523989324774
ERP29	0.00293956278726742	6.98767890066333	0.000746552656509631	0.978230709286458	0.99196464588862
ERP44	0.0446023678386277	6.85991608738118	0.212295841111413	0.645501039005237	0.853400305497056
EVI5	-0.204021685037608	5.14624220835903	4.89512126975553	0.02812451668585	0.207868637482331
EVI5L	-0.0991796418555304	4.40528236788248	0.627940147061372	0.429100621866106	0.726792228614929
EXOC1	0.162252262460488	5.46165352916759	3.51270194767849	0.0624356414727029	0.308930998465542
EXOC2	0.0770121047912645	5.21194595997711	0.801310001676699	0.371835103959134	0.685573931950308
EXOC3	-0.00922813533973305	5.97476416672547	0.0113706961158896	0.915192321509716	0.969743962818819
EXOC5	0.166541566163954	6.02727072187867	3.55014477470333	0.0610680818832387	0.305256119448101
EXOC6	-0.0482024544384319	4.680825637951	0.187309218937045	0.665656707445325	0.863015830839229
EXOC6B	0.047577595080348	4.88712418904297	0.219854468671246	0.639688607906419	0.850653122119888
EXOC7	0.0408200024629407	6.14681106406873	0.180282982802552	0.671610777171992	0.866104666439373
FAM71B	0	NA	NA	1	1
FBXO2	0.112100521576687	4.05170824666258	0.0904975160827129	0.763874695111994	0.908907046153218
FBXO6	0.0939293323126975	4.37998180918618	0.281653756846266	0.596239366288493	0.830612440261105
FBXO8	0.0411971517455171	4.12037977909507	0.246439010375084	0.620167797688327	0.841294225605138
FUT8	-0.0269869945857661	6.12856413706032	0.0413022133660575	0.839173264957768	0.93992199931165
GALNT1	0.0407041459339788	6.78658571345456	0.107050201479706	0.743888105072071	0.901150952506608
GALNT10	0.195711001962594	6.59130270558905	2.27731097380373	0.132941139647644	0.43787752363251
GALNT11	0.0587754383821964	4.97114579314585	0.35346582048407	0.552865347697296	0.806404614282136
GALNT12	-0.043652947384301	5.22492674860923	0.0685989348269166	0.793671609065966	0.92094896899468
GALNT13	-0.422636600626253	0.201414301091893	0.934894698360777	0.334823921449188	0.65820044610333
GALNT14	0.706765129277013	2.13209173837224	4.02140953365918	0.0463458148039933	0.265571785304845
GALNT15	0.0434835880433664	2.57179282987233	0.02023683344015	0.887028422494969	0.958283859165097
GALNT16	0.195770137906565	2.51832836512347	0.380240794987676	0.53821286520824	0.798155879166286
GALNT18	0.377138854490866	3.56732246955987	5.74014277475086	0.0175524635214261	0.160180260386312
GALNT2	-0.167039172042267	6.99345460208871	1.90929960199195	0.16866430125693	0.488661174366268
GALNT3	-0.0276488496832483	6.75603251319363	0.0219237492427755	0.882447211326406	0.956320064582503
GALNT5	0.0721872591494646	5.47701921780662	0.062033942827924	0.803578770873967	0.925402820166968
GALNT6	-0.0584664821077001	6.16783551725221	0.0741426122944309	0.785693766234215	0.918386177492846
GALNT7	-0.101994566648566	6.74870864477646	0.364159106056394	0.546925439098257	0.802670777648281
GALNT8	-0.565771845749075	1.02628975024398	1.75178359697502	0.18724370693678	0.509786319113085
GALNT9	-2.04706135256068	0.119647978655916	15.8927736485802	9.55401486933937e-05	0.0089002867779582
GALNTL5	0	NA	NA	1	1
GALNTL6	-0.573955862529734	0.382053896963689	1.48664156736331	0.224250424946016	0.55091862219418
GANAB	0.242375805037469	8.91773360781703	7.18788857527617	0.00798554975221652	0.107984025782939
GBF1	0.049714569621072	7.2588410753947	0.32380176649628	0.570004165138502	0.81678357963492
GBGT1	0.42929882472383	2.82757888658984	5.32204172993072	0.0221359439262199	0.181420811154298
GGA1	-0.0748057741214457	5.90551404735634	0.859074847747817	0.355174076978099	0.673303890480239
GGA2	0.0545157456165179	6.10508212267973	0.345822650260206	0.557186037741979	0.808529932281079
GGA3	0.0498388042626933	5.74025915212035	0.360706088688248	0.548830394715605	0.803738216304064
GIT1	0.16146926408848	6.73890421439936	2.13335295742991	0.145777546323497	0.456837974265481
GIT2	-0.0166834158304711	5.2740691434995	0.0241311565487294	0.876716635026457	0.953841785304737
GLT1D1	0.49724959343661	-0.00380764837637326	3.34421725760901	0.0690100548647024	0.324940567128256
GLT6D1	0	NA	NA	1	1
GLT8D1	0.129749152265899	5.27889342437986	2.65668323344513	0.104772963541937	0.39309535091129
GLT8D2	0.0477927637178906	3.55787086618738	0.058277489401754	0.809499889045801	0.927979693168003
GMCL1	-0.105139720500749	5.56175036889024	1.11858105346134	0.291567593904518	0.619717232923871
GOLGA4	-0.315153470287741	7.46398627422439	7.83557078126996	0.00565172265413473	0.0913694941305826
GOSR1	0.0560714330723426	6.12486787918143	0.496389668644756	0.481953848024151	0.763557922860833
GOSR2	0.113457248733289	4.19397138165827	2.16563943696493	0.142780983106979	0.452317242020302
GPAA1	-0.131201730959408	7.20349537764362	1.20770773884131	0.273177755961505	0.601680549317069
GPLD1	-0.464687471891211	0.777115250113981	5.39640346689032	0.0212374671017956	0.177596204996675
GXYLT1	0.00865259876430969	4.54397216167217	0.00561347268210318	0.940354747231903	0.978682547557474
GXYLT2	-0.0318347214098419	3.38438322127028	0.0139331568352366	0.906161667654735	0.966531925241888
HAS1	0.580016495776682	0.240593406439137	2.40155637817714	0.12287938331691	0.422507935156969
HAS2	0.333911292800668	2.78287143624655	2.80365370338031	0.0956957213677362	0.377480578164036
HAS3	0.17055809638296	3.68376105201453	0.290685123717049	0.590413297166049	0.827845908354391
HERPUD1	0.158347795529736	7.21451589578256	1.975438892533	0.161505498464348	0.478782083445113
HSP90AA1	0.155481380293865	10.4002694025003	1.66162292273069	0.198952199001347	0.523287489052429
HSP90AB1	-0.0359335851635117	10.5809655695741	0.0828419559199753	0.773796236092942	0.913955911455205
HSP90B1	0.148685740413506	9.93197665318673	2.00369917125091	0.158553608663161	0.474000435571483
HSPA1B	-0.0653121908990715	6.4810446146998	0.101097391953265	0.750866012933474	0.904320513304287
HSPA1L	-0.0962473366693448	0.990053552619303	0.63262480555623	0.427387087125196	0.725486546344828
HSPA2	-0.104457449359936	4.10802423613169	0.192185453211371	0.661602126965713	0.861248059959141
HSPA4L	0.192488165456209	4.51193607126141	0.633209471748906	0.427173958009145	0.725343651687043
HSPA5	0.112569421245906	9.56382546720594	1.18621153434369	0.277475150846783	0.606003792991506
HSPA6	0.114533876164768	3.15253618144194	0.104669876991291	0.746651952585518	0.902423777493957
HSPA8	0.420836730861427	10.3221437651459	11.1690954094471	0.00100160242629218	0.0370605689585401
HSPBP1	0.0237632495620126	5.83519920674664	0.034499854020305	0.852845818845453	0.945116777693624
HSPH1	0.554086157413043	7.63588639607205	11.7248243743328	0.000755546946057746	0.0318164333156759
HYOU1	0.136762198748703	7.99492541574571	0.943615889165707	0.332585203873906	0.65655890751123
IFT27	-0.184459787483934	3.94112658003902	2.76908871877628	0.0977499395823281	0.380595518018977
INPP5B	-0.281165202152099	4.46266865683057	6.88686428975696	0.00938948093410969	0.116749781717681
INPP5E	0.0216027833773182	4.32316784729298	0.0460021327401454	0.830402039107865	0.936096323654445
IQSEC1	-0.178776078971322	6.29832349253109	1.75704538964209	0.186585757892307	0.508873442309699
IQSEC2	0.0100441439332772	4.56165544814108	0.00625622777383069	0.937039289320262	0.977370010459576
IQSEC3	-0.0882369052040801	1.27963057727796	0.130556378057559	0.718257503668258	0.889402760878607
JUN	-0.495578229884832	7.87512306008124	10.7674003340253	0.00122926797028743	0.0418500019214659
KDELR1	0.0141195827259	8.3260364024535	0.0164463958533074	0.898091972295615	0.963433401537373
KDELR2	0.030918867090867	8.76838151672556	0.078081372455558	0.780218585684022	0.916479102921091
KDELR3	0.270328012199507	6.23946338939876	2.51506145631399	0.114426846734679	0.409786724795689
KIF20A	0.110441002581674	5.06023388658142	0.466255391794124	0.495547003762839	0.772179813825344
KIF23	0.083266661552394	5.17136481178578	0.261783127012703	0.609492143479722	0.836037957597753
LARGE1	-0.248049516093938	5.05024478549539	3.16898382155264	0.0766479667283603	0.341984805340062
LARGE2	-0.560812234589996	5.1444235690173	3.1815538871665	0.0760706872023421	0.340988849391684
LMAN1	0.130689560378382	7.4077423693954	0.961151312228446	0.328144204276867	0.653042580458125
LMAN1L	0	NA	NA	1	1
LMAN2	0.0871943101015389	7.11699823071134	0.648907318691427	0.421511030003163	0.720932918455034
MAN1A1	-0.361876773783133	6.99324653095129	4.15645931704909	0.0428619658542351	0.255356132989698
MAN1A2	-0.171041176784683	6.48499245219508	4.81622669367094	0.0294058979333073	0.212286548406086
MAN1B1	0.11808683935604	5.96180401165336	1.33671614143609	0.249066237383237	0.57837038803978
MAN1C1	-0.0931009049004074	4.3710843484163	0.245205279346288	0.621044037136174	0.84169564511881
MAN2A2	-0.144646576145788	6.27438548244409	1.27236028176208	0.260747338721662	0.589356521878919
MAP2K7	-0.133914108616235	5.33136675722102	2.11732414657166	0.147291678967809	0.458880032348665
MAP3K5	0.00231689130173949	5.32303422156381	0.000346158885176715	0.985175470107051	0.994788095054149
MARCH6	-0.105015436392461	7.20697702084412	1.24319148009346	0.266265788969331	0.595534751277158
MCF2L	-0.114374723623425	5.83484067626345	0.403068011047727	0.526273149966847	0.791157414946009
MGAT1	-0.000337980168215685	7.12817620163051	1.22547828583851e-05	0.997210538998591	0.998934504386529
MGAT2	-0.0576098048936702	2.59199227916353	0.156029018710816	0.69328241464058	0.876635411908315
MGAT3	-0.0606438519963733	4.98316803214701	0.0635732183273381	0.801207594411422	0.9241918714498
MGAT4B	0.123932189898583	7.91739667255212	0.912015896090266	0.340794088152533	0.663493479978434
MGAT4C	-0.130639558275214	-1.28726035582288	0.112389559554974	0.737809897882783	0.898812013629434
MGAT5	0.106189524947637	6.94025913148439	0.595623569938499	0.44121195601355	0.734305651977515
MICAL1	-0.130525612434057	5.76859123487066	1.14192119145137	0.286603099775971	0.615416079789774
MICALCL	0.209858513372134	1.80028388439778	1.38847166633033	0.240137667719516	0.569847531261349
MICALL2	-0.0485122939355618	6.00753740972127	0.106477439620416	0.744550019495529	0.901387454131649
MOGS	0.0384248966511153	6.13705199224392	0.136911832037885	0.711782875494255	0.886233764614704
MON1A	0.166477645016186	4.01581516390599	2.37792557663381	0.124725435932594	0.42557358730881
MYO5B	0.144716235416875	6.96785763772284	0.758622683347986	0.384859537002495	0.695556535178409
NAPA	0.00873440444656749	6.64271024499829	0.00740431929020127	0.93151862783525	0.975743944401651
NAPB	-0.0401257941448819	3.81465341562303	0.0757204468866081	0.783482096567405	0.917535544962657
NAPG	-0.115147168528709	5.436832602133	0.730701300577102	0.393732996601751	0.701691972891703
NCKIPSD	-0.047341001072855	5.19142197070723	0.220263792795884	0.639377345231806	0.85047245869429
NDE1	-0.215751756634141	5.58167431957783	3.95016941551291	0.0483037023977577	0.271159632991249
NET1	-0.0948342801757027	7.47427243496591	0.470753100908934	0.493477669875921	0.770854318846455
NGLY1	0.0553497433101671	4.82500394227367	0.398831642447142	0.528452654531161	0.792287217421757
NPLOC4	0.0717617446375604	7.08956240628884	0.654041042364066	0.419683534783014	0.719684603121248
NSF	0.0961646421366507	6.00703256337748	0.835995299742819	0.361703994112809	0.679135212698029
NSFL1C	-0.0285258722533304	6.39237385259275	0.0878739538031248	0.767221502349941	0.910874157670223
OCRL	0.124447374735036	5.83671742414345	1.22542835219598	0.269698093307781	0.598566964862343
OPTN	-0.0638446970207469	6.6309278251584	0.354869577374995	0.552078688561372	0.806134327109495
OS9	0.163981281859184	7.59973565570956	2.7402748278017	0.099499425905254	0.383643514416691
OSGIN2	-0.00756255968077204	4.84468887681614	0.00647937551433041	0.935928676092423	0.977356286827062
P4HB	0.0887156562857588	9.85623132666752	0.471089082811483	0.493323673753389	0.770779996547655
PAK1	-0.0369219352962571	6.64342252837217	0.100847952043055	0.751163293798409	0.904442812232047
PARK2	-0.531837885153766	1.40463307580423	5.03252063760611	0.0260308634604271	0.199097799668558
PDIA2	0.87855594106326	3.91385030588526	3.36587319443707	0.0681247578826923	0.322909414374849
PDIA3	0.126123674163696	9.44348074286645	1.17259383519885	0.280241829384308	0.608450710500763
PDIA4	0.0649018262145971	8.32364735838054	0.244945982834818	0.621228547932772	0.841758421177156
PDIA5	-0.0702677305988883	5.21884591479018	0.305573868481614	0.581059072916701	0.822486902952904
PDIA6	0.239706344552204	7.60412127198902	3.88927651950238	0.0500470214722344	0.277147226070466
PDILT	1.04937734551619	-1.26967428905521	4.01617422391043	0.0464867831260925	0.265958744219817
PGAP1	0.288266985848653	4.57339481820829	1.97326996450571	0.161734644730699	0.478922335153089
PICK1	0.013395632652354	4.48838285417893	0.0164733121789903	0.898009073480042	0.963433401537373
PIGA	0.0872730000402582	3.88400001857556	0.574188729946857	0.449538402185537	0.740279775040193
PIGB	0.0284467127432714	3.56503139192798	0.0956969964561121	0.757394953104772	0.907120569712751
PIGC	0.124000171696491	4.59023018279535	1.99370190360747	0.159590729423666	0.47534312869975
PIGF	0.233591439104783	3.61711980896288	4.7336278783658	0.0308133747245305	0.21827019376995
PIGG	0.156802723829752	5.25419635384272	2.93839429461028	0.08812811263239	0.364801782995514
PIGH	0.250296451313521	3.79684766843663	7.2936795919064	0.0075452486101235	0.105069914670982
PIGK	-0.074638421336308	5.29744535324352	0.723755626988297	0.395986070243549	0.703187767520447
PIGL	-0.227042437379765	3.53303199418343	4.85678525932172	0.0287396717549281	0.210175584306358
PIGM	-0.00296885493971511	4.73488045413112	0.000680842429854004	0.979210590979126	0.992256718991405
PIGN	0.0934520640789737	4.72797477377804	0.51543599993416	0.473677283931199	0.757805967305954
PIGO	0.35856685676484	5.72657895864471	6.88805351140581	0.00938345916126119	0.116749781717681
PIGP	-0.0719563570509821	4.22164865273133	0.42092915507666	0.517257526124899	0.786215243453901
PIGQ	-0.0491120600386975	5.62802744690708	0.196052017633134	0.65843049052221	0.859629947790072
PIGS	0.246415191339385	6.05548955410649	4.7684611504071	0.0302113726812395	0.21526903328108
PIGT	0.171294612411747	8.09854424961744	1.67635398867975	0.196981519045201	0.521611239354497
PIGU	-0.119277969789311	5.63453844135602	0.880060292445819	0.349376664668977	0.670176541741672
PIGV	-0.0226816527764921	4.09011752585696	0.0486486454617022	0.825668568330676	0.934507907313508
PIGX	-0.0863384233657429	4.79157879361304	0.882637286626579	0.348673700822371	0.669981736089952
PIGZ	0.0553568985534843	3.16893287684581	0.0698956075305431	0.79177551827293	0.920429783018343
PIK3C3	0.0953001859536859	5.00790427355967	0.86234184016395	0.354262908334915	0.672757269542744
PIK3CA	-0.00415144793166346	5.1555950635934	0.00138026633721331	0.970402883625723	0.989276956940731
PLAA	-0.0621374303019919	5.2182037068356	0.244012156773033	0.62189405181827	0.842086115126445
PLIN3	0.0351261936353794	6.28943761203429	0.0906744220836493	0.763650935768132	0.908907046153218
POMT1	0.0611212805575368	4.60307473035465	0.29660498796851	0.58665756091777	0.825709100944698
POMT2	0.170280558054924	4.27110239546207	2.94807236550179	0.0876103114772154	0.364076304112405
PPIA	0.130369032347646	9.39331975994435	1.15778714810527	0.283289932303024	0.611767733950746
PRKCSH	0.0447692644278808	8.4180051753121	0.210178361567554	0.647151816837423	0.854220348873015
PSD	-1.33084617033969	3.87349252160859	11.797456349636	0.000728302432194693	0.0315964226137751
PSD2	-0.563200499895591	-0.955954364337714	2.60737814972145	0.108027625160253	0.39851941612149
PSD3	0.336659945401569	5.26325058573433	4.1621237073639	0.0427220563889357	0.255160323102544
PSD4	-0.10026794445592	6.52242077498863	0.641347920705285	0.424223837880269	0.723147389448527
QSOX2	0.0622031539031527	5.13736898006596	0.236245823660923	0.627491164613376	0.84492692735571
RAB10	0.150633267361634	7.62622753179576	3.52848846713204	0.0618550880834367	0.307334181436002
RAB11A	0.204473888913215	7.632241958693	4.44778541105449	0.0362572414052959	0.23646536686473
RAB11B	0.0187632057624222	7.14615867327163	0.0404170755892935	0.840882454370514	0.940728519443277
RAB11FIP1	0.215538912889534	7.49060436995627	1.61234955690729	0.205715477875866	0.531606343970022
RAB11FIP2	-0.0428633760755649	4.85928858782363	0.0931627206322128	0.760528527323263	0.90838186993131
RAB11FIP3	-0.245159553778511	5.5501002027558	3.41045617060536	0.0663405026065139	0.318924517554445
RAB11FIP4	-0.14597854113829	5.92226848725676	1.06394208208061	0.303629570550138	0.630817921690828
RAB11FIP5	0.118226074058434	5.39556773202556	0.775715271146517	0.379567976712714	0.690937783543123
RAB12	-0.0479124928350634	4.9555939691883	0.165359638624821	0.684727090501663	0.872418019650189
RAB13	-0.209945556023654	6.56480282661185	3.4351002304938	0.0653758767498045	0.316681140477401
RAB14	0.127532063743949	6.84005249702653	2.21539909029884	0.138298307343095	0.445445087308967
RAB15	-0.133749985003158	5.47987871613556	0.437007277464505	0.509371599436021	0.78156794414171
RAB17	-0.0462315778489192	4.2479798522873	0.082382646586632	0.774407026440022	0.914218052978959
RAB18	-0.00900220778267693	6.38564401666382	0.0101816813949271	0.919732859961532	0.971082376778627
RAB19	-0.195002617184714	1.68717929831112	0.895800857304906	0.345112814885133	0.667319409517609
RAB1A	0.056604148750018	7.45090276276148	0.454449448815845	0.501049213512852	0.775909655960249
RAB1B	0.282039907939714	7.55191090872846	8.24005129828562	0.00456251798802177	0.082514621809517
RAB20	0.0496016170071312	5.01499297066025	0.158164969097951	0.691298286243585	0.875543739677994
RAB21	0.00195033964746425	6.4100796064493	0.000568478561319558	0.981003042191822	0.993197837616349
RAB22A	-0.0313479531215025	6.50788030669402	0.0510130503689562	0.821552652158327	0.93276457855635
RAB23	-0.492173397212727	4.35628772020308	4.27837005890644	0.0399551560232813	0.247663838319749
RAB24	-0.0385332965549835	2.53432388466846	0.159544759541932	0.690024811420809	0.874782253379587
RAB25	0.14875304856375	7.06548767516093	0.76835865580795	0.3818326871893	0.693136379276215
RAB26	-0.659434228297991	1.55999616504669	5.07046261858568	0.0254819866449336	0.196870431220538
RAB27A	-0.0876488825083084	5.65418106943237	0.372019003020247	0.54263487736242	0.800576867313122
RAB27B	-0.0214681783217863	6.07896802182844	0.00723300469063269	0.932313554050116	0.976144785188438
RAB28	0.0220055023285479	3.7705479905476	0.074443131680784	0.78527058805339	0.918262006663013
RAB29	0.0224951192768399	4.8363847916497	0.0339397599418036	0.854031574253507	0.945523768528131
RAB2A	-0.0125458777577785	7.36347680869268	0.017516924511805	0.894846376681471	0.96194906405015
RAB2B	-0.122802897904926	4.63317030813496	2.85748067679928	0.0925904345129372	0.371987732286626
RAB30	-0.249442989168836	4.47534267217107	2.47618849389441	0.117246454022377	0.413143306487022
RAB31	0.0687817388139304	6.47561081187046	0.150955648907736	0.698058978872875	0.879113132531854
RAB32	0.316746773906559	4.25786593905374	4.30658180730669	0.039312697488687	0.24578027471683
RAB33A	-0.00993430454475866	-0.16508746266509	0.0025686634448915	0.959632197717543	0.984994828607407
RAB33B	-0.265634866171321	4.10870407878924	8.16337748825078	0.00475100825763959	0.0839413067243126
RAB34	0.0583656059977831	5.44415687129453	0.0678003970055826	0.794848835541191	0.921641048850759
RAB35	0.251407736512419	5.90384249614008	8.61313083650677	0.00374918676954642	0.0749630359470663
RAB36	0.102033581857888	3.3898754293566	0.204287734645179	0.65179772553766	0.856839407608198
RAB37	0.267534237190694	2.3481380003662	1.71600099094066	0.191790889933831	0.515786286379183
RAB38	0.177133763274988	1.82825213423015	0.671368892140588	0.413601803363667	0.715480740807986
RAB39A	-0.114322333003918	0.0691242836022792	0.177702822039283	0.673831612511733	0.867474548166021
RAB39B	-0.37412117069521	0.750207113628325	1.73054783008523	0.189926852589641	0.513298579592077
RAB3A	-0.0298614849508684	2.0492604069471	0.0274776986746001	0.868519016448867	0.950723985558328
RAB3B	-0.287363670177132	4.4239990686523	0.638990883669412	0.425075073203804	0.723746768973943
RAB3C	0.467110901141173	2.18898481561509	1.93638692717011	0.165689116230568	0.484987090243221
RAB3D	-0.275523337209633	5.63169545605182	3.44717567989256	0.0649087358877644	0.315350982162292
RAB3IL1	0.329964272354757	3.66688582874712	3.79428233555138	0.0529018729453486	0.28525461808536
RAB3IP	0.70828474727811	5.66727163692264	15.7526133675037	0.000102298229793344	0.00929085991715595
RAB40A	-0.0621285975069451	-0.831694774795382	0.0831041075518499	0.773448448303488	0.913821205502346
RAB40B	-0.0866037745920446	5.11612553449912	0.27852715749678	0.598284244428166	0.831941018937981
RAB40C	-0.0212426370518039	5.52408864430266	0.0345061848054336	0.852832473297774	0.945116777693624
RAB41	-0.0744313893419964	-1.28359185619064	0.232215306795753	0.630440901183184	0.846666378764159
RAB42	0.0941682550641394	2.05540431303337	0.235011407321887	0.628391248172974	0.845559948078
RAB43	-0.202783828009282	2.50586435092047	1.61868663384075	0.204830543488731	0.530543635255702
RAB44	0.695158812179851	-1.03281758672745	8.15083671122756	0.00478259132827997	0.0841294693156813
RAB4A	0.0128569090994186	5.32748979908625	0.0203657805911004	0.886671513627386	0.958221052455337
RAB4B	0.0453178885722089	3.8223804016016	0.15135560711076	0.697679088575968	0.87902407280813
RAB5A	0.200277219695688	6.13360218191321	7.7375906795729	0.00595374537053564	0.0930377081311535
RAB5B	0.0767804035914237	7.55071843791307	0.705253028575989	0.402080130610153	0.708063794312992
RAB5C	0.167130804208101	7.08406464202911	3.6166671311739	0.0587170552361852	0.298761946663638
RAB6A	0.0170787355760026	7.41131402778091	0.0448764386363346	0.832458563331354	0.936844660103262
RAB6B	0.0252834399093061	3.01322030536162	0.013542766822328	0.907479585164986	0.966681716276701
RAB6C	-0.0401878706271698	-1.6255247257481	0.0570941957170842	0.811406718616044	0.928732437252846
RAB7A	0.0503302801453418	8.41805291534798	0.397649636419496	0.529063658825747	0.792634764004215
RAB8A	0.0069106939591948	5.91071360635042	0.00622326372017791	0.937205031814478	0.977430120308652
RAB8B	-0.167181103497637	5.12103242985594	2.12997799265383	0.146094881130383	0.457189554559242
RAB9A	0.0999983187103317	4.66013069389598	0.95841590789449	0.328831730599387	0.653491435100203
RAB9B	-0.823553944975388	1.45395636114979	7.93840208793568	0.00535166751106871	0.0887865254286798
RABEP1	0.0381170972634992	5.73599710930314	0.169274164442546	0.681221603700275	0.871250055542805
RABGAP1	0.103870028048279	6.02453434311534	1.00131305053509	0.318266235885997	0.643372131320759
RABGAP1L	-0.255678672559429	6.34706236887216	3.43857717493668	0.0652410008137001	0.31629221478824
RABGEF1	-0.322279787775827	2.67058980685586	8.70853968952197	0.00356618377411914	0.072606799932382
RAD23A	0.0603868200011739	6.74917897120362	0.36603500769261	0.545895707634914	0.802299546390962
RAD23B	-0.102710584919282	7.72684513710299	1.22270769690484	0.270228689496669	0.598837102630183
RALBP1	-0.0296320673400352	6.79486298311259	0.0949923940830334	0.758261570445482	0.907328785715102
RASEF	-0.0178716178215086	5.88840903008873	0.00687792968541035	0.9339919330031	0.976638848168501
RBSN	-0.0651036199135277	5.1402476640888	0.40628551188476	0.524628547664282	0.790202146240165
RBX1	0.0355721626249791	5.50387076704267	0.122934249638648	0.726262186619237	0.89335830130907
REPIN1	-0.199545619356584	7.76132299075722	2.79728136716327	0.0960708409222069	0.378187269124978
RER1	0.256916032498905	6.53793685589242	7.49467363353439	0.00677637218508263	0.0997210320158019
RFT1	0.123460655782466	4.37725307903467	1.65013535937218	0.20050515002263	0.5251061536549
RFWD2	0.108031201971514	5.68918082498556	1.79471724665339	0.181953303080843	0.503779730204337
RNF185	-0.0506120369629108	5.31603722750052	0.428831239693895	0.513355327628107	0.783922965278404
RNF5	0.085892917872674	6.12831969734053	0.58594245090299	0.444942680992509	0.737173528248834
ROCK1	-0.175320789934715	6.79911574571589	3.19724113252103	0.0753568508601141	0.339893476051614
RPN1	0.0620577215686605	8.5634670603544	0.393172745869766	0.531389434622996	0.794356054893836
RPN2	0.105795635264408	9.00931238966386	0.740556583045868	0.390567721722491	0.699718382038093
RRBP1	-0.274267978300915	9.35968974951072	3.42874889901204	0.0656230298697671	0.317329078136106
RUFY1	0.0186701619409442	5.35125708106257	0.0600225920618329	0.806724753219623	0.926477897425195
SAR1A	0.100870920982958	6.33050068488827	1.70290442586476	0.193487498369244	0.517354169734003
SAR1B	0.0471063688528841	6.20642627375358	0.227514413388626	0.633921405218434	0.848255966686142
SEC11A	0.14223147629301	6.4533575782224	2.24849146009418	0.135405198493379	0.44094282057413
SEC11C	0.0112953466205253	5.46246255578926	0.00502317774021953	0.943572310226124	0.980003419923152
SEC13	0.184952238457089	6.6118102241938	3.42398314335145	0.0658091429052868	0.317749359817538
SEC16A	0.104825819506797	8.02939403361486	0.749261643205256	0.387802225767342	0.697807967513288
SEC16B	-0.094355893122828	-0.236592419149245	0.254849647280896	0.614266068690978	0.838785716270679
SEC23A	0.083426438353971	6.52443123276786	0.70255736000613	0.402979371956961	0.708484638894172
SEC23B	0.111499489770778	6.81052070637733	0.853934556344961	0.356614252841628	0.674577444066834
SEC24A	-0.0113731038038772	6.33465599380015	0.00959396723664336	0.922076247315555	0.972022746268732
SEC24B	0.10573580515922	6.00072672216359	1.86791170796363	0.173330196443801	0.493729471179807
SEC24C	0.215125307602307	6.40700456329787	2.65774749642529	0.104703915851426	0.392988968784493
SEC24D	0.102782468224432	6.78095293590648	0.625096635260934	0.430145796686477	0.727251635247468
SEC31A	-0.0777873231224867	7.95813918953723	0.743184610119514	0.389729851979358	0.699170752107886
SEC31B	0.11017988542408	2.40389189442392	0.363054878982707	0.5475332727044	0.802993367592603
SEC61A1	0.049402046869679	8.59159712193916	0.208660012571216	0.648341725203144	0.854917508451571
SEC61A2	-0.192211095892052	3.07606755857007	2.65159962765355	0.10510347415793	0.393351734213304
SEC61B	0.0962702819293203	6.2087180993891	0.632150465544269	0.427560117162074	0.725547455890565
SEC61G	0.37957793887249	6.72656424705095	2.35014257120383	0.126935668392708	0.42867236095973
SEC62	-0.369629010760302	7.95933777143822	12.3225491496685	0.000558919314745342	0.0267648859771893
SEC63	-0.177936553683456	6.80457825054722	2.10052662496046	0.14889763976525	0.461226648187809
SEL1L	0.111247641556311	7.29938279762826	1.11947214946494	0.291376041981725	0.619668699133416
SELENOS	0.100381083241703	6.02343011978572	0.670173301159855	0.414017205609879	0.715758517895549
SGSM1	-0.822161480585573	3.04249542302655	6.51683075924912	0.0114718773696105	0.128699986221857
SGSM3	-0.186161526076682	6.01751154864175	2.22249197704055	0.137672383539944	0.444466714499584
SIL1	0.0324841706314053	5.33066334712567	0.0928431111114395	0.760927013519052	0.908466088466638
SKP1	0.109253711311068	7.42607595184798	1.55201098218237	0.21437348775163	0.541138171826572
SMCHD1	-0.110734499791355	6.6530456779518	1.03235130248609	0.310899691893115	0.636969512306578
SNAP23	0.0191896576185048	5.51976161952747	0.0606288418254303	0.805770697593661	0.926111288460212
SNAP25	-1.93705446904619	2.60401190645273	13.6510121281077	0.000287787163040561	0.0186110930527035
SNAP29	0.0388903016477277	5.67067482813337	0.217937360290598	0.641151162275213	0.851317310816143
SNAP47	0.0821655015525479	4.69554667216189	0.971950582154408	0.325448515208316	0.650668180477432
SPCS1	0.122625461981484	6.71316784261444	1.47813820324051	0.225575113249442	0.552860348622183
SPCS2	-0.119375526583798	6.08473516239486	1.5561039486257	0.213772608018231	0.54058357084862
SPCS3	0.0606126826899119	7.23788389123075	0.454930326299518	0.500823072525307	0.775755021147429
SRP14	-0.0036476038795148	7.7351563347763	0.0016824346000518	0.967325039940351	0.988033298087157
SRP19	0.0280509295070239	4.03294219652127	0.0758094540896483	0.783358075946323	0.917535544962657
SRP54	0.127047629974411	5.73527692421786	1.98912095280724	0.160068556357678	0.476393017684908
SRP68	0.236911519940961	6.4314839325085	7.28415546614469	0.00758384116844633	0.1051790552093
SRP72	0.224108298658556	7.11901052285428	7.13899923295477	0.00819790464917046	0.109164418365166
SRP9	0.0458234185118232	7.37412357487967	0.197899382700634	0.656928350274024	0.858829843605389
SRPRA	0.109761328329996	7.75765071285588	1.34843509795562	0.247009305501093	0.576242338270205
SRPRB	0.13786144240541	5.89823774834416	1.5098960007291	0.220675362873206	0.547354019249781
SSR1	0.106925050119137	8.04488138010345	1.11815596784608	0.291659028167438	0.619787992242469
SSR2	0.182531203064008	7.84300932168582	3.58637916027653	0.0597752254541701	0.301341192249559
SSR3	-0.0537854799447732	7.73501283992799	0.273049748503093	0.601902286627399	0.833362570572895
SSR4	0.238187166664277	7.71319214062056	2.91517303406802	0.0893841925474018	0.366804366357411
STT3A	0.186751723571737	7.44559474390776	3.36804149792534	0.0680367941794918	0.322761643267251
STT3B	0.0158438989701946	7.64035607983232	0.0229300605116946	0.879799817833457	0.955416631892909
STUB1	0.0979756439426536	5.08545196541705	0.702275883185549	0.403073438573809	0.708511748844513
STX10	0.0557355616908277	5.04355905599278	0.319410211926132	0.572629311776811	0.818058008915077
STX11	0.0535941189352588	2.82014651240182	0.0778131832405286	0.780586602542108	0.916601852137864
STX12	0.0406155361559595	5.7875433413926	0.272552678749163	0.602232903798722	0.833551103041113
STX16	-0.147079951467068	6.00950543291694	1.11313267081422	0.292742313301701	0.620795988098613
STX17	-0.0860638959556352	4.35788645215464	0.877225683312338	0.350152140719363	0.670717872457612
STX18	0.0877962810156533	4.80920749263484	0.919296555846358	0.338878749161459	0.661723739347967
STX19	-0.46099380909665	1.79570062407174	2.56124363005285	0.111174548910311	0.404032743480873
STX1A	0.0197430660262695	3.7925241950862	0.00785557650946074	0.929468013564341	0.975017938132932
STX1B	0.0016769280385747	0.770375668003779	8.69744759663994e-05	0.992568816982483	0.997411887695425
STX2	-0.055014883986511	4.03718149003778	0.153134432693216	0.695996484606105	0.87816436512534
STX3	0.0814219431237839	6.02013535936705	0.324409850183259	0.569642530994047	0.816609767835702
STX4	-0.0237341819251634	5.22831452233917	0.0689469888878466	0.793160790339263	0.920774774620972
STX5	0.255975861266293	5.47926049455047	9.7150415207009	0.00211159046631596	0.0551514563180574
STX6	0.0171847389791484	5.49490447588356	0.0487108012317438	0.825559041420018	0.934481515391592
STX7	0.0454144095680595	6.2747392296793	0.261549932564727	0.609651401926676	0.836037957597753
STX8	0.156083019618086	4.23826513005115	2.33075533245703	0.128503982950417	0.430908168676464
SURF4	0.0849376625179791	8.44936111812105	0.736967271483719	0.391716261039254	0.700327276447347
SVIP	-0.0606178324632042	5.41805287413221	0.229980123560534	0.63209035203274	0.847540361959594
SYTL2	-0.309796101267878	6.22607823170726	2.41409318439649	0.121912413442551	0.420782278086442
SYVN1	0.0687635611208263	7.21320768569366	0.51251505302777	0.474931426649159	0.758833999616447
TBC1D1	-0.288860099782383	6.33940153600801	5.29084882851405	0.022524576099592	0.183361061746946
TBC1D10A	0.0545492744762799	3.85691290833827	0.291753040020083	0.589732144906157	0.827515847446175
TBC1D10B	0.101172822955396	6.24465578211716	1.10689978300944	0.294093648779901	0.62189900736123
TBC1D10C	-0.275123552753915	3.37801131150894	1.19667161114388	0.275373448815133	0.603762642581507
TBC1D12	-0.0734544558614607	4.30198954545978	0.577222690423926	0.448345053025921	0.739566214361593
TBC1D13	0.0344689126671686	5.23319806736471	0.1428111393844	0.705924223623445	0.883304681990949
TBC1D14	0.147889980099076	4.96373657955642	1.32616852853536	0.250935654344434	0.580262413414234
TBC1D15	0.0632797227148205	5.59366333486114	0.535525592544992	0.465195042744719	0.751932089846016
TBC1D16	0.0228250979279105	6.52844629070211	0.0265798218574252	0.870665648568703	0.951584890420935
TBC1D17	-0.0981443602663724	5.63881008919955	1.06818704646772	0.302669595507623	0.630300328801944
TBC1D19	0.0368007085211313	2.08490092753101	0.0805939131559569	0.776803424879135	0.915050225900276
TBC1D2	0.140410238133052	4.66172961321924	0.889195113657543	0.346893512885271	0.668519934720018
TBC1D20	-0.125123387218391	6.0206771394345	2.41597346826854	0.121768120571633	0.42054894746209
TBC1D21	0	NA	NA	1	1
TBC1D22A	-0.0194381329960895	5.3747908071093	0.0521269918928502	0.819648275051986	0.931768075749026
TBC1D22B	0.104056412892675	4.2725368370159	1.52985783559495	0.217661060582273	0.544660239004112
TBC1D23	-0.17409743588937	5.50599414742664	4.5830708264407	0.0335642915855919	0.22727837821316
TBC1D24	-0.119152992677022	4.45805172544145	1.33312634464083	0.249700543985587	0.578931190809093
TBC1D2B	-0.0336097334615518	5.93005430391066	0.083620284110906	0.772765387376598	0.913557710167495
TBC1D30	-0.099449483229267	4.35948827478669	0.237046372969424	0.626908992351325	0.844546048842304
TBC1D4	0.482793533635463	5.60085850899531	7.36300358637597	0.00727037647348337	0.103173490515732
TBC1D5	-0.0131899598529053	6.29307781813447	0.0146874001686946	0.903667416332665	0.965761981563539
TBC1D7	-0.0609753855253599	4.01105106195176	0.26591936195774	0.606682108476428	0.83528442879408
TBC1D8	0.213282365061115	5.05273826213525	2.80921059391069	0.0953699164089487	0.376643568456933
TBC1D9	0.108134816356276	5.12153833023636	0.516190440305236	0.473354231844639	0.757638738467648
TBC1D9B	0.0139228402235422	7.37766106438135	0.0250449124552079	0.874423346285671	0.952971456085933
TMED10	0.178035076944431	8.44483963015808	4.29911977773924	0.0394815579176886	0.246044245212148
TMED2	0.180605340478374	8.25014925282766	3.76243471793027	0.0538974813854084	0.286860433915177
TMED5	-0.0211777669710498	6.57776225673661	0.0483200383047374	0.826248842132308	0.934772324026067
TMED7	-0.0459645376723071	6.77240752496034	0.194964927393344	0.659318394397992	0.860048629695718
TMED8	0.0129132081518797	5.22730193648265	0.018019023208614	0.893358931089919	0.961226263103666
TMX1	0.0506658660754357	6.03766298857031	0.253286967508642	0.615353270262658	0.839361587624661
TMX2	0.281641842882335	6.56975241026113	8.32318198521753	0.00436681966755661	0.081127221106833
TMX3	0.119140017486659	5.46584026319246	1.30583965908822	0.254587818798172	0.583591733744734
TMX4	-0.365050131632312	6.32153545740673	9.85276640143268	0.00196649541598161	0.053539867346951
TOR1A	0.248316511137256	5.35838822283098	9.3842408571406	0.0025065973358194	0.059918430704092
TRAM1	-0.246160600412448	8.33720233466503	3.1754176751446	0.0763519014834498	0.341684783716174
TRAPPC1	0.207254106878556	6.40733617836759	3.45583222736387	0.0645760663213706	0.314595223383681
TRAPPC2	-0.154755157850831	3.90169541463084	2.1802490464192	0.141448030097107	0.450190203941022
TRAPPC3	0.0610225774909764	5.39882845939792	0.623599016341151	0.430697824268562	0.727309843829823
TRAPPC4	0.0823175497447051	5.17950713871297	0.521475895182826	0.471100994623639	0.75633037882279
TRAPPC5	0.182576773294552	2.0895811498288	2.77329145419558	0.0974976010512038	0.380472983862789
TRAPPC6A	-0.17553597845314	3.874392052576	1.13332340070509	0.288419185893582	0.617550857564766
TRAPPC6B	-0.00623609653945944	4.62915479964359	0.00632441555029315	0.936697831559732	0.977356286827062
TRAPPC9	-0.0830353659599149	5.9557691335639	0.532789212635039	0.46633593014564	0.75252723350243
TUSC3	0.596856718235486	3.68987861874088	7.93261013872929	0.00536812418265015	0.0889732802172427
TXNDC12	0.0245109908940441	6.68431570446984	0.078310198524121	0.779905122576286	0.91635214580583
TXNDC5	0.228384952319074	4.55273493711139	1.73560663750263	0.189283603555683	0.512660050688533
UBA1	0.0656517402158686	8.95251082483803	0.431033755099674	0.512276844099451	0.783227580385491
UBA5	-0.0727042704220601	4.97259779524852	0.67542425188929	0.41219738357297	0.71428677657062
UBA7	-0.163146489264514	5.82235303389733	1.37630202623851	0.242201312186946	0.571065239790532
UBE2D1	-0.0195281148362698	5.19556739092689	0.0457466157308658	0.830866512475289	0.936426398242135
UBE2D2	0.143412381895117	6.44817917218456	3.73969753443222	0.0546205184199568	0.289087625075446
UBE2D3	0.0453281935920448	7.77502226688081	0.320254287693195	0.572122903091545	0.817897451611821
UBE2D4	-0.124111155512142	4.51308974190726	1.78242736707275	0.183449653408126	0.50567867213048
UBE2E1	0.0542349296219126	5.64394521200966	0.316268221369849	0.574522168933774	0.818985252821752
UBE2E2	0.0804435023792492	3.93737758794731	0.266982794802882	0.605964120847754	0.83528442879408
UBE2E3	0.0995219795709097	5.84920009520812	1.07626373520859	0.300853946930593	0.628610423323251
UBE2G1	-0.00854462016783759	6.06280846844468	0.0117919661210629	0.913641685877651	0.969065602169039
UBE2G2	0.0270945846510668	5.95832197305686	0.108688645319329	0.742005392891772	0.900230256620953
UBE2J1	0.0761257456456349	6.9708598031645	0.677671623712533	0.411422132058028	0.713969572326156
UBE2J2	0.104734505276907	5.36988589690802	1.58718015785931	0.209275411400407	0.535139207333855
UBE4B	-0.0829332509301588	6.36405784847933	0.793885322894789	0.374055255719083	0.687199040500525
UBQLN1	0.047419567212661	7.16987073857824	0.265891831269728	0.606700720243361	0.83528442879408
UBQLN2	-0.0775262600853285	6.35701239431222	0.648051726175837	0.421816762351222	0.721131441756628
UBQLN3	0	NA	NA	1	1
UBQLN4	0.146963504464561	6.12203453857369	1.75531917141076	0.186801310276352	0.50912582891124
UBQLNL	-0.178024630611517	-1.62473571212305	0.57735399465778	0.448293518863028	0.739566214361593
UBXN2A	-0.205073851062094	4.63836329586855	6.04017219638103	0.0148808755032376	0.147243417035451
UBXN6	-0.0438904466418084	5.89791701473559	0.253081834511684	0.615496299383964	0.839436933848901
UFD1L	0.0182317004455287	5.81967441019979	0.0438102076121887	0.834431463275836	0.93811208203444
UGCG	-0.0188120732126356	6.05600145717456	0.0266642500614411	0.870462228168925	0.951584890420935
UGGT1	0.00225476076882292	7.32938600064779	0.000679072363841039	0.979237626743691	0.992256718991405
UGGT2	0.0567292123678201	4.59003182681854	0.277859913793392	0.598722539751067	0.8321204111741
USE1	0.170894769979797	3.86777245363608	2.09271004111995	0.149651745288271	0.462121309450663
USO1	0.101120484887327	6.79404274098745	1.18665114256843	0.277386414476138	0.605929216632939
USP6	-0.0481602229813732	0.0398666064999245	0.0517661095728778	0.820262869188183	0.932093498828052
USP6NL	-0.161266732257234	5.51292416930791	2.00293359113088	0.158632756568449	0.474000435571483
VAMP1	-0.314499399741933	3.21135403695984	2.4405496800586	0.119899568152861	0.417415319457425
VAMP2	-0.1716175776202	5.92134162553421	2.43462322666472	0.120347216694777	0.417960186514271
VAMP3	0.038497124733671	6.85555882826932	0.168233324484305	0.682149021024598	0.87162585482863
VAMP4	0.0635547896236525	4.32002117065428	0.529245840036934	0.467819975790741	0.753694063204656
VAMP5	0.132925457531674	4.15102967619704	0.667860360567302	0.414822586130033	0.716028962863368
VAMP7	0.078960966320683	5.7100694805383	0.75996402723078	0.38444049494065	0.695327176139535
VAMP8	0.0510514909294027	6.45701228298512	0.157646433191625	0.691778531917184	0.875874463781022
VCP	0.23495108766548	8.49827244095445	5.11331469679469	0.02487663069424	0.194318076158943
VPS45	0.0750755192016475	5.10995034233945	1.02666688417189	0.312231939380832	0.637946919602339
VTI1A	0.0667039865736133	4.58896003931482	0.6307659248325	0.428065777812076	0.725895330100759
VTI1B	0.206481325212712	6.02056751897663	7.81638889251431	0.00570958345464181	0.0913839148002523
WAS	-0.214747988489042	4.35786438080549	0.77115974906927	0.38096812306901	0.692217185450393
WDR38	-0.398761593667877	-2.4460508949195	1.61616611716826	0.205181975855329	0.530951429482009
WFS1	-0.23248967539553	6.16094478695474	1.52644956640747	0.21817220336592	0.545182880931827
YKT6	0.0764048819519045	6.55913416579536	0.763780899480704	0.383251640923176	0.693799458936907
YOD1	0.174301085523688	4.93516055540442	1.21699119917282	0.271347833118119	0.599976297115023
YWHAQ	0.000265707844697293	8.2262053890766	1.01409438424169e-05	0.997462495468356	0.999028381976752
