pspGenes	logFC	logCPM	F	PValue	FDR
A3GALT2	-0.157604334775458	-2.83282309017807	0.320042194677923	0.572201741170301	0.795450876817943
ABO	-0.472093074713844	5.66574016146558	3.80074142136765	0.0525955316891468	0.244556581293543
ACAP1	0.747944767558179	3.7864650306869	16.7920202494069	6.00902911859377e-05	0.00357660416426326
ACAP2	0.0998794421131124	6.41570228865117	1.64976965613925	0.200441655905009	0.48409695971588
ACAP3	-0.262690551710345	5.52168152833994	7.03714903760911	0.00860950996300125	0.0898155349505805
AGAP1	-0.245045240234065	6.21945336266557	4.75860055339325	0.0302911430693493	0.178927594310673
AGAP2	0.275210137881883	3.28890732112281	2.02208509270297	0.156547679645651	0.42847843783977
AGAP3	-0.1437048442166	6.09135897826177	3.22297140301813	0.0740864747497783	0.292673396659735
AGR2	0.0328008142211189	10.529283248943	0.0136488208652354	0.907110737530374	0.962757167613061
AGR3	0.137105318053912	5.98697143988207	0.194699533652318	0.659499283405798	0.844214402575661
AKAP10	0.0551754379296143	4.75837230662207	0.776510584894285	0.37924370406293	0.661354245081021
ALG1	-0.161768823876229	4.76144141974583	2.59733063479	0.108584292199698	0.355634158176992
ALG10B	0.50997901803961	3.98009249471704	4.85807822908296	0.0286312165190279	0.173574172248809
ALG11	-0.0671622155295897	3.3734549611855	0.449376246320505	0.503386716220851	0.750040057546466
ALG12	-0.169242113333044	4.58033722906329	2.85957883897204	0.092352872975626	0.326529215113721
ALG13	-0.0152517008947459	5.14746047285644	0.0375129940877445	0.846616338932424	0.938326136954779
ALG14	-0.135616837498265	3.5167138911629	2.55370772346223	0.111577852939693	0.360735495608438
ALG1L	0.24762813432315	0.982173233256231	0.892146986985424	0.346009424576029	0.634262975816723
ALG1L2	0.0979532080676684	-0.524171788337109	0.318936693506373	0.572865560940158	0.795821557742451
ALG2	-0.0458685424233269	5.35255264098726	0.370824758166647	0.543230103405342	0.77661281142554
ALG3	-0.0980873723630403	6.74127535087321	0.756811474887817	0.385346952137609	0.666043406876133
ALG5	-0.210643358668197	5.25244186598862	4.23897724836112	0.0407717448652837	0.213317242813702
ALG6	-0.183236844957692	4.28114846299076	4.41331368252082	0.0368833315535306	0.201176592794019
ALG8	-0.00432833169750641	5.52860686659952	0.00123332772715185	0.972019251478478	0.989299907208267
ALG9	-0.0198603438882805	3.3559016684828	0.0616472851197736	0.804159879772424	0.919136871253818
AMFR	0.0199297581798555	6.57400693571501	0.0514724441464669	0.820746993876351	0.926502803711042
ANKFY1	-0.0373786726629951	6.48199838432015	0.174007169434387	0.677011834277373	0.854517669749658
AP1B1	-0.0956497773003431	7.43000791097526	0.904318346447902	0.342747631452785	0.632134834338834
AP1G1	-0.144884893776585	6.89681723995085	3.02675703789851	0.0834042543308622	0.309632940540046
AP1M1	0.0749362835131648	5.55997421482918	0.791388564055191	0.374724615363915	0.658270441537604
AP1S1	-0.112129286522745	5.78800206663573	0.563667420678299	0.453648322065803	0.716083526509204
AP1S2	0.310518572187175	4.7908314651316	3.4931630992542	0.0630506950555363	0.270112128808953
AP3B1	-0.00759891528863685	6.17261023578572	0.00937518429082427	0.922959656273832	0.968896949247569
AP3B2	1.03798219152948	1.15930064388251	6.82935904533828	0.0096326856417965	0.0944272078393835
AP3D1	-0.0917373694660244	7.84749206810021	1.74290379948551	0.188245299513447	0.469140601704519
AP3M1	-0.0193846346043353	6.4489743131787	0.0429540891905541	0.836017725913885	0.932666535247218
AP3M2	-0.172663453607532	4.31297832367586	2.58861303315725	0.109175342951435	0.356861654681153
AP3S1	-0.0306305509561057	5.45312349412586	0.134914721930955	0.71376910928061	0.874771770437314
AP3S2	0.0616027233880535	4.7760797453577	0.391378086737966	0.532272611849647	0.768704247714493
APPL1	-0.0676984730037814	6.20631097700136	0.580886962197233	0.446841955459416	0.711410117504748
APPL2	-0.0453222162945467	5.97805614431434	0.228924212162048	0.632833164985008	0.82989275602634
ARAP1	0.13365101972192	6.64915302270574	2.23516304802948	0.136442055644393	0.399277336212864
ARAP2	0.145073399862736	4.92512351024615	1.40723093137971	0.236891346545662	0.528409355383183
ARAP3	0.257568937508079	4.8452495309028	3.52042264224634	0.0620397700842242	0.267744558523486
ARF1	-0.269252766289531	9.25762373611984	11.9683103830441	0.000658336310691394	0.0188445410076683
ARF3	0.0172573231576336	7.57233525994705	0.050111802534853	0.823092051751217	0.927060878331532
ARF4	-0.0438920660614749	8.0127482713246	0.261676352549095	0.60952204752616	0.816538322693593
ARF5	-0.346589748358444	6.38886022089784	14.3969071057423	0.000194908556077995	0.00840554725363318
ARF6	-0.0739014716098754	7.29961132721929	0.686025790800246	0.408483882440554	0.68373947551897
ARFGAP1	0.0217376941413795	6.50048811155806	0.0472559421023741	0.828125325443565	0.928999905196468
ARFGAP2	-0.033319909488562	6.22010371596685	0.259160770883238	0.611245480897101	0.81738202052245
ARFGAP3	-0.101923570898997	5.96962193912937	1.31375349985321	0.253053989077479	0.545109880228786
ARFGEF1	-0.184103838716525	6.75800635825868	3.62940323013458	0.0581685365067655	0.258420088104668
ARFGEF2	-0.13957808507927	7.12258632644334	1.76562255678549	0.185403712836324	0.465592221804423
ARFIP1	-0.0830809778992616	5.56621607114733	1.17291656548391	0.280076537445667	0.572252970905545
ARFIP2	-0.170348229586075	5.80810230264056	3.83899314567475	0.0514309416578304	0.241786622320338
ARHGAP1	0.0444108859246829	7.68401845180541	0.298821323639039	0.585217522324676	0.802685406622913
ARHGAP24	0.0712204619691498	3.93714998955742	0.176595550173178	0.674756126279975	0.853328960499014
ARHGAP5	-0.0186837471010147	7.11648698450914	0.0502284738558285	0.822889668227971	0.927060878331532
ARHGDIA	-0.218525883909735	8.23673793752357	6.18818005147677	0.013659118617255	0.114961174752847
ARHGEF1	0.148981263698754	6.86408670835457	2.88380565366169	0.0909934936644627	0.323909831799494
ARHGEF11	-0.119309778072398	6.78589985211446	2.22608702544357	0.137236302503413	0.400431949014534
ARHGEF2	-0.104590260826146	6.39705284773686	1.43836061959523	0.231790891430528	0.522348817995595
ARHGEF6	0.591231162678923	4.49751111209005	11.1190187606135	0.00101428086977321	0.0242769683949471
ARHGEF7	0.049198243470436	6.23701715724879	0.321972120839122	0.571046500905073	0.794945483915128
ASAP1	0.180894172919047	6.11195825610071	2.16725354135561	0.142513263804783	0.408103150183135
ASAP2	-0.0785741529292029	5.8398143162695	0.415580092812406	0.519872383105762	0.760183998171757
ASAP3	-0.0902045389459351	4.09004012699898	0.277068974750581	0.599198512032417	0.810864437156506
ATF4	-0.0625947682910485	7.8866607490963	0.594193178960456	0.441690808902003	0.70686887670634
ATF6	-0.163521426709437	6.49227408980641	5.84315338510629	0.0165139257418751	0.12815576624528
ATF6B	-0.253441139651402	7.05207678156484	8.32281291992658	0.00433405851676413	0.0604229138648732
ATXN3	0.0573101911862002	4.86252169305879	0.671775843920396	0.413386218610302	0.687229477566445
ATXN3L	0	NA	NA	1	1
B3GNTL1	-0.249817935311669	2.69180497906256	5.14599954243369	0.0243430470754904	0.158992120270467
B4GALNT1	0.0717602854216685	1.71280397057624	0.10790056092198	0.742882798188059	0.889961917269023
B4GALNT2	-0.747048577992999	1.24548980816829	2.55502792462817	0.111485925866556	0.360632286947488
B4GALT1	-0.241739409934301	7.80919444854313	5.0802420281956	0.0252592501844655	0.162033497867511
B4GALT3	-0.225908849046292	5.46380847719959	6.26330850352194	0.013108486147973	0.112093327132628
BAG1	-0.224939156896299	6.328378080291	3.57901390816297	0.0599252832814202	0.262701054322613
BAG2	0.171897589468381	4.93173148005094	0.540234480195188	0.463176599193406	0.721923353293674
BAK1	-0.264166039071042	5.67354646623974	5.31275670232576	0.0221720476426813	0.151153740651642
BAX	0.100381803007065	5.78560181657549	0.668711441929801	0.414451823209375	0.687761438394362
BCAP31	-0.0735724431044676	7.54249099874391	0.475675042152431	0.491168846423263	0.74176425754997
BCL2	0.334492789858371	3.98382194252436	3.43567354231754	0.0652411880653754	0.274999999597638
BET1	0.0443107292770065	4.5681056606521	0.275436859821724	0.600275566696166	0.811727982629956
BET1L	-0.0538763385050028	6.15653676176984	0.450829360212783	0.502698197700767	0.749654166269077
BNIP1	-0.142521471438758	3.0382376009813	2.764814403891	0.0978878959801285	0.337174761546484
CALR	-0.252492233065309	9.76363276303493	7.01493306828223	0.00871332835068728	0.0903337888752878
CANX	-0.0991797939358408	9.50215532319152	1.28246621968017	0.258765453592803	0.551334788125584
CAPN1	-0.266912941746368	8.28300174720883	7.8833552242156	0.00547163231153801	0.068626026662133
CAPN2	-0.0968278182962831	8.21358615409838	0.716845083407907	0.398169236609984	0.676202527656274
CKAP4	-0.0750503583607735	7.36999626264183	0.460669777095499	0.498077567074901	0.746890036434764
CLTA	-0.178198801991614	7.3982720955713	2.78676331892341	0.0965742617716915	0.334333110109773
CLTB	-0.235046544276757	7.02935745125292	2.70498629673227	0.101569377127228	0.343399708594068
CLTC	-0.1394067509622	9.14539831937489	2.69240932346122	0.102362518354283	0.345046066435273
COG4	-0.157682741108169	5.8063081566756	3.73392670428242	0.0546977572107219	0.249330758088263
COG6	-0.0796632759889954	5.26723568525628	0.721393935511089	0.396679054327158	0.675136873429476
COPA	-0.119844978369934	8.38917992649702	2.3610558378322	0.125941857498693	0.384054895809691
COPB1	0.0175485374161808	7.30043144145891	0.0565001795876385	0.812353285613847	0.922745965664061
COPB2	0.000577858091839916	7.7271722554803	4.16234385383276e-05	0.994858667041839	0.997739634902494
COPE	-0.079360003687492	7.1781414957653	0.647881420992199	0.421804835651811	0.692181176726805
COPZ1	-0.067514869282706	7.466726352262	0.620323359582655	0.4318379660526	0.699943295990497
COPZ2	0.36324907156036	2.88801846450079	3.18972530752706	0.0755823524442427	0.295379792527988
CRYAA	0	NA	NA	1	1
CRYAB	0.129884066796857	4.60878544104102	0.193218054675466	0.660715240232621	0.845161145417486
CTBP1	-0.260694254909639	7.03601244173738	12.2591680821636	0.000568227765724109	0.0171581542347607
CTSA	-0.0670836374946885	8.48383281325569	0.287838999622188	0.592191135704555	0.80676731284465
CUL1	-0.0534441496106574	6.18606566212523	0.556272129375417	0.456621584822854	0.718141200842554
CYTH1	-0.0294133215761644	5.99265161352312	0.103568311095246	0.747917148289668	0.891955269272246
CYTH2	-0.0966257174055214	5.79129027804699	1.73992682618888	0.188621414034061	0.469411631164254
CYTH3	0.133304262227641	5.56247598297842	1.30712957344267	0.254250040707633	0.546279269449335
CYTH4	0.443557580298771	3.95991927339449	6.13173421250151	0.0140885709657187	0.117273766388825
DAD1	-0.199418683721857	6.85706662621618	4.90176975636288	0.0279326021784805	0.171718109492222
DDIT3	0.31909657277126	4.38000803227752	4.1310436206347	0.043394630884799	0.220060023299968
DDOST	-0.252643889649571	7.97634586826311	7.61902686701676	0.00629975102598899	0.0747112393479868
DERL1	-0.108155618319206	6.65876982265106	2.09473199874348	0.14933698772498	0.417917116885587
DERL2	0.0224424058680081	5.09044006844533	0.129798039299007	0.71901290980065	0.877539902110155
DERL3	0.453747115106166	4.6602594899617	3.44505636806713	0.0648781645322997	0.274131988471166
DNAJA1	-0.0281131482901352	7.43458163978399	0.0794873010550959	0.778278175117357	0.90753313341892
DNAJA2	-0.0581218531608524	5.96567770449591	0.7289078013927	0.394235188120717	0.673185141049571
DNAJB1	-0.204232428559224	7.48711120036023	1.93404551723374	0.165826163824145	0.441533941776421
DNAJB11	-0.131352991272663	6.35578470467071	1.72548465832458	0.190458602367321	0.471765537625439
DNAJB12	0.0561095749104928	5.82806853784966	0.522004209460308	0.470812419579393	0.72745829207689
DNAJB2	-0.0126959448749672	5.50764638422823	0.0219530603392007	0.882357854240126	0.952782703284293
DNAJB9	0.193329944506353	4.89273743896169	4.99360457152665	0.0265218294088732	0.166739210797336
DNAJC1	-0.0724294388228185	5.35115018815261	0.624613326577986	0.430252508209567	0.698500924424308
DNAJC10	0.0384192038488512	7.33888626167196	0.222957471181362	0.63729851787801	0.832828035538178
DNAJC3	0.0110451147006333	6.8389288215957	0.0146387543237132	0.903817038625131	0.961498150072939
DNAJC5	-0.303660456998136	6.9164530317497	10.1896307199156	0.00163489629438261	0.0323283799570407
DNAJC5B	0.741773637302074	0.2100530430948	8.90052219176181	0.00319728960951082	0.0501063509083786
DNAJC5G	0	NA	NA	1	1
DNAJC6	0.222846065952101	2.259853471303	0.762951911113822	0.383429597970366	0.664769288149858
DNMBP	-0.0760271415931256	6.22604469078212	0.594001121201204	0.441764503217391	0.70686887670634
DOCK5	-0.286619240095014	6.38281860595435	4.72411051378167	0.0308900054851066	0.180827719922414
DOLK	-0.268335046441929	4.44896388157963	9.34844006094238	0.00252955738855065	0.0431785030629254
DOLPP1	-0.293454431381012	4.55266146981393	5.85844212759996	0.0163751362051567	0.127634154161449
DPAGT1	-0.162552510842449	6.01603430492302	3.07389765938462	0.0810550231437878	0.306353477395518
DPM1	-0.158778042030647	5.63883343833164	2.69470716698323	0.102217101676854	0.34472158406337
DPM2	-0.285671498749593	5.92160734606662	7.65819358950417	0.00616933405256971	0.0738950293948273
DPM3	-0.199376006855408	4.54580326543243	2.52726816950007	0.113436680661755	0.363629958396018
DPP6	0.0127376849274638	1.4154024851029	0.000767812820267775	0.977920887349103	0.990821630957088
EDEM1	0.104457589750354	5.99815651020484	0.92521134317127	0.33724494289037	0.627742087917053
EDEM2	-0.101328944295308	5.42946392091358	1.13685363484117	0.287573819993953	0.579556355374839
EDEM3	-0.199079733029806	6.94654418322677	1.99628493155586	0.159203616587004	0.432414780451069
EEA1	0.0868384145210742	5.81538900232075	1.01064446719126	0.315935100340991	0.608821284245757
EIF2AK1	-0.0447023681321947	7.97187352502934	0.295771578010551	0.587137185087693	0.803953059835783
EIF2AK2	0.234216059281428	7.14896456273572	6.42333294082039	0.0120109728427549	0.106457064550979
EIF2AK3	0.0232956287477274	5.16484942756511	0.0659383080089546	0.797602942659717	0.916648208304705
EIF2AK4	0.121608142567662	5.83654418308534	2.71448553842243	0.10097481245005	0.342458728276652
EIF2S1	-0.119968826789686	6.16563624817208	2.42243376561677	0.121153329754573	0.376529599609548
ERLEC1	0.0232673756478217	6.24911292643462	0.118288573299374	0.731251081033236	0.884126075087304
ERN1	-0.123465097347821	5.53997347807231	1.57518786826508	0.210885823290963	0.496972109854282
ERO1A	0.0301242432558503	7.73938997523383	0.0459044735109856	0.830562764760504	0.930122558229543
ERO1B	-0.420691408666599	3.94024365560338	5.18617831829497	0.0238004067395815	0.157167846011944
ERP27	0.242908593619084	1.76723077457452	0.670583954654851	0.413800198384386	0.687512431390384
ERP29	-0.0919645249152238	6.996830927578	0.988042712660377	0.32139449259055	0.614278006823609
ERP44	-0.11219130800476	6.8670733173071	1.9282748053477	0.166456077606166	0.44232366549424
EVI5	0.155625214252965	5.13708550005757	3.76022923220497	0.0538596753443649	0.247440486858848
EVI5L	-0.0779079135265226	4.43694475300567	0.559206190942155	0.455438280596063	0.717508404317688
EXOC1	-0.0937721253569008	5.44077009350935	1.62595671018734	0.203708211378478	0.488328725481888
EXOC2	-0.0742014074511289	5.20353543423485	1.02851039183034	0.311705727347858	0.604345601341684
EXOC3	0.0452939369351595	5.95400041797825	0.415947031361952	0.519688340209691	0.760091944975519
EXOC5	0.0418747621825579	5.96861449728502	0.335307287736444	0.563187052900951	0.789239252340182
EXOC6	0.0809121697378171	4.65316641025474	0.696414101728812	0.404963855344923	0.681496097227453
EXOC6B	-0.0361465528045417	4.88041911941996	0.164961490223295	0.685053242678336	0.85909578271772
EXOC7	-0.194275759278447	6.18138723368988	5.42318898239096	0.0208464614478342	0.146158562803271
FAM71B	0	NA	NA	1	1
FBXO2	-0.237303499458946	4.0824559204584	0.528875776620577	0.46791060853257	0.725346388435841
FBXO6	-0.0630141372805716	4.35880415260832	0.192402077990408	0.661387349827946	0.845404079894903
FBXO8	-0.055599155546975	4.11753718688299	0.515550403752211	0.473564430277563	0.729593002973759
FUT8	0.0662654745924677	6.10301852470013	0.329413229880912	0.566634758766744	0.792068878459473
GALNT1	-0.0737305233979002	6.78352748374079	0.482298560732179	0.488170279100961	0.739794314447585
GALNT10	0.0630926131122709	6.52718439767916	0.302952240451388	0.582637519502593	0.801773249795768
GALNT11	-0.128686845576201	4.98441435814385	2.22334897832674	0.137476933129531	0.400821258028442
GALNT12	-0.0664289588686481	5.24045700205451	0.175487022304913	0.675719783683892	0.853698102216335
GALNT13	1.17305851364736	0.0664767332119519	8.63568627491144	0.00367465224659128	0.0547180676049831
GALNT14	-0.312025961665513	2.03091971497552	0.910833795867197	0.341018685537265	0.630728302676294
GALNT15	0.120682149763246	2.53101229481825	0.180361799365813	0.671508440339794	0.85189737556132
GALNT16	0.390689942535078	2.39582072416189	1.54087123005663	0.215908418987073	0.503122658486681
GALNT18	0.231464468049273	3.41483199507705	2.39940142943504	0.122925985456247	0.379419674362324
GALNT2	-0.0311729670493213	7.02048782760713	0.0810411564617401	0.776179119764709	0.906846175245299
GALNT3	-0.247123866497198	6.81656345310252	2.26831595392115	0.13358453313147	0.395119498460987
GALNT5	-0.241559758304091	5.52038756249899	0.854571831910806	0.356350405665449	0.643482536913826
GALNT6	-0.147735645954904	6.21070815077185	0.596636904480615	0.440754784884762	0.70631552274135
GALNT7	0.0128534746488275	6.74907789534012	0.00663386658974694	0.935164801384668	0.973379542109485
GALNT8	-2.58700841391708	2.32402948936715	43.7467084034426	3.19347321688811e-10	1.46857886360894e-07
GALNT9	-0.178594018430082	0.377643420756028	0.186705590889763	0.666127494387277	0.848331977688832
GALNTL5	0	NA	NA	1	1
GALNTL6	0.540935004392839	0.360461511422999	1.71633991385947	0.191632758991705	0.47285888743175
GANAB	-0.234926082909916	8.91371086476077	8.84669461915783	0.00328887878247127	0.0510142027862173
GBF1	-0.0198342492871089	7.24263208483969	0.0724963887857752	0.788007265315194	0.911892240692291
GBGT1	-0.190021588987128	2.78108268625046	1.10779625721093	0.293802060184419	0.586089110521751
GGA1	-0.16597173873705	5.95154012835854	5.10976060919	0.0248435813759738	0.160615843456745
GGA2	0.0363306401416601	6.07541986975976	0.19067333180387	0.662816933751884	0.846267380893353
GGA3	-0.14371245320083	5.75813170358638	4.30316615670245	0.0392919291260988	0.208398032869224
GIT1	-0.0709917444357111	6.70661730996617	0.6127208429496	0.434669607238085	0.701948054107582
GIT2	0.122750196435444	5.24003053119101	1.74273050924332	0.188267169126518	0.469140601704519
GLT1D1	0.00725202032597707	-0.115701564225413	0.000879556289315792	0.976369243340519	0.990385464262818
GLT6D1	0	NA	NA	1	1
GLT8D1	-0.0483965407904811	5.25452896988589	0.497591745812558	0.481361950993524	0.735523428912602
GLT8D2	0.466742031426668	3.44522587586564	6.02030993599065	0.014977942034492	0.121188702033911
GMCL1	0.00788258701314426	5.56487963761752	0.0083788683802995	0.927156069871975	0.970510043169239
GOLGA4	0.0971861928194784	7.48656353862733	0.901095367778276	0.343607277045974	0.632720975166972
GOSR1	-0.141274361684404	6.13840821143635	4.71877108858685	0.030983822425282	0.181225643593413
GOSR2	-0.165000772746012	4.20318440250102	6.25535305094609	0.0131656877044914	0.112427358138933
GPAA1	-0.212759912373428	7.27418703181496	4.38684014222758	0.0374476274159445	0.202542957587438
GPLD1	0.0576167737259754	0.847140234625038	0.0921961874387093	0.761711835553772	0.899498531646133
GXYLT1	0.199183885324636	4.47905827875269	3.87010946295155	0.0505038674146176	0.239394134625693
GXYLT2	0.281470983834674	3.33003974444582	1.22267729536565	0.270133450341481	0.561109481597869
HAS1	-0.749128563296218	0.351338341761116	5.03261653067278	0.0259453133951375	0.164627444324903
HAS2	-0.575109379313059	2.88547125592542	7.78477207006406	0.0057665375561996	0.0709175412216182
HAS3	-0.858340836921712	3.91978985605563	8.58866456713812	0.00376676894802311	0.0554944352796352
HERPUD1	0.140613873602507	7.13880414191858	1.93614237031012	0.165597957794394	0.441447677663058
HSP90AA1	0.0166370107892969	10.3478642020623	0.0238747721373517	0.877356176936295	0.951062503880398
HSP90AB1	-0.315679045864774	10.6640066457543	6.90152341168104	0.00926381420462167	0.0927439386395599
HSP90B1	-0.0828547879895744	9.90658991360343	0.77695896193505	0.379106389097051	0.661239786902718
HSPA1B	0.237051339311966	6.42266225368704	1.67291685531498	0.19732562822019	0.479986088911613
HSPA1L	-0.143510041603038	1.04351773197755	1.37384513476481	0.242514367364438	0.535251468077835
HSPA2	-0.409499526358107	4.2490067492943	3.23876697110337	0.0733870175093792	0.291181416573282
HSPA4L	-0.336881767385061	4.5428799466939	2.40743614494776	0.122304335760613	0.378433843674907
HSPA5	-0.124714930402907	9.55789936699146	1.80227645828944	0.180924087614536	0.45971761827563
HSPA6	0.593018399769579	3.02268994181715	3.48131578865943	0.0634955562015891	0.27091609160605
HSPA8	-0.189537979862921	10.2585534587173	2.88944993481732	0.0906799431386711	0.323279390364377
HSPBP1	-0.230269959424954	5.87777985002792	4.0109328157238	0.0465251318423672	0.228603433715403
HSPH1	0.0470268021929545	7.47940604558125	0.123979252681059	0.72512025466123	0.880842015184066
HYOU1	-0.100247818793977	7.97336674097671	0.645012621715275	0.42283279591765	0.692711884078836
IFT27	-0.0831860752829658	3.98930815201853	0.603829121670441	0.438017615425475	0.704222268908495
INPP5B	0.268684320456639	4.44566187582563	7.60938750813762	0.00633228112710828	0.0748559419206243
INPP5E	-0.0544600578983953	4.32037914363958	0.363878683893786	0.547027598701337	0.779082719448748
IQSEC1	0.112962219694984	6.29614961179139	0.88910393220959	0.346831520184445	0.635031512578424
IQSEC2	-0.0346027403916647	4.55930911574855	0.0887973744595037	0.766013812762159	0.901351488070641
IQSEC3	0.4495098312435	1.20022031296262	3.82540016441171	0.0518416051896061	0.242781420497301
JUN	0.110152855066694	7.92995399162021	0.668319292849549	0.41458848202531	0.687761438394362
KDELR1	-0.231535269368103	8.37186775428166	5.4102465006773	0.0209974433074083	0.146417164209287
KDELR2	-0.0874581948098392	8.77377215474155	0.780131060068174	0.378136945604569	0.660872866720328
KDELR3	-0.0792025343986884	6.18656287517015	0.270970450404275	0.603243977561005	0.813322941398099
KIF20A	0.0687554482401927	4.99764519421603	0.23202732627741	0.630539106682113	0.828506565866505
KIF23	-0.0586185744902649	5.15163407001843	0.158627262221504	0.690838519622294	0.862188110176829
LARGE1	0.0311091164340244	5.08149006189947	0.0621823982206177	0.803329224583079	0.918866340763316
LARGE2	-0.319308294276159	5.32068883775717	1.36321345549878	0.244339214469854	0.536952890270924
LMAN1	-0.0235608639984163	7.37131538472866	0.0487619901999369	0.825451724762076	0.92796745012727
LMAN1L	0	NA	NA	1	1
LMAN2	-0.171559273108091	7.12963354102876	3.09792320241896	0.0798854679505193	0.304352457822622
MAN1A1	0.326673769413757	6.96661672809136	4.03371214960312	0.0459134942063595	0.22737650417757
MAN1A2	0.024858128030886	6.50226776510297	0.122869105213806	0.726303670895956	0.881748532435673
MAN1B1	-0.172090795267686	5.96858537158749	3.39936510982994	0.0666666923300679	0.278500975911104
MAN1C1	0.452584501510775	4.28821864125516	5.83091114749167	0.0166259409833264	0.128695059730759
MAN2A2	0.0849153028573168	6.26606968131846	0.606821074619504	0.436886651067499	0.703635506612727
MAP2K7	-0.0437570879229475	5.35848976942796	0.321639921563828	0.571245026241345	0.794948183159153
MAP3K5	-0.0162695206018903	5.31790767740395	0.0193950696115637	0.889376701237774	0.956148975706973
MARCH6	0.00475255168039641	7.21525206459996	0.00336044289747696	0.953829596334028	0.981793851552569
MCF2L	0.127835546967115	5.81805960177115	0.684382211141596	0.409044922007002	0.684107085920254
MGAT1	-0.0623096021422677	7.13432530654786	0.499668209354392	0.480449640738857	0.734811053699007
MGAT2	-0.0346524467596009	2.59832774812391	0.0763477509553771	0.782587942994467	0.909560696755087
MGAT3	0.174380064823813	4.93465060352795	0.64462199058323	0.422973059598145	0.692740153504807
MGAT4B	-0.287532762206046	7.95558030650231	5.5059003685131	0.0199079477918969	0.142645658099181
MGAT4C	-0.455618904053504	-1.10695183285519	1.63914832863018	0.201890922617439	0.485986471357304
MGAT5	-0.385803460329638	7.0167648013444	9.66072699047858	0.00215006269107076	0.0388618290012352
MICAL1	0.253172166043625	5.72486651151994	5.3144062974104	0.0221516119954524	0.151153063617118
MICALCL	0.134164687558659	1.71222436884595	0.778649531788154	0.378589286803402	0.66103379689007
MICALL2	0.0239069755457056	6.00339011140992	0.0323547761975497	0.857429119431012	0.942893076606092
MOGS	-0.0588701837359012	6.12847298688906	0.427272096512659	0.514063962198428	0.756863605080056
MON1A	-0.359022329650282	4.06971739324372	13.2685513897789	0.000341992628666891	0.0123469462282672
MYO5B	-0.420847147214033	7.04352145374788	8.11573230645691	0.00483627829121488	0.063903569771625
NAPA	-0.114278469704787	6.66111920323293	1.63115384328711	0.202989945660415	0.487398267197293
NAPB	0.122296500272744	3.78288100608601	0.997287123143972	0.319146596801008	0.612401691870982
NAPG	0.0969977810858965	5.42124867323566	0.762367468124734	0.383611504142321	0.664849827925368
NCKIPSD	-0.189555105024684	5.23708106980762	4.4270487498386	0.0365941053395876	0.2003475807394
NDE1	-0.0513818998293349	5.62400796767912	0.281821582483472	0.596085128938735	0.80931654607723
NET1	-0.0969319760480267	7.50727042751423	0.662092620192346	0.416767404623255	0.688403652740478
NGLY1	-0.0944543597110523	4.82412313087717	1.56557224904301	0.21227896200329	0.499023668994912
NPLOC4	-0.17981024351805	7.11247632843959	5.91913887927257	0.0158359892008273	0.125524489703761
NSF	-0.213719200079969	6.02999540540051	5.15346584425098	0.0242412393910804	0.158659647083198
NSFL1C	-0.111145470280015	6.41709364723777	1.73797821251679	0.188868081018373	0.469749563976649
OCRL	-0.101871285931169	5.82631907193375	1.22989180195716	0.268729003989064	0.559818407531196
OPTN	0.25537106497229	6.57256030259671	6.74910681707383	0.0100607738289937	0.0966523381681267
OS9	-0.0677203553169821	7.56884689816943	0.611501332653598	0.435126466103552	0.702116759459112
OSGIN2	-0.192313497289094	4.88712507573344	5.35103343386143	0.0217028958365551	0.149511206779726
P4HB	-0.314690010957158	9.90882876135569	8.07618200585852	0.00493880470964457	0.0646805725942469
PAK1	-0.103067636531922	6.66357553972919	1.19011211723157	0.276589085263079	0.568608631433784
PARK2	0.00925646472506628	1.50078934131637	0.00189783057840573	0.96529432642659	0.98660775504331
PDIA2	-0.231489112652767	3.74166632243098	0.276188544522301	0.599779014963464	0.811390862642511
PDIA3	-0.104964877798858	9.42990280729778	1.05932293935017	0.304583975538966	0.596751972403905
PDIA4	-0.272326631089211	8.36946195617607	4.90179044232162	0.0279322756848815	0.171718109492222
PDIA5	-0.000554184666441979	5.2178634576673	2.37600153046052e-05	0.9961155332341	0.998215015835493
PDIA6	-0.2484797616529	7.60307866298886	5.26078889008958	0.0228260265521648	0.153263733337103
PDILT	-2.15597587916553	-0.662716091288878	20.0831912418987	1.23275085556497e-05	0.00109088728707598
PGAP1	-0.195484103737287	4.55354200209524	1.32429060767618	0.251165651904828	0.543481862637631
PICK1	-0.22769415681989	4.53210912825536	5.98055324796253	0.0153092156990013	0.122906781176289
PIGA	-0.0217511787584417	3.857214063899	0.0487961312481541	0.825391621613787	0.927937069954711
PIGB	-0.101456436486547	3.57695946820698	1.72739206005568	0.190214763155629	0.471408318730926
PIGC	-0.192666271976927	4.6059566400191	6.48468446520523	0.0116158440347425	0.104642214931339
PIGF	-0.271292366233381	3.62702417639488	7.76669261025787	0.00582237124721442	0.0714163350357931
PIGG	-0.28249531353209	5.28763548945525	12.1696753564182	0.000594528134664439	0.017519569968596
PIGH	-0.133462675745709	3.76780623258994	3.34103061805461	0.0690276554176245	0.283844743769006
PIGK	0.033538606311459	5.29259148993055	0.181547026105968	0.67049469453817	0.851304298505691
PIGL	-0.0359455437852689	3.57920731652431	0.162932868985943	0.686891773280568	0.860065485069267
PIGM	-0.200579985398213	4.78208174203247	4.11972070380687	0.043679972558961	0.221055491651448
PIGN	-0.129855710838088	4.72685382787478	1.44540297332655	0.230655602333843	0.520710683781504
PIGO	-0.413684376388715	5.7510617305173	13.900540711991	0.000249436737716047	0.00988304995255727
PIGP	-0.03235181878066	4.23344473670417	0.113070420601396	0.73701958528186	0.887105183486086
PIGQ	-0.0854369351210594	5.64716225158926	0.740329407856631	0.390561782601634	0.670741348677713
PIGS	-0.200363360468064	6.04256784976571	4.62186993239756	0.0327395183944973	0.187544827079199
PIGT	-0.364375754230572	8.15305162456247	9.55612165966674	0.00227021739407014	0.0402046327894291
PIGU	-0.179302989855263	5.69041474988681	2.61104382883866	0.107661691735122	0.353934815018592
PIGV	-0.118821226528424	4.11198087936095	1.84878006643776	0.175420799361311	0.452693653118475
PIGX	-0.0481573055617337	4.80992255789439	0.356358353835987	0.551195235992071	0.781902845008828
PIGZ	0.0202233707819641	3.1440666012626	0.0121796423986041	0.912230850571154	0.963799773758398
PIK3C3	-0.00795899215969242	4.98222903248611	0.00844431587749124	0.926872931250215	0.970510043169239
PIK3CA	0.196977527941011	5.10079477093675	4.36446307336947	0.0379317143434245	0.203733548685499
PLAA	-0.194934550603518	5.2686617586901	3.44903862711553	0.0647247471373171	0.273937629254076
PLIN3	-0.19046852854446	6.32087053402486	3.28858667123009	0.0712272601742071	0.287737952130206
POMT1	-0.16983045877182	4.62358642705495	3.12577133071312	0.0785527062260582	0.302105911030078
POMT2	-0.135519532186079	4.25955061553508	2.45011401114206	0.119060573362277	0.373338609876881
PPIA	-0.120490363457098	9.38195918132213	1.34256544516923	0.247931698068825	0.54053424661063
PRKCSH	-0.139192159906371	8.42944489918038	2.69246480465992	0.102359004599654	0.345046066435273
PSD	0.25179672107232	4.00845342047493	0.536879950224866	0.464566658088888	0.722906115125455
PSD2	-0.0526486646795211	-0.874410381455387	0.0288641029166225	0.865260944350994	0.945789393593191
PSD3	-0.308307814014207	5.26864959587708	4.31187709213193	0.0390955264744177	0.207749139734867
PSD4	-0.052696199843111	6.54442736687477	0.206175081179423	0.65026295418921	0.839780554352081
QSOX2	-0.157063680902436	5.1497504581455	1.73792814651906	0.18887442364511	0.469749563976649
RAB10	-0.145805041558616	7.62048311484357	4.03129646371234	0.0459779499953383	0.227393062988228
RAB11A	-0.184048549886152	7.62562153088448	4.82857117373841	0.0291133806147086	0.175179869799186
RAB11B	-0.0980198153049251	7.15848071858678	1.55219816320124	0.214234954385538	0.501588176264459
RAB11FIP1	-0.726009948755521	7.65485104477764	23.4071226865513	2.57527475487389e-06	0.000331383520292304
RAB11FIP2	-0.089276776557645	4.87939150954514	0.459482954010582	0.498631008040255	0.747320459344191
RAB11FIP3	-0.0316454437483494	5.59343830984331	0.0640407888762701	0.800473573210701	0.91794966379309
RAB11FIP4	-0.230501405436221	6.00130484052441	3.50294041465991	0.0626860822054424	0.26956524909902
RAB11FIP5	-0.0854494410317462	5.38358459390656	0.514254433016247	0.474120203925194	0.730112181377242
RAB12	0.119250978334067	4.93294221693771	1.24267651611854	0.266262627514312	0.557881578224827
RAB13	-0.0681713035303389	6.61775978600679	0.412758769442519	0.521291312388513	0.761344155285132
RAB14	-0.1419639609891	6.83836169041438	3.60167587866206	0.0591282765819049	0.260837618285201
RAB15	-0.447226805299532	5.62198544267788	5.94684759602292	0.0155960278470156	0.124289708285364
RAB17	-0.191204628815329	4.29754731198442	1.72173651468648	0.190938828287188	0.472023795891662
RAB18	-0.0835720432557407	6.39926658649909	1.3018264334639	0.255212651429497	0.547174052117108
RAB19	-0.104872535796419	1.73736650084935	0.362305279241763	0.547894666139735	0.779546620742131
RAB1A	-0.103559319973233	7.45535770105066	2.22719543724252	0.137139025930143	0.400273015856036
RAB1B	-0.284040589040511	7.55722489955954	12.1355817497632	0.000604871010338992	0.017681833792371
RAB20	-0.0454335693791422	5.00322648358674	0.162336563809562	0.68743473331258	0.860313144719362
RAB21	0.0217021341057554	6.39265385505796	0.0882806293811892	0.766675684120749	0.901768566861735
RAB22A	0.00237910531924643	6.5016442849305	0.000391500210608008	0.984233063993406	0.993333700334358
RAB23	-0.00164835630082834	4.44590469937871	5.22474471338698e-05	0.994239787335732	0.997679835328595
RAB24	-0.00260826245258194	2.5339389899495	0.000996443295960201	0.974848516682698	0.98988998820312
RAB25	-0.42820968557807	7.14409361264037	8.01756141655283	0.00509489352478677	0.0658930166700408
RAB26	-0.524695255649786	1.80942118864879	4.02968794917524	0.0460209219775117	0.227509053666251
RAB27A	0.203892369221533	5.61588830461991	2.26287863529066	0.134048532842829	0.395615933014945
RAB27B	-0.144978740907776	6.11062890694832	0.376493054437024	0.540167168777461	0.774958800109718
RAB28	-0.137016037852244	3.79063232525761	4.03172546323345	0.0459664963350564	0.22737650417757
RAB29	-0.0789348874319597	4.84328135255207	0.530510731063905	0.467224426318479	0.724852460448714
RAB2A	-0.199266154039179	7.40888291027551	5.61196191035276	0.0187685207655891	0.138369131278924
RAB2B	0.0790078757976688	4.63055957042912	1.42485449754011	0.233987237466312	0.524644278312668
RAB30	0.13381146070058	4.48605892616538	0.859259604691207	0.355037351853947	0.642134609555572
RAB31	0.324925148650914	6.3839071549652	3.63290320151494	0.0580485809961542	0.258256407527603
RAB32	0.071481301175315	4.16475665234207	0.235382031255011	0.62808023086027	0.827079931203114
RAB33A	0.468585579285577	-0.274068122767596	6.87163177497959	0.0094148037078065	0.0935118508493154
RAB33B	0.0704543456020191	4.13187808067982	0.772559695360021	0.38045671291519	0.662298491417617
RAB34	0.0852917769451755	5.40670431704064	0.173881462076275	0.677121885653459	0.854551681593921
RAB35	-0.180585388766374	5.88373568854405	5.52102512468247	0.0197411500471333	0.141785517598269
RAB36	-0.110422790730776	3.39006121606839	0.296371035577443	0.586758845545232	0.803777670438267
RAB37	0.512232493174302	2.18008278864935	6.76814269349127	0.00995748357880917	0.0960957757064823
RAB38	-0.370796793553928	1.89025498407499	3.18229353154162	0.0759211893917385	0.296167599056744
RAB39A	0.577074609295455	-0.0376844137597556	5.24298083209814	0.0230547390058936	0.154329310588964
RAB39B	0.0653921656960601	0.800025871527589	0.0586676273813274	0.808856778771283	0.921124116351725
RAB3A	-0.250002364425318	2.10587943748219	2.69514938662478	0.102189142379268	0.344668729352319
RAB3B	0.445153445682274	4.36080679461	1.95823348451537	0.163215551831515	0.438568492139803
RAB3C	0.484662864919136	1.97507115941553	2.25692125970673	0.134558995931381	0.396515874800465
RAB3D	-0.128863807324273	5.70773817208539	1.02468159087679	0.312605829170293	0.605232846979436
RAB3IL1	0.192029512658696	3.54134220579699	1.29146636277342	0.257106248664166	0.549511960954451
RAB3IP	-0.0804464917501032	5.5011933385198	0.327303361414195	0.567878897818922	0.793039921706494
RAB40A	0.651188018369309	-0.953209661054961	9.16869097525266	0.00277844409058151	0.0455794816543815
RAB40B	-0.355587006092712	5.21969744022153	5.94267046857662	0.0156319591297749	0.124540675236707
RAB40C	-0.304997721223746	5.59809932384518	8.20538102159319	0.00461189927682105	0.062620038002606
RAB41	-0.115713650551716	-1.2415952396672	0.747542517378451	0.388267228785345	0.668939460870072
RAB42	0.455951185366441	1.9214926886834	6.97550876772642	0.00890075717639037	0.0912316283466721
RAB43	-0.0247257660980708	2.5396360459378	0.0306771720622519	0.861135642373391	0.944253895444737
RAB44	0.224679173881511	-1.22547140265137	0.987371398518272	0.321558545641302	0.614453662005674
RAB4A	-0.23327559039498	5.37754019522754	8.38596954974632	0.00419179928211801	0.0591490711579349
RAB4B	-0.043810566698727	3.81726438201988	0.180120942329834	0.671714930392748	0.851967898911929
RAB5A	-0.165152189489977	6.12469712345012	6.23992206096937	0.013277379116324	0.112831577997916
RAB5B	0.00571358552224756	7.52167118343075	0.00504755077238694	0.94343039882757	0.977049906210867
RAB5C	-0.183020860686706	7.08678672919656	5.52789711588237	0.019665846827846	0.141596711207576
RAB6A	-0.0100842232691652	7.39667490709565	0.0214017297128406	0.883833789604515	0.953234637331045
RAB6B	-0.295707892912694	3.09316156690024	1.93905087875731	0.165282015440399	0.441108467047292
RAB6C	0.08280624225648	-1.63330912075264	0.279360368642761	0.597693211439099	0.810047391253897
RAB7A	-0.0400735724277712	8.40464358965091	0.331924603729823	0.565160753232063	0.790712906626084
RAB8A	-0.0355680551405328	5.90404605720737	0.208827374441529	0.64817251234874	0.838948706519948
RAB8B	0.370266000927047	5.06319983925215	12.86665120368	0.000418380292126071	0.0140864534499332
RAB9A	-0.0812843682602676	4.64885273524906	0.941607852644112	0.333009598977885	0.624395392405363
RAB9B	0.201839367372437	1.54298143572499	0.506269507018866	0.477568100228901	0.732903350709619
RABEP1	0.124247603497571	5.68764733643849	2.44795591394233	0.119222279157684	0.373678589377805
RABGAP1	-0.122506810680617	6.02882383694768	1.68057811407492	0.19630690174981	0.478592613063783
RABGAP1L	0.147541323794622	6.34316822767856	1.55847911741036	0.213313679787406	0.500575150192096
RABGEF1	0.0559448950807391	2.71011143371456	0.35055981516277	0.554449647030915	0.783921796221397
RAD23A	-0.244226171074054	6.78730260663507	8.17709481417654	0.00468151704408682	0.0628952039086523
RAD23B	-0.140346297025261	7.76952243214157	3.24394565768962	0.0731592524091927	0.290771231026165
RALBP1	0.0207023426684138	6.78445857179253	0.064459002107756	0.799837035245017	0.917707411865238
RASEF	-0.467321733130475	6.0138733328382	5.60360217901119	0.0188558124186356	0.138684648654317
RBSN	0.0314321392437656	5.13894799141367	0.124703808772323	0.724351088559685	0.880380051574256
RBX1	-0.0241684529307441	5.49128932055896	0.0748669252034962	0.784653856728726	0.910377615557706
REPIN1	-0.416690849781635	7.9031195613805	14.1944029311061	0.000215517889936141	0.00895660421998316
RER1	-0.270271451300465	6.5430059671762	11.3320761027911	0.00090973916611342	0.0227248469170202
RFT1	-0.272102790401564	4.41274673046543	10.425147224093	0.00144793909659337	0.030036113318654
RFWD2	-0.171769256328024	5.70079313724409	6.58809388461221	0.0109800193779372	0.101319573549307
RNF185	-0.110703188907824	5.34416603114781	2.81775307723163	0.0947523598180079	0.330990171900362
RNF5	-0.393643197758765	6.2096426833586	14.6216529734372	0.000174368895795379	0.0078012699598915
ROCK1	0.193902038491804	6.77894183845854	4.92383073727523	0.0275866698959925	0.17082975743741
RPN1	-0.0835669168692008	8.55697370177739	1.00265772877475	0.317850196437855	0.610833302080888
RPN2	-0.140962721285624	9.00997483525158	1.59793172124821	0.20763376447204	0.492770081300311
RRBP1	-0.068290664462149	9.41966623058005	0.280996607182614	0.596623136409883	0.8094245887977
RUFY1	0.03061481948475	5.32730199855507	0.198516083892842	0.656392038624756	0.84293670882172
SAR1A	-0.100066767858347	6.32600140721623	2.2824047743914	0.132390631117663	0.393243506938918
SAR1B	-0.0316189875386561	6.19195502225738	0.129340975518479	0.719486978451074	0.877676496760721
SEC11A	-0.0503906746898941	6.4223426372036	0.381779947001386	0.537338827145049	0.772582609878813
SEC11C	0.0165326415678554	5.44360715780843	0.0150032482054892	0.902632891662926	0.96133070814964
SEC13	-0.194427609430008	6.60991783281564	5.24614866681308	0.023013879415605	0.154188045227263
SEC16A	-0.107852234393388	8.0232712856585	1.17367959856937	0.279920608420917	0.571997042953868
SEC16B	-0.0542484998970082	-0.214156496116379	0.117687471703685	0.731908240235494	0.884256301989395
SEC23A	0.0491610180613157	6.48678820305863	0.251925616896708	0.616261759327693	0.820400630747181
SEC23B	-0.172468409238158	6.81916015039348	2.55829931075918	0.111258497120553	0.360228919809068
SEC24A	0.0190767729887832	6.31811138254404	0.0338362104547276	0.854237695933975	0.941922222258417
SEC24B	-0.147470759546647	6.00669107745531	5.18455280983799	0.0238221128792113	0.157237155408855
SEC24C	-0.0825171143333882	6.37093196267405	0.540982118491491	0.46286769733708	0.721815205198534
SEC24D	-0.0142413249156822	6.75120042835811	0.0167688558885698	0.897093407599215	0.958457658058089
SEC31A	-0.00732484429686099	7.96751087031793	0.00804947891523328	0.928598308543543	0.970995399908774
SEC31B	0.200844669650799	2.32829264050468	1.50610365196315	0.221143800774321	0.508694210686449
SEC61A1	-0.0151642769904124	8.56980934542845	0.0276020940831955	0.86821167992313	0.947410201314959
SEC61A2	-0.165220738634104	3.15128894156111	2.24855108771463	0.135279903731509	0.397410394750894
SEC61B	-0.0140164979876373	6.18035141559279	0.0197965044616076	0.888245229986228	0.955628411121181
SEC61G	-0.21100423255498	6.70214883158344	0.872588939447189	0.351339911378998	0.63874187906699
SEC62	0.362162370733928	7.93615764355972	14.2704759174837	0.000207527769007101	0.00874109455883964
SEC63	0.192361268170498	6.78311701185427	3.32709983030536	0.0696047019838047	0.28516884767777
SEL1L	0.0102931025591568	7.26314145766638	0.012829124542765	0.909930869194422	0.963402271898884
SELENOS	0.030520388661542	5.98542136041659	0.0818809344386898	0.77505374052477	0.906225805746339
SGSM1	0.690090951494861	3.01983971483659	5.93163835569845	0.0157272705397056	0.125017533230876
SGSM3	-0.131388775198305	6.07755718839366	1.43222887087437	0.232784909720173	0.523453489977578
SIL1	-0.0776464887501838	5.32930193942419	0.663698559310494	0.416203804490355	0.688139582674096
SKP1	-0.0333046609527493	7.39943554960537	0.18971623425936	0.663611727341834	0.846819641331626
SMCHD1	0.121511281578571	6.63514883233655	1.77337932171153	0.184445027948095	0.464373714234425
SNAP23	0.0542640521087735	5.4912809617505	0.768250015287992	0.38178616645934	0.663396032056332
SNAP25	0.882031685422454	2.64336843106202	3.81148018442504	0.0522657730109611	0.243771143402396
SNAP29	-0.120295144375885	5.6833015844795	2.50325142361074	0.115154996418238	0.366499655040209
SNAP47	-0.127369074196044	4.70087277852102	3.28861431022527	0.0712260812112354	0.287737952130206
SPCS1	-0.209019297332022	6.73270001364923	4.94383042852416	0.0272769421008826	0.169623759657273
SPCS2	0.127583114861811	6.06530651302967	2.48139660019463	0.116743794152144	0.369210475034493
SPCS3	0.0883442225079163	7.19162648916307	1.20705154674049	0.273207085762969	0.564895685928466
SRP14	0.0171651773154247	7.71909507818349	0.0466621982444336	0.829191616456701	0.92933912256044
SRP19	0.123398297578504	3.98390649318196	1.95486830531087	0.16357591040023	0.438773045285631
SRP54	-0.139277979785365	5.73108744905376	3.35324989494492	0.0685257485559285	0.282730445431815
SRP68	-0.241382307095058	6.43113524673558	11.2593785675163	0.000944114151410443	0.0231303844326338
SRP72	-0.0427875268656217	7.06737911670861	0.378243765245496	0.539227569087064	0.774155474418959
SRP9	-0.141373767225468	7.38801551679002	2.50204816943194	0.11524184245095	0.366572300335607
SRPRA	-0.0182024940236424	7.72580710890249	0.0484509740395093	0.826000268376949	0.928112556578175
SRPRB	-0.0469941702036967	5.86567198946272	0.224639478131592	0.636032406243917	0.831793988809061
SSR1	-0.0771562647862232	8.02788927589111	0.789019363405376	0.375439137104861	0.65885634495249
SSR2	-0.197837995241216	7.84668023796277	5.54763027352578	0.0194512708470249	0.140921242200605
SSR3	0.0878718639323369	7.7086957142723	1.03060201027469	0.31121544858335	0.603874646445331
SSR4	-0.0010581906282565	7.65073117419785	7.43133681644741e-05	0.99313029879657	0.997233754473626
STT3A	-0.121662452302394	7.42048100972412	1.97514718468433	0.161418110087837	0.436107177519406
STT3B	-0.125973986763547	7.65454286196145	2.02436780720353	0.156315142458461	0.428259685567284
STUB1	-0.169608238840123	5.09644673737716	2.6810069886677	0.103087483394081	0.346233058596565
STX10	-0.467615716749956	5.15550960999911	19.1102308780344	1.96178092002971e-05	0.00155457283527326
STX11	0.459828280332088	2.69974474093346	6.89175449903253	0.00931288211849514	0.0931022698460533
STX12	-0.174216685402404	5.8160936857264	4.95868517365126	0.0270492530712778	0.168806595585202
STX16	0.064902921925544	6.01143317374528	0.270086877422428	0.603834890147524	0.813525198462808
STX17	-0.0851574061081955	4.38641596531815	1.22352800162449	0.269967364950012	0.5610790539367
STX18	-0.304574774235976	4.86110291648948	12.6136986194855	0.000475160737843546	0.0152724376252309
STX19	0.260535692257437	1.8020797599205	1.09457031264202	0.296694324217895	0.588831749169065
STX1A	0.27708420532993	3.71170600299725	2.11507186686913	0.147386443726776	0.41536965697781
STX1B	0.0823927126581614	0.751348402674007	0.232216540371131	0.63039983813039	0.828506565866505
STX2	0.221135611143659	3.98651769185648	2.8508575527088	0.0928476558255513	0.327433805882326
STX3	-0.314707496987959	6.0779630164489	6.06127329045041	0.0146443913629585	0.119724177630586
STX4	-0.00911048753427668	5.22616879994466	0.0133476589450716	0.908136632178591	0.963041748132501
STX5	-0.221394932807806	5.47256248703392	10.0348042179263	0.00177107869667229	0.0343109803860849
STX6	-0.151060544008095	5.52004166711311	4.57029082846958	0.0337164596837318	0.190842237096054
STX7	0.04225551660871	6.24450214878957	0.320659385030396	0.571831795744124	0.79534893177089
STX8	0.0269811745879827	4.18898045748972	0.0989320434343664	0.753435288884874	0.894953376935631
SURF4	-0.158308342212609	8.4594020535168	3.38892694576921	0.0670826816588875	0.279489586498606
SVIP	-0.0326631512917125	5.42691645075742	0.0753616696224803	0.783961208890771	0.910194656441905
SYTL2	0.170899784893879	6.23806084633335	0.85171806908896	0.357153026475115	0.644092362499514
SYVN1	0.0318174524702424	7.177062338971	0.15381421753356	0.695324621003685	0.864900951950841
TBC1D1	0.0146941662460729	6.38088091876249	0.0152836323424538	0.901731898791262	0.960997767072885
TBC1D10A	-0.172686998533159	3.88310094119092	3.27354305189356	0.0718720952961508	0.288687461333757
TBC1D10B	-0.141348076535956	6.24592678787189	2.72888119108744	0.100081065785927	0.341002557685755
TBC1D10C	0.780279691086998	3.26059328148794	12.1565555675773	0.000598486747049956	0.0175982706795025
TBC1D12	0.0692151355467796	4.28791263565953	0.679074826766255	0.410864390511158	0.685596804629053
TBC1D13	-0.0823662700463934	5.23846493004881	1.05702557638106	0.305107604527064	0.597243103509059
TBC1D14	-0.365849751164584	5.02141771908412	10.2727857153432	0.00156622116515132	0.0315402987256461
TBC1D15	-0.0140312918564903	5.57269139492783	0.0346814823359727	0.85244905414932	0.940971190610975
TBC1D16	-0.355542376024819	6.61287784725184	7.35056888401777	0.00727357523013774	0.0811148067169032
TBC1D17	-0.0450274100053503	5.66199317863436	0.308671712123012	0.579102974247665	0.799853439669009
TBC1D19	-0.108800171509519	2.1037034197207	0.865855899738792	0.353200958422442	0.640754917264848
TBC1D2	-0.271194270100717	4.69448193831446	3.91126772826145	0.0493048554823764	0.235822643817838
TBC1D20	-0.0468447032458854	6.04947327953878	0.398319124451449	0.528662519350007	0.766449997044105
TBC1D21	0	NA	NA	1	1
TBC1D22A	-0.130690411028998	5.40311367223354	2.94761350965862	0.0875167227304573	0.317473051342919
TBC1D22B	-0.392367746142908	4.35139357371829	22.103555994326	4.74102461738056e-06	0.000527758819709363
TBC1D23	-0.0166519572460112	5.53222837007731	0.0560053891982648	0.81316137054441	0.923065829010674
TBC1D24	0.135588388608763	4.43220142361733	2.27944799858672	0.132640193209385	0.393821200244461
TBC1D2B	0.194614454961172	5.88242483233158	3.60974426534873	0.0588472643646587	0.26012976047233
TBC1D30	0.0820525746791256	4.33585531963162	0.20744761343021	0.6492579753476	0.839346731390888
TBC1D4	-0.0470228772358575	5.48870514085022	0.0825878420552209	0.774111251741985	0.905720544363693
TBC1D5	-0.0776773066653857	6.30497419633669	0.709444350526209	0.400611118877384	0.67820551881721
TBC1D7	-0.290326216067875	4.09074592262014	7.65651539474713	0.00617486469400048	0.0738981674044801
TBC1D8	-0.158340598424383	5.04515938207919	2.28543656972684	0.132135285116884	0.392897091908645
TBC1D9	0.229237471366227	5.0378093244683	2.6846392955552	0.102855927591769	0.345712255068812
TBC1D9B	-0.0319910800937259	7.36988858402022	0.147528358939379	0.701307218302205	0.867495814790257
TMED10	-0.102045642494972	8.42188224126899	1.84169206074838	0.17624690803605	0.453716500135255
TMED2	-0.0890135378237577	8.21926514111757	1.2857875073861	0.258151619409961	0.550774373311161
TMED5	0.0629071207273882	6.55031736300149	0.570715321951105	0.450842995442285	0.714114562988575
TMED7	0.0884770183262331	6.74266705639963	0.999973428920617	0.318497284197858	0.61169969987117
TMED8	-0.0587796049874499	5.23160950191706	0.501855526454259	0.479491698037526	0.733936235090297
TMX1	0.00185465942243669	6.00968740180121	0.000463089473581276	0.982852194346501	0.992512261019958
TMX2	-0.299335806125951	6.57608132147814	11.9303623090494	0.000671121785301895	0.0189972838761743
TMX3	0.0168862125164354	5.4270977735954	0.0330501489182155	0.855921894337847	0.942584555283745
TMX4	0.0317110240331724	6.37310435373415	0.0765519965590949	0.782304695959722	0.909419888569148
TOR1A	-0.131671152662825	5.32799057039346	3.55641202869	0.0607316555835439	0.264812460701284
TRAM1	0.254949112749811	8.30803957131383	4.76452557372909	0.0301894989355257	0.178723733308717
TRAPPC1	-0.0857233978810944	6.37278453976886	0.821800951946161	0.365719754093625	0.651127858709976
TRAPPC2	0.11019736185963	3.89260269923187	1.65822108065706	0.199297253135369	0.482951316151244
TRAPPC3	-0.0975233724281924	5.4019593468114	2.12832636529132	0.146130950763573	0.413607651177453
TRAPPC4	0.0646853264457839	5.13257410549267	0.497840861188754	0.481252349720721	0.73549936880227
TRAPPC5	-0.00465349097315775	2.04102519488012	0.00246983787577087	0.96041192467741	0.984451175176333
TRAPPC6A	-0.232415429509408	3.95757617472822	2.3705821243368	0.12518496668352	0.383199164934536
TRAPPC6B	0.0561462045961562	4.6058570958618	0.6710028085558	0.413654647492396	0.687472016793452
TRAPPC9	-0.0700801529173087	5.97822081697319	0.504536805304444	0.47832169489685	0.733217496461554
TUSC3	-0.551624324197326	3.71647854262496	7.17423375210987	0.00799651620858631	0.08581418235779
TXNDC12	-0.189657300171176	6.71809610163796	5.15833822039581	0.0241750417553319	0.158337210207932
TXNDC5	0.00551356440680043	4.492655951179	0.00141452546771818	0.970035137514082	0.988772085622798
UBA1	-0.035026379138739	8.93003965279809	0.175467767914287	0.675736553366197	0.853698102216335
UBA5	0.0303850029852193	4.96702827214663	0.152669921312055	0.696403080840742	0.865318810269931
UBA7	0.144923911710832	5.80743663593465	1.24262499348754	0.266272510011843	0.557881578224827
UBE2D1	0.176379686220774	5.14532851468058	5.39826062220251	0.0211382836041401	0.146975819432061
UBE2D2	-0.0339975982733091	6.41325924087	0.243002934997926	0.622573858911212	0.824144301362716
UBE2D3	-0.097295842406481	7.77851067683148	2.10830264074168	0.148032362476085	0.416103103933602
UBE2D4	0.0236779654206441	4.52286752530874	0.0801355725974817	0.77739977368059	0.907359620389698
UBE2E1	-0.0958193292539466	5.64686658684823	1.35744534770068	0.245336315039481	0.537814473949277
UBE2E2	0.191589200539238	3.87131791004367	1.55515911424783	0.213800058211826	0.501198418280659
UBE2E3	-0.0561412325431003	5.83259124539249	0.476975328173361	0.490577761493665	0.741385613124083
UBE2G1	-0.0188543172938754	6.05715814880559	0.077355815652578	0.781193896806891	0.908807206116168
UBE2G2	-0.0119483331070096	5.94522658712883	0.0269278290124009	0.869816651793583	0.948229972254698
UBE2J1	0.134152782378922	6.91136917702249	3.2133375731854	0.0745166161332777	0.293298739409388
UBE2J2	-0.249962036816634	5.40530693883172	11.6035414988026	0.000792270154401186	0.0209865555913712
UBE4B	-0.174700739840084	6.41955542388132	5.01575235473549	0.0261929031649109	0.165556212924316
UBQLN1	-0.234056301709579	7.20973178972074	9.04950481827186	0.00295718087415634	0.0475931370521134
UBQLN2	0.0676678987354434	6.34305655139955	0.723518391492904	0.395985861807605	0.674694308187768
UBQLN3	0	NA	NA	1	1
UBQLN4	-0.416988039356687	6.19655111144216	18.4302694271394	2.71918676871055e-05	0.00197102395958316
UBQLNL	-0.33715737886776	-1.49954968307831	2.10830488707442	0.148032147598361	0.416103103933602
UBXN2A	-0.0354908305713622	4.67662291430863	0.22734992220772	0.634004318328121	0.830505338393089
UBXN6	-0.0409815879860913	5.9062138190535	0.288385523876681	0.591840073350582	0.806602426158992
UFD1L	-0.117064484030462	5.8332699167556	2.20221018587389	0.139350808409654	0.403756930558166
UGCG	0.0712092732439674	6.0317077712947	0.449670571154138	0.503247128072214	0.750040057546466
UGGT1	-0.0299618252983841	7.32428283647155	0.15723625247328	0.692126851459251	0.862860374590752
UGGT2	0.0503166460957625	4.55439016700348	0.293661739902759	0.588472747510695	0.804750871217911
USE1	-0.109622775434574	3.84952517738943	1.07268736143294	0.301560909881321	0.593303899742173
USO1	-0.105299167062333	6.7867774257479	1.7787531594681	0.183784251005319	0.463495036345853
USP6	0.323626809021272	-0.0171312225400145	2.91985822893585	0.0890108955958303	0.320283946030558
USP6NL	-0.145044090848865	5.57367225177348	2.31958387361557	0.129297192496756	0.389460414895199
VAMP1	0.414105002744689	3.15423174037196	6.10468634886942	0.0142992988044162	0.118151378515901
VAMP2	0.173768373233106	5.90944634983189	2.85267124317091	0.0927445216252261	0.327360586770965
VAMP3	-0.110444835693903	6.86307528978229	1.8870553611451	0.171036576168097	0.447684881589927
VAMP4	0.0066243789600596	4.30087684384987	0.00692247441881887	0.933772679232549	0.972693298395668
VAMP5	0.294471260361584	4.04867757798316	3.87849020651789	0.0502572278014323	0.238789931281466
VAMP7	-0.122581207301164	5.71512885390212	2.10810840368976	0.148050943974094	0.416103103933602
VAMP8	-0.0502746791035756	6.44940149532693	0.187376715115164	0.665564610127373	0.847995505552333
VCP	-0.225474010097394	8.49516759921916	6.95045839090751	0.00902200859615819	0.0917544082366203
VPS45	-0.237149069608605	5.15244560069275	11.5101898812689	0.000830811613410414	0.0214508993714132
VTI1A	-0.137125999165996	4.59918408220862	3.5432078444247	0.0612081218626385	0.266038152229739
VTI1B	0.00658568912971761	5.96382491441301	0.0114993666040846	0.91470747310063	0.964985143544046
WAS	0.616918514853622	4.24200745139774	7.92539511285436	0.00535063332096571	0.0679597263866328
WDR38	-0.033921806497487	-2.39447581767061	0.0155941014275189	0.900743966396052	0.960288204420738
WFS1	-0.58089759365406	6.36619104179678	11.1881827718343	0.000979063945914467	0.0236910449805899
YKT6	-0.0877956444416711	6.55497183022239	1.31673961269755	0.252517076728902	0.544641629740054
YOD1	-0.171130391013807	4.93219230546162	1.49861438974223	0.22229143450844	0.510204493604218
YWHAQ	-0.0962480057799534	8.23714457893296	1.9260580936751	0.166698779642953	0.442600867647822
