pspGenes	logFC	logCPM	F	PValue	FDR
A3GALT2	-0.746261436457831	-2.3951322777409	4.26074297607485	0.0398999837356462	0.188173917818976
ABO	-0.719030928805475	5.16659510476593	2.00825008370966	0.15752860825806	0.410671637554066
ACAP1	-0.246186858659302	4.11341141281074	0.989909230931696	0.320601349869792	0.595133209911744
ACAP2	-0.239674339646788	6.37137113735443	2.08829789550817	0.149520609339509	0.399916265583346
ACAP3	-0.239281397463585	6.13189416106494	2.09929960971753	0.148456623173384	0.398263736861406
AGAP1	0.387283515550626	5.08678196889322	5.29334435731286	0.0221228831414285	0.133252023910028
AGAP2	0.0742284907148999	2.65939108880673	0.10438816101706	0.746860801215013	0.885776636515221
AGAP3	0.290299032597742	6.39436923742155	4.13277977492335	0.0429789630421601	0.196128925654053
AGR2	0.100711845950641	8.36604655396429	0.0255277050577552	0.873171380989692	0.944338471559453
AGR3	-0.609470290067426	3.92040444753648	0.459111571766903	0.498584467021512	0.736409849331333
AKAP10	0.021228909069218	4.65164985916072	0.0454306180052973	0.831365269459035	0.925449279177965
ALG1	0.293719119508301	4.37922542347703	6.29536530741189	0.0126556796964528	0.0943552916328568
ALG10B	-0.0730949900586183	3.86752775061668	0.253381760347732	0.615089385593492	0.811840216898355
ALG11	0.0631217224541017	2.61441678207908	0.173024120258179	0.677748419123474	0.848173816921409
ALG12	0.0468492952793177	3.90601617052855	0.102218377138343	0.749415808880595	0.887051872982177
ALG13	-0.113232527189204	4.89144119420574	0.84551731540477	0.358594542917784	0.628608852048726
ALG14	0.182563023474356	3.36236414205628	2.39033773750283	0.123187457660272	0.358645625720775
ALG1L	-0.485590837728371	4.30991383521521	2.11528513872163	0.146925922314015	0.39596276044818
ALG1L2	-0.253937901583712	-0.224324721602713	1.1059117185175	0.293855628541243	0.569328411798512
ALG2	-0.0093858595455881	5.13451094943428	0.00663935855942618	0.935115138292043	0.972609911615283
ALG3	-0.0984253367530145	6.46632664224276	0.38808589273003	0.53380118378566	0.759914492485189
ALG5	0.218165604643924	5.00877344857944	2.8717998685789	0.0912270261633957	0.302230896742983
ALG6	0.0271443122563446	4.87086300276451	0.0658702304318094	0.797631053535492	0.910452941531165
ALG8	0.0874340404110956	5.04663413433176	0.444033728849564	0.50571639275991	0.741037113585376
ALG9	0.216971926226783	2.66705679059188	2.82672657702465	0.0937932769916533	0.307007251834609
AMFR	-0.153237060063738	6.53278539623128	2.05890346035437	0.152406129637768	0.404002650426227
ANKFY1	0.0346237720564331	5.94872346965672	0.0705573941720799	0.790717342230565	0.906786194759568
AP1B1	0.0937629108102069	7.29828373343251	0.994581836224437	0.319463874924642	0.593993787988077
AP1G1	-0.0810506694563617	6.68899102230661	0.604616684019697	0.437461434544676	0.692553769870633
AP1M1	-0.0025760546726274	5.66246293702703	0.000556138925991165	0.981201915281928	0.992279197735011
AP1S1	0.143415725370755	5.97980290083352	1.02683941164208	0.311754338172583	0.58695973138995
AP1S2	0.361281833108056	4.4382082051539	3.61893392117796	0.0581247844826112	0.23420710625092
AP3B1	-0.0554503565574176	6.03390138685218	0.292154687258252	0.589261610649664	0.796643365929152
AP3B2	-0.212213154926388	2.3841189970999	0.196536851791364	0.657864318504497	0.836787709357978
AP3D1	0.129229405124225	7.47965988113847	1.36052092429422	0.244414027619893	0.517408647233935
AP3M1	0.0179845367363765	5.58963071534573	0.0341613381385662	0.853494389699683	0.935484988947449
AP3M2	0.157486525216761	4.72675681098732	1.76032303995176	0.185637241070043	0.448008089959453
AP3S1	-0.129708182164354	6.05214746466524	0.860919169548903	0.354260031381575	0.625061120279223
AP3S2	-0.210213620153301	4.44275964219171	3.42487940705009	0.065246807140304	0.250289396368092
APPL1	0.269474172105596	5.70693268011573	4.09967113438507	0.0438158312888549	0.198465435228865
APPL2	-0.0113084824239203	5.64411441231091	0.00545350607550985	0.941182808262653	0.974802814542211
ARAP1	-0.108253894143377	6.8671077992358	0.833641190405627	0.36198689749505	0.631604556335638
ARAP2	-0.823032900518177	5.45650634208453	15.5176439081448	0.000102660754340879	0.00363379803376378
ARAP3	-0.4259333617942	4.94763340014095	4.9436608383712	0.0269638518342169	0.149761895791505
ARF1	0.116629563954855	9.10381899634502	1.58022412274846	0.209748858592784	0.4766797112748
ARF3	0.111882330033092	7.71730755873235	1.92027762860116	0.166900222060583	0.423723933382795
ARF4	0.167381738123128	7.61025584348592	1.19721349033435	0.274795347978266	0.549718102809779
ARF5	0.141252671112561	7.41452961435408	1.32361928652575	0.250899713714532	0.524569463841297
ARF6	-0.183339206672214	8.02944907337871	2.33456533872975	0.127629913177281	0.366346955575279
ARFGAP1	0.261326398541849	6.76469040980262	4.12315891510516	0.0432203871661585	0.196745099869441
ARFGAP2	-0.00492303121382425	6.7353202598585	0.00264916414986384	0.958986729906637	0.98189560448596
ARFGAP3	0.0537989362672966	6.27984704315076	0.160183730353917	0.689284689498357	0.854771126735652
ARFGEF1	0.221361966264275	6.23555209113983	3.60821800875009	0.0584955456252851	0.235181345728744
ARFGEF2	0.330478401814624	5.95492359237818	5.65858237991216	0.018023289604062	0.11755780329301
ARFIP1	0.170542125029463	5.26819704803943	2.09650989160013	0.148725603767348	0.398737409934664
ARFIP2	0.24856550639933	5.86052376189252	4.85343530251402	0.02838444595907	0.154405660220299
ARHGAP1	-0.161391308596418	7.06301445807268	1.99827525278562	0.158560342708186	0.411824025520231
ARHGAP24	-0.531005134298341	3.23008446541844	2.35178758627874	0.126239293749425	0.364131792377172
ARHGAP5	-0.0293457915067356	6.584131173945	0.0455919645181224	0.831070612781975	0.925246463841215
ARHGDIA	0.167072940320652	7.82038941699799	2.44486436388573	0.119010295578223	0.351584906074293
ARHGEF1	-0.0606445122448896	7.14193229153759	0.232956307594901	0.629707738038633	0.820164280950866
ARHGEF11	0.044094989209033	6.07162900867115	0.115031595094797	0.734734524054195	0.880236727405971
ARHGEF2	0.384978888015196	6.19856308726091	10.383264739659	0.00141783275119855	0.0240932420571481
ARHGEF6	-0.183489896772519	3.39911377575477	0.631358803501118	0.42751286167387	0.684951910076318
ARHGEF7	0.197572741813409	5.7392252396425	3.90509433051758	0.0490958544617306	0.212099374783979
ASAP1	-0.210813997656146	5.62932845061957	1.76907090681837	0.184551455958097	0.446462801949914
ASAP2	0.122227655492752	4.65765254542929	0.223018643186077	0.637107742297466	0.824279348594689
ASAP3	0.295481964788785	4.84178889530834	2.07300572064176	0.151013947301343	0.401654718775756
ATF4	0.248822198248732	8.43089993687128	4.36828042369932	0.0374925612020476	0.181523737497402
ATF6	-0.0792480145605857	6.10742706649476	0.735769427645931	0.391734078796106	0.655117043402687
ATF6B	0.0313045126500467	7.23040926704049	0.0680619370107725	0.794366587631215	0.908583462995659
ATXN3	-0.173449638639171	4.86645537929328	2.42875477849671	0.120227768686662	0.35340711658457
ATXN3L	0	NA	NA	1	1
B3GNTL1	-0.0164216147643275	2.9202866477705	0.0102733155245865	0.919337442338536	0.965384656440406
B4GALNT1	-0.9614156518885	3.09933414496835	3.36417393043118	0.0676625915270438	0.255045015936533
B4GALNT2	-1.06095498963444	2.05382908953857	1.6286729288435	0.202916868064908	0.469069727695718
B4GALT1	-0.307129009678123	8.58714093226912	1.75035110409471	0.186884060224424	0.449675113959467
B4GALT3	0.106581109067927	5.79396112330614	0.951479552293396	0.33016313666407	0.60400418924171
BAG1	-0.464297911336201	7.27289234642888	4.79617448287423	0.0293264667369815	0.156736476434322
BAG2	0.438850217248248	3.7502378097344	2.72866739241834	0.0996534123319522	0.31877270955759
BAK1	-0.0776908846371491	5.82197859826322	0.228339966184733	0.633120633448926	0.822307192390417
BAX	-0.0199731012069852	6.4633881388788	0.0291355200524046	0.864586586751889	0.939867317553594
BCAP31	0.0473685080505195	8.61603860040672	0.100341349421651	0.75165031327803	0.887709904450053
BCL2	1.87792156754429	4.07644780795876	59.3724217277024	2.13071076122597e-13	6.48939296313151e-11
BET1	0.117440548845944	4.45659505728522	1.19192021426224	0.275856780390523	0.550480253661441
BET1L	0.297310986471149	5.6698370924245	8.64067343464987	0.00355421535657755	0.0428958168536502
BNIP1	0.134641260541355	3.55091764798901	1.26307139552141	0.262008199956657	0.536152737370795
CALR	0.0475649439337521	10.4219925177537	0.145848301612513	0.702817039457506	0.862749657047557
CANX	0.229242850695789	9.1586235597073	3.59962715295948	0.0587946063927091	0.235850304452999
CAPN1	-0.068698263986567	8.80736369911537	0.266270424974139	0.606241334274331	0.806988334203812
CAPN2	-0.583288865831031	8.66722772619261	12.9893191575572	0.000369115111103717	0.00955565199625304
CKAP4	-0.00544661513781734	7.64687555774776	0.00124235372914154	0.971907217747475	0.988130724799373
CLTA	0.149717787343114	7.43047140105057	1.40189709090084	0.237384345088589	0.509611570250716
CLTB	-1.00380331495884	7.8198852140301	17.2063249662854	4.41955816656339e-05	0.0018695019904574
CLTC	0.263442567173142	8.59448166644292	7.03197763938262	0.00845112279421564	0.0733677622054509
COG4	-0.178107967411722	6.60194919869105	2.66457699780663	0.103700037894224	0.326284536893104
COG6	0.132454257424192	4.44981111206285	0.912677583065594	0.340207699401361	0.612432250481156
COPA	0.0760645557485994	7.93541113704205	0.472945910841773	0.49218955903075	0.731698823026763
COPB1	0.166218273078627	6.89353599105002	2.01987571954059	0.15633578828267	0.409248286261819
COPB2	0.00758221455048351	7.72600724867851	0.00452482746536263	0.946416040190625	0.976672982877098
COPE	0.0281984795871207	7.29190941702265	0.0444748762431386	0.83312200571301	0.925941225680554
COPZ1	0.0559450243143193	7.50103915887451	0.25708122627276	0.612521257347984	0.810558212453336
COPZ2	-1.29865599077699	4.36551149850586	13.3036697689305	0.000314419926357715	0.00842619363721381
CRYAA	0	NA	NA	1	1
CRYAB	-0.569403894019612	5.69172445393315	1.26769697654937	0.261138313821478	0.535345950919418
CTBP1	0.104097217294714	7.06477124713003	1.12700731867489	0.289305696104239	0.564567002920741
CTSA	0.251669334382556	7.52251849595105	4.03704265401594	0.0454463775911227	0.203214126662624
CUL1	0.20257352506089	6.27293113248291	3.93498547338223	0.0482427125347086	0.210147626131337
CYTH1	-0.125034569438558	6.35856965571653	1.17744791873601	0.278785364886834	0.553453365361565
CYTH2	0.0674460000298148	6.58659173241742	0.425839544754331	0.514559031531495	0.747087278030873
CYTH3	0.00268067262015016	4.75766360081223	0.000214998702652995	0.988311341981966	0.995231212899842
CYTH4	-0.186733842010165	3.91593642585985	0.542663471577446	0.461931773083824	0.709871170698921
DAD1	-0.0566360804530256	7.09300161652456	0.191207407946622	0.662241930385005	0.839555395120783
DDIT3	0.431937625418552	4.80789724488705	5.56163558472258	0.0190278109552593	0.121328071430974
DDOST	0.205915180812825	8.22435498263857	4.38078083874779	0.0372228178234614	0.180928334174572
DERL1	0.0767231524884374	6.47644544660861	0.657386314928058	0.418154972706909	0.677844040580416
DERL2	-0.0562026766340458	5.630742790542	0.219152983206353	0.640040821064696	0.825908522366806
DERL3	-0.354688564011678	4.91126679351015	1.56243626385733	0.212325551754343	0.479998609781687
DNAJA1	0.121069140770349	7.92502555328977	0.746882350214559	0.388185681549957	0.652215820756647
DNAJA2	0.0944522991526064	6.31081698687192	1.07707654257663	0.300224688533485	0.576483097397657
DNAJB1	0.313134457777395	8.23889845817459	2.68543428461344	0.102363637250147	0.323722189241609
DNAJB11	-0.240310348029367	7.38692870710527	2.90450160529477	0.089413148575801	0.298715872515119
DNAJB12	0.105497799541875	5.78601116796422	1.32895563675583	0.249948842953357	0.523778344189642
DNAJB2	-0.358263126921525	6.98303666808294	4.45466473557465	0.0356696773239034	0.176026308214409
DNAJB9	0.174853868929936	4.69951275647712	1.43768148467123	0.231502381652836	0.503497487465321
DNAJC1	-0.371178422968913	5.33431627495182	7.69287615786779	0.00590662276512736	0.0589672586200879
DNAJC10	0.339850998888513	6.82184701635346	3.80290438625342	0.0521356782263184	0.219637336861512
DNAJC3	0.0505253124406373	6.259627474149	0.135077786041248	0.713494694384678	0.868950476969918
DNAJC5	0.278860768304882	7.18490817125197	4.84046793733989	0.0285949657048149	0.154907669628395
DNAJC5B	0.992298883943511	-0.649977034737436	6.99137800883435	0.00864019455640073	0.0742384813652098
DNAJC5G	-0.647077512944501	-2.44695147284706	1.40009207775636	0.237685823095728	0.509849862142465
DNAJC6	0.170853383178339	1.47745597045594	0.176126541542071	0.67503686901485	0.846813315716332
DNMBP	-0.165872985152246	5.27373206383414	0.849933763038896	0.357344201368189	0.627496214871148
DOCK5	-0.317431200277165	5.27279833282519	2.01795038997482	0.156532617630543	0.409248286261819
DOLK	-0.168397262699183	4.49855378653582	2.20695569043979	0.138485432402213	0.382902904471373
DOLPP1	-0.084876624422652	5.1197758218025	0.56324076850309	0.453571305162246	0.70412892468459
DPAGT1	0.356464401268964	5.27382334062309	7.51075594583565	0.00651713029750464	0.0624872107932593
DPM1	0.199176582230995	5.69494372753393	3.61592762061735	0.0582285458173589	0.234472016506422
DPM2	-0.126453059746065	6.10186450655608	0.83667267413665	0.361116766172679	0.630638885771608
DPM3	-0.0526508716619437	4.9327659739472	0.0540513852873441	0.816323255297677	0.918678869650881
DPP6	-2.29220591859496	0.0402240076991288	9.37803753068558	0.00240393004525217	0.0336758338806755
EDEM1	-0.0847985439012563	6.09391536019749	0.364056279894296	0.546737863288953	0.76792456338401
EDEM2	0.153546895696807	5.3732223709953	1.48163272911015	0.224517600661026	0.494706923645643
EDEM3	-0.176902254599386	5.82221673993348	1.21961532186806	0.270359732949904	0.544844524879893
EEA1	-0.388104432135098	5.25195173586421	4.79601854109951	0.0293290764422154	0.156736476434322
EIF2AK1	0.269515548368606	7.50609185314879	11.3515227047277	0.00085686372658831	0.0171293344817901
EIF2AK2	-0.238177048046942	6.78828004942834	3.09520428013634	0.0795871260891016	0.280148481918914
EIF2AK3	0.176694818634507	4.76453958726422	1.65876079843741	0.198806565498162	0.464755677046814
EIF2AK4	-0.0512015594360917	5.60398057467458	0.160063415681777	0.68939528607345	0.854826380202581
EIF2S1	-0.128833463199346	6.62922046054102	1.38817822099388	0.239687451179964	0.511975112461609
ERLEC1	0.232607949928248	5.8666807728663	3.36204611111667	0.0677489927322671	0.255296349905812
ERN1	0.0991711704600317	4.64866280859153	0.371715141609517	0.542552475584193	0.765052480414162
ERO1A	-0.241745319175667	7.74342512737908	1.18556467963451	0.277138064442012	0.552100824338193
ERO1B	-0.0655464235670613	3.64002083925089	0.0643288267613785	0.799961740871936	0.911602520720745
ERP27	0.785742315636387	2.59895795851139	3.8394870757138	0.0510250830616379	0.216831475755036
ERP29	0.157719167078131	7.79661626963305	2.00428824302066	0.157937475315857	0.411129847535922
ERP44	-0.205866642150828	6.65607991165838	3.41034280148842	0.0658167371083307	0.251604207067405
EVI5	0.142887217132934	4.00438151683784	1.37353142927114	0.242176498834085	0.515157370732686
EVI5L	-0.174081226133687	4.77984265128	1.40933508186126	0.236146932398998	0.508303964907729
EXOC1	-0.00704351880721118	5.54513993652379	0.00419296605112768	0.948415579532422	0.977434037043146
EXOC2	-0.0836484249089227	5.21277479525929	0.513137484926718	0.474365368786687	0.719117565564781
EXOC3	-0.275328186855541	6.51759723136346	3.76572600449409	0.0532907486410608	0.222234492584734
EXOC5	-0.11797665517815	5.92581083555363	1.09063746734512	0.297207454666269	0.572989766636906
EXOC6	0.244652894626305	4.04863115158867	2.70922279743527	0.10086248880341	0.320826055952888
EXOC6B	-0.534377924764485	5.67331857512695	5.92318836156504	0.0155521520079787	0.10702129483853
EXOC7	0.125373726981416	5.93423865681247	1.14937132224928	0.284580047966928	0.559008742338973
FAM71B	0	NA	NA	1	1
FBXO2	-0.444444800671693	5.06404933228641	0.965329475329492	0.326673989505932	0.600762679571611
FBXO6	-0.206416676316152	4.7259189854624	0.917388633483263	0.338966444694389	0.611831750102653
FBXO8	-0.199893208815949	4.18880151099558	2.62617254112361	0.106211270545052	0.330997637157854
FUT8	0.123472042135004	4.74432164263427	0.347496139269573	0.555996966571889	0.774523147277752
GALNT1	-0.508909120582433	6.90039394860095	5.79059184751311	0.0167432238320118	0.111900579251457
GALNT10	0.015246441468859	5.75250646207874	0.00460218073325035	0.945960662955424	0.976592344974876
GALNT11	0.725787630224978	5.24967672020375	22.0640414171703	4.09146723438285e-06	0.000257087145057532
GALNT12	0.251691433760088	4.60409194643897	0.539348987638684	0.463301304438292	0.71045230659873
GALNT13	0.663911485778344	-1.54461394969373	1.84492413142425	0.175439970010021	0.434037048943615
GALNT14	-0.411460712991759	4.95735760870068	0.958734537879593	0.328329264632035	0.602102097519485
GALNT15	-0.974682364092309	0.926097186558718	4.8555519769881	0.02835023696793	0.154311473923323
GALNT16	1.23701078335644	1.93865996485555	7.23938818985918	0.00754955254491858	0.0683309092286564
GALNT18	-0.165575796953632	4.33835433438749	0.288892612371523	0.591346887479634	0.797956123172936
GALNT2	-0.446470783043196	7.53284394651945	4.17254654623761	0.0419960874327639	0.193176032597618
GALNT3	-0.140485180616867	6.35112779559207	0.420730890596903	0.517090414339174	0.748933459013793
GALNT5	-0.798884826315685	4.11275374891488	1.8564339466392	0.174103492512863	0.43253464798865
GALNT6	0.0920995588825482	5.91350760374343	0.0858308418254534	0.769757216915834	0.896733582524783
GALNT7	0.234884333669475	5.94230591101062	0.841870104264142	0.359631659247204	0.629442343383
GALNT8	-0.740270649237405	-0.189786849434681	1.24566783013219	0.265313631418802	0.539717058790661
GALNT9	1.22021329905197	-0.300991464272914	7.71264080429394	0.00584399835127822	0.0586848699861642
GALNTL5	0	NA	NA	1	1
GALNTL6	2.13542337255991	0.523731128935585	16.108111823696	7.63801324694625e-05	0.00286985322114578
GANAB	0.0749444473086594	8.92753427543493	0.585024366794412	0.444977117491942	0.698122153622975
GBF1	0.0581455811640502	6.53676301757365	0.372707742706952	0.542014380569062	0.764664302201465
GBGT1	0.456817161869582	1.98349213603959	3.50863816660042	0.0620643592875631	0.243184824161712
GGA1	0.347568485091474	5.92632705579823	17.3820759208712	4.05042586354035e-05	0.00174181768696566
GGA2	0.0108424838973935	6.60822962458975	0.00873855320685937	0.925587177982443	0.967837929964279
GGA3	0.18895011969452	5.70546313326739	3.3035519689651	0.070171253527076	0.260779990139096
GIT1	0.165100429779362	6.68358221973346	2.48902694979886	0.115742409877358	0.346718295175313
GIT2	-0.0357879077665754	4.45798186083968	0.140307953988467	0.708251242172365	0.865967225794249
GLT1D1	0.502683492330103	-0.280334758848464	1.65876648077247	0.198805798566242	0.464755677046814
GLT6D1	0	NA	NA	1	1
GLT8D1	0.296911810004642	5.40657289567515	7.37086813000181	0.00702984113715998	0.0652699535124304
GLT8D2	-1.42205191656412	2.7438852718063	18.2950902987923	2.57839374423379e-05	0.00121943366991684
GMCL1	0.136409653038068	5.15498652771738	1.81194651251432	0.179335507842056	0.439144686626479
GOLGA4	0.22457577960481	6.51126273564735	2.35306011179642	0.126137216777937	0.363959013369062
GOSR1	0.0835581437973346	5.61528298728482	1.51090494297785	0.220006297278094	0.489390189374058
GOSR2	0.059915928991456	4.15774125387052	0.42578695710206	0.51458497866359	0.747087278030873
GPAA1	0.0116438712471507	7.17583529699192	0.00746286628764451	0.931218222600757	0.970701725254213
GPLD1	0.434762338395993	-0.192214115243513	2.40470056084257	0.122071534859873	0.356438968469704
GXYLT1	0.129363999437232	4.23351119619162	1.24019360126639	0.266364088734688	0.541112826104623
GXYLT2	0.83907750731017	2.36506710991187	6.26976548628385	0.0128357586768836	0.0949103117631806
HAS1	-3.96209575517804	1.21542288285517	14.3697062721904	0.000183024505827423	0.00566085831166109
HAS2	-0.255950346379311	3.34174010211229	0.231850588568976	0.630521383754282	0.820553652214761
HAS3	-0.738431891770845	6.56396904608153	2.37265310962872	0.12457712356104	0.361066970580963
HERPUD1	0.250294456429742	6.32660154487554	3.01501431224221	0.0835681294790182	0.287250025045141
HSP90AA1	0.0712657318733297	10.4551507418409	0.344451822451665	0.557731403437181	0.77613672171219
HSP90AB1	0.358257281625708	10.3445132523406	7.925174358469	0.00521210528722223	0.0545873298099577
HSP90B1	0.282182821546747	10.1133032497846	5.05977241761965	0.0252442588203077	0.144361248584079
HSPA1B	0.624081187523083	7.58884086425777	9.57098267360778	0.00217130242947149	0.0318113623622852
HSPA1L	-0.00324796524657539	1.18872681539466	0.000461048005716653	0.982884013475828	0.992778046853774
HSPA2	-0.813561813509781	6.7568423238404	4.59415290334992	0.0329203640845793	0.168348802572658
HSPA4L	-0.807474669187129	5.70446808069121	7.51107910177912	0.00651599144855645	0.0624872107932593
HSPA5	0.255496664206863	9.71145140673086	4.19363512695445	0.0414845277025134	0.192085754455852
HSPA6	1.38389224554418	4.57472160586921	16.133112118104	7.54316477879348e-05	0.00284450869751265
HSPA8	0.30871959925301	9.89937561192483	3.51843756742012	0.0617030389948076	0.242539974718733
HSPBP1	0.171019625177653	6.18646819292157	1.21046794487574	0.272159980824477	0.546854826419128
HSPH1	0.392035392389107	7.38929716982047	5.88712112661177	0.0158671643171952	0.108353772050527
HYOU1	0.471533321198223	7.31928594460049	7.31831255508597	0.00723302150623141	0.0664708770867301
IFT27	0.169279264370892	4.6827116067148	0.788983705615054	0.375150261777897	0.642235813841171
INPP5B	-0.0517987267832277	4.6116341170395	0.193808371275172	0.660096515939529	0.837937995790312
INPP5E	0.0223506415931596	4.40790110513509	0.0330743274535946	0.855818040368179	0.935956551109297
IQSEC1	0.247007454823754	5.2321937375478	2.51689134075409	0.113731825216222	0.343959052709995
IQSEC2	0.138381128763437	4.44112562612151	0.71362742230135	0.398944766511816	0.660891997694778
IQSEC3	-0.185748882248319	2.06700943986761	0.124003680166819	0.724990127665124	0.875716335624551
JUN	-0.138615137512545	8.43148034438852	0.331007479418722	0.565516527542378	0.781077948423266
KDELR1	0.177088286936796	7.83352399434355	2.20036234696232	0.139073888977157	0.384036782703001
KDELR2	0.0873580365558891	8.07855809116431	0.51942400111542	0.471673187687105	0.717086076529875
KDELR3	0.315506904624035	4.47109887744963	1.38398830987646	0.240396273599078	0.512984132846996
KIF20A	-0.0381307795097219	5.96585663504621	0.0530740517018689	0.817961875043515	0.919633810439358
KIF23	-0.204887490683313	5.81990475988237	2.01869942621938	0.156456008929075	0.409248286261819
LARGE1	0.742545480222666	3.97662543470413	5.72173442441305	0.0173986997522614	0.114726831173343
LARGE2	0.493956787658037	4.96066659595767	3.46205415448896	0.0638132601404102	0.247058659717238
LMAN1	0.0735575966123816	7.3098944734104	0.318796690102811	0.572772018557144	0.785449383379345
LMAN1L	0	NA	NA	1	1
LMAN2	0.0452251948414864	7.74189965743904	0.116160515055527	0.733485583483771	0.879447759521954
MAN1A1	0.392811880298734	5.0105213755488	1.87238106054336	0.17227117863825	0.429793759662293
MAN1A2	0.034638514849367	5.77596678744645	0.0890972077748757	0.765543679983927	0.894800117751396
MAN1B1	-0.0974291531158708	6.74928062325719	0.575405864049919	0.448740236133402	0.700576451086125
MAN1C1	-0.106881360334056	3.42025938348222	0.16082496937602	0.688696056547949	0.85449142161099
MAN2A2	0.251953318690441	5.35157472640747	1.98059380421873	0.160408246810571	0.414887852283805
MAP2K7	-0.0219685059715777	5.66469803620013	0.0458915937042578	0.830524862360945	0.925031660285
MAP3K5	-0.313959633877941	5.63828100898197	2.7792290261814	0.0965832330555526	0.312301787125721
MARCH6	-0.0647505409551346	7.29853265190774	0.219675491767144	0.639642529837334	0.825721009348858
MCF2L	0.420483573807807	4.92310001023671	1.49985788939891	0.221695908881431	0.491692152171305
MGAT1	-0.0472323703645598	7.39551068772405	0.164676068304965	0.685189259799033	0.851959198409999
MGAT2	0.0757976045765044	1.84777453961872	0.105251838720107	0.745851951260291	0.885264281050567
MGAT3	1.22912211715557	3.93622595673544	8.21233056088663	0.00446782909617539	0.0497090517798388
MGAT4B	0.690314927364994	6.8023861913369	32.2276200875712	3.35072675056996e-08	3.83821301410421e-06
MGAT4C	1.20138424878602	-2.1325861875939	5.0320387062748	0.0256442944635403	0.145875520780517
MGAT5	0.555234768767899	6.08070090349614	11.4984341073623	0.000794139019749939	0.0162519137891592
MICAL1	0.156579634242174	5.14006935704866	0.825658075224238	0.364292248987709	0.633321989241407
MICALCL	-0.227304930750414	1.66612235119674	0.472296771315354	0.492486529249525	0.731939362131356
MICALL2	-0.146890353486549	5.98011530106892	0.701081875227092	0.40311600696213	0.664197249760414
MOGS	0.303016498575713	6.43379661601861	11.1245495039748	0.000963839300328932	0.0185735356781398
MON1A	0.207404897683161	3.63610551713344	2.36230623647204	0.125398291910791	0.362797382765597
MYO5B	0.288377713460697	6.12652181002579	1.83456106440979	0.176653459948295	0.435726726577767
NAPA	-0.0606086167040748	6.45381691756617	0.256097143312091	0.613202118572774	0.811003190232553
NAPB	0.0420335692061678	3.82306446131932	0.154630440798414	0.694440528057731	0.858075888785639
NAPG	0.160771260707615	5.15743480526421	2.133994800567	0.14515704545176	0.393337318104535
NCKIPSD	0.264745976311622	5.11871586156442	4.12492665873221	0.0431759204002204	0.196684152040875
NDE1	-0.156867921049703	6.13619886453963	0.857575319426149	0.355194936358257	0.625727933629864
NET1	-0.0847727848693978	7.77238250282521	0.251449137781448	0.616440351893009	0.812711745253932
NGLY1	0.405317193520618	4.93441199732472	16.3980525878559	6.60838182686072e-05	0.00259208770808743
NPLOC4	0.0337513790044454	7.36208031640477	0.11390615307824	0.735986439744811	0.880707079232396
NSF	0.155699825106956	5.47201708133702	2.12599378314763	0.14591052039578	0.394382167486732
NSFL1C	-0.277054651056193	6.98191536755668	5.01775438205292	0.0258529124262732	0.146483464742021
OCRL	0.132031998864417	5.4995855993886	1.11723770183321	0.291401518651705	0.566777048448936
OPTN	-0.0111238470031432	6.82708335792362	0.00479125962636474	0.944863485918619	0.976124012121826
OS9	-0.143290080324644	8.23746920241633	1.98751691837707	0.159681786656177	0.413574177796557
OSGIN2	0.292813090583885	4.52673889145426	5.62787739833818	0.018335339009757	0.118674241623868
P4HB	0.233563247833761	10.1124856209322	3.06931935142486	0.0808492231702495	0.282246910619971
PAK1	0.100881255330535	6.30318617175834	0.567288022343936	0.451955026109068	0.703179981724355
PARK2	0.593831102945398	-0.467949894359619	3.1283610297463	0.0780015484842789	0.2769204727319
PDIA2	0.63204337950042	-0.155733064929505	2.12895659379813	0.145630990218707	0.394031675876033
PDIA3	-0.11490062030814	9.41336237784563	0.664279240357355	0.4157280243625	0.675730965950675
PDIA4	0.584334454389422	8.37568366962774	15.4201319417004	0.000107810219481726	0.00375638083706986
PDIA5	0.248318520347089	5.12385969093132	2.31697795549992	0.129067720912409	0.367985149667449
PDIA6	0.36481147877311	7.95310402007716	5.5470792444191	0.0191835883950994	0.12181721843633
PDILT	0	NA	NA	1	1
PGAP1	0.308555536141108	4.28118698021282	2.26500688275625	0.13342361709343	0.375116268387783
PICK1	0.218094572581973	5.25570571439324	4.12005812130747	0.0432985032286523	0.196939127828054
PIGA	-0.213266912905729	4.62360448503975	2.22583052065384	0.136816301105046	0.380359976222248
PIGB	-0.300010777557071	3.18724274362985	5.76068091815364	0.0170247496228105	0.113009414932133
PIGC	-0.0745348575630584	5.22325509995731	0.461246787227206	0.497588335032626	0.735735055752121
PIGF	0.189521677817912	3.69764195708663	2.49824809670334	0.115072718703247	0.34579251790942
PIGG	0.114571815920001	5.28631662798037	1.0585184725811	0.304418264033856	0.58006359127211
PIGH	0.0765736251885678	3.78683629216007	0.447231995362364	0.504189073049249	0.740048216863983
PIGK	-0.0853755795602549	5.22260716282491	0.574260043265102	0.449191827617272	0.700801034128587
PIGL	0.327829068069692	2.89031174094619	6.25691721716857	0.0129271347896489	0.0952923861867081
PIGM	0.0976983567643676	4.11157216167352	0.573855643918787	0.44935137915141	0.700898264955817
PIGN	-0.150899582292516	5.0637918661395	1.06788003624621	0.302293410224531	0.57840093317725
PIGO	0.106187725825892	5.40855161617585	0.74899632756977	0.387515899711189	0.65166365141101
PIGP	0.139917808253302	3.8277635543118	0.8853327517747	0.347535271056719	0.61911595768761
PIGQ	-0.0135960824230222	5.79464280383992	0.00988040955549164	0.920889769840025	0.965964115138516
PIGS	0.073767836271038	6.25925186779934	0.38619884778748	0.534796765860348	0.760530546427819
PIGT	0.132123267204623	7.40372407455456	0.815645269282541	0.367212666179359	0.635212780932402
PIGU	0.0934280321386184	5.54434603753915	0.456413074870072	0.49984823285841	0.737111745181216
PIGV	-0.104678373783824	4.02503553456114	0.87029853909632	0.351655599400201	0.622399822272982
PIGX	-0.382954003429922	5.84296269924365	3.77586276766494	0.0529731398249829	0.221454782432907
PIGZ	0.364609326963786	3.38488760097372	2.48960999230818	0.115699938293277	0.346707156986561
PIK3C3	-0.0790463339323751	5.04488153730029	0.55412873328264	0.457243696252148	0.706103842076807
PIK3CA	-0.402639217722073	5.30310788486665	6.7138459487366	0.0100549927849137	0.0818984541399338
PLAA	0.0206083104674322	5.49019043386808	0.0384837269483432	0.844613610952787	0.931312597339882
PLIN3	-0.437874072623423	6.8561254184882	7.45108571457769	0.00673096170505053	0.0638282551722887
POMT1	0.332096121264029	4.89359105562922	7.98589262013342	0.00504478015725089	0.0535462356338299
POMT2	0.14916129867314	4.64245202151919	1.47711449350106	0.225223804159346	0.495788951104219
PPIA	-0.114220150322729	9.00693880320776	0.841899184729129	0.359623373596608	0.629442343383
PRKCSH	0.0246450171617573	8.61449234158777	0.0478021527473662	0.827087948988179	0.923284998531912
PSD	0.474211671909694	2.2325077792015	4.01967540382582	0.0459098301507188	0.20443953506452
PSD2	0.261546425670204	-1.43975824037313	0.537775170240916	0.463953870771543	0.710952871228465
PSD3	-0.24950040243574	4.85881160916034	0.935180906665674	0.334333195486527	0.607767717031325
PSD4	-0.0860049185198093	6.18438129785786	0.454796946815715	0.500607710787828	0.737605715246175
QSOX2	0.108402124166133	4.94719166867828	0.642989078532768	0.423292864589854	0.68203184654896
RAB10	-0.25675873776507	7.95657125166364	3.66144198493478	0.0566785791222587	0.230924623279357
RAB11A	-0.331142395186261	7.64522628174575	8.16233758132832	0.0045891056900699	0.0505113809968238
RAB11B	-0.0966179390598913	6.89888288703905	0.743984162387474	0.389106625502411	0.652916276964377
RAB11FIP1	-0.073302281955228	5.81570485929739	0.0633252173216667	0.801495269078623	0.912093959631859
RAB11FIP2	0.249537444987435	3.51210706206974	3.79172941443734	0.0524800389598295	0.220315579816168
RAB11FIP3	0.537032911261328	5.31431674280638	11.2136263708957	0.000920323388391456	0.0180358303396503
RAB11FIP4	0.502912603390998	5.1685097795135	6.79680287544826	0.00960868927861211	0.0792701555273137
RAB11FIP5	-0.0696129641384567	5.30520450265955	0.174316064394442	0.676615803188439	0.847578191459319
RAB12	-0.134548801251671	5.58818875317352	0.818474843152242	0.366384076199765	0.634831039694783
RAB13	-0.127914026552913	6.99328146067929	1.43988322865231	0.231146283924056	0.503145968067432
RAB14	-0.213105579746217	7.11333342586786	4.69625812638136	0.0310495110808572	0.162320222710265
RAB15	0.502709086089259	4.79068729524995	4.38175454887764	0.0372018923754831	0.180928334174572
RAB17	0.299752644187538	3.98680290751503	0.531319353852631	0.466646163263376	0.713136710422803
RAB18	-0.302595531360024	6.31711580483851	6.24336204616062	0.0130242677802711	0.0957603647530984
RAB19	0.28211242231151	-0.855841284918412	0.69593034234014	0.404847270637243	0.665778563223031
RAB1A	-0.0191141710381128	7.47895325606233	0.0441289756277393	0.833762655185462	0.92629163236809
RAB1B	-0.0229456083963066	7.63599510788354	0.0790034168439081	0.778854731375397	0.900978206615411
RAB20	0.292052540608408	4.66054947712708	1.29160046112091	0.256699780267277	0.530798121023949
RAB21	-0.342287803699832	6.46500489222532	7.17226290942917	0.00782996165537511	0.0698009804870354
RAB22A	-0.0363930145141896	6.2088404124986	0.111066524591999	0.739176119226655	0.882077596318781
RAB23	0.096555182161954	3.41987952916476	0.178041717927065	0.673376984477544	0.846067917596324
RAB24	0.323937474016568	3.63057484133955	3.86966217462557	0.0501279447613833	0.214533349972341
RAB25	-0.348403419478819	7.42004551663503	3.90200942096852	0.0491848102613916	0.212181273394811
RAB26	0.0625720335088031	2.93041681739886	0.0372501570944509	0.847092916173428	0.932735375521998
RAB27A	-0.663362641379599	5.07102130064465	21.3844792310612	5.68692573263466e-06	0.000344784855659124
RAB27B	-1.05820934877232	5.69908380202234	13.405241205851	0.000298565770349004	0.00818778671906251
RAB28	0.0565182484191209	4.04880823246312	0.240857775723962	0.623961712904482	0.816928175980945
RAB29	0.155203489525304	4.67471370877992	0.799919095414817	0.371865808119133	0.63906412908843
RAB2A	0.10203271693012	7.09863883272742	1.06323465781169	0.303345389251029	0.579343816815244
RAB2B	-0.240500793486711	4.52033761459152	4.33990188802854	0.0381126090578163	0.183223625494661
RAB30	0.174934802325879	3.19159475522082	0.768696011831292	0.381352879839551	0.647204887458129
RAB31	-1.2452507571221	7.02375522693873	19.2529425188363	1.60934824044753e-05	0.000818522735730954
RAB32	0.0821671747709384	4.73191051141998	0.146766971480262	0.701927457009984	0.862148218772808
RAB33A	-0.385698389992141	0.0956541370379894	2.27982851230398	0.132164785059548	0.372997737578805
RAB33B	-0.0377424440062534	3.53154229817947	0.0958482187861575	0.757094304446171	0.890523609750919
RAB34	0.133833847154275	6.53940843758779	0.535218523111546	0.465017095014486	0.711705253271501
RAB35	-0.0880430372482673	6.19677521167157	0.885533942203503	0.347480579537064	0.619061127455476
RAB36	0.596433262169137	3.200794882955	3.7178878313585	0.0548172446459366	0.226152801497053
RAB37	0.0835354045763958	1.77000663829349	0.0819676426048074	0.774854651971336	0.898961962455586
RAB38	-0.931571599630456	4.92464573576587	6.22357742133659	0.0131673962438155	0.0962792314026188
RAB39A	0.767271967461598	-1.9481378017209	4.37736732756787	0.0372962736162664	0.181084515230833
RAB39B	1.05540023447538	-0.245131081893145	12.6684684571116	0.000434939357883764	0.0107955034486049
RAB3A	0.571262883809399	1.39967559006555	10.1961104437915	0.00156363445694674	0.0256523249818994
RAB3B	1.26710734874143	2.55592236697475	6.08709016943444	0.0142001798385216	0.101381372657738
RAB3C	0.412068310794569	-2.42966282577376	1.06384422520572	0.30320707820098	0.579262326748558
RAB3D	0.181093438208301	5.53406300087295	0.89942331955225	0.343733006167553	0.615482190874227
RAB3IL1	-0.0125023625048451	2.91390110972289	0.00274987616232431	0.958215114240531	0.981510555150234
RAB3IP	0.061637031775341	5.0794643090027	0.182036113868077	0.669948602931077	0.843849045525213
RAB40A	-0.196298380624426	-1.20804255726196	0.273282653666034	0.601540879008743	0.803834732657737
RAB40B	0.395841050313173	4.4845413323994	4.00739077026965	0.0462406731929029	0.205289661333472
RAB40C	-0.149543698010404	5.80702326605268	1.30352573790029	0.254520399354223	0.528107061936156
RAB41	0.215557349811271	-0.661410493149208	1.20779026843416	0.272689808200074	0.547324682484378
RAB42	-0.10295247972522	2.34898273486409	0.148939552180891	0.699836299625341	0.860804966251762
RAB43	0.309964168611828	1.01405732433436	2.32697171713106	0.128248498591834	0.367058755106104
RAB44	-0.752400597661197	-1.43561972671523	5.80682981820203	0.0165924168457719	0.111223326593305
RAB4A	0.0723077741851345	5.62466161214791	0.405018805624694	0.52501508431863	0.7548181170148
RAB4B	-0.175929528731771	4.1912363885494	1.07841407542024	0.299925341912732	0.576253451812651
RAB5A	0.100717314869617	5.85767902822764	0.678700569794567	0.410717546844452	0.670787701262328
RAB5B	0.0206984004381669	7.59105565824198	0.0626919653398714	0.802469545563301	0.912717304410564
RAB5C	0.0568848773704452	6.66280284887962	0.265305850043921	0.606894031183599	0.807370652669752
RAB6A	-0.0948281417968653	7.1938459956177	0.486835958579357	0.485906105728074	0.727454155973189
RAB6B	0.357174462379026	2.86028567369599	1.00877271567411	0.316041760857105	0.590991700741746
RAB6C	-0.589137771013751	-2.73456221951272	2.23917592112263	0.135649811448945	0.378661022082197
RAB7A	-0.235149380959685	8.62482309956068	3.60454397253674	0.0586232450172781	0.235545995269936
RAB8A	-0.137278932938642	5.60938757595118	2.6884179297887	0.102174017806669	0.323461747636971
RAB8B	-0.445597590261025	4.53877786183185	9.22800174246098	0.00260230941154335	0.0353084832526385
RAB9A	0.0741758446578182	5.13064206777416	0.283033033690625	0.595131050283702	0.800339625839605
RAB9B	-0.213067808085965	0.483916815877567	0.216851758549199	0.641801893528145	0.826993513387631
RABEP1	0.11452368644516	5.50531095647413	1.3244778728134	0.250746423977575	0.524466625509531
RABGAP1	-0.028189808843836	6.22120756028683	0.0727277234449873	0.787599340501402	0.905313702785547
RABGAP1L	-0.319517218533765	5.46577318407681	4.81310816229666	0.0290445217294853	0.156049362088932
RABGEF1	0.22842427423867	2.52581856563234	2.42433864125034	0.120563931037886	0.353911770581225
RAD23A	-0.00470043628244738	7.10627485869973	0.00119347319970383	0.972465195052205	0.988385967159181
RAD23B	-0.2250445824314	7.89291048755351	4.11888986745724	0.0433279729242003	0.19700265192189
RALBP1	0.273558546346296	6.59022574290199	4.2678720959987	0.0397354460677862	0.187611020937963
RASEF	-0.0631031737311088	4.89966236043099	0.0491845497347613	0.824645814989645	0.922218275452587
RBSN	0.197079191537574	4.86693547353078	3.49212300887581	0.0626784381302303	0.244591408850678
RBX1	-0.184444264172888	6.40130612765887	2.0100741653726	0.157340767283174	0.410435504508468
REPIN1	0.493684475405304	6.34747051491195	10.1849528832731	0.00157279485674977	0.0257324172083967
RER1	0.107269903962633	6.9079629609004	1.37903386754536	0.241237739516303	0.514036028086118
RFT1	0.210023161468189	4.73340532813403	3.11669191979813	0.0785556385955234	0.278124777346952
RFWD2	0.0975445692255839	5.91143950070321	0.950720232300791	0.330355862103672	0.604015294734082
RNF185	-0.130570961745756	5.22808600910277	2.14701948075661	0.14393988203242	0.391766624475835
RNF5	0.196877714579807	5.825733598074	2.66904419106397	0.103412201900874	0.325725159120309
ROCK1	0.0144160358315582	5.6149670458453	0.0122831201317764	0.911829101220614	0.961681405214669
RPN1	-0.0394515775432433	9.07601496539147	0.135191304953553	0.713379673121277	0.868950476969918
RPN2	0.219625889820044	8.90016872502608	3.28312273411773	0.0710390596432276	0.262416568106801
RRBP1	0.269476005485016	8.39207131883589	3.76091275714021	0.0534422684626427	0.222593810862842
RUFY1	0.0722624990330641	5.96470837845607	0.42680943723684	0.514080888889434	0.746935607671407
SAR1A	-0.139178830699905	6.82609380456743	2.41525963252451	0.121258328780942	0.355200949395479
SAR1B	-0.0400805195727316	5.94650768880164	0.140272407949957	0.70828649936886	0.865967225794249
SEC11A	-0.234112743495239	6.95429963852166	4.91093093256507	0.0274703844962769	0.151502623314788
SEC11C	0.0141876047287613	5.54528040266078	0.00806146150365078	0.928520085619475	0.969478006311818
SEC13	0.334862276207268	6.85582851867469	7.64404866140866	0.00606430330882006	0.0599666478452
SEC16A	0.159384897580052	7.097799651369	2.07430103340048	0.150886800227929	0.40159097306106
SEC16B	-0.0830680561084035	-1.10839557106626	0.0820908528442293	0.774690092463191	0.898932187973423
SEC23A	-0.0098135134280081	5.71977749010077	0.00431951986436765	0.94764400305801	0.977218682751503
SEC23B	0.0609023092325793	6.38541198319315	0.228507917620885	0.632995725276952	0.822249133727958
SEC24A	0.147730501188196	5.04503347747396	1.04119081747683	0.308402690647988	0.583697441936466
SEC24B	0.0979193144267341	5.28531257116122	0.661685700115028	0.416638724384229	0.676625695728668
SEC24C	0.200087206330997	5.31430701595183	0.81997703384344	0.36594524446125	0.634533857241316
SEC24D	0.211316076208333	5.28076819624447	0.982457891073882	0.322426359411051	0.596937251836751
SEC31A	0.0213209512990799	7.30573053516455	0.0339196514813834	0.854007689056916	0.935742840417056
SEC31B	0.213747623033339	2.9192865060568	0.995122967726047	0.319332488912486	0.59397036017865
SEC61A1	-0.0119529897453076	9.02599581389581	0.0126556485567691	0.91050760956091	0.961345119960555
SEC61A2	0.659435570240475	2.92330303067926	30.5868152296478	7.17703469471916e-08	7.57465233648844e-06
SEC61B	-0.107823549340359	6.63580363427529	0.664605999604192	0.415613495549056	0.675629649781724
SEC61G	-0.193153572360623	6.42293699553414	0.723087525899307	0.395840742403467	0.658519873762543
SEC62	-0.210333845183979	7.14707677222177	2.08507040709393	0.149834383520118	0.400219265570737
SEC63	0.106089441494974	6.57270515891018	0.983149988471749	0.322256270574826	0.596835765677572
SEL1L	0.0211784034861428	6.38222161005056	0.0315365200729652	0.859173785474246	0.937622922112693
SELENOS	-0.0355578397253618	6.10638042377717	0.094144409047568	0.759195218075342	0.891437188739091
SGSM1	0.40556558475979	1.18745616599879	0.772345929073542	0.380226331805259	0.646257809363417
SGSM3	0.310789455904056	6.61147984684714	3.46586026371703	0.0636684050760805	0.246743663264906
SIL1	-0.0830846774511609	5.84685436474833	0.248107521742348	0.618791666144747	0.813869960707326
SKP1	0.134107790154639	7.68646263237701	1.84726948357008	0.175166676020431	0.433736480996357
SMCHD1	-0.0721373739840566	6.05529962105743	0.342439728792685	0.558883420652695	0.776992320168464
SNAP23	-0.131076427689094	5.37876849070211	1.42488855685909	0.233584642697614	0.505690662981071
SNAP25	0.250834254686893	0.630862323239873	0.232160322705879	0.630293224473628	0.820416442703619
SNAP29	-0.138072170464288	5.53678798500684	2.50937087260856	0.114270631029574	0.344678802633622
SNAP47	0.231830271495709	5.23764273837562	6.22147006526922	0.0131827371123992	0.0963508465177271
SPCS1	0.341497263157053	6.42879155897328	8.51997064222788	0.00379040728437418	0.0450326130233496
SPCS2	-0.0913530515355233	5.5886617879149	0.599340419429315	0.439466065472988	0.693840184360842
SPCS3	0.0493440966880484	6.96640779148705	0.241402783464381	0.623569710866353	0.816777828714545
SRP14	-0.135578106815012	7.77870333410493	1.59319095385789	0.207893946454994	0.475060330640558
SRP19	-0.0976779312262861	4.84680120964733	0.574752126298807	0.448997800706602	0.700684493621829
SRP54	-0.0722247221504167	6.10682105611601	0.36512326380109	0.546151193955164	0.767770670759417
SRP68	-0.00466365054083412	7.15854226201051	0.00150178020848417	0.969114369775955	0.986674093456953
SRP72	0.0932721388121921	6.62320497661196	0.806368333502047	0.369947658235157	0.637813997383173
SRP9	0.103563120822911	7.29098317444584	1.14499618794986	0.285496755437949	0.560174322023466
SRPRA	0.22031377934228	7.12961226045083	3.56097336848732	0.0601605673693766	0.239053993562306
SRPRB	-0.0719458779626777	6.7328213300951	0.276984688946187	0.599090234488331	0.802431994880224
SSR1	0.0850580795846081	7.56269956257413	0.590630682450622	0.442806274525449	0.696776612868638
SSR2	0.199893573477879	7.93357383052877	2.33360511299005	0.127707949674591	0.366384063282896
SSR3	0.00475136812912431	7.52844226023559	0.00113628449885312	0.973132740929703	0.988831510664056
SSR4	0.00910166956829093	7.77977313819891	0.00205181451065348	0.963902062717324	0.98439767247726
STT3A	0.332292508933248	7.19610237261472	6.31645229783852	0.0125093082169002	0.0937039846988169
STT3B	0.299253646389246	7.43321250791693	6.28979646711538	0.0126946295145691	0.0944825395249873
STUB1	0.320890568721525	5.3514813227645	8.0577952321	0.00485373594875362	0.052256208319391
STX10	-0.125356012274735	5.85944593017597	0.781534255840124	0.377411131182383	0.644231792433703
STX11	-0.678022502521025	2.416507752493	4.40379594050327	0.0367315131375498	0.1794158980879
STX12	-0.0560981231223375	5.6277523153622	0.286452517392466	0.592916663821171	0.799144175371924
STX16	0.151642573020575	6.31972989088772	2.16208824927613	0.142546077788908	0.389712503112085
STX17	-0.270813279760526	3.80375263965555	4.34833777590636	0.0379271709531294	0.182735153976384
STX18	0.0628227612884598	5.07825589320991	0.161469732730736	0.688105560822866	0.85404529478293
STX19	-0.130747717883694	2.67986233044628	0.163003372205441	0.686706486367867	0.853004055423989
STX1A	-0.0728472383820508	3.31942432573585	0.0870360222457183	0.768192574515759	0.896011235371208
STX1B	-0.10766770512221	0.471873482325755	0.119515304285316	0.729813647811291	0.877663415561261
STX2	-0.147341182808306	3.58023433118782	0.672712673494829	0.412787038864964	0.672343705935333
STX3	0.610766926127211	5.28989167519721	21.3724834140576	5.72013351950046e-06	0.000345181390566032
STX4	-0.0601353801125934	5.88432929534235	0.246425172576583	0.619982935288298	0.81467821132721
STX5	-0.0770604076084747	5.83318632877229	0.440574129942526	0.507377484826022	0.742355072028298
STX6	-0.0670853533944126	6.43778403721591	0.280951420195378	0.596487482324636	0.801550373341301
STX7	0.0622441931382197	5.57357398881942	0.307649066587173	0.579557713413236	0.790078466816316
STX8	0.00168180863137444	4.6514990485384	0.000115790753387117	0.991421904472659	0.996232203663712
SURF4	0.15063988759393	7.91090703081292	1.87169108797523	0.172349993477145	0.429804125916226
SVIP	0.25627316603221	4.66304558798154	0.624629774395688	0.429983544306241	0.687154561340528
SYTL2	-0.425350385929738	4.38839540123615	1.69552532806853	0.193916616922676	0.458683097396819
SYVN1	0.193159440387437	6.25887178735372	3.63314064758486	0.0576371093158933	0.233142107182788
TBC1D1	0.0675689311292816	5.82891947027591	0.256822090894958	0.612700387181838	0.810667115724952
TBC1D10A	-0.187815170130676	4.85691969648994	1.60006247557776	0.206918872058318	0.473528676949039
TBC1D10B	-0.103470656372951	6.62658989218186	1.53484282282376	0.21639774447558	0.48540543969022
TBC1D10C	-0.336865182587652	3.5734145709317	1.16000357772038	0.28236785698632	0.557109799642829
TBC1D12	0.141574996818303	3.26218719965535	1.30157737122609	0.254874900250395	0.528490301776711
TBC1D13	-0.120567133189409	5.22693872471662	1.30480452024626	0.25428805913839	0.527865389702081
TBC1D14	0.159236092177063	4.42233611275936	0.48598282090146	0.486288182143098	0.727857797139254
TBC1D15	-0.146717210668341	5.63827783546798	1.98801521214016	0.159629644811351	0.413497322881355
TBC1D16	1.15149160265425	5.28328564589736	24.7077968013475	1.14816739750423e-06	8.39654169112697e-05
TBC1D17	0.156434923027177	5.64862682945013	2.00118402123612	0.158258682343503	0.411386762577427
TBC1D19	0.122327653299566	2.04649719114888	0.536694040191085	0.464403001518708	0.711388455817533
TBC1D2	-0.162518237398889	6.34499316530165	0.541173338108039	0.462546689981079	0.710016731320195
TBC1D20	0.0435108685554848	5.62670761394019	0.198271098146493	0.656455139036436	0.83593750694142
TBC1D21	0	NA	NA	1	1
TBC1D22A	-0.0557407014636707	5.46015615535736	0.234793158115762	0.628361337451014	0.819420913451655
TBC1D22B	-0.0855322853410976	4.86126387693931	0.844265908347303	0.358949925720336	0.628806041213159
TBC1D23	-0.277100267181293	5.60503033961872	4.28446307173796	0.0393552974859374	0.186701473578147
TBC1D24	0.239623631596276	4.12284462838567	3.28202026326401	0.0710862186437873	0.262522115299624
TBC1D2B	-0.435643865827017	5.43835584128051	8.48652645962623	0.00385865106548635	0.0453937142692195
TBC1D30	0.267237302431688	3.48421186377114	1.53889888098314	0.215793348003116	0.484897641189485
TBC1D4	0.196647236995402	4.91034387628944	0.905521401580465	0.342104959896365	0.614168748202276
TBC1D5	0.300001682223659	5.42686171613371	5.77704037513613	0.0168701688538951	0.112415683729636
TBC1D7	0.29155847842163	4.52745877475727	4.23897434064708	0.0404068614926216	0.189193856089887
TBC1D8	-0.115389624320475	5.55809687087354	0.41702845338708	0.518938696509594	0.750477114892179
TBC1D9	-0.0344008999183428	4.93158868190877	0.0338652435467493	0.854123502332085	0.935742840417056
TBC1D9B	0.212168438522739	7.15793489010648	3.7887193145352	0.0525732094778261	0.220550193965639
TMED10	-0.0114203801333913	8.25445961621709	0.0129360232454879	0.909525962853523	0.960818090522811
TMED2	0.321064009029705	8.07722840778824	12.021369422251	0.000606345040209335	0.0136555241500172
TMED5	0.138881922923899	5.83439058705447	1.73971333215158	0.188224925892443	0.451196996315078
TMED7	-0.107874008134743	6.35224642795761	0.76332383248526	0.38301964034531	0.648545519606212
TMED8	-0.0113685102175749	4.8054465929983	0.00972931655023671	0.92149500300952	0.96632489317902
TMX1	-0.272936733292146	6.25071898559918	5.48044373250044	0.0199138143953817	0.124553956769181
TMX2	0.082529463905032	6.41843347847917	0.638851506853961	0.424786945036174	0.682857603576795
TMX3	-0.189660727666205	5.60928595700791	2.58494870940167	0.108981694163274	0.335835881040583
TMX4	0.131689556917197	6.01092930383401	0.55701284665912	0.456076263154465	0.705612999618985
TOR1A	-0.0513242812864938	5.49925482925291	0.314063793336657	0.575633632899527	0.787632319688316
TRAM1	0.370605121893994	7.60176633933612	6.77113158515052	0.00974457429152739	0.0800341177852351
TRAPPC1	-0.0712029472141818	6.41764052950667	0.268150233822236	0.604973619849996	0.806299272584261
TRAPPC2	0.2420850822851	4.34213606460993	4.40441023154248	0.0367184937842918	0.1794158980879
TRAPPC3	-0.0902278799782891	6.29939647919377	1.02285873792961	0.312692416713392	0.587572133546948
TRAPPC4	0.216685489285033	5.0955142628583	3.19975473014729	0.0747022275743084	0.270215797432103
TRAPPC5	0.47580797309138	0.516865823984577	4.66406088893088	0.03162710387513	0.164377126103065
TRAPPC6A	0.319247926656824	4.29198984538552	2.04827876406851	0.153464654718359	0.405811336194982
TRAPPC6B	-0.304771707070257	5.09104352910868	8.50690322622513	0.00381692344696832	0.0451635975183057
TRAPPC9	0.374028974982291	5.14689009151746	10.2858266705706	0.00149192562767751	0.0248379232471482
TUSC3	-0.427999789490701	5.8837902428697	0.936143995717262	0.334084832434403	0.607614735286063
TXNDC12	0.0288764917050732	6.67073679213836	0.0952512884108234	0.757828014930472	0.890785127611699
TXNDC5	0.310719838086956	2.51246100596005	1.42450464887307	0.233647480345362	0.505741301938187
UBA1	0.326774858361167	8.94860434278223	12.619609331666	0.000445961161541416	0.0109328054450608
UBA5	-0.179555715600634	5.37294018560648	3.38637507526996	0.0667681323666372	0.253356988634015
UBA7	-0.171202202192484	6.23571328251374	0.604601291486251	0.437467262250332	0.692553769870633
UBE2D1	0.00105776506702522	4.80852799721091	7.45914635711375e-05	0.993115038830404	0.996772850201275
UBE2D2	0.0587909174841448	6.84594114514954	0.363671238255915	0.546949862343579	0.768073666197482
UBE2D3	-0.106226679077876	8.06409745081642	1.31437358780633	0.252557759355713	0.526176576228713
UBE2D4	0.15384867247711	3.93805368199161	1.62107158105433	0.203971126738639	0.470166266318264
UBE2E1	0.0973457919100681	6.05678548536685	0.673106951013668	0.412650297956544	0.672332488734283
UBE2E2	0.138037147936223	4.41109339074694	0.395680798610759	0.529827907447314	0.757382112975218
UBE2E3	-0.0361431920353818	6.0352752121649	0.105448084224511	0.745623358170494	0.885079439512025
UBE2G1	-0.0512980608061883	5.8970161338863	0.151003477651331	0.697865900749894	0.859886865464503
UBE2G2	0.248662943736803	6.34145913858673	7.76748044869631	0.00567378267131002	0.0575559897315337
UBE2J1	0.0805714762883518	6.14656583298254	0.554268317692494	0.457187086466228	0.706086439144512
UBE2J2	0.070809734853214	5.99056106391166	0.464254744162228	0.496190751942872	0.734273818811997
UBE4B	0.0262826365607133	6.27150128042085	0.0413689747188623	0.838971273674881	0.928221520808655
UBQLN1	-0.162280595924832	7.24517968841116	2.48090231999928	0.116336049933982	0.347720998475518
UBQLN2	0.0921305513098982	6.07475941890079	0.548490559888663	0.459539624360371	0.707890166122317
UBQLN3	0	NA	NA	1	1
UBQLN4	0.126117420282096	6.07585868610772	1.25046029753468	0.264398242275694	0.538913604915611
UBQLNL	-0.138637586865555	-1.28516579685953	0.199581260929598	0.655395444336541	0.835395236976089
UBXN2A	-0.13092752336247	5.05869251901025	1.34926132205411	0.246370910280665	0.519850853806003
UBXN6	0.0877861112464269	6.84075102273327	0.554722693082312	0.457002886947799	0.706084489283264
UFD1L	-0.128600162792212	6.32050936030697	1.24004064235036	0.26639351480046	0.541112826104623
UGCG	-0.862590572422902	6.74625714426683	15.6909053507295	9.41175157699241e-05	0.0033831137685711
UGGT1	0.160600250035245	6.67250804205358	2.65554073237602	0.104284973582461	0.327597305679258
UGGT2	-0.05660471881572	4.33238808411499	0.157983835557005	0.691314563178241	0.856221960174064
USE1	0.0106267804133503	4.49699979244836	0.00507714846175165	0.94324506473072	0.975617413230608
USO1	0.363047032802024	6.25920761885913	9.90602309313121	0.00182047694274815	0.0283441286742724
USP6	-0.420701518511555	0.179042679422983	1.62097403865572	0.203984697314394	0.470166266318264
USP6NL	0.131550793657508	5.08233077286051	0.785509249368336	0.376202358492977	0.642985785212267
VAMP1	0.0139314700501162	3.31179740937513	0.00645202486533188	0.936035069463901	0.972842743936958
VAMP2	-0.0991357266426736	5.54807222816061	0.584559150697037	0.44515799652947	0.698185521274379
VAMP3	-0.23423447076494	6.82861677898794	4.03813371515154	0.045417428102709	0.203208672755584
VAMP4	-0.20792055481374	4.32796316083295	2.8849493792698	0.0904928778102287	0.300780064236386
VAMP5	-0.570806636902886	5.01810073153085	3.59257769743848	0.0590412290950616	0.236530383598414
VAMP7	-0.0117424229049901	5.67796274275191	0.00794506711768766	0.929036608761761	0.969833450043327
VAMP8	-0.401568036950397	7.5303835957001	4.93316675552534	0.0271251871634849	0.150303263118214
VCP	0.00137882752315717	8.75123412376224	0.000196450684188631	0.988826869975535	0.995440582125006
VPS45	-0.139089847452214	5.8790545949834	1.92212315028852	0.166697162557588	0.423479725374125
VTI1A	-0.147935010415475	4.53224377396173	2.62456912444367	0.106317563581686	0.331107141218859
VTI1B	-0.0201707667267345	6.13495534527132	0.0464216078629647	0.829564029333867	0.924523379887001
WAS	-0.193485754942194	3.5321792096581	0.558075074316369	0.455647479889289	0.70531085554197
WDR38	-0.247555079862267	-0.177363889725115	0.196520315733124	0.657877790812845	0.836787709357978
WFS1	0.457924893106223	5.18724669795361	6.17944198022247	0.013492579543147	0.0978145895303811
YKT6	0.0440361428627579	6.99001069361754	0.163234037779484	0.686496723136887	0.852825335599968
YOD1	-0.163781893563195	4.94043625459436	0.699929601236373	0.403502308061964	0.66453767740366
YWHAQ	-0.0522945853336108	8.43160212295311	0.200764132741631	0.654442285727233	0.83498316251116
