pspGenes	logFC	logCPM	F	PValue	FDR
A3GALT2	0	NA	NA	1	1
ABO	-0.104674865760113	-0.648779787551078	0.0865335280010214	0.769274718744434	0.974135512303764
ACAP1	0.544930828069276	3.39792078859563	3.18326800123886	0.0775971227744787	0.653424835728345
ACAP2	0.0415571690592	5.4345439708756	0.061907502178755	0.804044639595458	0.978805133437689
ACAP3	0.158377166913324	5.83794932838183	1.27071670988017	0.262479143714949	0.84494052400686
AGAP1	0.0817616385804702	5.63152234913695	0.267106594518029	0.606483710615573	0.94957185990345
AGAP2	0.388173654615417	2.29537836863572	2.57388341075592	0.111969253668383	0.720628633493083
AGAP3	-0.090757473431151	7.83387022429126	0.233098881068515	0.630349251416279	0.952438472094331
AGR2	-2.02168354547457	-0.911060480009421	8.12504019994202	0.00535755501698846	0.258214720952798
AGR3	0	NA	NA	1	1
AKAP10	-0.0407463653139915	4.31737370353004	0.0764834981071836	0.782723097209222	0.977003801466807
ALG1	0.212990410571117	5.3249298283455	1.90817377756854	0.170415464979422	0.781434072166726
ALG10B	0.0748857691574831	3.30703794177221	0.11408869272219	0.73628364096883	0.968328761019436
ALG11	0.242610544901753	2.92329232064598	2.22039647480184	0.139519803794323	0.755427791269046
ALG12	0.0561935747275416	4.35645497420641	0.153984112788687	0.695638120581946	0.96495818468877
ALG13	-0.0407902249526393	4.62860000932249	0.0764858862828431	0.782719791488704	0.977003801466807
ALG14	-0.124630735641764	3.88316669971449	1.00268583137811	0.319212135936819	0.87134608838243
ALG1L	-0.672817422634377	-0.0242865804081797	2.68404709534168	0.104674844114883	0.705447463239309
ALG1L2	-0.104911097473341	-0.25647455405387	0.144877502577314	0.70433155746175	0.96495818468877
ALG2	0.0759855533518388	5.03628485645046	0.395386539215509	0.530994629529173	0.934061719160351
ALG3	0.275799090749548	6.71977630294804	2.09514372534887	0.151068750913498	0.766952093615387
ALG5	0.102364762991866	5.02298859345711	0.570882902808338	0.451782684433423	0.916114213913228
ALG6	-0.0158733680198671	4.60067766992458	0.0205593522078876	0.886290397125994	0.988744115049686
ALG8	0.625197202458684	6.40829240329618	8.18235026617158	0.00520411574463585	0.25668080265419
ALG9	0.0471190899885329	2.96566888293763	0.132829813627744	0.716328042667118	0.965504735902548
AMFR	-0.0475763849411151	6.97654995980708	0.112010330164976	0.738606716395991	0.968449493994582
ANKFY1	-0.0961718794643098	6.57696014532344	0.513586495597141	0.47535333460898	0.922093650110852
AP1B1	0.216139044699558	7.56516603933812	1.73267294585225	0.191245600681933	0.798345023524557
AP1G1	0.00679376393964902	6.47254934740796	0.0033781818794683	0.953773760596987	0.994824573173815
AP1M1	0.133095640755985	7.03360213856548	0.902592576831795	0.34450475686486	0.882397671901283
AP1S1	-0.0602723285924093	6.72607739042109	0.170393664354866	0.680694852866983	0.962208435175227
AP1S2	-0.0120481483447166	8.08644802323164	0.00258437353610469	0.959562645760593	0.99490083206954
AP3B1	-0.0819037962502692	5.9549333681738	0.405659387636638	0.525716890663611	0.932411871147197
AP3B2	-0.201815062141913	1.97182126659435	0.296639179864206	0.587276768497247	0.94516567525729
AP3D1	0.0646521005119525	8.23161294589947	0.273435474995175	0.602257252309175	0.949473781065908
AP3M1	-0.0304828696034349	5.6517640529948	0.051495939258526	0.820969305486277	0.980159419248704
AP3M2	-0.123086411419625	5.98423505467032	0.437610954504738	0.509883474727493	0.928867249629134
AP3S1	-0.125968115995895	5.5067932992854	1.47108414229427	0.228190255660794	0.826623995044161
AP3S2	-0.0049645466628613	4.96571369376188	0.0015152263672951	0.969031367301733	0.995259563076434
APPL1	0.113236229979854	5.32826639288422	0.460617866431991	0.498989852890819	0.928295122493415
APPL2	-0.18081532639143	5.51043259173704	1.28892973152956	0.259109264921557	0.841165366770827
ARAP1	0.0852700379448528	6.9960267390825	0.398241720479483	0.529518207864685	0.932986210237749
ARAP2	-0.294170686052462	3.7050872345214	1.03639475258691	0.311254116181467	0.868073837097202
ARAP3	0.0479862658797768	5.4889167583762	0.0371672819679709	0.847537527626847	0.98273703695687
ARF1	0.271944930085794	9.32509839114738	4.65514881965717	0.0334896015019818	0.52857714904942
ARF3	0.0225730105126763	8.31973107464968	0.0277767794764992	0.867989874657094	0.985784450129331
ARF4	0.0830488975271034	7.83408419295554	0.514967161972356	0.474762171685149	0.922093650110852
ARF5	-0.00246330251347159	7.58554506402422	0.000219593094715775	0.988208002714274	0.99805708798666
ARF6	-0.225933634862043	7.16462598228691	3.38861640600728	0.0687777927550535	0.638847681580644
ARFGAP1	0.0664799849050287	7.84120194096086	0.120069044141618	0.729728016201825	0.968149554426575
ARFGAP2	-0.0437606737225144	6.83693692904211	0.124172706041631	0.725334861190872	0.967579804203104
ARFGAP3	0.118657020373587	5.85266745218351	0.416255817630872	0.520370606944487	0.931327055337231
ARFGEF1	0.20909487962098	5.63505450384879	1.17113191297966	0.281915506498867	0.852200038798244
ARFGEF2	0.487513557210517	6.57645514294867	6.89710078119524	0.0100683118411514	0.350585449796731
ARFIP1	0.019748957240204	5.12834226985998	0.0157674159661524	0.900339673017145	0.989412131360951
ARFIP2	0.00145054580348016	5.70909675791457	0.000109726054083663	0.991664321653534	0.998596848220716
ARHGAP1	0.121695202393177	7.37325679839407	0.696100972983777	0.406195706158698	0.904927747596608
ARHGAP24	-0.210016652997915	4.40652432302955	0.461201877223951	0.498718533696667	0.928280378326786
ARHGAP5	-0.310989038754936	6.37476062197756	2.76918409622668	0.0993993729501518	0.697756161783821
ARHGDIA	0.191009733691374	9.02061836058905	1.20987092481998	0.274144713169387	0.848738171165322
ARHGEF1	0.0761367614601132	7.2480636427535	0.374150442058077	0.542215611895831	0.93791621706285
ARHGEF11	-0.0806650118490219	7.86602774996493	0.276849916117851	0.600002921397582	0.948684196581828
ARHGEF2	0.361869871224759	7.28396610541903	3.91047000374305	0.0508920925336548	0.596480784377594
ARHGEF6	0.514507391948932	4.4691677218109	3.10663071576691	0.0811990060367077	0.661937736806051
ARHGEF7	0.00217409678316583	6.16138889480598	0.000265736489478075	0.987028199747167	0.99805708798666
ASAP1	0.382980214698575	6.94893038083338	3.78622029059849	0.0546397638484889	0.604662127938165
ASAP2	0.235226474091021	4.73225340490243	1.11071508237402	0.294606911095309	0.858364366227982
ASAP3	0.251187167884887	4.67013091075245	0.792067048238366	0.375730175849639	0.895004875429125
ATF4	0.107638988118868	8.42565076671713	0.554483312711609	0.45833466734127	0.919351136736288
ATF6	0.0281562600332183	6.20003801102306	0.0640569364305541	0.800743380534924	0.978780294876379
ATF6B	-0.143879094764629	7.3283104448962	1.23677059909968	0.268908347886069	0.846148077981524
ATXN3	-0.325274800832245	4.10623420300107	5.81910972363324	0.0177787213784977	0.433375583940473
ATXN3L	0	NA	NA	1	1
B3GNTL1	0.0239024661071055	2.73333380772762	0.0253790808259034	0.873765237038527	0.987178172861258
B4GALNT1	0.890136976942234	2.90267215501898	4.60518526460582	0.0344307172163808	0.53413220537317
B4GALNT2	0	NA	NA	1	1
B4GALT1	-0.187489815485566	6.82444000438481	1.04536075207234	0.309181584376298	0.867608367354086
B4GALT3	0.185206254077425	6.01198364859992	1.91619622503974	0.169528560541053	0.780273028806717
BAG1	-0.290500703930644	5.808039195199	6.15492237797292	0.0148680990037155	0.400597556835718
BAG2	0.0372444838934729	2.11687864032526	0.0160892008220189	0.899333308147379	0.989244434839053
BAK1	-0.067552541188908	5.43216987397814	0.233369257581101	0.630151226755358	0.952438472094331
BAX	0.0135389563630986	6.7357812949357	0.00735443024962295	0.931839787040494	0.993054786719484
BCAP31	0.199714766444404	8.72757263070933	1.48913356864722	0.225379629041203	0.825816893594703
BCL2	0.0578505480907757	5.55278406932701	0.058483107508752	0.809432388595564	0.979590438168938
BET1	0.00136082928763828	4.64953743822989	6.38891468379105e-05	0.993639328537712	0.998686314496361
BET1L	0.0313974779755177	6.45744494005796	0.0847044302117758	0.771656724952406	0.974213669504353
BNIP1	-0.0973683292234705	3.21890035278512	0.595109150177294	0.442370019808463	0.913024904637844
CALR	0.191602436376213	10.1238792706433	1.83384872939394	0.178894809679553	0.786987645706009
CANX	0.123027280166618	9.52750497743416	0.700204965022541	0.404820538503371	0.904147501924837
CAPN1	0.122758640838766	7.98225350614794	0.405315372830793	0.525892102164501	0.932411871147197
CAPN2	-0.297889112894266	8.01299877772853	3.74294181999979	0.0560140765075797	0.610377858970866
CKAP4	0.257738549957715	7.25597821617937	2.02127600309239	0.15839233834087	0.770816844691798
CLTA	-0.100378998122084	7.0688372427294	0.536444694747763	0.465718012117352	0.921069945564293
CLTB	0.21891833853701	7.13492489290484	0.694106743293303	0.406866421729704	0.904989127360507
CLTC	-0.111673726764328	8.86566317285943	0.517916014834615	0.473503572487163	0.921639013315413
COG4	-0.0294377832018243	6.41983132334108	0.0450789330304844	0.832315078742416	0.981331306125658
COG6	0.353947157790193	4.52008714054909	2.74177544636796	0.101064801517381	0.697756161783821
COPA	0.200394904868431	8.59773851529064	3.23271234344321	0.075366214131339	0.649636772228002
COPB1	-0.00912521663417164	6.78579207057572	0.00337368327564903	0.953804514779555	0.994824573173815
COPB2	0.0849318412225529	7.33063825870741	0.436320044820218	0.510506878778863	0.928867249629134
COPE	0.209086652740423	7.62656559161	1.50100156369471	0.223554478885799	0.825816893594703
COPZ1	0.152712866857916	7.61874082444349	2.15146351120652	0.145745651393103	0.761214287115081
COPZ2	0.375247006912095	4.91273844188564	2.36277770709625	0.127593871421042	0.740231599517263
CRYAA	0	NA	NA	1	1
CRYAB	0.488860865866927	8.08030200163935	1.40292625909183	0.239197133782242	0.832766115577848
CTBP1	-0.0279907973706924	7.20274132038274	0.0686771293749032	0.793841643294183	0.97858493751093
CTSA	0.229356543644846	9.05820704362956	1.64660152604283	0.20255213211773	0.812157444585566
CUL1	-0.175878149839622	6.62857682966579	1.64018256095935	0.203426766313207	0.813317842058818
CYTH1	-0.253843578948836	5.76173393843514	5.84757502176605	0.0175102346938938	0.432816053431406
CYTH2	-0.0404167211559929	6.33294371056639	0.095898850963831	0.757487902236874	0.97130929578876
CYTH3	-0.25377479308841	8.16529877662109	1.78530602443167	0.184699566362912	0.789848346725143
CYTH4	0.525696372657155	3.87473151829067	4.5892807473427	0.0347361646118918	0.53413220537317
DAD1	0.131673815673115	7.34181628859934	0.786197533654064	0.377497610246044	0.895708806729711
DDIT3	-0.067101262901765	4.97854116781359	0.124588620746285	0.724894188631196	0.967579804203104
DDOST	0.232977888802473	8.42392456358158	2.8924890846327	0.0922736082860176	0.684635233389612
DERL1	0.225527078014407	6.53420083182152	4.07036384304165	0.0464706858685812	0.581058174803821
DERL2	-0.04900633691655	5.52294394549584	0.26304670212132	0.609228504405232	0.950336717668449
DERL3	0.82819859090593	3.32989272576984	5.63637779668237	0.019608622154287	0.443488186687829
DNAJA1	-0.0748537827981814	7.51611198202104	0.180853714309854	0.671604983989895	0.960112211617518
DNAJA2	-0.212388635864344	5.88996085038142	3.21935368181157	0.0759619609319106	0.650165297130353
DNAJB1	0.194514201444997	7.7570987105453	2.24235277748346	0.137600832197548	0.755299425105877
DNAJB11	0.11183867357852	6.44152316992322	1.38988775563034	0.241376341826564	0.833657227414169
DNAJB12	0.0113591040352956	5.91006723435833	0.00848061847064655	0.926820759123728	0.993054786719484
DNAJB2	0.0919482029921314	6.9371011940851	0.418760272782234	0.519121127186237	0.931048712076464
DNAJB9	0.123902382303189	5.00903305596055	0.418794615147771	0.519104030616991	0.931048712076464
DNAJC1	-0.12743048363809	5.26685984469695	0.462674115550961	0.498035677003525	0.928280378326786
DNAJC10	0.153570069867339	6.68211614035694	1.04953481756062	0.308222917354509	0.866042989052372
DNAJC3	0.287010740572308	6.25921137515518	2.64175149231832	0.107410844174305	0.710887070994129
DNAJC5	0.172794918813005	7.47560668775132	1.35013067614653	0.248174089757191	0.836214042002651
DNAJC5B	1.16131381498421	-1.50817493331199	7.63840453780937	0.00686603941425139	0.291320105383414
DNAJC5G	0	NA	NA	1	1
DNAJC6	-0.198484354486825	3.09057471251232	0.317866375580554	0.574224834069661	0.94323602752579
DNMBP	0.0630126392630967	4.42213697454174	0.179919191311013	0.672404277556913	0.960112211617518
DOCK5	-0.322507303543584	4.80523878997119	2.24282132148961	0.137560210112497	0.755299425105877
DOLK	0.027698535303019	4.98495346156425	0.0316230879525503	0.859237079448098	0.984304695220678
DOLPP1	0.017370183214296	4.1508513670973	0.0143125601964534	0.905025525286361	0.990924727358556
DPAGT1	0.132624362982183	5.93565587719285	0.589300279817747	0.44459883138324	0.913024904637844
DPM1	0.240439339981482	4.80148066757005	2.54460938082946	0.114001851173719	0.72173131345329
DPM2	0.201565486355077	6.21084484614212	1.37141554652177	0.244505765044749	0.834208683659852
DPM3	0.35953767083925	4.95260638917786	2.36024178463414	0.127795917480679	0.740231599517263
DPP6	-2.76030220261207	2.68965095129606	10.0972181664075	0.00200549607664455	0.1589208177794
EDEM1	0.152402389200528	6.20172421429073	0.965901717780295	0.328207552828015	0.875897788624308
EDEM2	0.181259806461309	5.65339775088258	1.72058379689275	0.192787598119221	0.800587257438939
EDEM3	0.0867526970794471	5.34640098074724	0.153597965538923	0.696000639936619	0.96495818468877
EEA1	-0.182093726293999	4.926649905525	0.5137266184989	0.475293282970468	0.922093650110852
EIF2AK1	0.0919486583833755	7.71199297588602	0.712339288024733	0.400794376789871	0.901839648953844
EIF2AK2	0.00818366834908855	6.08130385946911	0.00210134984733018	0.963533877117774	0.99490083206954
EIF2AK3	0.0522323571554826	4.41024115437822	0.122863666343797	0.726727267683466	0.967579804203104
EIF2AK4	-0.116793061986728	6.2731571662201	0.59979135772648	0.440586110466772	0.911900281974934
EIF2S1	-0.118626849943343	6.14037687162473	0.873145865674113	0.352461367819283	0.885638307901753
ERLEC1	0.134761712189356	5.88991116320672	0.600494187197555	0.440319297277631	0.911900281974934
ERN1	0.0719310285659833	4.51214006602143	0.287873728818856	0.592843976676457	0.946880998390838
ERO1A	-0.253555358395079	6.35695943395735	2.10014137822553	0.150587489099592	0.766931807962322
ERO1B	0.137624873162479	3.45220196123648	0.484174623734552	0.488240836135738	0.924755315883874
ERP27	0.847525263026633	1.25612674282349	3.23122784433856	0.0754321646274214	0.649636772228002
ERP29	0.211972315657237	7.58396718427246	1.90028614061383	0.171292734972893	0.781614257373156
ERP44	0.0909196767772574	6.00667572330703	0.520474247452198	0.472416099280415	0.921603006468586
EVI5	-0.150606307155649	4.44200319721452	0.579630777370477	0.448347989018627	0.913876852310925
EVI5L	0.218170944034194	5.12460840802961	1.60030853248278	0.208962161644803	0.815788857231202
EXOC1	0.0430867274496891	5.16517737266808	0.0858913204958174	0.770107911642293	0.974198512751695
EXOC2	-0.230215285908285	5.85491890854863	3.88822779966356	0.051542101556373	0.597538324496868
EXOC3	0.439068705608713	6.53763015378244	6.80023741441116	0.0105896775320165	0.355255738673401
EXOC5	-0.220960892633994	5.46212006655574	1.48413975573041	0.22615302336969	0.825816893594703
EXOC6	-0.0581384442902313	3.40164877053302	0.0820282759291712	0.775192697175741	0.975622059729412
EXOC6B	-0.106126514834678	5.39777094408721	0.652045062338963	0.421405160833083	0.908098684398533
EXOC7	-0.00622138305957718	6.39526680796057	0.00318680550195538	0.955100777426845	0.994824573173815
FAM71B	0	NA	NA	1	1
FBXO2	-0.190066078288711	4.1939866025689	0.205868005596146	0.651063099442331	0.956695520774107
FBXO6	0.335882431530121	4.3958717511599	2.43188105144575	0.122224453193096	0.735762788742015
FBXO8	-0.150749577783559	3.76892246393298	1.76112635334391	0.187673458148982	0.793782126558706
FUT8	-0.0845962416310264	4.67928347953877	0.182523166442449	0.670183164936122	0.960112211617518
GALNT1	-0.000496950836600495	6.167984631282	1.08625072221292e-05	0.99737724129177	0.999436986527188
GALNT10	0.0289219081677904	5.2011782289722	0.03951359990233	0.842860575818979	0.981417365415281
GALNT11	-0.0295750675284571	6.09771881813312	0.04211833128711	0.837834672246575	0.981331306125658
GALNT12	0.18749500696437	2.37660114079853	0.356639987325102	0.55180282830258	0.940241394135378
GALNT13	0	NA	NA	1	1
GALNT14	-0.849232518693769	2.86324808219401	1.95684090718458	0.165116772572694	0.778254847086774
GALNT15	1.66519592073635	1.51945447318061	19.0155629565168	3.29488357686874e-05	0.0107602910023983
GALNT16	-0.326499912810139	1.49748935165387	0.484678327736518	0.488015259424923	0.924755315883874
GALNT18	-0.301161336049154	4.47207377812067	0.853373488271291	0.357946537713332	0.887324144597869
GALNT2	0.108885587871481	7.65753155846573	0.238092700481477	0.626714409189485	0.951890042654798
GALNT3	-0.309705341744615	4.35568337434797	1.39291148834055	0.240868797000313	0.833657227414169
GALNT5	1.37619842088595	2.46381695390524	8.76324506765813	0.00388338964445579	0.2238036909
GALNT6	0.307363138688779	4.17164554828782	0.529903727960901	0.468442614278934	0.921202589273774
GALNT7	-0.0214025239035004	4.21432439423654	0.00638986256804896	0.936456275442081	0.993762581836207
GALNT8	-0.688822567074478	-0.398684698300168	1.11579954392885	0.293510827441594	0.858059190431143
GALNT9	0	NA	NA	1	1
GALNTL5	0	NA	NA	1	1
GALNTL6	0.501999653220844	0.83450034061475	0.781573827253242	0.378898233243368	0.89617395414801
GANAB	0.0338884976629691	9.2685268322882	0.0542200667876567	0.81637861887378	0.980159419248704
GBF1	0.171301537293474	6.81221214020675	1.84672343897155	0.177391314213448	0.786987645706009
GBGT1	1.02578940445583	2.51114603923673	12.3692534088221	0.000671944888585951	0.0858927097553843
GGA1	0.337316240371381	7.0748507993403	3.5267885533884	0.0634602955727793	0.627376070698673
GGA2	0.113329581785773	6.87048130007413	1.10371637918975	0.296124341994031	0.859326218742212
GGA3	-0.0956281316928269	5.85275770153418	0.688054674485324	0.408911949913892	0.904989127360507
GIT1	-0.0738066373208501	7.49035332077906	0.237466626473594	0.627167504651229	0.952015939083138
GIT2	0.200127602624298	5.40745509412397	1.89658986790212	0.171705646685622	0.781614257373156
GLT1D1	0.163253334760519	-0.409495166970895	0.205155755434123	0.651626646063095	0.956695520774107
GLT6D1	0	NA	NA	1	1
GLT8D1	-0.0449897588503352	6.02607318347414	0.150107032176013	0.699302106701359	0.96495818468877
GLT8D2	0.141588740625662	1.71150623319815	0.354977656467825	0.552729533129584	0.940241394135378
GMCL1	-0.100230056559811	4.3661114089949	0.304891322498061	0.582132371914439	0.944655763095862
GOLGA4	0.127074166673491	6.38841733368125	0.417282958933005	0.519857519352076	0.931126620737969
GOSR1	-0.0869810419248215	5.40486850745062	1.53815528269942	0.217955378888351	0.82394850660267
GOSR2	-0.0372259614356712	4.62156031222975	0.146876214399699	0.702397196988809	0.96495818468877
GPAA1	0.394912184295753	8.11270896241492	5.21299312031283	0.0246538356203432	0.480547820708104
GPLD1	-0.293317008888826	0.153630807588094	0.74227407902429	0.391108705072636	0.898723072707109
GXYLT1	0.13380316051462	4.18236265553832	0.463670883989964	0.497574256909249	0.928280378326786
GXYLT2	-0.387958603257566	3.2201944085565	1.11291861023992	0.29413123605607	0.858364366227982
HAS1	-0.237759515855604	-1.17535704238711	0.231684756142146	0.631387278320738	0.953069309020023
HAS2	-0.0331929184666268	4.63567372196182	0.00856667895865428	0.926451453277	0.993054786719484
HAS3	0.0931855663113808	3.98457906541407	0.0308846510112102	0.860873052554331	0.984747762392681
HERPUD1	0.0897184195031053	6.64880759770393	0.428755468893014	0.514186834172026	0.929628752637995
HSP90AA1	-0.186026658828185	10.1234374232026	0.924834821364251	0.338656735696825	0.879764647608697
HSP90AB1	0.0495248113172875	11.1559423900364	0.12527530381261	0.724168438390778	0.967361684286634
HSP90B1	0.286591904129339	9.646559374831	2.85528422323141	0.0943622982570538	0.688068980924375
HSPA1B	0.174444422373973	6.04940477924221	0.852840226269191	0.35809610470032	0.887510104709001
HSPA1L	0.0988204723707058	1.50447181683928	0.550330439753169	0.460017793339208	0.919351136736288
HSPA2	-0.213729171548779	7.16130153483723	0.683470397715542	0.410471530552412	0.905239494284622
HSPA4L	-0.123586967078616	3.63584712000682	0.117795730776291	0.732198014482658	0.968223139317411
HSPA5	0.160038590616215	9.30902218641018	1.42950158623356	0.23482978626376	0.831366747403946
HSPA6	0.260496760754556	4.07247937857805	0.990310305891928	0.322201404506363	0.873685134832785
HSPA8	0.0294891632738956	10.3974306406499	0.0280731034812255	0.867294194799889	0.985784450129331
HSPBP1	0.3287547164224	6.30739164729966	2.85040194355688	0.0946402456840806	0.688914507083645
HSPH1	0.314084238974302	7.55464214331703	2.61961049950562	0.108874795008599	0.715046167083355
HYOU1	0.18706336811397	7.78139776047455	1.01077348939002	0.317278468808827	0.871241964761127
IFT27	0.132428471595458	5.0173290473445	0.410691998259941	0.523165604098627	0.931422285306817
INPP5B	0.111223554809269	4.64267061421741	0.92675718821414	0.338157652386254	0.879494091354682
INPP5E	-0.0302881623054837	4.46885958888132	0.0462815302351498	0.830127275693635	0.981116727736524
IQSEC1	0.0525538896266826	5.86523370610554	0.159441599772556	0.690569820831516	0.963924068562433
IQSEC2	0.211013575607361	4.18164066193339	1.94754464518277	0.166113963595649	0.778756074865353
IQSEC3	0.013924166805573	0.783736737084049	0.0007617387463636	0.978039541610078	0.997383341138854
JUN	0.504529140193632	6.64058446075944	4.31524576421956	0.0404781469270612	0.556887669539645
KDELR1	0.123243106695436	8.08430947654559	0.738751137860162	0.392230821765649	0.898723072707109
KDELR2	0.27322943646137	8.12746422093838	4.16666161835375	0.0440080142061117	0.571414902529236
KDELR3	0.355031495588706	6.05798743015576	2.25794918579367	0.136255942781269	0.754169782396775
KIF20A	-0.186851429797955	5.03070126885295	1.11389556292117	0.293920659520568	0.858364366227982
KIF23	-0.146447576573269	5.15876059813543	0.566877152952167	0.453369320365464	0.916281448345211
LARGE1	0.209100858533257	5.24204564505796	0.632477290313001	0.428436008803937	0.908098684398533
LARGE2	-0.416981263092013	2.34923105581933	0.420404257064015	0.518303822570453	0.93087612018034
LMAN1	0.254363048515613	6.93224168133288	2.2120830899235	0.140254326920619	0.755500512042655
LMAN1L	0	NA	NA	1	1
LMAN2	0.101173439544112	7.71846253902381	0.519638834427249	0.472770774935556	0.921603006468586
MAN1A1	0.176826870685292	3.45011674387221	0.321686140840252	0.571937514803359	0.94323602752579
MAN1A2	0.214817018931323	5.36192972149458	1.60248517426815	0.208655380120428	0.815788857231202
MAN1B1	0.0370493890595858	6.86667313809213	0.0646530880606234	0.799838244944799	0.978780294876379
MAN1C1	0.572952227373039	4.31830731157408	4.2717076408778	0.0414800132609168	0.562214071136843
MAN2A2	0.152654448179379	6.84634350957482	0.73978553165466	0.391900867178509	0.898723072707109
MAP2K7	0.114975229799099	5.72719008132429	1.09757983163471	0.297463191191236	0.860386680687751
MAP3K5	-0.0663172503503123	3.49064236971758	0.0659011166810105	0.797957655601255	0.978780294876379
MARCH6	0.0398460457594489	6.89291380207063	0.124077499829605	0.725435851451462	0.967579804203104
MCF2L	-0.713467336898731	6.26076141602218	3.40021273131363	0.068313418011911	0.638847681580644
MGAT1	0.067903357396306	8.31415914939295	0.161246401004908	0.688915906471724	0.963804680649403
MGAT2	-0.217866149570747	1.7270389260105	1.15755741456586	0.284704873225769	0.852402696736162
MGAT3	0.620350567074219	2.33595645032464	3.38489532169457	0.0689275299779852	0.639175949089343
MGAT4B	0.0276818601200673	7.51960913432588	0.0337230911839106	0.854689526343565	0.983892098126037
MGAT4C	0	NA	NA	1	1
MGAT5	0.212889220889224	7.59293165171598	1.20067675724631	0.275964075954982	0.850340199161355
MICAL1	0.248126077277756	7.51348418280392	0.667341095403634	0.41602961358283	0.90690582152414
MICALCL	-0.310116100121135	0.0432727396240786	0.364605033536217	0.547402855364674	0.939987344210499
MICALL2	-0.0387147585554351	5.71746112012221	0.0176675354585926	0.89453912469535	0.98876971378721
MOGS	0.0532930162023244	6.61145690360448	0.183096890525221	0.669696320418132	0.960112211617518
MON1A	0.165807077593193	4.51991769093008	1.19496556368038	0.27710195072753	0.851194047024223
MYO5B	0.180728324826892	4.52069802604915	0.14062619038771	0.708497446798427	0.965019915870236
NAPA	0.13566272377703	6.97944457701984	0.843278650190219	0.360792689138235	0.888847367891818
NAPB	-0.0135538463916703	3.73072960385627	0.00880347264784146	0.925444865148339	0.992865067056596
NAPG	-0.217030928431223	4.916458052288	2.05470341204234	0.155028720351868	0.769353878083778
NCKIPSD	0.0232113571302907	5.41614653744595	0.0307874623301506	0.86108986537856	0.984747762392681
NDE1	0.145484193049184	6.15786748549542	1.16909086214985	0.282332672346539	0.852200038798244
NET1	-0.244454514951965	4.7892785784453	1.26389922675022	0.263754684928242	0.845116563539279
NGLY1	-0.0313773916367081	4.87681314529087	0.0831207091312624	0.773741834345758	0.974966950608706
NPLOC4	-0.0970806752634624	7.85202142202075	0.411077420521607	0.522971125574265	0.931422285306817
NSF	-0.0866799005931118	5.5169294065201	0.494038858292069	0.483854717846852	0.924338040546057
NSFL1C	0.236585780954695	6.81867001685974	3.02537072345132	0.0852194024941853	0.672587567031895
OCRL	-0.0461271076101163	5.4671887913119	0.12932861875242	0.719929514456865	0.966289855634168
OPTN	-0.165789307361599	6.53098940513412	0.586420107854053	0.445710422230708	0.913484327077005
OS9	0.0184121338763709	8.62605855292179	0.0197335410396015	0.88858204712859	0.98876971378721
OSGIN2	0.154402789667086	4.36604205382187	0.862762703919828	0.355327213443871	0.886784170026054
P4HB	0.237274749217274	10.2459161521803	2.31416121213203	0.13153105878638	0.746254393546099
PAK1	0.813140161641837	5.63401564982209	11.880813971671	0.000847368264768275	0.0976693881220075
PARK2	-0.550755914814598	0.863725048973929	2.7732383560203	0.0991556185187039	0.696871754750462
PDIA2	0.454100384921002	-0.802527186596611	0.76755709665931	0.383189745990493	0.897922919648225
PDIA3	0.0424149146113535	9.16740775379932	0.0965007062571872	0.756752422996674	0.97130929578876
PDIA4	0.097150721229635	8.08619570069613	0.266851424266843	0.606655443047574	0.94957185990345
PDIA5	0.256629985695311	5.01551169135394	1.95684312261467	0.165116535756812	0.778254847086774
PDIA6	0.299377116345734	7.71546039290705	2.63689151103449	0.107730293964566	0.71127821292298
PDILT	0	NA	NA	1	1
PGAP1	0.410527520288232	4.73395220607186	2.58562904440862	0.111165129704057	0.718512468751336
PICK1	0.16213681562442	5.22043962384807	0.774843284421991	0.380950321302239	0.896248196821354
PIGA	-0.104743825479788	4.17515221602079	0.214394235880035	0.644406661865731	0.956186448949373
PIGB	-0.253949712781252	4.02277857757791	2.83505010415208	0.0955201371743999	0.69001603024122
PIGC	-0.00844501974226066	5.19888586178676	0.00724521353299412	0.932346542375227	0.993054786719484
PIGF	0.0249068546264899	3.60759322185275	0.0408077227484483	0.840342651341899	0.981331306125658
PIGG	-0.0964119052134841	5.74002480882728	0.594028995084524	0.442783148202455	0.913024904637844
PIGH	0.0221521401421292	4.26406932168793	0.0337373537501104	0.854659148862843	0.983892098126037
PIGK	-5.09508923852444e-05	5.3020297148684	9.18790628729058e-08	0.999758786080911	0.999805172142531
PIGL	-0.0870678022622412	3.00508033226528	0.284083443991073	0.595285223553403	0.947444007498142
PIGM	0.145516352929197	4.67011223945547	1.05468143288572	0.30704624644598	0.865973069554333
PIGN	0.114153974800072	4.93205039587031	0.647314226665533	0.42308890016977	0.908098684398533
PIGO	-0.140999956783749	5.3435061769129	0.655050963409752	0.420340579605093	0.907999684586909
PIGP	0.0694982461730983	4.2493989073529	0.23420694747449	0.629538598124366	0.952254091762922
PIGQ	0.0354983561442145	6.24907267987182	0.0557895613152681	0.813788806430316	0.980159419248704
PIGS	-0.0729624888585299	6.2765500971436	0.207867797218303	0.649487091841565	0.956377254965194
PIGT	0.0137304216765234	8.34756264217471	0.0068754083330794	0.93409161444087	0.993170140030959
PIGU	0.0663469304921755	5.39186162516392	0.252931573037104	0.616185532936772	0.950336717668449
PIGV	0.1831042650034	4.11957169130574	1.70804783579602	0.194402155265409	0.802248526630411
PIGX	0.0334059386938455	4.69085708240238	0.114185267704152	0.736176270586567	0.968328761019436
PIGZ	-0.176590481100162	3.28060416284425	0.58278091528336	0.447121172741985	0.913484327077005
PIK3C3	0.083435646130856	5.37261321858352	0.360203743602355	0.549825980861739	0.940241394135378
PIK3CA	0.00888534272628599	4.19690152811667	0.00205709253851362	0.963919665062981	0.99490083206954
PLAA	-0.0282733525970057	4.81620763538791	0.0264248602001062	0.871213257701981	0.98628976480874
PLIN3	0.168823582228049	6.73849235826675	0.853356319349053	0.357951351826968	0.887324144597869
POMT1	-0.0882443763430664	5.22410873202267	0.545880445302768	0.461832320901987	0.92014350086957
POMT2	0.0152718861655477	5.4902726162923	0.01311523815754	0.90906653538848	0.990933446485277
PPIA	-0.00539903918567945	9.0948227214761	0.0017190735643468	0.967015067837151	0.995119070913613
PRKCSH	0.227373609863109	9.36505104174295	2.05371801727705	0.155126690739476	0.769353878083778
PSD	0.33873636678448	2.28391971562267	2.10551508962429	0.150071975319628	0.766101881772072
PSD2	0.749251379198866	0.811077557341329	3.41811429951119	0.0676032272805669	0.638847681580644
PSD3	0.249153082282857	4.06374323081277	0.540699744724841	0.463959283603553	0.920533477185389
PSD4	0.322272650300789	4.21295335500332	0.928296911640532	0.337758629656766	0.879494091354682
QSOX2	-0.135127652098155	5.07595058229775	0.820693365035795	0.367275691686171	0.892084968486689
RAB10	-0.00173471464024079	6.95925170307745	0.000218729222533706	0.988231218528043	0.99805708798666
RAB11A	-0.124816138183552	7.28259296711667	2.0187566121773	0.158649242365818	0.771172975187241
RAB11B	0.125638261233318	7.06153278225808	0.79329739224731	0.375361181912628	0.895004875429125
RAB11FIP1	0.0490776758303051	4.42729083472379	0.0454912362460052	0.83156160271727	0.981331306125658
RAB11FIP2	-0.0260019069808777	4.00513275099472	0.0144914676672454	0.904436650515085	0.990862435966358
RAB11FIP3	-0.109699238770545	6.10094723973132	1.32247995720391	0.253042006270977	0.837200277454119
RAB11FIP4	-0.405221081862921	5.07203124905773	2.46104027026426	0.120035459241968	0.733345886763431
RAB11FIP5	0.263710283385743	5.37169830161887	1.53287755531216	0.218740312888091	0.82394850660267
RAB12	-0.125275424248755	5.18022837461479	1.03249046536401	0.312162325724828	0.868494052762999
RAB13	0.0862391927843667	7.17091861701382	0.390775105571739	0.533395024395699	0.9347748886759
RAB14	0.0397950197707507	6.67172729512841	0.0906425808200887	0.764021582626394	0.973105610463359
RAB15	0.00663435079095646	4.42701895387729	0.000942632473285937	0.975571525565605	0.997035024278855
RAB17	-0.211717731814199	6.16270847012457	0.627907954218618	0.430103450178374	0.908956737439423
RAB18	-0.0483011172937582	5.74219192195605	0.10914827559318	0.74184536332812	0.969262764035567
RAB19	0	NA	NA	1	1
RAB1A	-0.0852316604223217	7.26482105368123	0.497171690507386	0.48247540661374	0.924338040546057
RAB1B	0.181720715626276	7.97602247065175	1.22304481332149	0.271564272803014	0.847444090921698
RAB20	-0.159992353296751	3.79277889343645	0.257170072116107	0.613249409247628	0.950336717668449
RAB21	0.10419507031235	5.63100830163445	0.774913229422396	0.380928914246244	0.896248196821354
RAB22A	-0.0426701187728346	5.90919501676516	0.0888742318348031	0.766266048047687	0.973209121702021
RAB23	0.60299798391354	3.28675777401513	4.54632806446093	0.0355755695149238	0.537372101001289
RAB24	-0.0680625397159923	3.75245252763372	0.180928117561235	0.671541452224988	0.960112211617518
RAB25	1.0183640514072	5.16899242593711	1.74904494308407	0.189180494845586	0.796360331239854
RAB26	-0.10695059829733	0.43295991863909	0.153023878091906	0.696540573809154	0.96495818468877
RAB27A	-0.225743054618376	6.80906078305099	0.946766297885006	0.333021516175736	0.879148217738824
RAB27B	-0.400890545651368	1.43761045130184	0.531348561868792	0.467838564788982	0.921193679098965
RAB28	0.0109396728918767	4.01589459839708	0.0052435686405187	0.942426296685455	0.99388186700578
RAB29	0.143373767323489	5.19398363323069	0.689732621927883	0.408343302387172	0.904989127360507
RAB2A	0.0640894941839156	7.06396333251492	0.252703287024272	0.616344547074022	0.950336717668449
RAB2B	-0.257188973387378	4.97924797921288	4.67722763691603	0.0330824704506862	0.526697896635243
RAB30	-0.0112983699227672	3.59915504954894	0.00325278229745436	0.954638885413466	0.994824573173815
RAB31	0.260722211486226	5.28495459842155	1.48668194715174	0.225758910502608	0.825816893594703
RAB32	-0.284804102610504	6.44183532486828	1.33900024996885	0.25011949866135	0.836421390007065
RAB33A	0.593743905418545	1.82332291088532	2.03905886305356	0.15659259192831	0.769672457350687
RAB33B	0.0404269666268723	2.62641912658272	0.0319355786635999	0.858550710390518	0.984304695220678
RAB34	-0.00326272202010054	6.57575706583154	0.000192969031046272	0.988945889887084	0.99805708798666
RAB35	0.000412617310237748	5.91695328815826	1.48857242654645e-05	0.996929719959346	0.999307299209126
RAB36	0.0495917859468936	3.85911729911164	0.0411307575475365	0.839720641860199	0.981331306125658
RAB37	0.31696088572052	1.0183774867298	0.805304315509623	0.37178694077459	0.894916081742677
RAB38	-0.0597461884962467	6.82731852607785	0.0515683413336166	0.820845662083119	0.980159419248704
RAB39A	0.615532366897642	-1.40447239574869	2.59576975257778	0.110476068604938	0.716967406255258
RAB39B	-0.100768017330349	0.351883962101656	0.0523013073921918	0.819599059525556	0.980159419248704
RAB3A	0.154386569679729	3.52118891948771	0.338018069757351	0.562356156797529	0.941814590479899
RAB3B	-0.215412829221158	3.28434916742459	0.131951219368654	0.717226698261856	0.965909903825296
RAB3C	0.836292217064172	1.0151946209249	2.64108935962661	0.107454304412122	0.710887070994129
RAB3D	0.357559714025787	5.0247635779456	1.45830585871538	0.230205897844492	0.828330398829972
RAB3IL1	0.249930998373502	5.27198334923343	1.22748967594689	0.270700579565144	0.84713556590458
RAB3IP	-0.0210974118273217	2.20395987289335	0.00424280103981247	0.948202336058384	0.994824573173815
RAB40A	-0.128580288889508	-0.253771863753441	0.241541137437981	0.624231898958099	0.951148387275034
RAB40B	-0.231477306702739	3.81578162423979	1.76077655659993	0.187716892329654	0.793810064209019
RAB40C	0.0182569154646532	5.01907772370401	0.0159835510636487	0.899662585130889	0.989244434839053
RAB41	0.109184491668728	-0.659481193968316	0.273872270125812	0.601967866457542	0.949438505302534
RAB42	0.567851401852906	2.1608727936	4.65736959030881	0.0334484109072399	0.528553554761472
RAB43	0.12106309124077	1.74515962779686	0.39213741680286	0.532683851580096	0.93459240838074
RAB44	0	NA	NA	1	1
RAB4A	-0.0667368455869064	5.28026941042154	0.257013795999102	0.613357123418522	0.950336717668449
RAB4B	0.0752164253337563	4.6274989555506	0.148335007818715	0.700994891377469	0.96495818468877
RAB5A	-0.0309374894056119	5.79765707061652	0.094574942703148	0.75911470146243	0.971715783354425
RAB5B	-0.125792542143409	8.15742852283761	0.607649099266366	0.437617262861977	0.910873402959742
RAB5C	-0.0505927848354677	7.27566961515306	0.146223225776126	0.703027491614326	0.96495818468877
RAB6A	0.0894463478039948	6.88905149434493	0.315993685174515	0.575352857612881	0.943319088112213
RAB6B	-0.108165376138655	5.21491204865773	0.12555948113642	0.723868748968102	0.967169339383467
RAB6C	0	NA	NA	1	1
RAB7A	-0.0328936363050034	9.22579215014086	0.0924143336274809	0.7617966373592	0.972840365677316
RAB8A	0.155109091014265	5.37559315790304	1.64648213146448	0.202568359566299	0.812157444585566
RAB8B	-0.167188802635512	4.99367159102385	0.879150304963458	0.350818618611491	0.885634165560093
RAB9A	-0.0857269382929258	4.96643953967613	0.526616072815848	0.469821817714045	0.921202589273774
RAB9B	0.46973192435868	1.96182218911913	2.1980710292132	0.141502345981418	0.755500512042655
RABEP1	0.0367489868888371	5.94752630380125	0.0719890279418853	0.789045802286145	0.978201391325109
RABGAP1	-0.107980656980586	5.43770604292727	0.814034509282997	0.369218210073133	0.893068039492348
RABGAP1L	-0.055804888296539	4.80995082811123	0.179769072476454	0.672532902060002	0.960112211617518
RABGEF1	0.214905888348331	3.17251936485973	1.68232478174455	0.197765612881701	0.806859742580386
RAD23A	0.259591339436316	7.29312582046486	3.6669899262557	0.0585169246740549	0.618271467855186
RAD23B	-0.098535336986344	7.24630527261538	0.636587846770576	0.426944377379121	0.908098684398533
RALBP1	-0.0224652793208412	6.35616198302884	0.0327639355533514	0.856747868765657	0.984041729707887
RASEF	-0.763930240293824	3.27535538605995	1.97560258978524	0.163125301078004	0.776673898704506
RBSN	-0.0336195911044837	5.12966118220756	0.0963163773224657	0.756977408661777	0.97130929578876
RBX1	0.121217727997807	6.24878351380233	0.570219884894362	0.452044693387101	0.916114213913228
REPIN1	-0.0775594513858192	7.301092387256	0.312536390524569	0.577447001656703	0.943319088112213
RER1	0.0896921829342103	6.88725507322343	0.622435089309769	0.432113673652121	0.909348774731128
RFT1	0.055552231878205	5.08776916103345	0.258252716338911	0.612504320294808	0.950336717668449
RFWD2	-0.0383608724746419	5.25396950041138	0.118693302374411	0.731219623962021	0.968223139317411
RNF185	0.0249291300546296	5.69865596183255	0.038778253474235	0.844310446727701	0.981962296461587
RNF5	-0.0461379834644997	5.96741169202027	0.0981786341219162	0.754715157721051	0.97130929578876
ROCK1	0.205513921269676	5.35556553254785	0.958059732006678	0.330169001409415	0.877373341289607
RPN1	0.185451582261139	8.46723757820895	2.75798528702885	0.100076138603784	0.697756161783821
RPN2	0.139849174173494	9.08640805599376	0.856836828123857	0.356977260556847	0.887051864657861
RRBP1	0.367367115628506	8.99958095732156	4.69281112179491	0.0327982804299427	0.524431851919128
RUFY1	-0.0107089654485242	5.75084842571476	0.00663058954008242	0.935273013471637	0.993341605024523
SAR1A	-0.0708091112340218	6.46338285531685	0.442841410171806	0.507371072609733	0.928867249629134
SAR1B	-0.124490760645985	5.48874125206596	0.779080528176199	0.37965657903604	0.89617395414801
SEC11A	0.151853433844943	7.1044691299194	1.58348578621249	0.21135154318444	0.817564817264433
SEC11C	0.162773099035662	6.4475661065563	0.900939933221031	0.34494475346412	0.882397671901283
SEC13	0.108874329629734	7.18840757403301	0.631677738229866	0.428727069629042	0.908098684398533
SEC16A	0.0278911859536953	7.1886997289505	0.0387926133858095	0.844281997385001	0.981962296461587
SEC16B	-0.137614484307967	-2.1730600877375	0.234319870163501	0.629456117877156	0.952254091762922
SEC23A	-0.180925584862791	5.58433032440666	0.963243953813599	0.328870560127279	0.875985671401801
SEC23B	0.23214287788327	6.00904212942318	2.47093212849177	0.119302911158511	0.731566130045677
SEC24A	0.0248309986903864	4.98526688418572	0.0157613915744217	0.900358612995903	0.989412131360951
SEC24B	-0.0160011072536143	5.247758746229	0.00947982980180389	0.922642680750876	0.992609336889615
SEC24C	0.0624250624737512	5.71643766021649	0.150616499866243	0.698817551684381	0.96495818468877
SEC24D	0.308915378555366	5.37444434950973	2.61056686229215	0.109479145399042	0.715064696948774
SEC31A	0.0930773510677495	7.90370345007598	0.746697453872398	0.389706344765376	0.898723072707109
SEC31B	-0.0927292373049448	3.04508713486591	0.0760659900362321	0.783301869972361	0.977003801466807
SEC61A1	0.202009640443506	9.02124453897793	2.6389320548071	0.107596038888405	0.71102218818946
SEC61A2	0.060100734479099	2.83625506751718	0.134811813064394	0.714313092824733	0.965504735902548
SEC61B	0.108937669432822	6.38207960984758	0.488717732047771	0.48621255014892	0.924717665746919
SEC61G	0.120849541684532	6.02785246217159	0.636411607670058	0.427008168662346	0.908098684398533
SEC62	0.119366823953255	6.33809941871015	0.647104872643326	0.423163645263827	0.908098684398533
SEC63	-0.0312871177949019	6.4692229007801	0.0510421366689596	0.821746370202065	0.980237314268971
SEL1L	-0.0836667011350258	6.90064511902924	0.218694713394731	0.641110190441712	0.954901643986191
SELENOS	0.0797919297447419	6.13680084216115	0.3978273393896	0.529732024872993	0.933042086174421
SGSM1	-0.286202307797897	-0.878885104771846	0.438632142710494	0.509391261543569	0.928867249629134
SGSM3	0.305818967982342	6.61815051857266	3.52547896716178	0.0635085490239553	0.627376070698673
SIL1	0.276273165457803	6.47356503066968	2.22039730869278	0.139519730336548	0.755427791269046
SKP1	-0.190624526380685	7.65178752889294	2.69536619913213	0.10395585765132	0.703002206894784
SMCHD1	0.203288316532257	5.56763016056119	0.979185593182011	0.324920451947316	0.873745408658195
SNAP23	-0.132419501548408	5.65909155781386	0.753058286755797	0.387702428141038	0.898723072707109
SNAP25	-0.993475357030347	1.15896294457053	2.69008239928271	0.104290797389308	0.704224262822411
SNAP29	0.0414217029838785	5.89338676301534	0.102769115637953	0.749237563092698	0.970215080381474
SNAP47	0.106078411878238	5.18586029917234	0.67677971333741	0.412763608625016	0.906836446479287
SPCS1	0.0261481647174865	7.03537209077709	0.0538240554946594	0.817038302446128	0.980159419248704
SPCS2	-0.0940539254608704	5.22603520163125	0.642499108507499	0.424813091535068	0.908098684398533
SPCS3	-0.132970512558324	6.67688934031369	0.950542069291611	0.332064146608777	0.87839304941871
SRP14	-0.200976222611853	7.83122416462923	3.07733229626426	0.0826240618347206	0.666247298460743
SRP19	-0.131823745649903	4.1054072516493	1.05976023837457	0.305890845765608	0.865031986950738
SRP54	-0.189236969807452	5.75603023100968	2.98953530683892	0.0870614188680621	0.67590964100521
SRP68	-0.0125310876718007	6.74748742646536	0.015892146813973	0.899948356679645	0.989266921572177
SRP72	0.0808195462350066	6.70422216560945	0.348038581244395	0.556629966338027	0.940727362340554
SRP9	-0.0599804841960891	6.4079375129036	0.145830282274865	0.703407557398286	0.96495818468877
SRPRA	0.150532982421815	7.87018444103871	1.12014355661837	0.292578540493498	0.858059190431143
SRPRB	0.102893805965496	6.29156481613879	0.964274057495089	0.328613376839195	0.875985671401801
SSR1	0.0599061041639024	7.79428279730115	0.265254983083967	0.607732237167152	0.949826744971415
SSR2	0.121197905414072	8.16954145096269	0.98757322432845	0.322867564992805	0.873685134832785
SSR3	0.230843510666051	7.16646579976562	2.97109740369083	0.0880261912752955	0.678097400553152
SSR4	0.373789054016085	8.02395123109359	4.58972187681444	0.0347276539375248	0.53413220537317
STT3A	0.150125706420029	7.37167550985098	1.01912355883414	0.315298314471322	0.870363991722216
STT3B	-0.049528098810452	7.1925305216676	0.138165532287451	0.710941601257434	0.965019915870236
STUB1	0.022749676916126	6.13695832618807	0.0218472333185063	0.882808333415142	0.988675611474072
STX10	0.128289871699348	5.84333705857432	0.858378141477075	0.356547066134942	0.886880263940816
STX11	0.0118386185999114	2.38747835519225	0.00154678314381126	0.96871071211139	0.995259563076434
STX12	0.229877419082566	5.61460641765605	2.9995406179791	0.0865427589500429	0.67590964100521
STX16	-0.0912507708969741	6.23259631441699	0.477421644000514	0.49128202051706	0.925525457512477
STX17	0.00323606596867597	3.53864954860316	0.000389025991622412	0.984305230304936	0.998054199858572
STX18	-0.205049081444361	5.04304621581546	3.8314592023221	0.0532419473851461	0.603278977008344
STX19	-0.423735069367917	-1.47252497455267	0.718812398993471	0.398670566244818	0.900580968882754
STX1A	-0.125509548460402	3.00780378848141	0.425514192440366	0.515777867405566	0.9299956929202
STX1B	-0.433398447514618	0.988517010545851	1.50443201043552	0.223030264160159	0.825816893594703
STX2	-0.207995656518747	4.48224023881024	1.46652660641171	0.228906682471272	0.827111381225017
STX3	-0.349673948577983	6.36621696657987	5.31037627793927	0.0233831205001347	0.471407505917868
STX4	0.0167935349331173	5.62071005252462	0.0253894040219964	0.873739784762696	0.987178172861258
STX5	0.0671325985538077	5.52666193883008	0.240965423348328	0.624644814558874	0.951148387275034
STX6	-0.0443895536702429	5.97752117540967	0.146435685377492	0.70282223887445	0.96495818468877
STX7	-0.293601233395263	7.39981573965739	2.69659893809699	0.103877886603378	0.703002206894784
STX8	-0.0074191690492638	4.91091886859123	0.00298621460836715	0.956535347069117	0.994842848519811
SURF4	0.095214378834571	8.39863288381448	0.404650245874765	0.526231157582181	0.932411871147197
SVIP	-0.276356665308208	4.44215144374752	2.01775877289529	0.158751125633714	0.771172975187241
SYTL2	-0.601492068667655	5.44539335269728	3.44614777557648	0.0665071472199427	0.63662877015282
SYVN1	0.136172041063012	6.64825954115497	1.5655507736121	0.213935144719494	0.821209316665313
TBC1D1	0.142720659449779	5.67985429417141	1.10107679827286	0.296699275791495	0.859897296007783
TBC1D10A	0.180358940522936	5.26826296465485	1.21337584073669	0.273455162478476	0.84831742098684
TBC1D10B	0.104087869403644	6.51378093509698	0.721431731006136	0.397815841274505	0.900288254996697
TBC1D10C	0.493663671903207	2.92866971746675	2.13869167781831	0.146933697388864	0.763051489440386
TBC1D12	-0.0128670877935707	3.00258091569404	0.00639744441268414	0.936418669066545	0.993762581836207
TBC1D13	0.0500820324744246	5.97949261470071	0.137288148704713	0.711819095326809	0.965019915870236
TBC1D14	-0.176538114554541	5.86202771605552	0.691851091071992	0.407627033683156	0.904989127360507
TBC1D15	0.0709159763008024	5.21658366435876	0.159456215416984	0.690556383551774	0.963924068562433
TBC1D16	-0.00116738637768054	8.86481703096368	2.33215833431004e-05	0.996156990984612	0.99906506014292
TBC1D17	0.220061544618411	6.04919669988309	2.86899521569774	0.0935865449874774	0.686732670925385
TBC1D19	0.0289412289077113	2.40520528672908	0.0330790021503018	0.856068344261749	0.984041729707887
TBC1D2	0.30218535820118	4.41981317090363	1.12834139125258	0.290829563134295	0.856998621058834
TBC1D20	0.222128131035047	6.71497249865496	3.89029986593894	0.0514811717832771	0.597538324496868
TBC1D21	0	NA	NA	1	1
TBC1D22A	0.187839913726731	5.75075943745026	1.67272524636128	0.19903849263041	0.809142902707629
TBC1D22B	-0.104191160327681	4.79048389699278	0.686628455331453	0.409396210304899	0.904989127360507
TBC1D23	-0.0887198062109511	4.88296853881416	0.217068001887518	0.642352439445841	0.955702663064517
TBC1D24	0.05101268287035	4.93936902501568	0.179811639001335	0.67249642385747	0.960112211617518
TBC1D2B	-0.0966351553850274	5.85251740414641	0.468922124063693	0.495155320116189	0.927737762821737
TBC1D30	-0.0903019332134951	0.569793740911542	0.121522735350496	0.728162268271124	0.967740304878952
TBC1D4	1.20771628256001	5.7526053169713	15.5826557262887	0.000151666684278934	0.0329749351629831
TBC1D5	0.112537278842934	6.06963225903732	0.745108422239882	0.390209284779454	0.898723072707109
TBC1D7	-0.190754126324855	6.96585581198376	0.744276562681554	0.390472948150108	0.898723072707109
TBC1D8	-0.0570567132815862	4.20737627086485	0.0864946431054211	0.76932507178563	0.974135512303764
TBC1D9	-0.10471633857088	4.12761127999874	0.143585008743568	0.70559059349912	0.96495818468877
TBC1D9B	0.0547490812292735	7.82329592215614	0.137100246191864	0.712007436308924	0.965019915870236
TMED10	-0.0292258891538969	8.70618921812792	0.0413711948641371	0.839259325117657	0.981331306125658
TMED2	0.148307652898342	7.65528928483966	1.57455449055425	0.212633409711423	0.819805881540347
TMED5	0.257137130702752	5.49245999221046	1.23356775311286	0.269525147651896	0.846154481420154
TMED7	-0.0189126632751073	5.91585795835931	0.0128847384288052	0.909865660592449	0.990933446485277
TMED8	-0.147989776246729	5.17596039589834	1.21513068987477	0.273110743112121	0.84831742098684
TMX1	-0.218754822154866	5.59343060816119	1.43035952099094	0.234690431302798	0.831366747403946
TMX2	-0.115973608308714	6.8160548855852	0.62856967660259	0.429861362661817	0.908918120245513
TMX3	0.0738456314591167	5.58557556453437	0.204171248515572	0.652407554780732	0.956718722845857
TMX4	0.146349595862825	7.3891498538551	0.291715000878609	0.590390951959782	0.946173579334922
TOR1A	-0.0333968372025874	5.26680338240908	0.097091826957455	0.756032507621643	0.97130929578876
TRAM1	0.211799733178908	7.5275345814478	1.63308838578644	0.204398652760969	0.814345390316067
TRAPPC1	0.187597422657023	7.26894929199515	1.03845513761503	0.310776235037861	0.868073837097202
TRAPPC2	0.0623260430327299	3.62557274693487	0.189952854677135	0.663947291617041	0.959106524236509
TRAPPC3	0.114784912862931	6.11525542998045	1.24524301833765	0.267285310541924	0.846095988165754
TRAPPC4	-0.184551499454905	5.45813137144813	1.62247321837051	0.205863288379941	0.814783958644578
TRAPPC5	0.493094848412369	-0.0776255506521628	4.78279438377225	0.0312072007860684	0.515201778729966
TRAPPC6A	0.132338723825621	4.93038982734591	0.403718923690173	0.526706568304755	0.932411871147197
TRAPPC6B	-0.317590829262561	4.38656717980121	4.04816867277773	0.0470589800897219	0.582267082005663
TRAPPC9	0.454670695357586	6.05159040348175	6.32077883574509	0.0136193118396194	0.387269983365642
TUSC3	0.224393113119471	5.78714873071961	0.427887202655873	0.51461219114392	0.929628752637995
TXNDC12	0.194089625320976	6.45936892603319	3.31870453162885	0.0716511969898761	0.646295556401
TXNDC5	0.131190973385782	3.74355773879575	0.291332050915166	0.590634562390109	0.946177850911851
UBA1	0.231590571413646	8.97837228181942	3.09183828003931	0.081915102927845	0.664098543371648
UBA5	-0.0124183882796426	4.81531123222616	0.00801593372282948	0.928848322006471	0.993054786719484
UBA7	0.176728117041158	5.57328386523497	0.284742080577965	0.594859509806599	0.947444007498142
UBE2D1	-0.177360808500973	3.6275478587016	1.45012207117488	0.231508219111685	0.829359129560428
UBE2D2	-0.114822900752748	6.28658009039709	1.47923755173097	0.226915371014526	0.825816893594703
UBE2D3	-0.139940505173524	7.69615330501206	2.11815726702489	0.148867140626666	0.764600551011055
UBE2D4	0.00419470300604558	4.77335626359317	0.00122936962500818	0.972103776352036	0.996041300413187
UBE2E1	-0.0101357496504126	6.15959968025899	0.0118991947157072	0.913367025563463	0.991678870268185
UBE2E2	0.150074105697206	3.84347393693036	0.374300487165814	0.542134802606831	0.93791621706285
UBE2E3	-0.0367252533278583	5.83449204685747	0.0871977069712875	0.768416549167843	0.973978793114337
UBE2G1	-0.0187291861735111	5.50823767632125	0.0307268096858352	0.861225350847243	0.984747762392681
UBE2G2	0.000954097906588558	6.8824042458787	7.83928518956795e-05	0.992954260354334	0.998686314496361
UBE2J1	0.076066998111713	6.03997998427314	0.373903852550278	0.542348465242053	0.937958663229335
UBE2J2	0.0866607065346935	5.83355074362014	0.568449685782328	0.452745409425564	0.916281448345211
UBE4B	0.0670686719032375	6.38267008546441	0.29939802056314	0.585546648846387	0.944655763095862
UBQLN1	0.102706065964086	7.12642955680136	0.337026082409116	0.562929197306606	0.941959158353124
UBQLN2	0.137940207143641	5.75508835076507	1.21576652536089	0.2729860852031	0.84831742098684
UBQLN3	0	NA	NA	1	1
UBQLN4	0.0950520369466238	6.4300317709109	0.430330068391432	0.513417020273604	0.929628752637995
UBQLNL	-0.440495986408406	-1.64606099261893	1.07816985851588	0.301750122291326	0.861560754519439
UBXN2A	-0.0775753174175536	5.20026868712561	0.237058564734709	0.627463221280486	0.952015939083138
UBXN6	0.200484678937814	7.39935629674337	1.86809398411037	0.174928182662822	0.785306661354998
UFD1L	0.202535861271722	6.16966497334714	2.3529098316531	0.128382116587687	0.741068061309858
UGCG	0.217771459011689	6.97280033554821	0.858617794260481	0.356480241402925	0.886880263940816
UGGT1	0.113121360572897	6.67308930349614	0.738633449092935	0.392268388023003	0.898723072707109
UGGT2	0.0984531866587739	4.68392651562197	0.225577867866498	0.635915392049278	0.953895216106211
USE1	0.204741267857021	5.11397992974618	1.19737076030893	0.276622023184826	0.850907818998965
USO1	0.109082088206399	6.10281523846656	0.291269114748832	0.590674618521526	0.946177850911851
USP6	-1.3272335930744	0.366446714619761	8.94172805746114	0.00355158891403355	0.213396914949167
USP6NL	-0.1536600692322	5.41680553948374	0.660657159959545	0.418365843351706	0.90690582152414
VAMP1	-0.501983384490828	3.18860885604139	4.0642763665253	0.046631248696171	0.581058174803821
VAMP2	0.0505108614537949	6.43617771939164	0.0992518077438815	0.753422174085897	0.971134163156147
VAMP3	-0.034157323945211	7.28247501933882	0.071728411305422	0.789418849704289	0.978201391325109
VAMP4	0.0540915188939107	4.33102713534907	0.104759851584183	0.746904098491122	0.969884938206205
VAMP5	0.298949927125579	5.70629937470883	0.957328383268019	0.330352729119595	0.877373341289607
VAMP7	-0.0824432506350158	5.91135881806423	0.258096141658614	0.612611955038307	0.950336717668449
VAMP8	0.173134660210587	5.83032400207516	0.318945870003036	0.573576587323267	0.94323602752579
VCP	0.00915648074795736	8.5857052910522	0.00383110123074531	0.950776130422174	0.994824573173815
VPS45	-0.0446239314258193	5.57535419998169	0.131115462931836	0.718084689682081	0.966289855634168
VTI1A	-0.105599448747834	4.07875204098832	0.865057680848477	0.354691016429248	0.886377990506204
VTI1B	-0.0523854561544634	6.2865089826196	0.269030318751663	0.605192362807642	0.94957185990345
WAS	0.649938360275004	3.56700435236105	5.67032444000625	0.0192542566501239	0.44149600833699
WDR38	0	NA	NA	1	1
WFS1	0.238021762881709	6.25719273789176	1.19088312061452	0.277918980887873	0.851295463009446
YKT6	0.0603948371944916	7.91219358290415	0.174495989534075	0.677091797103378	0.96099180379159
YOD1	-0.128937244587957	4.17934089330493	0.373717880879231	0.542448699820732	0.937981490247577
YWHAQ	-0.102052493555956	7.7713895415636	0.659145912554618	0.418896793703012	0.906998405439523
